simulations, 2025_<1Y, 2025_1Y, 2025_2Y, 2025_3Y, 2025_4Y, 2025_>=5Y, 2026_<1Y, 2026_1Y, 2026_2Y, 2026_3Y, 2026_4Y, 2026_>=5Y, 2027_<1Y, 2027_1Y, 2027_2Y, 2027_3Y, 2027_4Y, 2027_>=5Y, 2028_<1Y, 2028_1Y, 2028_2Y, 2028_3Y, 2028_4Y, 2028_>=5Y, 2029_<1Y, 2029_1Y, 2029_2Y, 2029_3Y, 2029_4Y, 2029_>=5Y, 2030_<1Y, 2030_1Y, 2030_2Y, 2030_3Y, 2030_4Y, 2030_>=5Y, 2031_<1Y, 2031_1Y, 2031_2Y, 2031_3Y, 2031_4Y, 2031_>=5Y, 2032_<1Y, 2032_1Y, 2032_2Y, 2032_3Y, 2032_4Y, 2032_>=5Y, 2033_<1Y, 2033_1Y, 2033_2Y, 2033_3Y, 2033_4Y, 2033_>=5Y, 2034_<1Y, 2034_1Y, 2034_2Y, 2034_3Y, 2034_4Y, 2034_>=5Y, 2035_<1Y, 2035_1Y, 2035_2Y, 2035_3Y, 2035_4Y, 2035_>=5Y, 2036_<1Y, 2036_1Y, 2036_2Y, 2036_3Y, 2036_4Y, 2036_>=5Y, 2037_<1Y, 2037_1Y, 2037_2Y, 2037_3Y, 2037_4Y, 2037_>=5Y, 2038_<1Y, 2038_1Y, 2038_2Y, 2038_3Y, 2038_4Y, 2038_>=5Y, 2039_<1Y, 2039_1Y, 2039_2Y, 2039_3Y, 2039_4Y, 2039_>=5Y, 2040_<1Y, 2040_1Y, 2040_2Y, 2040_3Y, 2040_4Y, 2040_>=5Y, 2041_<1Y, 2041_1Y, 2041_2Y, 2041_3Y, 2041_4Y, 2041_>=5Y, 2042_<1Y, 2042_1Y, 2042_2Y, 2042_3Y, 2042_4Y, 2042_>=5Y, 2043_<1Y, 2043_1Y, 2043_2Y, 2043_3Y, 2043_4Y, 2043_>=5Y, 2044_<1Y, 2044_1Y, 2044_2Y, 2044_3Y, 2044_4Y, 2044_>=5Y, 2045_<1Y, 2045_1Y, 2045_2Y, 2045_3Y, 2045_4Y, 2045_>=5Y, 2046_<1Y, 2046_1Y, 2046_2Y, 2046_3Y, 2046_4Y, 2046_>=5Y, 2047_<1Y, 2047_1Y, 2047_2Y, 2047_3Y, 2047_4Y, 2047_>=5Y, 2048_<1Y, 2048_1Y, 2048_2Y, 2048_3Y, 2048_4Y, 2048_>=5Y, 2049_<1Y, 2049_1Y, 2049_2Y, 2049_3Y, 2049_4Y, 2049_>=5Y, 2050_<1Y, 2050_1Y, 2050_2Y, 2050_3Y, 2050_4Y, 2050_>=5Y, 2051_<1Y, 2051_1Y, 2051_2Y, 2051_3Y, 2051_4Y, 2051_>=5Y, 2052_<1Y, 2052_1Y, 2052_2Y, 2052_3Y, 2052_4Y, 2052_>=5Y, 2053_<1Y, 2053_1Y, 2053_2Y, 2053_3Y, 2053_4Y, 2053_>=5Y, 2054_<1Y, 2054_1Y, 2054_2Y, 2054_3Y, 2054_4Y, 2054_>=5Y, 2055_<1Y, 2055_1Y, 2055_2Y, 2055_3Y, 2055_4Y, 2055_>=5Y, 2056_<1Y, 2056_1Y, 2056_2Y, 2056_3Y, 2056_4Y, 2056_>=5Y, 2057_<1Y, 2057_1Y, 2057_2Y, 2057_3Y, 2057_4Y, 2057_>=5Y, 2058_<1Y, 2058_1Y, 2058_2Y, 2058_3Y, 2058_4Y, 2058_>=5Y, 2059_<1Y, 2059_1Y, 2059_2Y, 2059_3Y, 2059_4Y, 2059_>=5Y, 2060_<1Y, 2060_1Y, 2060_2Y, 2060_3Y, 2060_4Y, 2060_>=5Y
1,380154.362847595,79399.6544416722,16664.1892865487,7192.46643633753,3299.51845333878,17740.8477964418,359776.578592924,70493.7219122343,15356.0005160317,6897.15214970499,3224.19425064473,17404.2732963571,360227.755079583,70363.2422345426,13092.8859071621,5920.10504499682,2910.96777239254,17511.3504406324,360762.95151666,71507.0041971334,12843.3950188779,5428.98265973325,2571.14823725874,17493.9229625866,360996.719124347,72293.6109285883,13005.9734186367,5403.54012086905,2478.04429204766,17548.0329584347,360873.688018443,72969.927042648,13177.0805400463,5459.63594025592,2480.56131208422,17708.6056468199,360640.592986037,73593.347897233,13341.4385887977,5524.94153701628,2502.88259547977,17921.7879177641,360420.316488393,74191.7111156641,13500.3587551016,5589.57087768001,2527.91966758539,18151.9467392921,360687.365897168,74803.7673877932,13654.5013166326,5652.49352652253,2552.79713133757,18394.5987232288,360618.503743891,75408.7297941246,13802.7217533863,5711.32245984615,2575.4592921786,18625.9403118195,360311.58508909,75979.276356437,13957.4027997749,5773.30485624029,2599.05828153516,18851.245416571,359711.854730056,76506.3002868919,14108.2405333285,5835.59709169671,2623.36571024514,19069.4378247765,359049.700060499,77001.1139485677,14257.1991679383,5897.84729909805,2648.06121200191,19284.2793366471,358898.364126006,77509.9691358129,14400.6067636429,5958.48775062345,2672.53206123525,19507.6647137175,358290.828630441,77998.935847091,14533.7918833257,6012.84701905525,2693.80007344418,19713.7727608327,357314.678203096,78439.5265967526,14673.893883748,6070.41979795336,2715.87224593816,19910.508985522,356085.445620407,78829.9509555089,14809.7413894753,6128.63045821389,2738.92192822223,20100.8397561832,354793.199781717,79186.1152484729,14941.4387546992,6185.80243640899,2761.9956399517,20287.2062789244,354095.79136248,79564.7056434328,15067.9207467864,6241.23225951179,2784.68196176486,20484.1280507998,352962.725867235,79921.1061618507,15181.2807539949,6288.84746350923,2803.39682516172,20661.8398688083,351567.618785113,80237.9450646038,15302.8786832589,6340.01911468469,2822.94264212371,20831.4746428808,349796.638137624,80496.4976238061,15418.6189052635,6391.13417989985,2843.13002178119,20990.3105198663,347895.741481184,80713.2702825093,15532.0171692083,6442.29254616915,2863.83936589727,21143.9317588149,346475.855425622,80941.2602881191,15640.8222824981,6492.45477224416,2884.65922749086,21306.2271353776,344803.448020212,81149.0192619779,15734.1523942774,6534.31704199658,2901.57885885499,21453.398393689,342644.936754844,81304.037844991,15830.322151929,6576.59829318649,2917.83539008677,21584.4180208945,340287.822449782,81406.9958283767,15927.034807584,6621.75128924269,2935.85287242095,21709.4673485676,338370.335910916,81513.6126954505,16023.3730798228,6668.20426394173,2955.2947632833,21841.5989982516,338088.179140504,81749.1356535624,16116.5068959911,6712.90794960115,2974.52466595752,22008.7239022607,337540.516044349,82008.6163540399,16184.0967889011,6740.69081035801,2984.92861107968,22149.1010777209,336780.839437855,82261.614486381,16275.3659105107,6776.58900682936,2996.88734596078,22279.7087262537,335698.502346532,82464.6146543839,16368.0701133455,6817.62874254098,3012.26490792664,22400.5682711348,334353.068505033,82622.0888412697,16458.6725373741,6860.01464846396,3029.54067322624,22514.2340932109,332868.429825278,82740.8511661182,16543.8272046835,6901.53817565593,3047.31272491345,22622.8221296801,331254.433720192,82829.2189542218,16622.2000564789,6940.47347114892,3064.34816077858,22725.0117594915,329515.70535215,82887.8466344087,16695.2834493609,6977.18298933439,3080.449479306,22820.3600952314
2,222881.178796134,130663.78617101,59505.0192731733,35574.2343099132,21084.0264924294,33903.5532178873,189616.426517314,112780.525559423,50600.1600016744,30294.2449069835,18005.1288706771,29253.890277352,198069.441857188,120694.461615921,53069.8196505252,32065.3630594306,19252.9883478601,31557.1335007077,190938.001244359,116845.03812119,51786.5055306235,30990.1509544525,18625.5033146512,31174.9520761188,192199.851051752,119469.909083739,53197.9669148745,31864.6479353389,19093.1783012356,32160.9343569809,189211.267366464,118443.686784363,53474.789172143,32122.4568870141,19267.9877627927,32547.6990188715,188179.703617693,118960.889731587,54160.9283927561,32735.8115370615,19723.1558361662,33426.8110327969,186213.19953773,118636.723915379,54559.5431911687,33138.0400577952,20067.9995285977,34252.4153399013,185054.391306749,118746.733663982,55061.4389956192,33620.0619978792,20464.4715508993,35232.0035071775,183597.769987808,118671.189070889,55451.6444558512,34010.7882683346,20803.2305129263,36170.2834255365,182041.706791096,118577.629278547,55836.6664343569,34392.5478538563,21128.7377227582,37097.9808656645,180324.55217971,118376.954129625,56202.6021001994,34766.0545905158,21449.1324494581,38022.5634924676,178491.505351922,118064.993159939,56524.3903482113,35122.7093372193,21763.8844140773,38946.9543577599,177099.7859139,117877.714643953,56889.3842654712,35512.1873153042,22104.7575351136,39942.3931545182,175490.469065314,117605.434661198,57151.2962333521,35830.0217898253,22402.37045132,40888.4035079334,173619.743091062,117227.603292229,57391.849392029,36121.329353833,22676.4493780339,41799.353108609,171641.803497356,116754.694920264,57623.2262592523,36418.2870435837,22954.9114565123,42717.6869343562,169517.0306142,116149.383927688,57793.9017934226,36688.2557006877,23223.8503420943,43632.6680322711,167888.588929443,115694.927720651,58018.1872183727,36998.2296071836,23524.1860254283,44636.5933837299,166088.333200437,115182.24841069,58140.0830272545,37232.9373081033,23777.6755245837,45586.4795593062,164127.827696102,114594.898300886,58247.6943399097,37442.120395481,24005.804657729,46496.389581395,161970.940586643,113898.184753572,58328.278168977,37641.3650432187,24226.3199421917,47387.1070670167,159662.995440692,113059.49988927,58357.823787074,37818.629965345,24438.1275346335,48267.014990623,157712.471238198,112318.637918447,58421.5103564122,38027.4140333154,24677.7665412698,49227.9755304764,155743.060133451,111573.892976919,58416.3800995701,38185.0007197221,24886.9839042828,50165.7109241961,153468.6493373,110693.70357385,58346.6494036195,38283.1006033652,25049.8327936398,51026.2451164654,151096.564979982,109729.620469827,58276.7287189892,38385.9386617421,25212.5821926182,51883.0551246046,148854.373672919,108726.87048149,58189.6928984528,38491.5171646175,25383.8159376486,52767.0877054591,147688.582903729,108145.706508662,58243.6491651082,38693.5607757993,25625.4469350345,53834.4182466978,146668.447974522,107755.200126201,58228.9720339485,38814.7740679746,25806.6978005825,54815.5542716999,145442.632818215,107296.539093379,58196.523639955,38876.1082047331,25919.3037262742,55623.5020557495,144166.87726669,106852.023343513,58222.5301178323,38979.1862709705,26046.1272366068,56389.0929480996,142670.612466215,106240.481747543,58192.4054422068,39060.7556087477,26162.6537667591,57080.961700928,141115.369633629,105577.091745806,58141.8904395925,39141.4734339117,26287.6196402306,57779.3840633967,139509.802426889,104859.397335744,58060.8519946455,39207.0718094323,26409.0735714813,58486.5270082107,137842.066702804,104083.597695602,57941.1368615385,39247.8356591925,26516.9694023598,59188.5351176186
3,363437.451806278,80850.5492814139,18212.2563092806,7893.69711153686,3556.04623992995,14314.8985726162,356741.547401238,76626.0809019926,17225.1829516414,7593.36226313715,3450.70981547428,14326.7745683065,355723.031863361,75513.654006069,14798.3950633951,6660.36002215531,3177.89561267464,14334.6346710364,354783.275625123,76401.0959129932,14390.6104447277,6041.94924666331,2783.72819321004,14193.2697072679,353930.140510208,76986.3138168961,14537.9632202981,5992.89554279835,2664.77128544517,14122.8110679177,352839.931123413,77488.6617059197,14704.6367791502,6048.56049549189,2663.34840763605,14179.8227194494,351674.137773072,77927.9648655267,14864.7191906433,6116.44509676751,2686.7856276485,14300.2021753287,350457.670585423,78341.2252799471,15016.6075614213,6183.15365753893,2713.62515268135,14440.7493616824,349727.760569259,78743.6202304764,15163.5041629732,6248.20196040576,2740.41568017167,14591.9819058942,348834.011050733,79179.2160166604,15304.0444346016,6309.14166605825,2765.28993990149,14739.9501377106,347687.243072948,79578.0261424984,15453.2367600366,6373.44490752702,2790.94098862809,14882.0206446618,346283.494378008,79926.6163602058,15598.0981327733,6438.57679442008,2817.70653792653,15018.3184412982,344701.789619406,80232.7962985739,15738.9284896873,6503.02325353563,2844.74804739331,15149.3331060468,343634.456569815,80518.3118259817,15872.7126130917,6565.75354573523,2871.60270312164,15284.874796033,342290.295062499,80839.2537039727,15996.8196388861,6622.41524665731,2895.66246168147,15413.0630313886,340568.848829155,81106.2523085449,16131.2202266043,6682.94253185445,2920.47349335726,15532.2391207989,338586.429831775,81307.0782467335,16259.236887421,6744.26929106673,2946.62820884196,15645.0370474066,336416.156556299,81462.6743499201,16380.3323276612,6803.64880872444,2972.6383361468,15751.7833096281,334814.392599192,81600.105121231,16494.3381477324,6861.06606765855,2998.25216083803,15864.1147773243,333015.317245605,81782.7555720964,16597.2620427178,6911.45499388022,3020.56883533686,15969.59421934,330950.606587298,81920.4995788527,16711.0234114376,6965.53365694542,3043.39250174206,16067.0433779297,328524.273509175,81999.7953428303,16818.9782743932,7020.37189575956,3067.4517795172,16155.993694309,325866.513629223,82018.2843871126,16922.1141384353,7074.69323575983,3092.0234585624,16238.0381522559,323631.114873879,82010.0485601785,17016.6281584776,7126.97244590741,3116.47706448333,16323.8259624398,321347.567771823,82036.0447586018,17099.0820799002,7172.16081252941,3137.76372970634,16404.9320848717,318633.354319598,82026.4689275543,17187.5633360206,7218.39082407084,3158.41081668725,16474.3232786823,315666.552781277,81940.7108226389,17275.2332514074,7267.52568547492,3180.9743005642,16536.1354058226,312875.881100304,81822.6880737969,17355.364794646,7315.75912916038,3204.36821097404,16597.3793757023,311656.844637171,81774.392894209,17427.4210071866,7360.72625266541,3227.00969839591,16683.7725030508,310623.769696738,81908.9875094822,17486.5939735091,7392.35467155519,3242.33909777972,16768.3423587927,309452.970686704,82045.504546305,17576.3314061653,7433.01941350043,3258.5908815315,16845.5196992921,307998.961097653,82139.3886397122,17667.8526146953,7479.68848107165,3278.82491575208,16916.2983226096,306268.49270078,82178.3817657043,17755.7041698059,7527.31846358402,3300.96208114586,16981.0593705322,304376.536146675,82168.3578363119,17836.8204134714,7573.81449759929,3323.60628544035,17041.0311083883,302356.871221942,82124.8004674963,17910.0099789027,7617.55834222462,3345.58056973638,17096.0782244412,300224.346937215,82051.229384986,17977.7911040484,7659.04649640025,3366.6773421509,17145.8934181738
4,319623.102871138,80665.0181099997,14209.1913008614,5671.95966427328,2365.871791032,5267.66163658683,287070.064195031,73207.6750514725,13464.360289886,5492.13732863565,2311.28906150122,5115.59720954703,283156.610352712,72238.6306594659,11745.741615289,4779.08672900773,2090.29850783639,5054.24232418669,281310.612563306,72412.1250089693,11753.3099439618,4558.31008469751,1898.76074949549,4925.59168804891,279717.88758098,72516.3675554549,11827.5552393149,4568.03533888228,1867.91043259168,4872.19036077397,277923.371155147,72578.9390481681,11886.8987706807,4591.42152703549,1871.7800326999,4879.63286200857,276104.965994798,72594.5038494594,11938.9816681781,4613.69023416601,1879.65077651702,4909.41679882501,274201.222604182,72580.7861024801,11984.6622167489,4633.29862560276,1887.0059892518,4944.43470829484,272806.189360816,72588.0252378834,12028.2212459895,4652.3594994303,1894.20381099731,4982.88652447144,271320.954275155,72644.0033917177,12072.6832778356,4669.9948809149,1900.48935429764,5020.50281053531,269677.507172471,72658.4767710639,12122.1942522009,4690.2668240511,1907.53602442668,5056.75353412276,267810.26176118,72622.556962816,12166.5873629213,4710.01692852128,1914.9474876011,5091.47280638375,265799.774691978,72534.0052617041,12204.7844371721,4728.07040600464,1922.01279979482,5124.60512341392,264270.419036201,72458.7606574169,12238.2082417341,4744.71472277641,1928.76389912039,5159.31685329014,262582.797266142,72433.9356437524,12271.2743738483,4759.11599870542,1934.20575644238,5192.26218690279,260587.795284078,72340.4466186201,12309.0845495947,4775.99368706379,1940.23578091712,5222.50331089729,258422.807972954,72188.1005580229,12339.0048092287,4791.95405128392,1946.67258503281,5251.41355269018,256105.70135315,71986.7380122366,12361.6987035966,4805.24772635031,1952.32067602157,5278.37928141598,254307.73987649,71801.2758361724,12379.6162255322,4817.12433175598,1957.54921328885,5307.00657034692,252413.162477209,71679.0643802101,12397.4128046062,4826.55640913614,1961.32393797481,5333.96883683086,250314.01280259,71506.0204123328,12421.7291790964,4838.99955719629,1965.81766636965,5358.71063784142,247976.107616516,71278.8035776825,12439.9305434368,4850.97365809734,1970.83373045712,5381.71378973195,245461.162758752,70992.0286017829,12451.3271318525,4861.03756064781,1975.46634555839,5402.75875343367,243323.120106427,70706.0284654189,12456.4980949632,4869.24580999054,1979.63851656064,5424.84758771244,241200.844101701,70472.6650395025,12459.8299240384,4874.70643040362,1982.33689960653,5445.72248169111,238752.587936607,70198.0421703885,12467.9886018285,4881.8312734634,1985.15029529203,5463.38427518724,236150.898553706,69854.9597865455,12471.5573017328,4889.52038178611,1988.81393510859,5479.57064939376,233668.324524055,69480.5527013129,12467.7928842779,4894.97275864572,1992.12517250662,5495.25354348456,232488.891476141,69233.7247372764,12461.7731262255,4899.22788494818,1995.08241644021,5517.75583624742,231508.459305633,69191.3512111567,12466.3060899959,4901.3107196618,1995.69054717173,5539.89032032919,230431.253415974,69142.8079759755,12494.3872430202,4912.72939692512,1998.83578824063,5560.68493759867,229147.800439138,69057.2612640565,12522.4711952588,4927.53905418086,2004.61724317384,5581.30059265019,227661.385070076,68919.8984697272,12546.0219183521,4942.00914610802,2011.11061554911,5601.16401807854,226055.287083067,68737.8241674775,12563.0562819481,4954.68624727581,2017.33426541481,5619.84720821683,224374.283794137,68529.5890456469,12574.1493689844,4965.13076972481,2022.80830065623,5637.1413828181,222608.291958114,68298.4349485582,12581.2640409987,4973.87498750419,2027.54243084816,5652.72228838539
5,335319.553881156,111803.501594079,28679.3564006234,12997.6701460861,6044.84074341446,23665.7688293077,309853.556150409,108155.735516442,28729.8378727885,13142.4403291265,6117.71877381017,23041.7943090193,307591.273973809,107450.231515723,27503.9288817294,12921.1087213319,6214.11744028225,23414.2048218605,307515.695843373,109008.065833916,27738.7226181598,12703.2532999421,6036.82537603637,23586.569854159,306976.511571137,110024.30559613,28284.5352948236,12909.0947474516,6055.70994237793,23707.7084110024,306156.545624403,110919.581942176,28784.7832254581,13181.6337418703,6178.13388333857,23934.0660853406,305240.322396282,111722.278628202,29262.9599439462,13452.8692994339,6319.0943649401,24223.760208957,304184.995590536,112473.42604786,29721.2215688495,13717.2236360665,6460.99232469864,24532.5451778973,303575.212928522,113214.206852463,30176.8053580682,13981.5929467962,6604.17134602589,24862.3930573018,302843.443011104,113979.878829102,30604.8141242081,14230.7292959426,6740.50520333624,25184.7044683507,301830.330605045,114687.908109356,31041.61069807,14480.8540860853,6875.47292132799,25492.3845737503,300573.644198738,115313.260557465,31474.0219553437,14735.3209551571,7014.32894273469,25792.4100885297,299089.851120866,115865.244145132,31896.2840905243,14989.3042852801,7155.53471732085,26084.5750102613,298051.371816049,116401.6601443,32316.7272718695,15246.7245342342,7300.77376307765,26394.7687599787,296811.276386781,116955.168933208,32702.1083506979,15484.8338680949,7437.55242959265,26691.9469073647,295191.789694757,117423.686167836,33095.8671910882,15723.046763751,7572.10579597467,26968.5370570623,293321.313132219,117792.809336317,33484.3582055419,15967.109859016,7711.83262367151,27238.1098550762,291191.662020366,118078.267512859,33856.2752381362,16208.2661881092,7853.37998432696,27498.5938107527,289606.689631758,118360.167318432,34230.0812832523,16454.6236253593,7999.98232055113,27783.9326820512,287853.897488834,118667.267283459,34560.6553928274,16676.439126123,8135.35951761927,28054.1515654031,285844.482541401,118900.193254996,34900.8550473107,16897.2651354846,8267.12119219097,28305.6122231676,283504.553639792,119036.803809938,35229.5348876329,17119.947554721,8401.70012645653,28543.7895067015,280867.131959787,119067.728030516,35544.888871255,17341.3220827274,8538.58442847269,28770.7401461687,278640.667113996,119081.669991572,35860.125801493,17568.688078726,8681.74738920619,29020.1928989589,276401.415608525,119116.998432921,36135.4442455365,17774.314851437,8815.63469630827,29262.5486383622,273727.23305561,119068.9411156,36401.7728127934,17968.5968166741,8940.91726504319,29474.8975706685,270811.947028117,118908.555740093,36669.4059480227,18170.2971889525,9070.93199470128,29677.4115916279,267928.537232132,118682.070838255,36921.3551499448,18372.1318738735,9205.28435628663,29881.5959660436,266575.169683132,118641.361234879,37196.7412985724,18588.8909823182,9350.40613762774,30161.5476512092,265459.257676571,118798.267408333,37399.8033648868,18752.0850463561,9465.64920004448,30422.3909843159,264176.083003283,118940.968840933,37632.0070119796,18907.1706993106,9564.76633671148,30642.9204190696,262655.967265839,119018.725513179,37870.2293994663,19073.8173450737,9668.80171226552,30845.6157055236,260862.889872753,118999.306562518,38095.3788570753,19240.5089927498,9776.40736794549,31034.1201571827,258909.708505293,118907.545370423,38309.9950069314,19407.480261384,9887.5811360485,31220.8324971146,256856.531402986,118759.654809304,38508.0908481202,19569.6107499341,9998.90207300814,31405.4596976088,254675.756721321,118558.256129027,38690.0461811569,19724.3789287233,10107.7487062976,31583.1055346433
6,264080.639069721,120188.610381338,42858.4281174972,22754.6796101863,12035.7207767117,21575.2434932346,234328.026418516,107563.986246913,37898.5415085645,20182.7759342418,10698.7021818484,19358.4612061766,241945.153731728,114402.234896098,39274.3028956355,21032.3433675887,11306.7265550073,20699.2431190656,236556.000346316,112491.573571944,38863.9398090941,20577.4218529565,10991.2478928585,20426.8961237729,237143.701264709,114640.685478577,39963.1923347562,21145.0111402692,11246.5662163444,20861.8415850594,234766.218785689,114539.26939752,40426.6504808943,21495.5130494825,11447.5678694143,21084.6366666668,233639.534240897,115320.461181078,41113.4970062335,21977.0150173193,11761.337870567,21576.8452308325,231854.906303948,115554.611274247,41626.5283317167,22370.36969132,12032.0336100521,22045.7020109753,230889.237334263,116118.513843092,42221.671222398,22806.4923266449,12330.0460803491,22605.618272789,229465.250924376,116457.88925395,42703.8744494073,23174.9743495047,12589.4242186489,23119.3753850279,227994.534965359,116835.35434172,43222.4949780493,23558.0212478942,12853.7865275005,23644.9541031838,226241.78457846,117054.577538609,43704.50079533,23929.6313028615,13113.7704487227,24158.9501351649,224426.885406658,117219.81892913,44178.0152374197,24302.7675097528,13379.0735530051,24685.6920932997,223109.242422311,117468.813616624,44670.2968035607,24692.79675338,13657.895194051,25251.9836185114,221406.494880131,117591.918355174,45069.7338889269,25024.5990210076,13905.1586287062,25778.6346692952,219503.210745584,117669.259411439,45488.0828643207,25361.5883115164,14151.5064072483,26302.6089715476,217385.831851127,117612.660948362,45880.9331996432,25695.4671979857,14399.0872992607,26823.9647457946,215156.574026984,117470.758746495,46248.2636424971,26022.5655374787,14648.4338147575,27354.2231208131,213517.205198324,117454.1975935,46649.8680969555,26374.9189550186,14916.4603457887,27937.8094661316,211498.574216584,117298.776468055,46941.0356795982,26656.5755611173,15144.881339761,28470.0607748206,209428.164413997,117151.38163395,47267.1159151328,26950.1972332983,15374.9536135244,29006.3879803709,207000.192899293,116821.922226715,47539.940392666,27222.3115597339,15594.4721652841,29517.607100661,204475.443028386,116421.333846476,47804.9973083486,27497.3654858002,15820.3692321904,30042.550663051,202371.28128899,116082.74668409,48084.9259200325,27789.9430374038,16061.9514791375,30613.5843922729,200124.455829449,115686.893647963,48285.6653020446,28030.9569841096,16275.6290618974,31157.2641934726,197551.320321374,115188.22335192,48463.0741514055,28247.7851274903,16470.15410569,31670.1442402506,194856.369831447,114597.595930035,48638.6060271409,28472.2562487842,16669.6171307887,32186.0946385681,192334.328087051,113960.88375591,48797.39241586,28697.2015112016,16875.6219957306,32721.7540807584,191247.671057306,113770.779623316,49069.9438456288,28992.6051443439,17128.2706829245,33382.3262437152,189987.730199598,113544.367882083,49181.0662896527,29161.5464826295,17299.603776625,33925.6655548949,188726.975074381,113423.007009519,49364.367525459,29340.8166081024,17456.719443878,34426.3982507135,187203.741377171,113154.819634029,49526.4551082819,29514.6399538497,17604.5979196483,34868.8890599425,185511.634411335,112814.02568735,49676.300153661,29692.1927729566,17759.5763400275,35301.9925023326,183722.550609395,112394.664961167,49805.5010114068,29865.9700211077,17917.9773831171,35740.403244614,181851.105427921,111917.187749946,49906.8617318318,30027.6606514674,18073.6986778792,36184.5760147387,179907.330994424,111386.429918915,49984.4768460562,30176.1434058444,18223.5729019084,36630.8734030268
7,333400.80640095,109901.28516465,26410.0271548972,11503.4081641076,5116.77545103895,14847.4552947272,319312.103950716,103127.164834771,25152.7969000194,11053.8809997999,4931.42527189127,14601.4411045826,317464.475870477,100795.422196376,21832.0166049035,9906.27473190583,4640.91822831091,14544.4748104933,316270.95868092,101951.469765064,21265.622400435,9017.26427422308,4087.45729696036,14288.7616824354,315521.235556221,102744.597632174,21584.3143429424,8993.48424186223,3923.17384556239,14093.9883005896,314554.906464712,103405.513243245,21914.3552484787,9133.74212928661,3947.8299340391,14092.136619577,313489.618202922,103969.307516579,22228.0399615751,9292.14320551894,4015.1560092219,14199.4085596231,312319.056127471,104490.343158289,22525.2941715937,9448.0998105739,4088.962537342,14346.0635233903,311589.28470621,105005.943262316,22820.2143984865,9603.67797524762,4164.04036402073,14511.3554409804,310803.180639085,105574.650373498,23101.7675414529,9751.86875802229,4236.1043255982,14677.4026448302,309747.20005695,106092.042555641,23392.8497659206,9902.57270641844,4308.20438444166,14836.0001013607,308462.34236782,106542.557016598,23680.5405671566,10056.5668556832,4383.15976034549,14990.6877370848,306920.995196293,106925.658802451,23961.6984095917,10210.3143739841,4459.45800945863,15140.0005800246,305872.102138406,107294.476939084,24241.3515334306,10366.3291516086,4538.11469375946,15298.0946774493,304640.871903341,107715.112784445,24500.9646325372,10511.2079966817,4612.14888915746,15450.3987321088,303020.91793706,108051.036868902,24770.8188405093,10658.7109756382,4685.87912922677,15590.7887608239,301158.496769243,108298.577007953,25035.8445190614,10810.3921051456,4763.39226860554,15727.1311064512,299037.346664292,108474.138806422,25289.522239969,10960.2103916314,4841.97364051745,15858.0993383415,297457.11432321,108644.238196225,25542.9783262597,11112.5227337705,4922.99414034723,16000.0788246524,295750.040850988,108872.872406636,25772.5777079142,11251.289264165,4998.14470467262,16136.0938610326,293782.828351755,109027.139426035,26011.9345788037,11391.4854431715,5072.06540820562,16260.972691248,291477.854591226,109103.635257809,26243.4376508616,11533.7777586487,5148.62866261537,16379.1053385107,288880.797955758,109083.140593838,26467.2442084406,11676.1059810311,5226.99336346761,16490.689010327,286667.739090336,109043.703455719,26688.0355039711,11821.1528129952,5308.61508109012,16612.2017959164,284489.066556866,109050.620154709,26886.452047293,11954.0058122223,5385.29984766241,16731.6462066461,281857.753289512,108985.247129105,27081.6412144238,12081.5126717751,5457.75084051036,16833.9738212689,279011.741078535,108817.268033436,27279.0105545062,12215.5834737141,5534.38654302209,16931.7468834625,276134.402366397,108593.606538155,27462.8819330024,12348.42368983,5613.19898440524,17028.713125884,274789.667242725,108517.000563974,27660.6951498631,12489.1722308375,5697.22319344392,17164.2048903371,273753.864992324,108676.855558318,27814.5732473247,12597.0744118908,5763.97748827274,17294.2479573648,272535.116624349,108810.23404591,27992.6789423408,12702.426384469,5822.28018869029,17402.2914516129,271089.935906297,108889.554816502,28175.7783305448,12816.9694176558,5885.55158051686,17503.8051439367,269345.571655889,108882.385220985,28349.5833432468,12931.6800668598,5951.36093684344,17598.3946859115,267454.461621212,108809.218372884,28517.2790102519,13047.4937544239,6019.79317909921,17692.3924606406,265447.795039997,108689.73092905,28672.7712718908,13159.9233527948,6088.23991641965,17784.3238261001,263339.410704889,108527.91674359,28819.3175298269,13268.8039713985,6155.69446778662,17872.7508992883
8,133813.883327218,108612.500401778,67822.5227907455,48832.6585590085,34919.0599020516,91397.7758309155,114455.788259555,95908.4488743969,58684.5612000284,42222.6934896823,30280.4694358846,80118.4355265713,109273.801268129,92805.7791322335,57057.5505518725,41206.5071585781,29609.2273250925,78757.3363494714,115982.661065844,99817.6978847186,62168.4697671274,44935.7535693929,32435.0623412539,87385.3416557685,109948.654796967,93717.4185447868,58956.8120626268,42900.0964743908,31077.8202415064,84875.1598986426,108521.370078252,93890.0086631797,58896.3665576694,43000.3609076934,31303.4197201248,86658.3572262883,109687.115209755,95483.3897098345,60671.8435098893,44357.2217222639,32356.219457134,90764.3484353004,106717.484367544,92899.8578618293,59470.9388777362,43742.7551959334,32031.1840689752,90924.1670006848,105693.691159882,92663.2595778248,59500.3958988416,43937.2510282995,32324.4347214729,92939.7930245886,105531.661033445,92950.2473499268,60120.0428644558,44522.3462058713,32865.4869168138,95763.3353037511,103768.869242514,91664.9666225878,59629.8095973172,44333.7707129278,32840.842174818,96929.1592569792,102477.249300159,91068.8474584528,59522.7914722937,44400.9255950545,33007.4105537496,98666.9561493975,101512.571366876,90645.7972088173,59656.1424538323,44643.4253589225,33293.9940999922,100779.929333753,100278.891615915,89778.5923088558,59435.0587447432,44653.2294561542,33419.0261760847,102424.560682318,99157.5724062294,89180.6225010794,59289.0527121704,44695.3762281165,33572.0776170018,104213.124575435,97966.2976480571,88522.2259461441,59176.2712714412,44738.3276649753,33708.9561390366,105975.028168151,96550.8003730075,87625.7670006428,58919.8161497516,44691.0297846172,33776.8734651737,107504.324883023,95128.1721045771,86722.5426756208,58650.8818844252,44640.9797641645,33850.1961953535,109064.183150314,94010.6750800147,85956.69107498,58457.4828601629,44651.3392804825,33973.6567471378,110831.706676093,92879.7763556535,85241.6824546881,58221.8307423749,44617.8149715615,34064.101444565,112551.9773379,91540.2648457845,84349.3876961433,57887.6299667331,44486.3519996793,34066.9514917991,114004.175137603,90127.3575903955,83422.2717863119,57548.458868029,44355.2487912159,34064.2337898655,115417.335321847,88671.5700685562,82423.0680724697,57186.0802658789,44215.3789362041,34057.9946090185,116811.157724238,87371.5351425658,81448.8329157676,56815.9636873115,44080.6807712068,34063.522083638,118273.340155158,86165.2615565982,80601.9005074853,56463.0059549651,43948.2193672106,34073.4054934513,119810.97195467,84753.8736929254,79612.5348644432,56024.4520901693,43726.872724843,34002.9532359209,121097.645796763,83208.7625031796,78480.7584769877,55519.0901017896,43456.7198477943,33887.6190313111,122206.549849962,81797.7084892256,77400.7737449055,55049.3113022713,43225.688464517,33807.370053428,123437.258184291,81001.2394010971,76653.4900426934,54741.094658156,43123.6563774239,33833.7221249631,125101.289027872,80468.0380236468,76262.7784976533,54528.6233684645,43059.8762163318,33882.6409663647,126911.555511285,79702.5805825394,75701.2907240354,54226.8462012386,42871.9306255159,33799.6031915932,128183.406858561,78803.0804184722,75061.6095869573,53913.0359677957,42676.1759961219,33690.2780201925,129188.522493617,77924.0451203216,74456.2540560663,53669.8764708489,42552.7855221402,33639.9451133685,130265.646558688,76992.2597453473,73764.4092437349,53381.8040392372,42414.2001446844,33589.5698029044,131264.50796562,75982.1146528858,72988.4797320308,53015.4724520784,42222.044835123,33508.3999360035,132139.72532341,74966.0172828749,72211.7991074185,52640.2925079381,42019.533558993,33422.6772617114,133031.415602923
9,343426.359413881,115822.500454243,26351.6115640664,11823.9201543299,5660.83204402587,39219.9803376076,315951.703385969,104668.575569753,24372.1075732668,11105.3525175625,5357.2068464748,37846.8996351821,316333.016537005,103881.837986019,21901.7074338502,10265.9958047092,5160.44245642307,38197.2073187689,316341.951776192,105592.052500638,21567.2327570049,9590.21303164576,4725.14414450793,38344.5290878829,316070.1507335,106656.579526867,21913.0863457488,9602.38813490479,4603.13669262841,38538.1390449875,315485.840941714,107542.997951879,22249.6952582531,9740.86599735628,4632.04470625007,38882.4918937175,314808.364879618,108345.007935633,22570.0802889203,9891.56616720513,4693.42738031015,39309.1119707444,314029.858557882,109098.246055755,22876.212157426,10038.9391226146,4758.81138203142,39756.6750641738,313717.616536754,109861.362945142,23179.4395378634,10185.8733014294,4825.22515765818,40229.1963107139,313218.405333885,110622.413795,23462.7170921711,10321.9534410428,4886.63848686274,40684.9115224221,312482.62023102,111335.046824823,23756.6823442046,10461.7024161826,4948.47311350811,41122.9005314125,311486.684601287,111975.546656696,24045.3974603609,10603.1905152515,5012.14913542148,41541.7344655207,310304.296561422,112553.334297035,24329.0077932971,10744.6014152005,5076.94071879949,41943.966373387,309571.258146902,113132.331239104,24608.6714592121,10886.5564349322,5143.26824567824,42361.2961939598,308607.344320831,113704.133124599,24863.4426883627,11015.062485234,5203.53402512833,42755.7320859075,307268.614107494,114208.107189729,25128.7682274246,11146.6003828885,5263.59166140815,43123.2151141534,305689.107732818,114622.720467123,25389.6983168489,11281.3939993826,5326.39217113948,43471.2330285417,303890.538459099,114966.008028021,25639.5180244104,11413.7708612223,5389.61262985815,43799.0389556976,302618.217422464,115316.191605357,25886.6755963192,11546.9494437866,5454.37203056232,44146.6590846943,301128.455065415,115666.547776329,26102.9381338629,11663.3288387624,5511.41764695103,44470.0728411391,299399.991064653,115963.496257979,26334.6334255307,11783.9391965113,5568.33584414829,44771.5889060533,297358.890170659,116169.304935587,26556.2541936421,11905.3603170555,5626.90772379868,45047.0379928458,295041.841346895,116288.598917499,26769.7907603093,12025.6516676734,5686.3253059045,45297.9614424092,293110.177101325,116391.520039436,26978.1312830727,12146.7595783897,5747.69733989761,45561.7122014436,291139.935183779,116503.413904857,27159.6267771275,12253.4739637105,5802.84788508181,45811.4177448289,288730.910749376,116546.948568175,27341.6206343044,12357.1458195968,5854.65823734892,46024.2262951067,286113.486570386,116491.010047957,27525.7448369335,12466.6085184281,5909.85312639357,46215.3820183301,283557.50311932,116386.857717348,27697.5135777543,12574.7308320684,5966.75711161422,46398.4618077676,282420.781689015,116429.925151611,27871.9998445219,12684.8839633029,6026.22854155845,46656.9355773406,281486.33520734,116635.224256338,28002.5561059594,12764.026563053,6069.55020100563,46911.4855636352,280439.483011708,116858.699431391,28170.4031990603,12850.103682139,6110.08534458651,47146.071825675,279128.181871953,117008.957277334,28340.0932323549,12944.2413276818,6155.33691564038,47355.2652084162,277542.693141707,117077.627708009,28503.3626941217,13039.981354174,6203.91622486646,47541.5306321045,275825.030991922,117079.010744014,28658.2948727299,13135.3093309558,6254.39260916909,47713.2859237562,273978.39000632,117028.997856515,28798.8966173363,13225.5935853262,6303.88510782634,47869.5308528491,272011.538970443,116931.61481354,28930.9096733456,13312.0038053574,6351.90265100026,48009.9607762694
10,351014.864370213,98482.0602818172,22462.1285290355,9828.38644133406,4523.50898023623,23166.4612112068,332960.562805167,90536.3088136571,21412.067483151,9512.77317837576,4405.88628767984,22954.9715874753,333314.484909555,88548.5978879203,18226.9268765821,8439.5398410577,4138.19814301548,23090.8478986529,333339.67851508,89922.8334672499,17627.5347130585,7584.45034350634,3618.32753801536,23017.0159184221,333309.07067463,90808.52522827,17840.332723547,7515.92711530336,3453.6777581376,23013.8760235958,333002.964676367,91572.3918755004,18078.7067325879,7596.78181886158,3453.0617003909,23179.1711282986,332635.370653401,92255.9219959829,18308.1206484496,7695.42608430856,3488.13618131446,23431.9869414124,332137.840273721,92905.4126484051,18525.3730703064,7792.11364630538,3528.00222714742,23710.8274264946,332072.751586993,93528.3377280975,18736.5050434647,7886.79518965798,3567.90869704367,24003.2477865898,331861.572647151,94183.6417412201,18935.9891590329,7975.0101079364,3604.95211579159,24290.1054272294,331418.326581455,94801.0955850209,19146.8214814096,8067.16829504768,3642.70210235083,24567.9353188639,330699.156201492,95361.1573775763,19353.9629251837,8160.97868631135,3682.00372693783,24835.5813851112,329799.773867341,95864.2520424791,19555.6617364304,8254.17300237533,3721.84501779892,25094.277346328,329323.341827353,96336.2184676239,19747.1456618436,8344.45162894371,3761.1844397405,25356.5502108014,328619.050222713,96839.6169803869,19924.7703108813,8426.57578364093,3796.76069185895,25607.9920611724,327530.023072567,97288.837985457,20115.5366148509,8513.2333915521,3833.05586548596,25844.9249949914,326204.143098647,97655.3559861082,20299.9688174697,8601.67190807117,3871.28372483241,26071.2359695317,324665.686369613,97966.3083043227,20474.3358472999,8687.21891463397,3909.24123260244,26286.5842744449,323603.486884797,98244.5438961966,20638.8285934633,8769.71399211157,3946.41256608658,26506.6771099498,322354.535624606,98565.3508073792,20787.0852399094,8842.62979030788,3979.12328791955,26716.0724999768,320867.675533763,98837.2485634407,20949.4822915042,8920.01123650749,4012.29888752309,26912.871232355,319016.9524032,99040.2627701155,21104.5567198577,8998.35945077015,4046.96905448908,27094.881475306,316919.31574256,99165.3694549325,21253.4819008197,9076.07170387626,4082.29079866204,27264.2511068847,315190.42716501,99249.1333655838,21390.3002674329,9150.64104943947,4117.27691345411,27436.1256129982,313388.939808708,99365.764512554,21509.1271491711,9215.19784931086,4147.81110667115,27599.6505619624,311200.124316182,99440.6865542902,21637.3570684569,9281.41863342683,4177.52043176703,27745.2199854239,308762.143071661,99425.7171296698,21762.9378158892,9350.80933657995,4209.47015294418,27877.1690070187,306327.434439861,99359.0318419566,21877.5135559832,9418.10392122425,4241.96461809397,28001.7396743022,305350.45351503,99339.6137680996,21979.8554179069,9480.89844338401,4273.47574541859,28160.2681857741,304576.206562109,99537.6330860001,22059.7418552717,9524.65644763508,4295.03030137343,28319.1042237329,303680.258660986,99747.8339823149,22180.0766405589,9579.42767978203,4317.11342254698,28466.5066465017,302533.932155736,99907.6126211491,22303.2831731861,9642.32339572749,4344.39268586329,28602.9943019272,301098.211388522,100002.77448776,22422.0640346285,9706.48253510344,4374.19313661679,28727.5741552461,299501.226063854,100033.74164791,22532.3333664552,9769.43874770741,4404.850636089,28843.0585425312,297784.750883807,100022.058083696,22632.1989600915,9828.69812551017,4434.67444554128,28949.6860311544,295938.748572114,99972.8066854538,22723.8669812497,9884.52518744133,4463.1480366309,29046.6402680297
11,268426.42100923,132874.724043723,52400.170094996,29148.1327605912,16095.3831996245,24847.4821941225,236211.682713919,115733.425144363,44580.6633933083,24853.3642009172,13756.8500149006,21567.0995217593,245778.501024507,124072.531223228,45921.6092444823,25701.7883564458,14382.13699156,22839.6727971618,238941.959844452,121653.767871172,45226.9299508476,24866.2673149814,13808.653704594,22321.8940499897,239701.882681068,124060.200444897,46512.0612047748,25537.0687778052,14074.9731165974,22682.3081999619,237026.106211454,123808.101374018,47040.2144107088,25930.6687400699,14295.7683955909,22878.9478671728,235701.763776204,124477.604472991,47767.2715690455,26485.3977151555,14670.5638714496,23420.2827090308,233750.042099288,124609.107150976,48312.7458622777,26930.9024406234,14995.7113551226,23990.2899463758,232559.962608472,125039.136305883,48925.7764305965,27415.4312711731,15346.3491314894,24664.6884458203,230987.549175783,125270.992653452,49425.1208460358,27825.8307446751,15653.2053628726,25306.4088348292,229343.217911009,125520.838051758,49948.0781540009,28242.8778630491,15959.3453698822,25956.1938171912,227439.655126417,125616.407600994,50435.7055903886,28647.1691376358,16259.4136418794,26597.7111725702,225452.760780988,125642.894999107,50906.2546064402,29049.6096207742,16563.2543302354,27252.531788136,223963.700717833,125762.813446572,51402.8217460392,29473.4813845379,16884.1199755015,27952.5589479913,222123.698996221,125753.156673124,51794.4187634602,29830.9565142006,17168.2137718266,28612.7346067071,220060.560932986,125687.886468219,52195.72652394,30185.8538035784,17446.0874001648,29265.5549620274,217780.476607865,125479.321324315,52571.1942762577,30537.0201915661,17724.1378104278,29917.3741157341,215403.269891739,125179.383354646,52915.5273562264,30879.9265030504,18003.9526671104,30582.1567266255,213594.185734521,125009.137213915,53296.294269004,31250.0449975687,18304.9113296762,31304.9567158969,211468.65433965,124715.129878569,53562.5380181509,31544.5431925581,18562.260964169,31978.4782998515,209236.973299067,124404.372865938,53848.7561764623,31839.7779855338,18813.6405507638,32645.4044349809,206685.628140719,123919.697749485,54087.0895691562,32115.4348397865,19054.3156027747,33290.7412258423,204026.197554926,123345.113596942,54305.5847660105,32388.7214031238,19298.9935547493,33948.5369142616,201777.739435419,122843.255777286,54544.0253195789,32682.791419537,19562.3943823195,34659.61269028,199422.273018006,122288.491047825,54699.3957610416,32921.462562683,19794.9515955926,35344.1002760704,196741.414600703,121626.282060421,54818.9788319994,33125.7769050436,20001.0474756287,35990.8328647923,193922.508481976,120858.806078651,54933.8257535831,33334.2929644377,20208.9006106378,36637.2512449201,191279.306188338,120054.819959751,55035.4886667764,33547.3875469587,20426.3001551153,37310.1434177936,190033.142209238,119706.588535974,55265.1068251046,33842.1721490953,20699.5151294905,38117.7597916121,188738.221547724,119395.126155319,55348.5889882172,34015.0349320833,20891.7864498072,38813.1840981825,187379.178430902,119146.187476224,55479.6274056626,34176.9905465015,21053.3276682001,39431.3798326128,185815.321627906,118795.703550058,55613.0270314652,34345.0879859319,21209.4541305562,39991.000721357,184035.305311625,118328.23076071,55715.9392999877,34508.0490791668,21367.048758405,40523.0919266582,182172.382399095,117793.115044816,55802.6304526345,34670.78731695,21531.4730591477,41065.8070789826,180231.286177985,117189.260249569,55854.8745368251,34818.269343839,21692.0268111162,41615.2917399901,178222.694710524,116534.541345651,55878.9367338387,34949.0814937431,21844.9365424818,42168.8835093014
12,190655.82503951,130281.06177351,69982.823427031,45650.5421924764,29512.1854026702,60930.3642915701,179127.536395842,122601.014336899,62001.7925235983,40438.3914424276,26247.2112169036,55369.695441065,167977.526206105,116619.329312659,56969.6296808763,36864.6525366483,23848.5334873146,50311.9258034383,176062.25181593,125939.466816493,62213.4376034629,39637.807986887,25531.6104559437,54398.7570174292,165982.853812751,118014.454964046,59073.7320322515,37782.7810392157,24172.4379565082,51229.6062093575,170241.68966345,123599.411997413,62357.5066772655,39989.640465923,25665.1677126704,54301.2804801439,164942.765273244,119663.098787638,61227.4676963683,39518.1332911621,25441.1233527891,53832.9799840535,165073.879782321,121220.502896462,62385.274631029,40487.5739514412,26226.8545430841,55774.2396409374,162944.243289769,120079.445512496,62447.7931584728,40721.3321281396,26500.3603385103,56808.6465506595,161771.504740881,120066.879136784,62807.8420303681,41158.0408691642,26920.4931681727,58247.9222251047,160255.490243443,119714.675442183,63110.2933753804,41513.4115509385,27266.6754163039,59591.8823600294,158478.530554509,119165.192028597,63292.4340102957,41809.7728535508,27572.3607609221,60845.8501498084,156783.684672087,118697.467921485,63536.5401331405,42148.1723052827,27910.6622236391,62191.338778581,155267.112226513,118148.183794217,63729.3885089197,42463.0198849769,28238.1748273994,63541.4550816738,153818.92074653,117738.19150592,63912.1403623602,42764.1136085427,28560.3447129151,64925.0231528795,151993.690407055,117072.862652566,63987.8171246482,42974.0086594938,28812.0250040051,66167.0409833205,150136.012157427,116388.935306155,64084.2876154557,43207.48811538,29078.0731064443,67438.3010548338,148131.24742206,115556.014652285,64110.4631365741,43405.7289052325,29327.273201418,68683.9739278357,146471.146563498,114806.336287396,64161.209159049,43627.4830759898,29599.5065249814,70019.5761378052,144877.766454258,114167.85982037,64188.1888649888,43824.2379601977,29856.9725753382,71373.0217647764,142967.208850507,113303.014272023,64107.1141279074,43924.3190406841,30037.5882597841,72563.0173520165,141002.084796121,112433.992912499,64049.7943613535,44046.1559913582,30228.9048448804,73770.0856849493,138850.175563847,111383.296969486,63915.3739361962,44126.2226126567,30396.2909817299,74921.2210633309,136956.59302324,110386.312891053,63795.041782207,44226.6958377277,30585.901226025,76155.0746365387,135205.3689216,109513.626870656,63670.9056511289,44318.4965271318,30773.4936592889,77437.0578302957,133116.784773778,108434.603037076,63425.7742061933,44304.4948527082,30878.702330629,78541.1688518139,130923.904184844,107276.948228795,63175.8129756488,44287.9167149248,30975.8697825191,79618.1978716585,128808.979180477,106085.580695541,62918.7636406272,44280.8414905293,31084.9573041189,80729.759628262,127556.275119213,105229.828841943,62786.0489345818,44367.6579354185,31268.0635473721,82076.186210759,126745.232015465,104824.323315933,62720.4316711761,44468.4335413846,31456.7105814251,83504.9577587684,125564.435714211,104187.800401481,62529.8214739195,44418.3735426589,31504.851154318,84543.8172240838,124384.215707637,103621.478922857,62433.3878804846,44433.4680993638,31578.1725732439,85541.7067522784,123074.705289607,102948.041035437,62322.202782586,44455.6692083601,31658.6569330479,86467.1681577332,121616.981910337,102125.663533527,62130.7268988317,44438.8497840033,31722.5014394074,87308.3615601887,120173.477615644,101311.36207977,61937.4464562315,44427.1603687792,31799.2079584872,88195.8627519852,118674.817395668,100434.727179548,61702.1050129328,44386.0308734768,31858.5914268957,89067.1645395178
13,206170.711621885,87024.4964041574,29094.7942961797,14788.8556305903,7433.89489194583,7614.87400085564,184751.089531749,78541.1879451897,25922.7141533359,13250.7374212403,6676.32077401183,6856.85223875983,192087.060599533,84768.7700128586,27238.5229708998,13977.0626280093,7178.07983165475,7579.65563955787,186065.993594892,81960.2354890691,26437.9568091309,13412.7422247018,6818.69076992907,7318.23433565819,188976.241424575,85238.7594913013,27814.1714013956,14078.4389840803,7125.48282931375,7623.02450720095,185588.083351139,84019.9156587867,27757.8476419791,14150.0517912034,7172.45204197855,7630.67541055702,186430.730592214,85812.3965216202,28653.2339880131,14675.2777482628,7484.61140718477,7997.31313869239,184213.387644861,85359.4729554406,28816.667138887,14855.4432674962,7616.67945062923,8197.96958805734,184552.566667527,86556.9644587098,29506.2924825055,15287.7209132424,7886.32134550902,8576.19639234996,183041.960862313,86502.7302684526,29754.4023994163,15500.1617975938,8037.04687108274,8829.01268245346,182646.417754376,87328.1157922407,30317.42033899,15863.9339276468,8267.96938013798,9177.15874032552,181146.792686969,87380.5002284476,30634.2235567158,16112.933571722,8438.37463844961,9457.25123002091,180286.803043071,87915.0653522285,31122.7905138746,16451.1238651804,8660.82680807743,9805.13957898153,179242.832405257,88082.831169479,31480.4879026993,16729.1369180537,8852.92365686898,10125.4744385767,178313.587126742,88485.4516776256,31883.2416925757,17022.9851152943,9055.03965511046,10466.4276807792,176903.899316872,88612.9755378757,32223.03729624,17282.5750616597,9235.62118025976,10782.9288517766,175561.793915087,88829.5847970789,32610.2041093744,17574.9687558321,9437.3643105006,11127.7992716283,173950.258567601,88837.1299081674,32931.5343859091,17838.4149815309,9627.05878051267,11466.4607723882,172926.551125688,89039.5601098887,33311.5366507701,18137.6062785288,9839.86683519593,11844.5335215754,171470.858048389,89039.2158949461,33576.4984893778,18368.1947032357,10014.9864121568,12185.7208937454,170088.702772662,89145.6363228426,33907.8378432931,18629.6922583579,10203.9881325217,12545.5613562093,168299.471805095,89020.071565377,34167.8584085536,18859.9254637566,10377.3622177919,12886.7327078864,166550.687397245,88935.7732348031,34459.2667057174,19112.6495285904,10567.1902499723,13256.0767756859,165018.544609952,88802.9256812357,34726.172198178,19359.2540059681,10757.5225438891,13637.4970206267,163433.373886008,88685.3871908771,34956.1971519662,19579.9651512516,10934.8306687211,14014.4917403214,161552.861245559,88461.2301318135,35162.863592071,19781.0216704424,11097.4533756273,14375.8090526176,159579.091533382,88186.9971730311,35377.4362265358,19993.4319224067,11267.6062598612,14747.9546417096,157729.254329417,87849.0659396946,35571.9285612219,20202.6917365227,11440.7040592261,15132.4200576555,157034.025990976,87840.9274073016,35839.4883363614,20456.6190885387,11643.2147852096,15571.4608302045,156087.934586062,87743.2940514367,35957.4415268367,20600.0315606716,11776.9031212322,15925.8257924125,155250.980870646,87806.2264635096,36170.505933528,20775.0709298009,11914.101430004,16268.632170511,154081.315021569,87663.1994040215,36328.144194103,20925.9568264453,12034.2261682055,16565.4759300048,152891.085516615,87560.7129338949,36516.2030890539,21101.4171550452,12172.6438641839,16881.4263154585,151516.492710408,87315.514630037,36657.6032633041,21256.6885401874,12303.1345912341,17190.8844512658,150166.696018449,87096.6340974996,36807.4774691766,21419.9273534963,12441.7719583106,17522.145741258,148682.001253818,86779.2767068632,36917.1816520792,21560.9982825685,12568.8286640597,17846.879640617
14,209793.999609733,121346.218677876,55154.8163118802,32913.304265655,19493.8199592325,31122.3669337143,185509.315893489,112301.359005413,49910.7190571031,29811.9930456599,17714.2402247824,28485.5502591199,188207.556599023,115397.326252144,51499.3662631258,31077.7432461802,18635.1530347522,30251.8809045224,183746.414430412,113313.819943873,50680.9226638645,30511.1998448862,18395.4225403792,30464.1575690352,184228.613506587,115260.524153154,51963.9186830027,31292.6113840675,18860.4121767995,31613.5544821526,181182.030777389,114050.284673058,52013.0665783473,31456.8067014313,18992.8841538453,32024.9857330848,180608.97186344,114941.626366752,52902.2708039788,32163.6876147674,19511.8721136159,33119.1675427262,178109.161781624,114090.622458569,53037.8210250836,32420.6249212657,19765.3268168178,33828.6630576838,177446.610068971,114601.306484943,53723.4548193875,33008.4707089597,20231.6934262319,34971.7683730378,175622.607623604,114135.651063601,53933.3371940444,33296.1940733996,20507.244609933,35824.1235279578,174397.469232184,114290.773569233,54419.4665503093,33739.4858233434,20875.3684535514,36856.1544354193,172508.551338189,113865.802058968,54681.2194626913,34051.3144907031,21158.2646064304,37738.0174123708,170819.579645769,113661.637271185,55037.726925876,34430.3021310695,21490.1648941318,38718.6862803338,169335.453421962,113333.904248145,55343.6862256642,34784.8842255388,21810.7363293412,39702.079498807,167859.685748247,113127.323375157,55622.6059912914,35117.1977948914,22121.0424873738,40696.8545762054,165981.572810888,112673.930343401,55819.7921262401,35381.2668102513,22379.9291592635,41607.6264054944,164100.601359042,112230.554097669,56051.0792637316,35678.5305534438,22660.4987270203,42557.4572215277,161984.837997026,111584.762450069,56191.532883142,35929.0788817199,22918.1471087393,43477.6663570404,160402.488063221,111117.669357117,56403.8806923567,36232.0358804907,23215.8404172926,44504.3551265283,158666.753086566,110607.988811569,56514.7401599207,36461.1684778391,23467.631651158,45478.0914847272,156739.574558064,109992.156788409,56597.261161296,36653.412493535,23686.3525469615,46398.7420646407,154684.952317316,109319.506173651,56675.0515320786,36850.6365802407,23906.6813474239,47317.6907631302,152408.601064073,108460.694375552,56678.2980055372,37009.1862279634,24107.019150975,48203.5147943835,150514.35229557,107715.307969895,56730.2676771969,37209.1972652791,24341.6598072741,49183.7192433858,148634.106832424,106987.360463018,56719.5833674767,37363.3394978226,24549.7162222845,50147.9418589095,146429.287446662,106106.023305553,56631.1565846696,37447.1703733801,24703.8436569143,51020.3672909993,144146.460633412,105161.111947957,56553.062348219,37541.7580159035,24861.098993541,51895.7412382902,141904.078409839,104141.384680645,56440.2729110624,37627.4863817981,25018.7806732936,52780.1573358875,140744.773380642,103526.052812499,56477.8388096585,37818.1772266143,25253.5047843493,53864.0933639589,139811.08518322,103173.047508484,56469.6842233165,37946.674616297,25441.8093881106,54891.4332047623,138585.185284588,102673.052271293,56402.12847832,37981.8342561007,25537.8037191894,55696.6773647295,137386.870829904,102261.621102923,56431.3287487825,38084.7207931235,25664.2782706525,56492.185883209,135934.321913109,101644.480878777,56386.1680796529,38153.2949629235,25771.0965594608,57188.5914879159,134436.10242533,100992.767324354,56327.0283136565,38225.8764307854,25889.9985484024,57897.3455193063,132894.476408159,100289.479944486,56240.429895554,38285.0694474751,26006.4551815562,58616.1369228293,131283.450232577,99523.2104167949,56111.0592021687,38316.7023356849,26107.5429585375,59325.3104391026
15,313706.770726258,121617.825635649,37742.8785094344,18521.35993592,9068.79388444,17164.9823199074,292948.277238527,115066.521997376,35734.0337753418,17657.8708475087,8676.21401839951,16488.7775917337,291422.98531623,115044.377625465,34301.6392775566,17286.3047994153,8703.49254985493,16781.9647664231,290587.41522274,116773.549022908,34396.0126969011,16904.6896361613,8448.18386004348,16834.3343868573,289364.093468517,117796.954281986,35088.6799556769,17143.6031317539,8446.71194204117,16823.3394323371,288020.493793847,118654.138175623,35732.303182066,17525.0130393283,8625.44256723072,16968.6107092112,286589.459026295,119382.090807551,36327.7924676917,17905.1619601744,8845.1584442222,17237.7119936123,285039.517685649,120041.066760625,36887.5224014575,18271.236143107,9067.54081759685,17563.7196220744,284003.169944508,120718.177842114,37448.1353457499,18638.1918501686,9292.44766053671,17926.6756716526,282781.886048547,121379.236341585,37960.271192055,18977.2767424503,9503.66326634115,18283.8754895756,281336.301237647,121979.45297716,38479.94225396,19314.858546666,9711.32575767914,18634.701792701,279640.929851454,122483.295474858,38988.1125600136,19654.1573477675,9921.83907258317,18984.1716664574,277740.239492409,122902.132095104,39482.2104208028,19991.9688969836,10135.0859998307,19336.2988828427,276352.60741375,123339.102169077,39983.9218706822,20339.2657893476,10356.5627424466,19711.8519762406,274723.997239653,123750.469233378,40427.9684990744,20654.2913132468,10562.963878043,20073.4506542432,272736.859275372,124071.456581197,40875.4730612949,20964.6697546982,10763.7759043513,20422.0605035513,270507.150921678,124279.441351947,41315.0507268601,21280.6687554269,10969.9025630825,20771.4251871817,268071.65990903,124391.947992154,41732.0786816347,21592.5787566717,11178.6534059591,21124.6087907861,266220.925505192,124542.785533098,42160.2287770198,21915.5216750389,11396.8502532864,21507.1103548215,264176.29747525,124677.364225244,42524.320352215,22200.6859159612,11596.4451943331,21872.6889295367,261880.094613546,124737.77960665,42892.6979723314,22479.658044638,11788.5001233146,22224.0413446774,259265.766901073,124678.457204773,43243.5721850052,22757.7098877748,11981.675790339,22568.616716845,256408.90525389,124505.728844179,43575.2108251818,23032.9840448584,12177.5972827025,22914.9308123182,253997.927090863,124349.565664822,43913.9096954111,23319.6681007984,12384.2139311818,23290.7080737347,251553.060716953,124190.461387556,44197.2958465696,23574.3292016012,12575.9362653783,23658.2560162675,248696.820402596,123931.680275982,44459.0305247109,23807.7219710379,12752.3131471617,24000.7477018012,245625.454434911,123555.764170576,44719.9498637827,24047.5561826188,12932.5330423616,24340.7819874549,242640.972425671,123122.144338497,44965.8661796488,24289.9471972218,13119.6718725669,24694.0635274711,241181.080703344,122962.013324464,45265.8742009402,24565.5521380219,13329.305192657,25116.8112889468,239911.477443403,122964.625647457,45470.5095904902,24768.450371433,13496.0063293225,25499.6539633031,238482.734354568,122966.451816232,45698.468374695,24952.1213663658,13635.4662088561,25828.4483455272,236828.712012453,122892.138540056,45934.5681474163,25147.1172474608,13776.7427240637,26131.8234531136,234917.328097063,122709.057741462,46150.9956940078,25340.7150966627,13921.3140455819,26424.3270682788,232879.214926732,122452.962570689,46354.2095373591,25534.2289542257,14070.5532344565,26723.7451624503,230737.246843149,122130.973718226,46533.6831533665,25719.1790814141,14218.7045146441,27027.2534421987,228498.247208967,121755.031291141,46693.2079766272,25894.4990920099,14363.4515517495,27332.3853510819
16,188185.224032783,141381.890498908,70413.3371546309,44420.9325106273,27849.7859754966,51908.3157732385,160050.870937424,122718.497597872,60686.5610123083,38390.9528553801,24165.6210642071,45575.888309408,159921.090140382,124474.136230742,61164.5002367827,39166.0973384024,24894.3677329692,47285.8037545529,160258.841430514,125615.553722479,62384.9070903706,39802.2742511691,25460.2687629424,49477.245179596,155913.809920568,122942.010087409,61274.2444711355,39226.1300657385,25107.0105441898,49484.0043724264,156687.284530527,125010.92122181,62955.4008674279,40370.588936534,25894.4022017905,51561.3621477782,153630.935368283,123058.838121722,62617.5734466562,40383.5552758963,25991.1076276892,52158.3806904317,152755.45678414,123462.704865317,63296.2610610404,41021.7036539384,26536.8898813908,53740.988638788,151196.666283194,122771.517639439,63522.3192716905,41364.6143661194,26882.0377959045,55000.9405629193,149934.411639729,122528.034589202,63809.8870831993,41745.7031505427,27259.3564092668,56379.9269391286,148518.533409777,122134.421121704,64086.5560510034,42090.5143506368,27599.2534176354,57714.4989111497,146888.38373818,121569.885032471,64275.9621947565,42391.3967613444,27908.80684506,58983.4264379404,145223.721184096,120972.714287639,64466.1310146728,42697.5511086833,28226.5847239356,60282.5154513214,143841.006916779,120414.269331345,64660.7571885449,43016.369313635,28558.6085004635,61640.0343338562,142470.646801548,119934.842070746,64816.2317112501,43300.4505907841,28870.4362017413,62996.4572178737,140770.759665909,119228.358948173,64878.2279524024,43503.2159699094,29118.3642061531,64229.687992788,139008.768497058,118470.819433552,64948.9026990745,43721.3234927625,29375.00162906,65477.8530450563,137128.664451782,117571.58132939,64952.99531096,43907.9615687536,29617.9381978703,66709.2874742005,135582.737150583,116777.462574185,64984.5507115682,44120.0557810607,29885.5623489917,68033.6408998782,134074.631924482,116080.696399777,64986.9074177933,44300.2477151293,30132.7481851144,69361.503862651,132306.133867576,115173.399377804,64894.9150288203,44395.0415809351,30310.3996717204,70546.1354878535,130469.987449174,114247.394669677,64814.9773007265,44504.1619212182,30494.4270565935,71737.3701303165,128455.249075768,113134.675506989,64656.3080824411,44569.6796101231,30653.2030143833,72873.1607329421,126686.242965546,112085.958370922,64514.327554068,44657.6516293045,30835.4869352684,74092.703250594,125050.604642171,111166.924928281,64370.7917006469,44737.0975335437,31015.520541617,75357.3342446606,123103.528195998,110036.971629887,64108.2269470987,44712.6694233439,31114.2654767605,76451.1625063372,121060.869637141,108820.826541333,63836.2058284884,44683.7971611736,31204.1950717047,77516.9111475791,119094.300551014,107579.47214916,63556.7335170696,44663.7504808879,31305.9508552349,78618.2181202663,117920.774048184,106687.690015153,63400.9880122421,44735.1679858808,31479.2116060844,79940.0747440777,117155.107354566,106260.11762601,63324.0416621236,44825.5191591849,31659.9021214673,81338.8110371368,116072.497093808,105608.94789791,63134.3659082731,44776.9990282019,31708.4176567506,82372.7184990611,114959.225695993,105001.427737173,63020.6731902191,44781.9255988398,31775.2848070768,83346.7671595627,113740.856584795,104294.08362677,62897.0948944015,44797.482438038,31852.2199983043,84259.7326213411,112389.485035213,103442.334621087,62693.8161227097,44774.3102196777,31912.9345839862,85095.8544060837,111037.48635834,102587.160859466,62481.9508059694,44750.7458637139,31982.1831946098,85967.5867028601,109639.260548263,101673.440749505,62231.1358970514,44699.8881079998,32035.4399761155,86827.6786846352
17,232792.080395045,122453.970950115,50668.5095668011,28869.1946738843,16336.3594389998,27598.7747208815,204928.613847198,109389.02365198,44082.3166950847,25115.7237453339,14230.2756333553,24284.0768258216,211933.578878237,116411.779821483,45974.2608494422,26343.5806748279,15087.8070398665,26022.0144901024,205266.760529896,113133.819441392,44865.2931748628,25449.8144957479,14525.692029979,25448.0475321319,207137.829101877,116312.624859565,46533.1033410604,26359.8724511172,14986.7773658943,26306.4848349273,203561.233521523,114966.688977288,46592.8118124026,26526.07567576,15092.8418861639,26394.8802147135,203303.806065585,116266.813590883,47562.0828207916,27221.1525462003,15567.2668551143,27220.3507885984,200865.813974859,115712.541265259,47834.3320250617,27528.8346825473,15821.3727897727,27742.4562139655,200267.955260385,116413.547665772,48541.3751009255,28077.9204371362,16224.253773655,28593.9297970197,198541.707610224,116274.496521106,48887.9969227711,28412.5478913127,16496.2912170282,29249.7807237327,197290.630009292,116598.125050724,49427.532456973,28849.263426152,16825.5919907992,30018.6705081056,195453.570644994,116471.631641367,49814.6145054893,29206.1703818591,17107.4278995193,30702.6028980061,193769.389388047,116477.352051565,50257.5767955696,29602.4094711274,17418.49499617,31447.0460240943,192373.708416612,116434.568175715,50674.9149537375,29990.8307085121,17728.9823168166,32209.832035075,190794.587587903,116391.167584027,51029.4498502107,30334.717416257,18014.9369215238,32951.9244265534,188945.11027841,116210.095244363,51365.5448242478,30658.5291495526,18283.0793375514,33665.4658451804,186960.37195064,115948.359271743,51689.739628119,30987.0730747816,18556.7078819114,34386.9673197255,184833.065734317,115556.208663865,51966.8884073307,31296.176677115,18824.7943901452,35108.5048706362,183236.930090082,115310.498755747,52289.2407269952,31639.1745151367,19118.9024268339,35903.3621029211,181388.638249788,114969.064204428,52503.6336170085,31907.2714247099,19368.2916918839,36642.9521821528,179406.010672986,114584.192274916,52727.315608883,32168.9033373387,19606.6535204347,37367.0126469152,177189.055312117,114063.752240788,52914.1155262623,32417.092855954,19837.3442177165,38071.6147113825,174830.05574989,113425.548839031,53064.9607239336,32652.3616189833,20065.5992831727,38777.0189446984,172862.616646362,112877.850110224,53244.4486704811,32914.2719553722,20316.6576000225,39548.8430385271,170814.112184241,112294.168328212,53345.3474693797,33121.0363790074,20535.8897725719,40290.399645236,168471.458873861,111599.364245202,53406.9604460912,33289.5575066206,20724.9458606024,40983.899282956,166011.802274843,110810.530523205,53463.6858164952,33462.1879788259,20915.3945360313,41675.555484954,163677.232573298,109969.022198238,53498.3792000054,33633.1229607051,21111.3997919435,42387.122042774,162589.129265426,109573.136620183,53668.572534478,33893.2254855126,21369.6479477114,43261.0004176042,161482.894054928,109258.651778584,53714.7035228218,34040.6106678152,21549.9713480634,44018.511746974,160260.629042024,108952.004917315,53792.857275033,34167.4928933181,21691.9637782804,44676.8308413051,158909.419605552,108591.311015588,53891.4911779857,34313.303512453,21836.5813183443,45284.0096750595,157349.667915776,108094.039633827,53947.7633551993,34446.261938134,21977.9197195932,45848.8225801417,155732.846377092,107550.4940478,53991.3641758921,34581.0981421323,22127.8457569555,46427.06471416,154044.080605292,106936.421033941,53998.9887073359,34698.0590432007,22271.7380712478,47007.2964555903,152297.834282903,106278.842377692,53979.0341881581,34798.2961922492,22407.5973530487,47590.5490420337
18,304797.505517008,111977.047004722,32854.5663517539,15757.790540295,7507.21606616219,10684.1528245794,276871.98145983,101291.193380275,29449.6024247505,14246.4900884126,6813.0682736757,9810.4261421043,278808.063916599,103865.567860493,28441.5010061226,13782.3520505237,6722.11336487942,9998.95784903946,278761.837621144,105557.461106176,28830.5609171596,13594.0529234151,6498.03964223154,9901.90653220814,277749.453118455,106489.739129612,29393.8560200768,13811.724433982,6513.45376202623,9820.18932607647,276723.576403941,107371.604027872,29945.6978600211,14124.2804965378,6659.29094314225,9900.51524948561,275626.064458626,108150.755779,30465.2807847352,14437.4973128775,6832.42110933856,10078.7786662698,274464.382375024,108866.962774875,30958.5176860917,14740.0638636147,7006.73015523601,10298.1854297854,273789.972183773,109633.894183751,31454.6295971534,15044.6508416906,7183.3724913549,10541.2095238763,272824.454485904,110338.729258911,31909.2876632635,15325.0594009128,7347.99290116212,10776.64635188,271662.705091055,110995.437466117,32373.6763814431,15609.0700373284,7513.00806625514,11011.7114760237,270239.058919783,111566.678624142,32827.5399725817,15894.0726331617,7680.63654607593,11248.3087968166,268723.193440668,112072.897474198,33276.7367048352,16181.1912257096,7851.99515019969,11491.0937527968,267718.197764525,112635.741334714,33730.3131208965,16474.9673762481,8029.26914019444,11748.9238197389,266287.619610593,113108.72654561,34129.272307786,16736.7243660813,8190.78026721591,11990.8497325811,264587.42094082,113517.631903031,34543.4259714459,17004.7376025926,8353.61277560092,12231.3215396394,262647.032883389,113829.083295408,34945.7203352018,17275.598911757,8520.84703000575,12475.279411882,260617.536208454,114070.374763018,35337.2812760623,17545.8759855315,8691.22020999986,12726.3910638568,259145.020385048,114384.418606479,35736.591688097,17824.1056691539,8868.21572735566,12995.3199259234,257294.978522666,114604.822855171,36073.0428064596,18064.7009520397,9026.07900624288,13244.9237777182,255297.558048722,114792.518325014,36428.3191158997,18312.1191261313,9184.90542609701,13493.5247302962,252947.426407311,114853.486453708,36759.8011925642,18554.6995030212,9343.59097493549,13738.7700179793,250456.746568335,114836.105217822,37084.7672910794,18799.4460855895,9506.64310026407,13991.5566405441,248401.697333681,114863.265724852,37415.6729114619,19053.1333291499,9677.72868347806,14263.6088810748,246179.209681668,114830.506151487,37691.4585947904,19274.3891043189,9832.98251168035,14522.9944599804,243569.114176462,114709.741370395,37956.3387440065,19485.0796183966,9980.20040178759,14770.6015060203,240802.692903536,114502.137700116,38224.9974037164,19704.908176242,10133.5605584826,15022.9849285494,238268.652990056,114262.189297027,38485.8966356166,19928.5065669903,10293.4076966962,15288.9427477912,237247.190046818,114346.379573133,38793.1053337055,20177.725722378,10469.410680054,15596.2299011995,236041.656218174,114400.400980987,38984.1440949502,20343.7046579825,10596.7194706279,15848.9438503299,234812.277106187,114523.169525625,39227.0502048752,20518.6566676329,10716.8743277352,16080.5201988403,233289.745757247,114522.979195484,39456.4137149066,20693.8733247944,10836.0285220209,16293.6084682613,231557.54743725,114453.09536097,39677.7178571308,20871.8549452071,10960.3247930304,16508.552588697,229700.276101893,114312.679838162,39886.6491436376,21048.912658839,11087.5818644988,16730.004875151,227750.063359389,114118.93055366,40077.7690905901,21219.8973634318,11214.3422890227,16956.4888491454,225701.125584628,113873.614838768,40252.2611058536,21383.1428552839,11338.3532968114,17184.4877708899
19,328460.682264531,137576.761524208,31834.9494091401,13608.660314754,5866.63424870691,10504.545048629,311829.478609512,126782.611005287,29195.1669300565,12530.1745728686,5418.43853879878,10159.784045397,317318.432941509,125252.461598757,26321.7767896018,11738.1696717913,5271.44721475198,10226.5891874514,316539.997728638,126595.791081097,25147.9129015366,10464.7665088634,4603.39329807708,9933.46673169979,316483.603276481,127797.114256114,25513.752027629,10364.3676327443,4350.49677487493,9622.84894590553,316145.047334012,128786.431819573,25955.5513942193,10537.0418275303,4366.50154293822,9532.65917073615,315676.563813549,129647.193115743,26376.1311235053,10745.6976613653,4452.21896227064,9593.11041651389,315051.204352354,130435.692604591,26774.7946753054,10952.2560236583,4549.27537741199,9713.55419783818,314749.336156604,131201.081082028,27169.4119156411,11158.2866956171,4648.42482783817,9856.24357386651,314408.204202752,131994.154276491,27541.5359189756,11354.0624662125,4743.89098615895,10002.6781673831,313833.325989504,132754.488731402,27923.863296579,11551.1836540466,4838.69495231851,10146.0960365026,312992.431955691,133421.714748974,28305.3303207837,11752.8611309007,4936.7749867222,10288.4732131994,311889.785081691,134006.405692688,28679.0817583037,11955.3660145654,5037.2028608826,10430.496074235,311106.81103987,134550.07974267,29051.5262078939,12160.2890761587,5140.20323577645,10576.6863141789,310245.698884831,135126.232782036,29396.4253304366,12353.017103685,5238.88665136972,10721.1653985671,309028.97781415,135643.233188726,29751.517919932,12546.1312122629,5336.06047947707,10858.4422780597,307535.643927344,136037.992255082,30104.7769001163,12745.3876756781,5437.70987226258,10994.9403240258,305735.786388546,136341.760095729,30445.0692301685,12943.5628395847,5541.41434873996,11130.8703013977,304338.58753873,136601.495155333,30785.5807174393,13144.9822448869,5648.15097867795,11272.4216065963,302920.366027715,136924.224274373,31093.4147889176,13331.4237880678,5749.42316591829,11412.9649737015,301242.066952391,137188.623120481,31410.2892337627,13515.7869918495,5847.30239029279,11544.5520238688,299246.879314085,137342.502250172,31722.4113132182,13704.652703866,5948.81161999782,11674.4133905968,296898.351374575,137384.289338798,32024.0399623962,13893.3098450333,6052.59620310028,11802.4580565963,294819.891579347,137360.336063077,32322.9724221325,14085.8412774836,6160.45695623303,11936.7977783052,292844.893203746,137392.455639784,32592.831937617,14265.3572036029,6264.06477757718,12072.5451757006,290498.064627714,137367.700040996,32856.9952331381,14436.0468971704,6361.51104685829,12197.0353979845,287821.835851087,137202.39910622,33124.0125466741,14613.2530709622,6462.73332343754,12318.1342239083,285068.132263703,136951.103213842,33378.8147963486,14792.4692140515,6568.35660508243,12442.8393520156,283517.96089683,136795.334198986,33637.3170349795,14975.3530723233,6677.77404489717,12584.6814744448,282593.66234675,136968.538436214,33852.0800842447,15128.1335258521,6772.24950019896,12728.2605918602,281516.593162959,137159.969012135,34077.293251913,15264.117291983,6849.86931639429,12845.329531034,280200.21062442,137276.008192991,34319.8017150974,15413.664830092,6932.83424857208,12957.828318654,278601.806026609,137292.159250855,34549.4484706284,15563.9395648417,7019.18098730689,13068.1139912424,276824.035860546,137217.187945768,34772.5106072367,15715.3437676688,7108.53274243376,13180.7675981357,274909.184838127,137076.967483111,34981.0744727591,15863.5012740987,7198.4139128552,13294.1567755768,272879.659442063,136879.882947052,35178.6291398462,16007.8677816467,7287.60302434965,13406.9489923275
20,286905.050737411,99345.709174249,26536.6096420707,12117.2957244261,5500.99690414079,6575.52204115437,261926.245000991,92328.9657825449,25642.0225100169,11975.9505334294,5495.55562167497,6495.97527900491,263137.104791655,94303.7274688829,24827.2589980578,11656.7070208699,5505.2138857436,6759.21911581826,263235.195084785,95693.4438153502,25299.5376144118,11619.657676662,5379.07915289884,6729.04635013622,262725.87045485,96620.0528685931,25806.9789180864,11850.3404455806,5436.18696910143,6706.85312427632,262065.153969758,97482.6976209146,26287.9088449495,12120.7350559147,5568.58044748468,6792.4819928509,261329.44040298,98271.1933739682,26749.8396876307,12389.4232037376,5714.23347739893,6938.66315330149,260554.529716762,99014.6554972337,27195.6605158168,12651.8108979807,5860.13530508784,7108.54097628744,260186.777911428,99781.8464172203,27637.8852997901,12913.4868597339,6006.64098434505,7290.27461046291,259563.067463995,100524.31694516,28053.2315642465,13158.4809855198,6144.84362657797,7466.90646851634,258731.081505204,101211.975923509,28478.467737966,13408.0862549013,6284.23957625856,7643.60982024008,257693.081206419,101832.226642858,28896.8192207684,13660.2559058621,6427.0764210794,7823.85121127185,256563.954982335,102393.603818149,29308.826971606,13912.9170974314,6572.43512328535,8009.16970097974,255843.920217249,102983.525672565,29718.0333766667,14167.638605585,6720.75710208769,8202.91800996337,254752.911728194,103523.107081039,30091.4631641881,14400.3942046285,6858.27466399113,8387.31107750479,253402.819328198,103994.092684109,30477.6324045659,14639.6460914365,6997.7995365521,8571.85761358567,251833.728707391,104383.341411531,30854.0382463534,14881.6399712847,7141.52776990902,8761.01856154466,250186.588636537,104707.57091984,31220.8073291445,15122.8296554678,7287.6440500347,8956.30147708375,249010.341193479,105077.289208991,31585.8758813346,15366.6137002259,7437.15145439557,9161.91672378083,247493.967296491,105391.305071021,31907.4638870241,15582.8553215262,7572.56772790808,9354.98701568114,245818.199606546,105657.439457868,32244.1110299921,15805.8018409823,7709.48680507376,9547.73750589414,243822.353338549,105822.83053877,32562.7489487904,16026.2842062274,7847.6328243716,9741.01088679507,241713.264547888,105915.155730498,32876.2285438996,16248.9024934765,7989.59265418057,9941.48809996849,239974.128003448,106031.163782727,33186.2008465252,16474.6951354849,8136.03105948858,10153.8313829916,238059.528793741,106110.03665224,33454.633571993,16675.0338163044,8269.92766492409,10357.1019721378,235787.376822722,106106.540346314,33719.6494272055,16870.4207587577,8399.23019391793,10553.7083655224,233341.256198323,106015.330543865,33983.3635916389,17072.5946001744,8533.90187467011,10755.2814076221,231167.287447353,105897.86423207,34241.4395342179,17278.183660501,8674.17919333482,10968.5609283028,230342.177703651,106031.916066343,34518.3525170521,17494.168973632,8821.85928628281,11203.5513692499,229348.190469926,106180.749126987,34709.5134099474,17644.3773448547,8930.5072860739,11397.1329460495,228298.668839921,106358.988960494,34946.7580879745,17805.0652392491,9034.75911855499,11573.995146221,226990.984194731,106439.938719551,35173.2346063738,17968.2896384551,9140.72425077226,11741.5851714114,225470.511476373,106452.653295906,35391.8549996794,18133.0322388376,9250.74858820786,11912.8163941683,223841.46373986,106404.694004873,35600.9675937069,18297.8519703717,9363.70414319887,12091.1094664484,222105.062181779,106304.238584891,35792.7112113006,18456.3234940535,9475.61269393813,12273.2123540826,220277.080369468,106158.890794533,35972.1157076495,18609.4073379516,9585.78910843541,12457.412913782
21,178715.083893922,121229.971461226,67925.938123368,45619.293854934,30399.2101409846,64645.2537361906,165222.686106296,114717.348419531,61197.1283374984,41059.3061995488,27449.0065778342,59138.2791936563,156382.384752543,109943.884483078,57929.5855567032,38703.9461040018,25834.6767327878,55862.4116336621,162594.153539636,117096.51079443,62188.4668589534,41224.8542377869,27477.6231841857,59893.2720355287,155110.556521671,111274.72607417,60021.9802044323,39942.5195831347,26557.2351001702,57987.8555023124,156419.10168552,114063.677783422,61764.8030286141,41295.3102475686,27566.5564531106,60352.9389695463,154008.936849657,112680.436187202,61853.6803156161,41536.7194884568,27825.0479153216,61266.8136401694,151988.316688727,112014.12686428,61865.5759721645,41798.8641386017,28151.6357429893,62473.6481599439,151309.794015646,112212.58312891,62481.811480038,42391.4406360107,28688.8048800452,64339.9682793341,149519.590823078,111422.128379119,62469.8095340645,42577.8725356459,28943.4662325275,65649.6673968874,148151.361042788,111156.530062671,62709.0016127982,42905.4837682504,29288.6001873321,67210.7217197249,146555.295284253,110633.29746971,62882.6003231543,43188.439499085,29593.3578700573,68692.4926813994,144750.359921161,109932.262085252,62935.6126636361,43405.7771025231,29860.1651131012,70095.6223947447,143441.019006785,109467.808632409,63109.2170201597,43707.0165544202,30190.3449071598,71685.3669421217,141989.867295703,108944.8214523,63181.4091030378,43931.1191359118,30468.1567063813,73196.3558142955,140211.188000735,108221.231022754,63159.6114885914,44071.2411950128,30678.6498450291,74563.0745464096,138445.232939501,107505.672866187,63177.1658523246,44247.4680224423,30912.0059482514,75982.7211813457,136528.391796199,106629.58906002,63110.0697419762,44376.8855842448,31119.6510717463,77354.6068467272,134973.540516283,105863.219567214,63079.1214624531,44538.2913628248,31356.9251283102,78840.8174915943,133445.391526685,105196.24251306,63023.9504722028,44670.2752420193,31574.604085944,80332.5141928752,131620.593945579,104301.706114679,62859.6298219498,44702.6284700608,31709.6176460338,81633.3569020706,129739.429871277,103407.383004177,62712.592250381,44753.6316802303,31853.8504431152,82947.5662882053,127720.737504432,102363.097025467,62504.3922012462,44770.0924488794,31977.5805011933,84211.5117505164,125939.112030017,101364.840704984,62302.551869801,44802.7417152159,32120.9420226251,85556.7577439207,124283.57603126,100493.341677146,62103.9538614383,44829.3706752684,32263.4660992609,86954.1914262639,122308.230773215,99421.0046201432,61786.6746657058,44748.5582649274,32318.8177552211,88146.2413737294,120221.799580848,98259.3972439629,61450.2659853756,44655.689200468,32359.0939299768,89289.4710108997,118261.376927437,97103.3189150683,61127.6286047464,44585.8061543569,32420.9550729562,90496.4078573944,117155.579577806,96297.3275543607,60948.116159619,44626.2153683491,32570.633779702,91992.537817622,116387.970496932,95887.4317894768,60824.302707671,44670.7637525403,32717.8722115867,93544.4038779553,115281.608191137,95259.9420870885,60589.6398666172,44573.174763911,32725.6202371805,94668.473259692,114127.348981826,94662.6197052918,60422.3723123992,44525.575184624,32749.3865770506,95713.6036633136,112906.844138393,94010.9390682518,60272.0832596831,44508.0272530822,32797.4678320782,96723.1111070558,111542.114659366,93205.4152954043,60033.6461707197,44445.1568582474,32824.0958929709,97623.2239599164,110169.913528636,92394.4606430518,59778.5092601886,44376.3559039247,32856.3319547114,98550.0216107567,108775.866421093,91553.569124472,59502.1940703511,44290.5975944514,32879.2902569134,99483.0945042874
22,211014.509138323,128340.158038171,62371.5983413252,38368.770765054,23352.1938453399,36201.4289509892,210319.897396209,136999.746955833,63170.0829578907,38850.9194614566,23790.4106955456,37267.9105803842,187443.647483654,119192.658748146,54908.1502167867,33840.1508367662,20721.5171580442,32577.2225002004,206519.348638153,138147.770406322,63633.3167781546,38899.9032695805,23931.159926238,38312.3494267175,185070.549979637,120474.832292491,56359.5980432031,34562.5008969231,21146.8502229447,33976.9242791962,201221.717183808,136779.825430949,64303.7856024832,39524.2836074842,24311.1336659027,39361.3685058229,183715.627485636,122092.460275299,58377.0534405403,36145.4089005739,22269.2264187196,36193.7409571878,195328.323210733,134380.278038288,64450.7393668096,40080.4430015327,24894.43950074,40952.7660390852,182598.799238508,123585.966226482,60180.2045798585,37656.192090849,23460.3889932314,38984.3592461994,190405.352946463,132224.363850282,64517.3839056495,40546.8305277344,25442.4436884129,42886.7813214864,181272.756822906,124848.69911172,61703.4987463121,38958.96831021,24518.193768179,41821.2778528439,185252.388987641,130105.659782113,64559.7077535457,40936.8567362986,25911.3727571621,44790.319363315,178894.461480298,125357.93479542,62954.96903875,40105.7494303652,25472.4256869427,44551.5717853901,180514.463940073,128128.857308891,64691.5145113552,41409.2431714111,26444.6897008076,46850.2170384217,176669.326264693,125547.910440769,63976.1043564696,41133.7689438157,26374.4865679282,47309.5587828317,176123.7014758,126473.362884995,64809.9811195861,41841.8188495872,26954.2585613762,48965.75655934,173156.59174368,124929.401716465,64616.304007903,41887.7770442081,27086.2271204638,49800.0756220519,171386.264551109,124684.677822816,64963.5972688428,42308.3149089549,27482.3220149093,51140.1483006546,169335.103550453,123741.40407999,65026.1734732699,42542.2063441678,27756.0442524539,52288.2052011503,167646.778850004,123275.589663936,65180.4757550803,42835.5123087321,28076.5780980838,53565.3395066789,165488.528348876,122421.771471889,65186.7600342742,43000.5240425132,28298.5909732695,54671.6419356025,163319.071000106,121634.579465612,65240.7199612709,43208.2851354017,28546.4979922819,55821.2690005737,160853.780937052,120586.888652725,65189.5013758154,43355.970473865,28759.5493374264,56910.1263146832,158757.970530055,119648.68535953,65186.023524959,43548.0004858437,29010.8278362852,58104.0386748765,156781.487481741,118794.504738661,65145.5095476433,43711.30428966,29247.7805273063,59313.6092829544,154391.442719734,117713.876675276,64975.8009818389,43764.0207583891,29401.9238954373,60379.5249082435,151946.494147593,116596.278381748,64837.0618576432,43839.4628899546,29565.1522563173,61461.9008739539,149483.077017515,115372.150078608,64649.1589609049,43898.5495345018,29723.855556765,62543.2274557704,148126.271832556,114554.755188798,64623.6387452544,44074.3693401306,29970.4171771513,63849.4457305769,147201.103307374,114168.593781673,64611.8460797658,44227.9893125249,30198.4311362786,65162.7933266502,145842.582282457,113514.793427998,64461.9254088215,44218.737757921,30280.0814132436,66134.7622325092,144576.395239623,113032.927977215,64464.9297545298,44313.4793630374,30411.9761202866,67122.2711532611,143036.34706006,112311.284866944,64384.5056424736,44369.8912537174,30520.003308284,67981.975115876,141406.897019532,111513.956839733,64266.0321073503,44417.3401196849,30633.5032209305,68830.8083012779,139779.299973891,110705.697613568,64141.1417045356,44467.0149524942,30756.9550342507,69718.8893226513,138048.249433027,109795.104853067,63949.9237964568,44472.3076207319,30853.7718878008,70576.810113004
23,156849.376977141,120082.880508679,68495.4732638346,46632.6941542939,31545.5835690447,69670.9799510706,135449.695607939,109301.616120438,61394.7763257897,41856.55415618,28420.928061501,63386.9983276746,130496.122841477,105501.923600894,60180.5826115182,41358.5100869741,28209.631159776,63318.6083619866,135666.035819191,111079.384780552,63825.5348512053,44023.8879044463,30288.4228718988,69202.1364327849,129246.663641934,105353.534500808,60979.038338288,42266.1103346554,29190.2459835567,67877.4826662392,129835.010458389,107405.727221248,62286.2021829095,43273.1975034724,30002.6821168205,70847.9648153677,128628.391896947,106750.371991739,62688.3363240415,43690.4594896709,30363.9966859151,72645.3402178092,126127.709148837,105214.724255946,62134.3390662644,43546.8342825748,30398.8728077276,73588.7274894486,125754.794616783,105581.486339687,62782.5313669824,44165.2430954528,30964.8094435639,75910.0625047401,124363.419269954,104803.597176761,62754.5199916171,44330.8519815304,31204.7147023224,77472.3211953634,122883.115811251,104147.597485781,62699.5792814946,44459.7496882469,31420.1314786225,78991.8885018715,121711.861443602,103755.753837051,62890.6874312497,44749.5095503799,31737.6500382957,80776.9877868985,120103.053499037,102897.219529516,62805.8960309506,44865.6966901678,31936.8107676364,82261.0570657821,118866.928897083,102264.765473011,62814.6941345551,45051.8531525358,32194.3199722288,83927.4620216727,117724.010455725,101766.93209689,62853.3182889002,45246.9767460035,32457.7202829289,85660.2333441824,116174.520126394,100934.853862885,62706.9550014878,45293.3021704772,32604.7993763657,87104.2148458076,114626.140258078,100125.069633127,62597.4215511886,45372.283226807,32772.8265695372,88598.6001786017,113031.529188435,99237.2483877823,62457.4561355751,45440.1785607847,32938.2826697399,90099.6035864498,111647.771282692,98363.4016238009,62296.0350742694,45500.6761882178,33105.829543686,91646.5492694428,110358.55474358,97662.0030694796,62155.9543413842,45563.2143755811,33276.1047077898,93259.3507557121,108831.146851906,96747.8295141577,61912.6914031449,45526.259182688,33360.3085122069,94653.3174149788,107214.129643477,95788.6951139097,61653.3594746138,45484.0831813393,33435.9892790348,96008.5526663639,105513.065230689,94736.8807569833,61361.2015480623,45425.2892312286,33502.9057647079,97338.0541651763,103973.923326459,93688.1756718872,61055.7015947395,45368.0782972655,33578.3325775966,98719.3890373366,102575.232920054,92793.4155052916,60772.4669174073,45319.8782459437,33664.3930825024,100187.701735326,100939.001494681,91739.3231283244,60390.5767409504,45174.948454268,33668.3321724266,101445.073119479,99157.0364196346,90546.2737582721,59953.093203001,44989.4670697683,33634.6805567697,102578.862640986,97484.1639339917,89382.9022625043,59541.4764896602,44835.794349357,33629.1219314953,103797.471911423,96489.46044952,88522.4767422258,59262.5301972444,44786.8187879045,33708.9407066227,105320.880240529,95855.641972129,88106.8635720063,59091.4015166246,44784.6764110444,33818.8405397499,107001.190715934,94950.801534255,87496.0983934612,58818.6545104957,44644.2864964759,33789.0061125066,108209.516014533,93945.617018305,86850.6966130388,58567.8054770327,44520.8906505303,33750.3173320977,109248.100268525,92938.9500498924,86215.5012100397,58373.1609183821,44456.6441471989,33757.9658737114,110309.871759459,91817.6027553235,85439.4506100003,58098.061849548,44351.3822543654,33746.1569217612,111247.108358163,90640.4746968334,84609.7668353767,57772.1323105481,44214.8764394055,33721.3363667766,112143.550716175,89471.5078696815,83783.2019428765,57445.1941660601,44076.0069533473,33698.366344993,113079.169631202
24,310200.393168966,81973.9902893876,18418.0262583118,8077.8488708128,3759.23501072512,22054.6423539455,290060.109769703,73733.253430275,16710.7017161111,7570.4024379608,3577.73359621751,21233.3328496598,291988.317634733,74783.6897514023,14768.4588001536,6580.21491783548,3237.31099313538,21530.7704094277,293546.935465016,76190.6829374222,14739.3948341432,6203.74283771083,2926.12196644773,21643.8876112491,294555.937674347,77238.0742909592,15010.629981975,6238.96811180162,2861.99747483931,21816.1146996207,295226.975904226,78172.6276160103,15284.0292165939,6346.06147064112,2888.62019965286,22093.5131155305,295810.552545036,79056.5091880343,15549.8516392564,6461.48882877496,2934.29520881462,22424.6700366685,296399.187996862,79911.0415536438,15810.5162937293,6576.37453563728,2982.70229333554,22771.4953792817,297330.564350999,80775.4547140805,16063.9382394857,6689.02756740346,3030.88928932088,23131.9007424059,297989.642510291,81635.4888873759,16313.4038073191,6797.8097740184,3076.76988759847,23476.2077346661,298450.225104204,82461.41547185,16570.8135257998,6911.24265744033,3124.38857675486,23813.322920896,298689.193186391,83249.0276215371,16827.0818268497,7026.64705530326,3173.66197648294,24142.6486803192,298893.769420157,83997.8770362257,17082.8220838763,7143.37397306302,3224.16702101652,24468.1446574967,299450.887483228,84760.2170383969,17330.2933481588,7257.98897832648,3274.56269963262,24804.3150837764,299600.758260154,85498.7149946086,17568.8708337765,7366.0279796451,3321.34982824035,25114.8240670722,299477.254405114,86190.0178597604,17817.3190744041,7479.75770255098,3370.24642103926,25415.6334986722,299139.691544239,86834.192474488,18063.3089899112,7595.74463325596,3421.22106494949,25709.3950818828,298755.627028428,87434.6138925026,18306.565441191,7712.02181279133,3473.07229279418,25997.7418991856,298795.004025582,88060.2273737517,18542.5223999969,7826.53647096861,3524.94491887042,26301.2230791178,298436.853455247,88648.3184661565,18763.287122217,7931.18820096724,3571.63233801765,26573.8383913172,297868.649573002,89199.3878645658,18993.9021528306,8041.199605653,3620.14067274135,26838.002289783,296938.994623821,89689.1684785718,19220.7227026243,8152.60456491804,3670.209162668,27086.6989814769,295956.526734902,90130.3093729722,19448.8102952356,8267.02871588445,3722.57843072793,27331.7980163562,295338.272796649,90589.8012064283,19669.2151764637,8380.08024441625,3775.50826352614,27590.3827192877,294427.852924801,91013.9435040305,19870.3533865136,8481.86035937523,3822.89699148041,27822.515472728,293097.958591936,91374.7816890887,20076.1045979117,8585.49623199762,3870.24480312081,28032.3201433531,291611.629892492,91686.7881765217,20285.6889926109,8695.0268376561,3921.30771933629,28237.5555264765,290496.047247454,91982.9318659801,20493.5982684528,8806.4050716018,3974.65918704252,28451.5007581888,290696.194279547,92440.5530281535,20694.4258795351,8914.55670223368,4027.63926951042,28719.573984004,290481.793700313,92848.4384450292,20846.8572629246,8990.9819944126,4063.74726185204,28927.5444840158,290136.332047321,93262.0545011474,21026.4899378993,9077.02383675267,4101.4867144034,29127.2840542187,289509.267828684,93617.6459178874,21206.7579177359,9168.36059822753,4142.97173264987,29311.9629136384,288670.056384438,93927.6671004316,21386.2509604767,9262.57033927516,4187.49682519164,29488.216542083,287706.289898012,94200.056615387,21562.3910935679,9357.63376228887,4233.72866903619,29659.0310505904,286624.83311007,94436.9048849548,21731.5853978001,9450.73093159789,4279.87320851874,29821.7756859036,285427.175471675,94640.3006534254,21895.247208909,9541.92638856896,4325.49858670409,29975.8201029114
25,304617.816107188,91842.4883581002,23368.9837097995,10822.6483121714,5293.84866874918,35942.725269273,286043.292933919,84593.3039202468,21795.1425129581,10285.8755116862,5068.87378649151,34905.4944461071,284468.521923861,84483.9634718473,19534.2303965128,9320.7450004904,4781.17627530705,35038.2409021306,283989.242709582,85649.0007751723,19503.3720763527,8882.03891061265,4429.02567646389,35134.7372923725,283435.30861896,86467.1124529801,19839.8843976799,8948.9633494583,4362.06593728871,35310.8048574481,282633.414512084,87158.0171352635,20159.2439450228,9097.23318463952,4408.35722768615,35619.2415483161,281774.114565601,87782.2500797991,20462.8066359751,9251.84696958124,4477.84503879245,35997.0103999055,280882.548728775,88380.4248121878,20755.9171348517,9403.70348584699,4550.21947329349,36394.6002606563,280424.968525119,88987.4662227158,21045.0690120647,9554.72574981201,4623.33312064191,36818.4951682246,279794.533237616,89617.8862678535,21322.9494432488,9697.87152277322,4692.49451320297,37227.6156075473,278956.948978851,90203.4386448554,21610.5489870492,9845.30473117174,4762.63627883629,37619.878931907,277909.229925905,90738.9008305665,21894.5542263942,9995.06547990585,4835.1532415542,37996.9036582933,276738.044927508,91229.334360035,22175.8965827192,10145.8094428706,4909.36743814013,38361.0881559671,275991.052864656,91722.1609304965,22451.970291222,10296.8273848902,4985.23213020541,38745.6110838671,274985.597453833,92228.0869380613,22711.5925378303,10436.9901352449,5055.82367611529,39106.3884185449,273657.344617134,92669.0607731728,22981.2959612131,10581.406418872,5127.09708163301,39441.5833346692,272123.924401013,93044.2558858875,23246.8974114518,10729.2247110702,5201.61771523657,39761.3139910428,270489.832445824,93372.7352487228,23505.465474564,10876.3555781235,5277.46153622739,40068.8508206221,269321.752192693,93710.2260069669,23758.5796060912,11023.0067575099,5354.46221973407,40400.423074575,267915.661024692,94061.0843704292,23991.3654763373,11156.2515222233,5424.68713625502,40705.498116716,266291.776988688,94353.7125137325,24234.586409481,11293.5114133115,5495.23445166992,40989.4993105692,264361.360920305,94578.2208165717,24470.174885198,11431.8543512603,5567.7603596215,41248.7776779053,262297.54849448,94738.9674717983,24702.1080199153,11571.6780333119,5642.58775758992,41493.2337839715,260592.753741701,94898.9319414053,24926.180101529,11711.0753109619,5719.17243450431,41757.1311559389,258764.032390751,95065.8818845686,25128.9670181612,11837.0734242171,5789.31070150891,42001.4751429462,256568.652933412,95167.4092940413,25334.3821830471,11962.2412965019,5857.34387987281,42210.4576394004,254184.219924659,95192.3749313812,25538.6459002321,12092.2996103316,5929.01919558871,42402.0686944063,252036.607235562,95190.0076306183,25737.8696858628,12223.873926662,6003.81745978085,42598.6073074911,251220.6229504,95330.1366950475,25931.7604980903,12354.2743906295,6080.14121172728,42884.9387825703,250389.710529826,95582.9651491262,26086.8320900599,12451.2337786509,6137.02900155834,43140.3892125549,249420.224817084,95813.9511106016,26271.3728123668,12554.9867727596,6191.27146970191,43370.4309648874,248212.330846514,95988.8044322245,26454.8610216129,12665.1613459047,6249.96887487049,43576.678241538,246773.74905637,96099.9568780211,26633.581793125,12777.1299394189,6311.98637402497,43763.1677052988,245216.735747263,96159.2175090703,26805.0899735624,12889.1522286375,6376.16874647144,43938.622305672,243558.100603904,96179.6482085572,26965.8806358628,12997.6308508846,6440.05659922423,44102.3297959647,241796.083847137,96163.1204361148,27118.2179809492,13102.5395806615,6502.7641922929,44252.7933065592
26,310402.743901183,113848.840409115,34947.3696261818,17200.0904323769,8497.41898453137,22436.8625921134,287037.053190626,106441.406067834,32683.2875573859,16227.1799703168,8051.3832078309,21348.5342838825,286748.402924542,107836.946823869,31607.2465784472,15844.2460821662,8025.03941660517,21704.0315698239,286376.984379779,109496.153319151,31975.9625606487,15661.6421841947,7833.12531974875,21796.1506627123,285102.009700023,110359.480525839,32569.0789360009,15900.8731823007,7861.76629100017,21844.7643166167,283746.998544292,111146.837379649,33128.5912134965,16232.4991358468,8023.24918448798,22046.2865881389,282336.376070911,111838.604179318,33656.2339975313,16563.3376622,8212.64323848404,22344.4171875201,280858.087212966,112463.404585995,34154.3086570175,16881.9365908169,8402.64124007433,22681.2888397157,279894.584468215,113134.817373257,34655.5791811264,17202.7225879158,8595.34013281019,23053.5867528043,278667.334981536,113757.056975148,35112.0920019045,17496.7741001566,8774.3500954276,23408.9754340979,277224.921552344,114325.781440758,35576.8688490248,17792.526143265,8952.19809761179,23756.4653662999,275554.957826088,114808.827876466,36031.221746716,18089.7153606411,9132.8240496563,24098.7693938409,273762.255509,115223.453758085,36475.8535661267,18386.7059498907,9316.36802898567,24441.1042271476,272480.029003677,115682.489755725,36927.10146425,18691.7502412523,9506.89195543794,24809.9090009692,270821.118678938,116069.034059489,37321.0454870856,18963.2493753377,9680.79394863578,25151.2030841453,268863.082465323,116384.325367613,37725.9994842979,19237.4180297433,9853.67886144913,25480.8638452724,266673.34761436,116596.730505397,38119.4914613477,19514.837820194,10030.9947746718,25806.5113755999,264362.556370083,116732.560826986,38496.8498874158,19789.6658585342,10210.9275695459,26133.1688846049,262636.281782219,116934.247120357,38885.272815946,20074.5558177722,10399.1098992061,26492.8578193963,260585.21593593,117066.138516681,39207.988515926,20319.7234693342,10566.8657527144,26821.5065354604,258355.712458728,117153.944270281,39545.4426806359,20567.6804859396,10732.7262606091,27140.6839292888,255786.651389066,117117.106443946,39859.8008913685,20811.2292739525,10898.2541328951,27444.816998548,253053.495728865,116992.99048862,40162.709787745,21054.9756839605,11067.5240947523,27749.1203591337,250768.503237981,116906.324740901,40472.7274845954,21308.8301510216,11246.0511251486,28084.3396334458,248338.467485959,116775.031080087,40725.7274958613,21528.7589725396,11407.8806611486,28399.9898099508,245536.606475791,116556.908719015,40966.3050223843,21735.5992934104,11559.5495446531,28690.3590034486,242543.055273696,116237.937187659,41204.6251620054,21948.4112569075,11715.4654801541,28975.5975726641,239787.87721519,115893.916338035,41439.01223207,22167.625536375,11879.6317180859,29278.1117426101,238561.475276243,115856.522616168,41723.3388065768,22416.2051141095,12063.260912066,29665.6924931453,237265.914142956,115859.327407519,41900.3962901941,22584.1581295059,12198.686609608,29992.5782260148,235903.302118754,115907.698092865,42122.9132338934,22754.0075189131,12321.2117808755,30286.4069769325,234269.155968244,115848.089326375,42337.6802551253,22927.1735492183,12443.308294492,30548.7145870535,232410.686923373,115706.994003918,42540.285783788,23101.848540136,12570.2470707837,30802.3705289971,230426.15546912,115492.999019101,42728.8396702558,23275.1421964423,12700.4714575416,31057.4598647535,228334.768389087,115220.370976753,42896.0058163005,23440.5903762578,12829.5827111048,31312.8930852238,226170.313838601,114901.355583116,43047.6469931968,23598.6319291986,12956.192377104,31567.5263605025
27,347989.598851153,102970.244538453,24984.7331834098,11110.861597721,5016.42234761797,13773.6663417465,327133.423887754,98999.5459604379,24458.9203710879,11013.0864608744,4999.504208832,13549.7150894049,325804.738888598,99336.8430153788,23316.9394768091,10635.5536958358,4950.7795538193,13717.2469479722,325426.547294311,100784.9541274,23548.5443744851,10442.0670638747,4772.34095732441,13732.2544065963,324794.950105845,101795.399305763,24012.4577191434,10613.717694412,4785.29816038909,13759.5240936516,323808.540601754,102674.001169361,24431.8367939535,10829.9402896823,4878.41235576018,13881.4323908449,322734.701675578,103484.541075608,24836.7953185405,11047.0703514691,4986.49939452665,14057.6444891005,321592.31645504,104252.652879914,25228.4669938029,11259.9943114765,5095.77279760254,14252.0127795954,320942.339301853,105030.515389283,25617.7594958772,11472.6465783404,5205.80189190587,14460.2398555621,320055.983612506,105791.797375753,25980.8628246008,11671.1010412998,5309.30422664283,14660.15548663,318926.508694239,106507.82417437,26354.3094432341,11873.0184249328,5413.26531679446,14854.8329338184,317537.699102696,107152.7717748,26722.2325533628,12077.326061317,5519.87359306713,15046.0951553441,315975.207273515,107741.075645211,27085.3435085029,12282.4297105361,5628.61744209082,15235.9761451476,314923.028675802,108335.054047635,27447.240303359,12489.9715272859,5740.09398356761,15436.7071032113,313539.654564939,108902.106564738,27775.2617388375,12679.2690942917,5843.39605771779,15624.9184798754,311791.493187883,109403.38303291,28114.4174174968,12871.9911455083,5946.8100304078,15804.848507521,309781.396601892,109817.988264007,28448.5014137319,13068.8247735734,6054.10671076803,15982.0756110254,307604.844712434,110168.458773547,28772.872069681,13264.8584427662,6163.37466566915,16158.3336076733,306012.939532602,110536.703716384,29096.7247473249,13463.3336811649,6275.43279709542,16347.9234747414,304125.723576978,110883.072726698,29381.6267850593,13640.0015218467,6377.29290131381,16523.3078865647,302009.429542301,111176.114651993,29679.3848993148,13820.026099146,6478.72677249481,16691.5095895125,299531.269772036,111375.323310346,29965.1542019869,14000.2406656222,6581.99939899425,16852.6363291747,296841.982306036,111496.851517533,30245.4583270409,14181.7824875907,6688.07400387842,17012.2566929017,294581.460160707,111616.019901632,30522.3813964641,14365.9922315011,6797.71982622985,17183.9039843961,292216.241381573,111721.834665527,30764.3166069921,14530.9661245606,6898.7904286911,17346.7816589298,289421.541580596,111754.97133012,31003.0625848894,14690.6485413852,6995.3799712402,17495.1398336546,286403.473158115,111695.780634359,31242.8528943592,14856.5407568152,7096.13397397613,17640.3008882313,283563.484133143,111604.207253833,31476.9228435005,15025.2531647315,7201.34195960358,17791.9911935073,282308.458103408,111692.723311096,31722.5671127112,15200.9664208176,7311.87114204477,17981.0628972199,281134.742842811,111887.35801604,31902.2408534108,15329.9387814189,7396.79150073698,18146.887508639,279831.058643565,112093.452741426,32114.6591135065,15460.6666880364,7474.28879505602,18293.609208961,278242.387423575,112219.643924278,32326.2631194479,15598.0071433308,7555.11952651686,18428.7617463401,276372.052398894,112267.372768121,32530.0869060118,15736.8041372503,7639.52909699456,18560.1416074108,274369.52920791,112251.703868977,32725.9020983346,15876.030091007,7726.64492101017,18692.7272640479,272250.681609369,112185.584478402,32906.7919942739,16010.3325765626,7813.1998271268,18824.2720354683,270020.143792223,112074.389059244,33076.3893431042,16139.7267069508,7898.11083613985,18952.974070419
28,313901.319937228,91531.5639563247,22413.8204858318,10062.6478501651,4668.52432910224,20649.014364289,292290.612930326,86690.6967282056,21727.5550368343,9928.31604980212,4633.7655190655,20148.2849041724,290852.128580651,87183.2005747742,20345.8284948921,9349.59147487825,4494.49228566353,20325.3013481296,290482.4409269,88294.2677032765,20596.2758343902,9172.98120910902,4296.51787524306,20380.2704421054,289928.086399227,89102.7120862967,20970.665180469,9313.74464485457,4301.74289420192,20478.0939718573,289078.373135762,89812.3772961942,21309.0476025286,9485.81277896334,4373.97922674336,20668.2757218977,288157.445939626,90460.2680219696,21635.5248429729,9658.15691387856,4457.59966903534,20904.4440980197,287231.176818086,91082.1564140633,21952.1134579284,9827.40533216135,4542.17113058985,21154.5481434181,286684.281569875,91710.0761932039,22263.3566714855,9994.80468260295,4626.57656343487,21417.8791999714,285994.902375729,92354.516886325,22563.3100336508,10154.5003334544,4707.12696421509,21673.0063643228,285077.365058633,92953.8907390744,22870.6940424883,10317.441168517,4788.36134023434,21918.3775308648,283924.362491572,93496.2268523621,23174.4926881494,10482.7412508695,4872.02122004389,22155.9080360203,282675.942749498,93991.4262967339,23475.1593061378,10649.3107349988,4957.74024023081,22389.2016841116,281852.829474061,94489.1520552756,23768.9352337119,10815.2259313235,5044.62222799328,22634.7150999768,280740.449658364,94995.3561818591,24044.0357137356,10969.032789511,5125.63445920612,22864.8128502194,279301.711589735,95430.8857406949,24330.2674610828,11127.644036958,5207.65949466623,23081.1111450171,277646.376210694,95795.879213938,24610.1154055906,11289.2783392067,5293.10994951466,23290.6048236968,275877.698573435,96109.5665010923,24882.3299610814,11449.9580856179,5379.91359309674,23494.8707547354,274607.784886964,96433.5324589338,25148.7329759482,11610.2322381338,5467.9014377762,23715.0955806082,273058.681581116,96767.2040617217,25391.5684858683,11755.0828669682,5548.20027162412,23917.0800733836,271307.598658602,97037.6522935655,25646.6109717711,11904.8443901661,5629.21225040527,24108.0137052122,269251.020832491,97238.5007449421,25890.5809325456,12054.7160151269,5712.15260251095,24287.0277801695,267034.559375011,97371.4345324793,26130.6422757897,12205.5960915799,5797.20424866039,24459.2811632332,265180.80938172,97499.6821584598,26363.0634379147,12356.5643883539,5884.26376913679,24644.2971383907,263231.664089995,97636.1570874894,26571.9710459975,12493.121754253,5964.58222405517,24818.5011792078,260887.944918635,97704.2700040721,26781.5734814898,12627.3885162451,6042.07766890338,24970.9873654021,258350.562365609,97689.647086381,26990.3021600539,12767.0849062342,6123.56241967901,25115.8072169775,256043.659422145,97648.1498579607,27192.8965550378,12908.2064682738,6208.38783482901,25266.5574390959,255118.585221615,97756.62572096,27394.1879198503,13049.5266652719,6294.98296961137,25469.6955851266,254199.912442966,97984.8894967714,27552.2449301091,13154.6275613716,6360.61799499778,25648.0505648848,253131.854112315,98194.0544171347,27740.8512011042,13265.6427309167,6422.53148909879,25807.1060760064,251814.907455144,98339.6875938653,27928.6458962431,13383.3360757358,6488.86962075304,25952.2098168706,250282.967716507,98421.1552000628,28110.1849309974,13502.6652976378,6558.65324897848,26089.9777783821,248620.346560087,98449.1585811048,28282.9380724649,13621.0032966814,6630.05277871936,26223.570002452,246854.673270442,98435.9921270622,28444.6415334207,13735.6554827866,6701.00996793226,26352.2006137404,244972.681769619,98382.16310809,28596.8928059497,13846.3438386426,6770.65821491809,26473.7326836159
29,352492.99683274,94025.4278975445,22183.3096913504,9921.83553973453,4722.3803935603,31019.8586533712,336590.870316233,91165.8698720243,21732.0080117619,9839.91143313678,4697.12365247951,30724.4491026811,335667.863186646,91134.9472669344,19966.2083836786,9148.74150668359,4516.93031287547,30918.167821099,335318.479549664,92260.6542197173,20027.3524788202,8806.64292672142,4237.06351350068,31031.4511078882,334975.086655888,93097.4880703103,20356.3509732637,8893.54840075849,4198.90063431144,31217.7429275856,334339.652115493,93848.4282416178,20661.9903952706,9033.28015175184,4245.82585292709,31506.9329225056,333597.76063563,94525.4700839845,20955.5775008897,9175.99780877703,4307.89276281009,31841.8298396058,332773.237544228,95167.9139788867,21238.4138023508,9315.73698951692,4371.4102969028,32185.4694011424,332404.427935115,95795.2726055847,21515.1059277638,9453.73574691808,4434.95625581256,32545.0728032242,331846.050444103,96456.6784752157,21779.5224015545,9584.08380203145,4494.87598895848,32892.7128601562,331034.798377917,97070.6263830926,22055.3880772854,9718.85389905236,4555.66878864376,33223.9771309576,329964.457485888,97623.6793281421,22326.5468520405,9855.75522909744,4618.67344043917,33539.8261014446,328699.003169961,98123.0372530737,22592.8165342022,9992.66274419093,4682.85339482368,33841.1416384201,327892.46784237,98598.1473989043,22851.8330145734,10128.8937804099,4748.04050888219,34155.4542975302,326826.176236102,99103.9606570489,23093.3151062751,10254.6506777959,4808.48066911888,34452.7852462244,325378.884036452,99544.7497799762,23346.5662384719,10384.4653612437,4869.29732632884,34726.3844259524,323649.03502509,99903.8271714815,23594.2098198761,10517.1589990802,4932.93864722077,34982.6880109027,321722.250018807,100202.619273956,23832.9176033255,10648.4950184548,4997.51398219068,35223.3612772119,320346.917496294,100485.528749287,24064.227087237,10778.8730848455,5062.98747267725,35483.026838291,318732.536050956,100808.727494549,24274.1329160619,10895.9522868363,5122.15514845086,35724.2372226267,316860.920941206,101069.981691124,24497.1332008605,11017.1172432631,5181.33750970383,35945.0817367253,314627.480350381,101257.468885159,24711.521268936,11139.449409339,5242.5227120822,36143.5879176088,312145.822471812,101367.252155496,24920.0291088152,11262.008195558,5305.25749464339,36323.1961158997,310069.453036853,101451.173748754,25120.175387198,11384.2874424213,5369.68106162223,36517.190244994,307928.916790934,101563.780400406,25298.3847463732,11493.8501086825,5428.49076649751,36700.5955868484,305337.21052526,101619.43894381,25479.6704804724,11601.7555436772,5484.654252895,36851.627273767,302503.710754519,101579.973871425,25661.1137859199,11714.8918549588,5544.25006310028,36983.9028282192,299795.446225739,101498.895465451,25832.2270703863,11827.7296963976,5606.13241405079,37113.2298604888,298648.213487562,101526.908467581,26001.291358091,11940.9310022469,5670.03098782702,37319.3091530295,297648.408234961,101742.487460351,26133.5688747829,12024.4879281111,5717.79613267945,37518.1648329388,296494.789687436,101946.709727878,26299.8835041997,12114.0887073434,5762.23687310057,37693.1945200454,295064.222812634,102092.649657735,26467.174520511,12211.5338572853,5811.63688505004,37848.2470809401,293352.129498825,102168.690487122,26628.9807421586,12310.6244761761,5864.27362377675,37985.0658838269,291478.968967904,102183.823806159,26782.5085819123,12409.308984595,5918.74171108703,38110.4806834799,289477.452273504,102155.057773562,26924.797023671,12504.3929552578,5972.85389044041,38224.8835505566,287357.288929745,102086.162109766,27058.3860557864,12595.9046695486,6025.79990752447,38327.4023812021
30,388454.553191412,83033.1480254586,17444.8781158023,7460.07758819887,3356.55598100845,15009.8328069204,366299.180045741,74741.6887596065,15836.3542587574,6955.83505256323,3178.28648417695,14582.9145155289,367210.000706562,74187.9892121495,13920.0211866149,6179.96073897574,2938.09927312382,14682.2320787098,368136.303717838,75456.8041217401,13599.3101700416,5675.36749258092,2619.80504215058,14660.7368496587,368506.831426684,76293.2658150861,13771.5846569052,5643.21335467036,2521.18157123639,14676.5004931465,368395.95397574,76992.632477851,13955.2686410925,5703.15951958663,2523.31925379001,14790.5170167017,368184.812761614,77637.1139104246,14133.7306351504,5774.93194743346,2548.01276817097,14958.9394866759,367969.733751126,78258.0098987929,14306.4550333259,5846.42369467446,2576.10274863774,15145.7095072942,368262.098892134,78895.7133703062,14476.7803961327,5917.14482056822,2604.47936777687,15344.3754790176,368182.810468048,79505.2580384632,14634.5768716559,5981.47995780885,2629.86111833832,15532.7175724999,367821.881427688,80081.7200966282,14799.2450737437,6048.58164715586,2655.90614977707,15715.2878565318,367201.061277114,80610.583841374,14960.830777347,6116.62631696455,2682.93463684895,15892.576002413,366518.800628248,81117.1659760201,15121.5020056144,6185.16458500515,2710.66884154941,16067.7448880025,366368.478768248,81639.088781613,15279.8402752056,6253.41352128776,2738.68005698441,16249.6485210131,365693.195908062,82114.9480743099,15419.6317138435,6312.55003814093,2762.54269479157,16415.6334432868,364658.592354879,82552.2344259113,15568.6583461478,6375.13671231891,2787.18275154132,16574.1766897174,363354.45658071,82931.4482478796,15713.4996629966,6438.82500800503,2813.01546807291,16727.0198384624,361983.469234584,83286.158868681,15855.7264912003,6502.27329835278,2839.31954763921,16877.1756466631,361262.507581657,83661.4324180782,15995.5931249677,6565.30433166689,2865.79075383085,17035.9129444888,360037.666206004,83995.9762598096,16113.6551145402,6617.40573590208,2887.24075212792,17177.4610988684,358571.665835584,84298.8381738976,16242.7250574373,6673.33805484723,2909.42653016492,17312.7283598116,356683.269199099,84535.6043203339,16364.984705501,6729.26180304964,2932.32195060603,17438.1907189124,354683.630406845,84738.4493910537,16487.6328761433,6786.53739814029,2956.37745036671,17560.4892962394,353180.426780533,84945.9267208737,16606.1568164024,6843.30161408682,2980.826367581,17688.8719240979,351394.917309968,85120.3993904215,16703.3276322667,6889.59733848367,3000.64223029537,17804.1736615204,349113.24626902,85248.6929494335,16804.0171381245,6935.99516078138,3019.54495183353,17906.5576696548,346623.524129078,85323.5804400369,16907.374923266,6986.32095623798,3040.62346816098,18003.6833076958,344539.69983332,85408.9558074175,17011.9205580142,7039.05490170728,3063.73551961519,18106.350480873,344106.524257002,85599.4388066642,17113.767484768,7090.3850301403,3086.76901422429,18234.4661988931,343445.356452286,85817.3521620984,17179.2709199655,7120.72655728231,3099.59670527513,18343.4651115395,342598.018622147,86054.0311726415,17273.5762732668,7159.12774954559,3113.35638182024,18445.4193661888,341429.68110486,86239.2214139017,17370.9618504161,7203.84675418961,3130.92462637239,18539.9851400729,339988.717666303,86377.5051178603,17466.3107592355,7250.16953818655,3150.63622912124,18629.1825461101,338384.891848029,86473.2962351154,17556.5054430746,7295.90188776231,3171.00874903233,18713.8053835885,336653.627782779,86532.1902618711,17639.0169678849,7338.98945878588,3190.71565269137,18793.1437765452,334788.927693579,86561.4829463223,17715.6341899614,7379.58536311113,3209.43296789854,18866.6560937419
31,208638.775401057,112270.399603226,45062.5383768023,25377.817587957,14208.4714883981,23935.9023632716,181367.720256453,97086.3459757336,38590.4458087168,21808.6990318182,12224.1938316979,20674.8438661972,195829.927015389,110004.969572415,42969.7826334277,24413.9754416498,13899.798621661,23838.0634780389,182290.479163837,100634.493745205,39580.1821397456,22363.2789478177,12679.7472535897,22099.0918684958,191832.117794024,109892.434263706,43540.1890647941,24543.4503868245,13907.9590355365,24340.3655541263,182150.939316166,103184.86523888,41522.9044858437,23569.4550693061,13354.4439225289,23301.5361182828,188153.292401868,109531.245115738,44392.5561622597,25302.3145316123,14435.0667598987,25224.4984426296,181110.229562524,104851.371461853,43061.010858503,24707.5142968082,14149.6391126446,24794.9108799075,185206.405506712,109396.706686599,45226.1447159204,26064.8428075108,15026.9260576323,26481.4513557689,180121.284713295,106205.444989367,44378.5208171199,25716.4911408525,14884.6171834874,26382.7855930479,182366.272257054,109377.492425261,46008.8939169564,26767.0733955583,15577.8909880974,27787.1259360852,178270.741559337,107108.054161532,45544.2083445985,26630.0963407521,15556.8912815748,27908.0957278518,179170.782039159,109185.901379064,46783.4748008879,27477.8973695203,16137.1943963626,29123.4007935919,176300.743483027,107699.818735252,46613.1928089767,27518.6425308871,16230.8780483279,29475.2392354782,176486.836430887,109075.653247234,47516.6789971938,28174.7708997622,16703.0068353585,30539.9304822119,173783.328331735,107979.474296685,47480.3422952231,28274.2675094807,16828.3037108301,30971.4127454474,173089.130147382,108716.180371953,48191.3665826805,28826.1257339495,17235.9754221783,31922.8313952891,170593.309108155,107793.615718254,48245.6897141475,28996.7451656897,17413.8682315612,32460.2367335371,169913.532467803,108252.494830383,48832.019760363,29491.296911999,17798.3316796013,33408.8505762835,167849.478086725,107577.394956083,48904.7508485008,29665.6656141262,17983.7082225531,34010.4440397147,166569.008966731,107694.718493283,49325.5601143025,30042.0472861646,18289.8653003137,34843.684407986,164362.043672034,107028.234670603,49445.5703942636,30244.3664268116,18487.7551184375,35468.2296767356,162590.99128399,106761.884193807,49740.0670825509,30562.3225584032,18764.662608004,36250.7362993925,160773.746029423,106212.053026759,49906.6261675696,30809.9464447522,19002.4261559148,36982.1909220571,159091.003075296,105852.385806885,50091.3428283646,31061.4099166738,19245.6568674363,37753.6033422224,156957.176244619,105220.541098962,50178.4951927102,31240.1643992947,19436.6202717906,38432.1225625718,154863.806874854,104623.857961205,50312.1429759577,31457.2431814726,19652.2252737654,39155.5463397599,152863.731599247,103907.961739835,50392.8732987286,31652.1872999927,19860.4059793483,39876.9481676279,152045.315971686,103686.439285919,50616.4119448311,31939.5821282874,20132.6993214548,40767.2009334302,151015.135181969,103381.912083654,50662.3722455241,32077.3949970415,20301.4630444891,41484.520874547,150014.324487687,103210.110750634,50800.4556331372,32239.2779327515,20462.165218725,42160.2277244869,148780.877029579,102883.245960526,50911.7051946299,32391.1365887088,20608.6386514748,42753.6053420089,147424.994064777,102493.926340989,51011.2017624351,32549.1380390232,20764.6135607316,43335.0652946722,145990.170332901,102030.649362283,51086.7404160206,32701.09892344,20923.5798685336,43921.1631341036,144489.891716734,101511.065603086,51130.2787163248,32837.5081566218,21077.8669810389,44512.6490946031,142936.884558391,100947.198597595,51149.2936012342,32958.7914297928,21224.7855113239,45108.3032380518
32,366356.796681917,85437.1225218812,19260.5752956272,8401.76812603709,3817.57515562934,16798.7965914005,349177.727822593,80482.5072990995,18472.8639920972,8232.61659782532,3777.83986712192,16585.5867044813,349343.964627956,80911.0486197299,16938.5214423127,7596.71707007414,3592.27795473444,16716.2329816838,349638.16349004,82189.357108922,16958.8412141961,7277.33373494378,3344.03104001867,16724.78252795,349591.605100596,83064.4181147799,17244.4650122938,7339.46227261257,3301.92967933225,16780.7905067126,349158.218238906,83829.077099618,17507.4778424603,7452.94684646569,3336.98125293916,16927.4616403448,348637.304391989,84539.1506761288,17761.0459704918,7570.31437194185,3386.5701014436,17119.8026194355,348116.516678005,85225.3497820268,18007.2856708658,7685.81447397856,3437.79408718171,17326.0873413651,348067.534595574,85922.9977754825,18249.6758931644,7799.93550825942,3488.91300762627,17543.894118687,347695.195426407,86603.7861817798,18478.1018383854,7906.21561750274,3536.24020851926,17749.9778022451,347055.784789481,87246.1938260032,18714.7110471946,8016.06814303204,3584.51941764472,17948.9733826074,346141.797146016,87836.904307622,18947.838077517,8127.47614910314,3634.41618322113,18141.3352437286,345156.503066397,88396.0669524772,19179.9045465864,8240.01266144984,3685.66962086951,18330.9864194863,344670.837965423,88963.6613936379,19407.1565210064,8351.79157711485,3737.36497217933,18529.1047087725,343716.0615744,89499.4172187204,19613.6942425784,8452.26522584492,3783.7621150206,18709.6510965096,342406.857656504,89986.3361226612,19831.4095873779,8557.38560252944,3831.34912664856,18880.9094628244,340831.503608672,90409.9846795957,20044.2035003972,8664.47424597263,3881.04241647621,19045.6688879525,339182.907741742,90799.8631726571,20253.3613508293,8771.53714067917,3931.76085672553,19207.2718831778,338094.278062008,91201.676287354,20457.5392202829,8877.57310795738,3982.72233881828,19378.7934377028,336617.621864618,91577.3835257962,20638.1092480367,8970.47719398885,4027.44032752189,19532.7013441859,334882.200610713,91912.428445517,20829.5016950734,9067.33634342401,4072.80563643688,19678.1370617421,332755.225679073,92176.8165005435,21013.7674135686,9164.81580145501,4119.52792206642,19812.5910370162,330494.894045757,92395.32631807,21197.302014371,9264.13487530367,4168.1614775301,19943.0662530129,328672.975394645,92612.5613560084,21374.8696498931,9362.87101913877,4217.64288816202,20081.497385743,326655.800369402,92808.5242379707,21528.5754473134,9448.81825284482,4261.31714179135,20207.119793691,324139.803621615,92947.1901252047,21683.3524810401,9533.4292866074,4303.17166278503,20315.7692718911,321437.803983398,93025.6952971416,21842.7462903706,9624.023002785,4348.51325805334,20419.4077269402,319075.018735541,93099.9004917576,22000.6618807406,9717.13341945659,4396.70937579125,20529.141758824,318305.006124067,93296.3421316993,22156.1677116344,9808.99806137481,4445.21521793485,20673.8782046757,317405.697461237,93541.7509392713,22267.2185217932,9871.70244832514,4478.52113164366,20796.6793831931,316351.727517976,93797.9532116957,22408.9858675332,9942.05384532366,4511.27447395028,20909.5232931346,314994.592084335,93996.2668817046,22552.759690882,10019.2727641198,4548.29586834107,21013.0230228497,313363.791919894,94139.5297524224,22693.1858575742,10098.381176765,4588.15272595903,21110.2057300914,311586.251344446,94235.2427386931,22827.5889084663,10177.2420882426,4629.31472346453,21203.3421395333,309677.006652888,94290.9051296375,22952.056294684,10252.6858498774,4669.78324310753,21290.8631220831,307641.050725296,94311.7204812196,23069.2374591535,10325.0388789965,4709.11010256316,21372.0631338217
33,138349.113694279,111930.921207734,69458.4743109836,49820.2190469503,35451.4073140983,90243.4711659322,119186.81863843,97727.2885288925,58940.9016558255,42199.6653406114,30104.8799501607,77537.753362766,114170.702063639,95885.2639588019,57495.5620869625,41121.4435625144,29332.9718747239,75802.7997337451,121566.278440244,103465.297982519,63165.2381420642,45077.9701980351,32197.5820091539,84043.4999452291,114132.571945763,96098.4044414845,59296.2983083615,42647.5311425312,30541.5655064333,80455.1048330935,113808.256054964,97576.0066655098,60037.0623904213,43324.7513634963,31184.3218884502,83000.318005084,114730.929714969,98770.226160103,61694.7133068151,44603.446311405,32173.6560016232,86617.1610086186,111250.788941933,95828.1719286848,60233.2780163199,43842.2454335825,31765.8351691807,86440.542594302,110840.221003619,96281.3695764861,60738.259595799,44369.9442844314,32303.7194563379,89009.4526583768,110424.467802566,96248.6521583272,61217.7633178977,44864.7908385619,32776.7689706246,91508.0987226152,108466.563740364,94875.2853041206,60648.9684456109,44635.4483042119,32733.4333281689,92561.5816805167,107451.492780693,94606.3880491992,60794.8752925037,44883.243712067,33032.8832301653,94611.519774066,106357.388231491,94044.6264640555,60879.21899275,45100.9632778694,33301.544126142,96586.3776206523,105013.484389153,93140.9201891052,60635.9898443677,45103.9337543734,33427.4934099948,98169.5601852104,103995.18928783,92685.7425044619,60618.0554003755,45242.8949444396,33653.6517497723,100109.769337363,102739.566780188,91980.9773227992,60506.8940572999,45297.1629492397,33801.6194688016,101838.518343499,101248.870199929,91063.7458364569,60252.5332386293,45260.4373146474,33882.5720745172,103352.93254846,99848.6960889092,90224.9380636633,60057.5562365898,45271.3144253425,34004.6875470699,105010.514613849,98695.0197869542,89455.3563189918,59891.1876553086,45310.7261211354,34153.0551356016,106794.375716969,97503.003930409,88712.2559912838,59659.2151188437,45288.7969486545,34256.5319289973,108497.628879297,96139.478418522,87840.4990741022,59363.0844366822,45194.0100384103,34291.7830438721,110007.769555743,94698.8616556776,86919.300982792,59058.3737166788,45097.5592420219,34319.5979270883,111476.048169949,93191.8064641194,85906.153973917,58712.2737953784,44979.7234738253,34335.1357687972,112899.622089919,91843.9644350617,84927.9490267946,58366.1622355103,44871.6273786623,34365.6756812151,114402.509183014,90596.3650798015,84071.2216182316,58035.8189595119,44765.5495559222,34400.214437213,115978.02595746,89134.1756610102,83062.5407938287,57609.983182586,44564.4122092585,34351.1410406933,117304.083205825,87542.8771467894,81925.6012167807,57126.3802905295,44320.7459968558,34262.301074904,118480.612853753,86092.4619581037,80837.6765318202,56680.8279532463,44117.3226646637,34208.6164672993,119776.658772664,85263.1867131319,80083.4413176685,56390.4421281825,44038.1411489558,34257.3477867843,121475.310226975,84701.3546506482,79674.8722020762,56183.286659937,43986.2184671575,34319.929693599,123285.222222036,83900.9587024288,79100.3480449911,55885.3048828467,43808.6014808862,34250.1735760737,124577.17621867,82982.0464175766,78463.8706388396,55591.0083339939,43634.053560269,34161.7848014705,125639.789782376,82079.1563589154,77856.2013334226,55363.8234446859,43529.2966662994,34129.7737505738,126760.889468112,81100.5172419199,77142.179528817,55077.9403722852,43398.8524766602,34089.6974839481,127777.462015474,80047.3997151992,76349.2395200064,54719.4678113829,43219.7677809815,34022.92403236,128691.454111098,78999.0738969418,75564.0713779595,54359.3378129822,43036.5953459496,33956.7728271593,129642.542640857
34,394303.111853432,71003.3355791691,14697.8466218928,6348.57699191043,2910.44806883517,15433.412226337,380444.758803371,66477.3695367112,13928.7204020101,6167.53895063847,2862.98158019069,15357.4266181134,380991.07686988,66601.9124277146,12385.9533684156,5531.76674007056,2666.71199164463,15478.0007070429,381458.952985773,67528.2869695177,12301.2879177781,5215.25184455868,2438.93128260772,15509.2581076254,381630.146364877,68184.7607953717,12455.7990594782,5224.74790115603,2387.91643251502,15592.4685971627,381440.782596541,68770.7188713001,12603.9411287379,5278.66856198099,2397.9273122203,15747.5321107149,381136.850168181,69312.329878263,12746.417441745,5336.28658554073,2418.93451098782,15935.1614982105,380856.002196973,69835.6007225652,12883.5417748208,5392.49141153779,2441.00215125494,16132.5226361244,381011.853277124,70358.6964165752,13015.5334560581,5446.51066667644,2462.37065114265,16336.4767590866,380851.360121902,70884.8851085322,13141.8048500176,5496.76947843316,2481.73350187496,16531.8514291595,380432.219788431,71380.6789747711,13274.8399646655,5549.90064329385,2501.83976913349,16721.355871392,379704.852304787,71834.266145432,13404.0000338983,5603.30746616394,2522.60193548947,16904.2582529299,378901.014383073,72259.6982929303,13531.1449760395,5656.51032987567,2543.67227195992,17083.8993648335,378580.582375637,72677.6648737896,13650.9952866401,5707.3033013924,2564.09729230503,17267.8678199996,377826.121392579,73095.4729213823,13761.4883317541,5752.34647189777,2581.6661348773,17439.5145304445,376671.803503269,73470.0896823367,13879.97941284,5800.56044289887,2599.89962847167,17602.4262332625,375232.824605794,73790.8422969349,13993.4389302406,5849.16801007999,2618.99100995525,17758.8142700751,373730.80596636,74082.8881878665,14102.3600020288,5896.43968653742,2637.98961502652,17911.5418493141,372768.252289856,74369.4499180664,14203.4467475726,5940.77068124333,2655.98552657243,18069.3740735467,371430.578225246,74660.7340265921,14294.0936300173,5978.5929151763,2670.69250511009,18214.5803121359,369814.531935266,74913.8184425033,14392.8392369804,6019.49908923365,2685.93518857996,18352.0602480949,367790.916968949,75114.7954626743,14486.2826878045,6060.45564671657,2701.81329060897,18479.8326304162,365602.289083279,75272.6118670707,14576.9408334796,6101.20153655158,2718.07531895937,18602.2316075809,363878.903014273,75418.0935673193,14659.7978158091,6139.57325657409,2733.82586116832,18728.9658714202,361936.333972092,75563.535803906,14729.2231422519,6170.50654182893,2746.09669070207,18845.1839451692,359498.966700088,75670.7086925841,14803.7366935269,6202.4625234626,2757.88024028024,18948.4438780706,356828.612457396,75719.6840880208,14877.6894552712,6236.74956446648,2771.14318793792,19044.9482344474,354571.554209559,75763.6707418819,14948.9124400325,6271.2929627069,2785.36835333595,19145.7738805386,353927.25571296,75875.8294605207,15010.1438733086,6301.33348595973,2798.10903339162,19270.1476588418,353188.156964415,76078.7165934819,15056.1311509685,6319.13701993786,2804.23409966389,19381.8203215813,352250.563546605,76281.5101697364,15128.6967705344,6346.01710657504,2812.23280808936,19486.1214892795,350996.088006707,76442.7311892412,15203.7658128444,6378.62340853983,2823.93315804449,19583.1461875,349453.387746279,76559.0420814439,15275.8615447011,6412.07331518132,2837.28755201949,19673.6197099381,347744.618463613,76634.3894177616,15341.921361216,6444.17969352916,2850.83976741485,19758.729371531,345900.206633225,76680.0279415661,15401.1338642367,6473.61499421057,2863.5727227997,19838.0597358638,343912.444982259,76696.0397246867,15454.4388322478,6500.46514226513,2875.19007588062,19910.8559171685
35,307541.156711787,132068.082076915,43140.6612707272,21784.452342864,11017.1623146133,28553.7669747619,276395.911435022,115451.558913758,37344.5422623345,19014.8820384097,9663.27219230779,25986.7698427643,280350.759611334,118328.792047124,35721.8289618174,18487.6094011165,9619.00061748788,26496.5212237352,278777.987467044,119939.976981629,35534.9494281,17745.4940737187,9119.24893599184,26317.1895445051,277393.642153877,121009.204365684,36246.846136702,17923.5004366396,9023.66047577299,26205.4856128742,276166.036059525,121938.013984406,36943.9889355852,18319.9067377062,9187.44462873197,26343.5012448177,274740.851001357,122652.673792154,37556.6359893239,18711.8834673504,9409.5966470584,26651.2042525405,273254.936226932,123303.319696092,38127.2714335449,19087.0319088941,9637.47998218854,27043.55669034,272245.415069542,123993.620259206,38698.5931866674,19461.6053930741,9867.5155335055,27490.2813800311,271004.217530978,124617.876318012,39213.3367287723,19803.5443701999,10080.9623534719,27924.865984046,269596.667701578,125205.771819325,39738.3408658981,20146.2958482074,10292.2584357926,28353.0843685903,267930.229758644,125682.709265519,40247.2973789103,20487.6504863031,10504.6015114636,28771.6750492696,266130.571274904,126089.112984554,40747.5123302426,20830.0871901141,10720.8625716479,29190.5795991745,264809.631911941,126531.844461562,41254.5011706036,21181.6987757074,10945.3591072395,29639.2919215941,263158.244697593,126895.313662232,41694.7725391524,21495.2571164047,11151.3281474264,30059.7816811898,261228.5917051,127191.752804159,42145.6636299213,21809.5815696175,11354.7966761071,30465.5776286022,259067.880996903,127367.964090719,42583.9736958223,22126.8659380008,11562.4205323053,30864.8704086129,256728.904783475,127451.773093457,43000.6474136095,22439.9863093294,11772.4562620177,31262.4230485762,254960.17736549,127599.17009029,43432.7282346814,22766.3749444897,11993.1280981342,31699.2424526882,252931.333757739,127678.699470062,43789.2796428896,23048.4753798425,12191.5395007592,32106.224454093,250731.354599002,127718.770268306,44159.4255767686,23330.0509284403,12385.5101665583,32498.8314617639,248179.120865061,127609.736015687,44501.99055095,23605.1254907537,12577.6171710332,32871.2840722783,245472.421521611,127412.053010136,44833.9665134523,23881.8905828288,12774.7681815672,33244.1828941896,243139.661412032,127231.434776254,45167.6464592112,24166.9426412661,12981.0346301369,33648.4825122659,240745.168312963,127022.009661842,45444.711666623,24418.7198835847,13171.3626599393,34039.0523861866,237987.396949561,126718.912441733,45700.377220413,24650.7408746658,13347.4973476243,34397.0849283877,235028.159854893,126300.517035039,45953.6803578062,24887.8768419411,13526.7956543221,34745.672896552,232188.70372173,125835.098042304,46195.9809990386,25129.4093313035,13713.8805806135,35108.4091969311,230812.191020272,125683.948556116,46499.5073140252,25407.8043974916,13925.6327706543,35570.8133663076,229537.275969171,125630.429655084,46692.8219090373,25604.6054316654,14089.1825112789,35985.4395744052,228183.881367898,125630.331103757,46922.7318907347,25790.7136017564,14230.279855257,36348.8563467948,226567.832397466,125514.183828507,47150.6505139503,25981.5511524432,14369.3006812892,36672.7355184093,224735.440322816,125308.98704081,47363.7837713087,26174.4746566988,14513.707988614,36982.0329562076,222767.424263571,125018.663206012,47560.4442538099,26365.1645780576,14661.6359520006,37290.9516070252,220702.679274193,124665.134068171,47733.8441932011,26547.8575544555,14808.9326195805,37600.9655856909,218538.585033041,124252.337715501,47885.6960861362,26719.9195025234,14952.2921696076,37907.7161127811
36,166604.184956769,119896.835378185,67240.1171125185,45308.6924942079,30328.1088251895,64391.0129106787,142124.440369527,105912.147358668,58799.1654219343,39681.3934145308,26655.1447622152,57115.6222586862,142608.757655291,107537.066505724,59946.3908501793,40908.5094767888,27697.8481526348,59942.5954752164,143459.022496878,108879.80592284,61166.7583153504,41764.2206947784,28487.9588482211,62968.6016191695,138636.384572112,105471.341745965,59547.6120204771,40796.8227563902,27899.6308713896,62781.2644843237,139473.927413779,107508.764902127,61059.3457570401,41925.0112842186,28750.169834226,65622.6105530704,137093.611751397,105960.7435012,60873.0981381533,41975.5091485038,28867.2558467616,66670.3421959515,135424.53144745,105436.063173928,60918.7847096277,42228.9350448905,29179.3048219418,68175.650431974,134717.652150125,105442.122965855,61406.902442469,42737.6188322134,29658.9989725807,70168.7027334206,133113.952863658,104661.392698118,61337.0481199568,42876.4692612717,29882.1570532924,71596.8484263807,131808.882520469,104289.99909807,61484.6885665332,43137.0171696838,30183.4187132166,73240.1190109987,130392.677233905,103758.133037154,61608.6860843791,43383.4632398439,30466.2299813689,74840.0801951411,128708.498164384,102985.791645943,61574.5747891268,43534.7683767942,30689.3709490884,76298.9644357447,127518.65633892,102483.159983077,61680.5040412049,43786.6451333393,30989.1986226332,77984.2570087262,126207.921667203,101939.751332829,61698.6331079807,43966.7356763582,31238.6413884024,79588.9086459114,124561.739569667,101162.181835542,61599.0447021874,44045.7272406082,31406.6154643806,81002.0973715034,122947.238357195,100416.766951574,61549.4931031681,44168.4423035712,31603.5746505878,82485.9843785397,121219.414096691,99530.9008210382,61425.1870044417,44249.6149614339,31777.340913964,83924.6924823476,119811.428688999,98742.7168644151,61327.177526904,44356.261672546,31976.6627947589,85473.5178457313,118424.105756503,98063.5609853739,61214.8201685949,44437.6724287007,32158.074093292,87030.3478021952,116773.595297615,97163.779345469,60997.3035107376,44421.1689385007,32255.4248316484,88377.5324384224,115051.475363686,96246.7501936107,60783.5958826268,44414.1507106244,32355.872353047,89719.9508531027,113234.927138592,95213.5869875229,60524.750910998,44383.0342630618,32442.684458943,91026.3714921194,111636.735366127,94223.9642857599,60269.988302095,44366.1650023068,32547.8665080531,92415.1688902774,110140.467517207,93357.36264765,60018.8722486171,44341.9970222916,32650.6667456364,93852.8080455089,108349.285710069,92296.8573303318,59654.2201842903,44212.0250957448,32664.8076954662,95063.8625833765,106457.964444868,91139.5553428101,59263.1871553008,44065.6553359466,32660.6179062413,96211.1562145961,104706.886007462,90013.1423616167,58895.8177048281,43949.4260591795,32684.0096099771,97443.7267314114,103749.136808843,89242.6931931467,58681.9571790542,43951.8079605026,32802.4477514658,99005.4932593682,103058.803268377,88839.6591050317,58523.4381365844,43956.648864471,32915.9142752558,100611.983338646,102055.396016367,88215.5833514679,58258.3669506607,43823.2692394746,32889.7297661126,101752.478966058,101003.0124439,87610.1519835326,58050.5989933284,43736.2196205412,32878.9429635463,102802.986107464,99914.5925961015,86980.7448927103,57875.0485448792,43690.5659107639,32902.055111339,103844.06832926,98684.024881961,86191.0405405727,57605.8999626251,43593.6855585225,32898.428279389,104749.332351607,97436.1986477833,85385.5234623776,57310.9636463434,43484.300004806,32895.7118619805,105665.435695956,96192.0972602163,84576.2233882559,57010.2952981217,43368.6112661551,32891.5297904993,106612.361491532
37,320815.518173575,85101.9953049905,19546.1291515186,8694.38934262081,4072.47866319625,23423.6683638427,301243.612319186,84935.4692571909,20221.7620848934,9131.62659955154,4283.94584272134,23253.6417874445,300385.18368417,86719.2533586146,20279.7698919156,9109.00557892091,4320.69835460225,23629.4339420594,300157.357188437,87582.3767829737,20958.5287936658,9361.43514033558,4373.77583257757,23919.5119290215,299614.080101119,88284.2576884652,21331.1607197037,9594.18777677433,4488.62862963047,24224.5217900223,298741.061472094,88958.230204459,21645.0568401337,9768.96898038881,4583.13352053511,24535.5368659186,297809.945846279,89600.0645685959,21956.4396806505,9934.26721767151,4667.16213686587,24840.2379725579,296862.664216656,90218.2592823186,22262.5279202613,10096.8098481986,4748.54991338335,25135.4862470022,296383.916515603,90862.2966821008,22567.5070086236,10259.7160315384,4830.3228176581,25443.420685268,295659.083757808,91501.6939428504,22857.6878268293,10412.8641927824,4907.05360275652,25732.5996490874,294701.666230534,92092.6368950959,23155.7253741398,10569.9477204201,4984.77927811458,26009.5970731772,293521.646862928,92629.9648607158,23449.329280088,10729.0520159829,5064.86387321855,26277.2015868009,292221.646884429,93117.6597146224,23738.9801379702,10888.6816852005,5146.55830565863,26537.4483962597,291416.712457112,93629.8486009047,24026.4291587706,11049.8797402444,5230.4407061992,26816.9247463457,290236.4517636,94119.6903946653,24290.0595956552,11196.347802217,5307.1013473464,27071.1979441269,288738.267314587,94543.4379037112,24564.0430060092,11347.6307717422,5384.85081546009,27310.0077684129,287014.620861685,94900.9886639354,24831.5450277063,11501.4988554496,5465.70742825698,27539.7832001512,285201.54017854,95206.8304831876,25092.1176579046,11654.5720878202,5547.8836836137,27762.976460258,283921.983986673,95547.2255141872,25350.1210763312,11808.6862025101,5631.94010316008,28008.1748558445,282334.399479622,95866.2028459446,25581.3207866789,11945.650259395,5707.28650161499,28227.4847145812,280520.348321683,96132.6120292966,25822.1831902872,12086.5585104427,5783.01966032473,28433.475886936,278351.333601525,96319.4700181652,26052.9896259776,12227.4918616011,5860.31672508212,28621.875578423,276052.2654238,96441.4665732466,26280.3985876932,12370.3174656224,5940.31033868774,28803.2488718952,274198.686683651,96585.1040021626,26503.7509515933,12514.6615453843,6023.06341399553,29004.6571765393,272159.189053565,96710.7767372258,26698.493585515,12641.4860685576,6097.28111655711,29185.7386134904,269717.892632096,96764.5391202144,26893.5080927515,12766.3031651188,6168.79214430598,29341.4641521089,267093.481994602,96745.7117723497,27088.5040618387,12896.7696163524,6244.40883916773,29488.4954998405,264762.063065422,96709.1755865017,27280.3496175616,13029.9045977635,6323.87032871835,29644.745233729,263931.342469478,96870.0166863988,27481.4929854178,13168.1051118613,6407.45093172008,29871.9848678607,262952.208873796,97076.4981364003,27627.0819759876,13264.1982540155,6467.04496068691,30057.9007586074,261854.357091414,97282.4608167251,27806.3885652926,13368.6722031063,6524.49658675487,30227.5051310074,260482.716770076,97419.5689690657,27983.3816698375,13479.1205854016,6586.05212418047,30379.1356514622,258878.101135398,97492.5040274853,28154.559303338,13591.2705886358,6651.08403040149,30520.3978092856,257153.676968756,97515.2585123059,28317.7701106225,13703.0648646198,6718.10694358035,30656.7239055391,255322.397427875,97496.8733887017,28468.9378502676,13810.5811173407,6784.43427213222,30786.102294985,253388.191296076,97440.5248291877,28610.8907933807,13914.0435535141,6849.32748069645,30907.1842770501
38,340214.628025182,101417.357524659,27259.3331515428,12603.7791009472,5935.96915730231,21712.2390833173,323674.163483803,95328.9560393613,25633.9547053209,11997.0948582388,5682.05468620711,21161.2746804372,322883.466472547,95211.0808397755,23489.8144707356,11185.1480092107,5468.96008038269,21254.4971012011,322480.250149818,96816.6642187962,23365.8726571382,10641.3549754228,5086.54363469187,21186.3642215823,321869.593896321,97859.0340607668,23805.2343033343,10723.9976834954,5002.96303730014,21153.5109511881,320963.159197747,98728.2984690921,24221.3199098403,10924.5683025139,5069.82151366294,21278.1129601178,319974.837921718,99509.9892306495,24613.5262827316,11133.48450985,5169.61424152312,21497.3996570229,318925.226610889,100250.00357431,24988.892729163,11337.4099113657,5273.25427783445,21750.2671620722,318342.649125249,100987.302729755,25358.7767899215,11539.5191286297,5377.36102291251,22025.4402720487,317534.706602685,101721.828856359,25704.856915708,11728.2500924231,5475.21735418399,22290.8502590166,316484.696703466,102412.073958931,26062.1574740363,11920.7231781981,5573.52978556882,22547.3186721516,315169.2673402,103032.141186821,26413.156890433,12115.351869081,5674.38327776161,22795.6331970857,313708.557204194,103601.90568737,26760.3824779064,12311.0774902841,5777.48033057366,23039.3921423909,312709.359966481,104163.065784229,27102.3362715489,12507.3970373478,5882.5165070486,23295.8692124185,311400.490762874,104713.361205568,27414.5574711654,12687.071683426,5979.94091779287,23535.810009033,309729.75058615,105200.376433367,27738.6411838753,12870.4486798669,6077.50056861069,23761.612969216,307800.6793496,105601.434990152,28056.6376099979,13057.55796912,6178.76121071105,23979.634490075,305712.089417374,105943.858415994,28364.9890651162,13243.6278157209,6281.81452739909,24192.407036829,304176.893227267,106288.992619794,28669.7676995181,13430.6833071349,6386.98217628441,24422.1535231851,302360.085842913,106629.718371282,28939.2179018146,13597.3858051963,6482.48819271757,24633.4512550837,300316.661475845,106915.8218898,29222.3655382681,13767.7166466519,6577.55775836824,24833.006641352,297906.505352616,107113.400589979,29493.3114286806,13938.2529532896,6674.46502432867,25018.7614143515,295294.314792258,107235.527216823,29758.8512593358,14109.9930393998,6774.05789163486,25198.0358737122,293099.231886882,107346.703681547,30018.6046327394,14283.2071975878,6876.69421399977,25391.8613740819,290801.314775964,107454.709406902,30245.1391265513,14437.7776354092,6970.9061478962,25574.1941746877,288077.377567924,107496.869337905,30470.9090970947,14587.8869321195,7060.81128078218,25734.5619537298,285129.008485761,107445.460794332,30696.8648124044,14744.0009554579,7154.77730865871,25886.2575081058,282365.913660879,107363.035728953,30916.4606169866,14902.5506581818,7253.04690358903,26043.6268381998,281144.614790142,107431.773180159,31142.6211190802,15065.8081881959,7355.69496443894,26256.1234226748,280008.395016401,107628.340054557,31309.7217996822,15185.5588314704,7434.19708038164,26446.6891717978,278740.148225462,107830.434017549,31511.721047302,15308.3980786515,7505.90189222535,26615.3572403691,277201.29023604,107959.87866243,31713.6935752399,15438.7856486023,7581.65494342136,26767.8900357006,275392.967355938,108015.610249748,31907.9702155955,15570.6335185356,7661.0820521161,26911.4347492966,273433.245388853,108007.375451664,32092.9329487741,15702.0654582939,7742.79771578908,27051.4197183689,271360.759964769,107950.481635764,32264.2924383312,15829.1321379358,7824.17417305816,27187.2259933359,269174.294297373,107849.558090649,32423.7221038585,15951.0608658185,7903.83780706727,27316.8307093962
39,290009.19567653,116654.830042833,38776.1769485683,19740.1554973277,9968.32103309556,14625.7130375351,264343.343042271,104521.575893339,34131.3060694345,17494.2208778773,8858.95244367642,13180.5798788319,268585.117785523,108939.51457282,33509.4238912171,17194.8403710271,8867.40461619752,13575.9972285796,266778.365232008,109829.382375848,33743.5126521558,16872.7278165778,8549.33272396404,13385.3161701404,265852.965291576,110982.269773929,34463.141199422,17166.329231695,8588.37691051769,13324.8297775737,264697.878874032,111836.318539346,35135.4337723651,17575.1067198856,8789.90390145623,13451.4562451198,263381.495801285,112541.140337862,35733.4178128173,17969.918868222,9026.11248294654,13713.6886807443,262097.845881787,113206.624667355,36306.1696732439,18353.008342265,9265.32117134266,14044.7994309258,261253.571527429,113913.359386354,36874.6668850326,18733.9855766979,9505.23431112705,14412.2145780037,260097.030466222,114539.305231916,37388.5249379933,19081.044283716,9727.03528721565,14769.6392336549,258784.273819515,115127.066422206,37915.578601064,19432.9037844494,9949.23903278695,15129.1200479392,257219.538485783,115612.532270079,38425.1230269694,19782.9024908379,10172.8890105029,15489.7070092811,255574.687651113,116030.553090693,38926.3874800437,20133.8845961248,10400.510922939,15859.3755412185,254420.122154098,116512.494307889,39436.3279892884,20494.9502082898,10636.8159585003,16252.2546066467,252830.046629734,116877.110581579,39873.3172779982,20812.0612169301,10850.4785388561,16621.2887750992,251007.335858869,117192.597382637,40328.8961852386,21136.4833071423,11065.5657296266,16990.5554492654,248936.928610231,117387.383639517,40766.254005928,21461.3276233558,11284.1083567222,17362.7204415235,246786.622767488,117507.184069664,41188.0680109968,21784.4461119738,11506.3772087757,17745.7621770248,245207.200671866,117718.237204731,41625.1091087191,22120.8979931591,11739.4035929649,18158.4063519496,243239.130144606,117808.551302277,41977.2219449429,22404.5106619007,11944.1837983651,18540.8923174255,241149.592841328,117885.935364167,42354.0501091571,22696.7230224744,12149.97329781,18923.9981914561,238680.34976597,117802.582660745,42695.1543402494,22977.8293591513,12351.9607851318,19297.7859292451,236127.500109072,117651.672892803,43032.0434400938,23264.0264696569,12561.0601089485,19685.5559355931,234006.314642757,117549.247952923,43374.6176282312,23560.7233092454,12780.5879827984,20102.2065280369,231679.122967882,117372.239308858,43645.7754035312,23812.9150473124,12976.9434152932,20498.6138422256,229012.442267845,117109.998933705,43906.7936894515,24052.5419268784,13162.7181776436,20880.1727912348,226178.299366187,116745.911985899,44163.6933191806,24298.5656824334,13353.4575176763,21265.779948351,223635.405103676,116363.559911015,44417.7006896239,24552.127792257,13553.9393741259,21673.790836853,222566.22770457,116348.552956729,44735.9209834469,24843.7762816482,13779.5929689881,22146.5776749524,221272.526740475,116280.897665388,44910.6380925365,25027.3144179688,13938.5434668625,22535.5692892049,219998.380399916,116319.60466617,45154.5649111493,25225.3067091884,14089.6587638823,22897.1914428459,218399.715477556,116198.851823169,45372.3103756776,25416.1535249583,14233.6849078278,23221.3563531583,216636.200960075,116026.256089386,45587.1349313602,25614.3743435699,14386.2692871634,23548.264862803,214731.231728536,115761.801397273,45780.171156968,25807.3794990845,14540.4375881944,23880.1117959754,212754.510147198,115450.624344799,45954.5373633768,25994.1033382272,14694.7641648063,24221.2135173934,210687.547529238,115082.155766554,46106.2834444665,26169.2996107067,14844.4027657074,24564.5068351846
40,281996.617362931,151107.674645361,51966.1137859743,26600.2257693128,13475.3370782889,19355.2864026621,242865.597889152,125517.551930627,42882.9306027767,22115.1614466547,11256.4331416164,16719.9226950268,256438.148693438,132315.104288167,42047.7344183788,22247.5764699227,11608.8325899497,17455.462004489,248481.021254825,130405.030012344,40618.9979655296,20667.8637735861,10736.4643217322,16986.5084397637,250117.209469688,133389.232871832,41773.9822263229,21004.7207150185,10652.2138018283,16846.9943591414,247787.175980781,133515.305116742,42477.9231239337,21381.7996399343,10779.1265705638,16773.7225909974,246994.354065449,134493.056348319,43239.7530604191,21901.0827327707,11077.5533046207,17030.2433481592,245376.889923282,134912.260774191,43862.8660832886,22334.4083842824,11355.6554855298,17388.6462003912,244496.848330504,135574.860144489,44516.2443832252,22790.1666016884,11649.0068546445,17830.7755841985,243342.868303826,136087.192913779,45087.531154107,23195.1257903875,11916.4482838868,18272.7717703201,242100.245540679,136619.067003806,45670.3824588087,23599.467218143,12179.6483246227,18715.0793005435,240581.454352571,136987.770642157,46233.9831127217,23999.7880955029,12441.8939802885,19155.9733293144,238915.501605989,137285.374711228,46780.710112603,24399.5029078462,12708.1668998382,19604.7910246172,237611.507000115,137595.701068448,47337.3846171062,24810.0292375197,12984.1026739352,20078.1592188283,236157.518561924,137859.522681595,47822.7624463454,25182.2437639775,13242.3611245609,20541.1546215296,234426.45295712,138053.498810007,48307.5609987125,25544.1778280334,13491.2612986415,20991.0077776458,232443.526333699,138090.506969864,48779.8880126573,25909.727054186,13743.9679005738,21442.6502924292,230301.170304138,138029.07759182,49223.3885414063,26270.2409763265,13999.9948058795,21903.4068186933,228569.008048411,138004.362114174,49679.8375680233,26642.5884231457,14266.7738611774,22393.9931895928,226748.797752513,137955.619572805,50063.7813009539,26974.0580941422,14513.7792344912,22873.8737922714,224749.570578947,137854.372592691,50444.471532032,27291.0988391208,14747.8713742243,23336.4083434958,222453.3832273,137598.333739927,50803.6940029516,27604.1677079791,14980.3904282184,23792.5424223981,219942.655173212,137221.658840636,51135.1646860917,27911.6270313762,15214.7074056075,24251.9065882135,217740.282819979,136846.541716084,51474.9851213471,28231.770098695,15461.4640334673,24743.1959017586,215578.353433476,136480.957042652,51755.3825527491,28519.0835681291,15693.6754516786,25232.755944384,213085.761636122,136013.463683356,52001.2828812289,28774.2503723143,15903.6221449513,25694.4169875556,210388.539581429,135409.097258669,52243.7389163737,29033.231783981,16114.8940814952,26153.0149746005,207704.61037348,134730.884997882,52463.9896712213,29292.8900560914,16332.8351169462,26626.2488050831,206202.062480533,134340.85850879,52749.3736401681,29593.0402163329,16578.7259886083,27167.082154405,205074.462974681,134195.072533154,52954.5596305722,29828.9961572469,16786.4561403731,27682.1487639959,203813.805598102,134065.277784012,53160.186554734,30022.2750890081,16949.6597660456,28116.3957460779,202375.044217077,133861.196599691,53393.5264192939,30233.9927245941,17114.7156055044,28521.6301017248,200708.078951171,133528.166041957,53591.0509231672,30438.2631494873,17279.4974333307,28904.2212262879,198907.783331877,133108.902550885,53779.0335431438,30644.4969178708,17451.1242515093,29298.527532763,197021.257454571,132609.842914977,53932.8702509962,30838.7355236219,17620.6843720065,29697.8032180993,195054.039154948,132055.810194738,54065.4200050614,31021.8029467784,17786.6506083199,30104.4080229224
41,372088.443506098,77664.5458395577,16532.6099806129,7116.06262057531,3231.40654871829,15741.5922156617,356914.470482144,74059.7151461882,15974.1175321838,6983.28028560649,3194.37578808368,15671.0057554093,357850.833121293,73634.3885972931,14464.0320142751,6446.4619693481,3053.07112410203,15827.5853094592,358400.701235117,74800.7637800517,14296.1835157588,6049.93668920603,2797.57605148716,15860.5837490538,358596.992046661,75582.511628925,14501.643298856,6061.4614265564,2732.51013881824,15924.3867526831,358440.403613287,76277.4464670497,14701.5109520956,6137.20895694859,2747.89640694267,16072.0408871147,358163.831873795,76919.2673719239,14895.0197040221,6219.35826090688,2779.17029456521,16261.6901285805,357850.531398839,77541.2338665539,15082.9491520105,6300.62270822684,2812.5683994798,16464.311103847,358019.40131443,78157.7207436057,15266.8751705176,6380.51096666115,2845.82820378958,16675.9425054525,357900.989153892,78773.8661180979,15438.2998285696,6453.8935890395,2876.0896622108,16878.9890034451,357540.840200602,79364.5547831362,15619.7372918251,6530.80815734347,2907.12181038354,17076.2728632882,356900.05824332,79909.4192512715,15798.3024053275,6609.15154450714,2939.43118754939,17267.2415581131,356122.8144001,80424.7803499258,15975.5502263335,6688.00912294259,2972.55323518476,17454.2805389349,355846.135046713,80924.464366754,16147.166525629,6765.57857249066,3005.6623643425,17646.3739083981,355191.691489175,81421.2971513252,16301.8659720408,6834.4277372502,3034.86785398316,17826.2814388168,354172.870799905,81882.5429802487,16468.3030014996,6907.16928149122,3064.75871842868,17997.6510072318,352889.743237656,82285.5449851933,16631.5237622805,6981.91566667548,3096.33996831716,18162.6194664298,351448.466563867,82654.1843617369,16789.7871921753,7055.75919471153,3128.28775006822,18322.5143014626,350570.553423077,83005.0675818373,16941.6759924218,7127.69919020898,3159.84768032301,18488.2185877932,349360.452835305,83362.4146856735,17074.587165345,7189.65655039556,3186.86106905325,18641.4034589032,347901.001591433,83687.2597611771,17220.0951031181,7255.53422664518,3214.3815233769,18786.8998233163,346076.125747346,83955.5814629444,17360.4486633099,7322.49735339873,3243.18057798653,18923.1185028922,344041.330016248,84178.2535351482,17498.6779775858,7389.9229693877,3272.88940695334,19053.1157394664,342412.541654208,84372.9202362368,17629.2815840613,7455.6666588449,3302.59283176001,19186.5197038098,340636.327878233,84566.6129100675,17740.7181823484,7511.70904944097,3328.07738428713,19310.5220450035,338417.083504085,84730.831069794,17858.2307930004,7568.39778773073,3352.68475858706,19421.8161691818,335951.028601056,84829.0353997083,17977.1611595718,7628.7938023801,3379.41094224179,19525.5768729232,333697.920604359,84910.2403112827,18092.6649598717,7689.97853755331,3407.66499110321,19630.2666093502,332970.183443152,85031.3584702872,18196.3192525529,7746.43904157202,3434.57664464579,19757.840858359,332270.987354781,85262.8891181641,18270.0923323418,7783.33393054824,3451.71711770132,19875.1417085868,331409.125253251,85516.1248029736,18376.8411681477,7829.05134132621,3469.45934354802,19984.6870539074,330264.568507428,85724.2912342184,18488.377923944,7882.4923028491,3491.75255748537,20087.1702561409,328844.748937677,85885.6541589157,18597.5644795302,7937.68037805277,3516.47935382306,20183.5087639355,327256.190501889,85999.023811243,18700.490650158,7992.0108827749,3541.88954694807,20274.4271720128,325536.665186445,86076.1456539369,18795.023055246,8043.36439246064,3566.56663637792,20359.485875867,323681.153292654,86121.8500641466,18883.0600916258,8091.92757268119,3590.12516079721,20437.9775788796
42,303767.741191936,128918.772318716,45388.8850440477,23865.1213598186,12567.2974715163,34657.0504696401,282024.768608715,115172.603766876,39032.392426921,20614.6206806726,10884.4313878537,31471.0942962516,282785.207703816,117929.168962978,37028.5438331684,19641.6478338858,10560.3676186114,31656.2889630104,281190.763953569,119618.330866767,37091.9879309432,18999.6043016773,10032.1577870817,31353.2609639089,279609.691789003,120682.025973541,37872.8614549794,19228.0484064047,9957.81965115739,31216.6632035553,278088.271273872,121523.137274332,38599.8784555931,19664.4782609102,10149.9942331136,31378.8758103407,276393.874870014,122157.688187145,39225.2783802196,20083.7278128029,10398.134251554,31734.8232565736,274682.504890338,122734.204835571,39808.2509783516,20482.9127320883,10650.1078200694,32190.1890871895,273495.928285596,123359.752437949,40390.1061824225,20880.6097968794,10903.6843004096,32714.4792524088,272066.848613301,123927.980643036,40914.1997655324,21242.1346676059,11137.7418632756,33221.2250805978,270423.291490665,124434.117215952,41443.4318670486,21602.0035598462,11367.8740659943,33716.8723924003,268541.557197964,124839.904464631,41958.1278434308,21961.7870755012,11599.9400817839,34202.9916366871,266508.370478855,125156.964795109,42458.2420143231,22319.7644129513,11834.7709175715,34685.7140603944,265050.042294448,125543.740934973,42973.5821455429,22692.4203249239,12081.4553454498,35215.079387122,263210.529696994,125841.501849652,43413.114055665,23019.6573945935,12304.9651809717,35702.3618181176,261081.680866481,126059.093724465,43863.3125115829,23347.526850769,12525.4014484494,36171.8970884323,258709.35715194,126155.579057597,44296.821928286,23677.2023139024,12749.7423261142,36631.786716473,256214.192862205,126162.835577146,44709.9820640044,24003.2892254088,12977.1494618001,37091.8972388726,254322.518405541,126256.899886715,45140.8990504714,24344.6801136457,13217.0569260281,37605.1357855758,252120.636010256,126269.154836845,45491.0296189063,24635.8253201494,13430.2723368827,38073.8582247971,249751.662383399,126231.887275218,45853.931983851,24927.05895675,13639.219005213,38528.3016822749,247017.453088659,126047.605018045,46184.5536669118,25209.0216847034,13844.8714514821,38955.51312247,244141.276124545,125766.044045594,46503.2053028958,25492.0009633023,14055.4139931239,39382.5917525843,241726.284209698,125536.57913945,46831.3376635315,25788.6814814589,14278.8612047005,39857.7394415214,239197.484333215,125264.749258037,47093.1472690836,26043.9977998697,14481.1976505909,40307.3067691536,236279.513752543,124885.662225612,47331.6065924206,26277.5199992245,14667.1986151616,40715.442257709,233178.717162273,124395.554329309,47567.181956393,26517.0891012658,14857.1588746216,41114.3881075183,230260.68019868,123862.199031521,47792.0711243106,26761.2917710947,15055.6009821826,41531.6187705675,228949.059029923,123719.232347404,48099.5518666834,27056.103748666,15287.7787608197,42093.2694480352,227583.888241321,123621.033912053,48275.2923148526,27249.7886108339,15457.8532359307,42569.1653125695,226135.874823918,123567.369997061,48496.4618321621,27438.5539738447,15606.9764554428,42992.4599345181,224420.437441814,123398.043184643,48709.9429008509,27630.2530177124,15753.1479335608,43365.3922250305,222478.958751222,123133.197916891,48907.6382318381,27823.0869970572,15904.4468881778,43719.2596076141,220426.66842952,122791.605893125,49089.1343795141,28014.7651125888,16060.3576950261,44074.1433311136,218282.526291115,122387.429001936,49245.037057695,28196.4376640585,16214.7075716434,44428.866007512,216056.312742677,121930.952488526,49379.5231683204,28367.1046517776,16364.7539596802,44780.9249247154
43,150924.533104631,113192.722201155,68900.6560837289,48657.4990038065,34133.937040701,82891.5924359089,140530.486538261,110156.991046051,64633.1898847191,45702.0517081415,32189.0609439932,79031.427228088,128528.055557311,100594.269513151,59599.6070624058,42095.0999375572,29635.5513732589,73177.7218668255,136389.92178552,109432.849723039,65075.3996170707,45985.8926868352,32500.4590101824,81100.5679793936,131003.071551033,104257.73570342,63045.3986197736,44742.0336950063,31663.2129352633,79838.939170413,128674.158306606,103605.148534508,62582.9403809022,44653.3818020441,31759.1907435705,80908.3421291218,129653.298403114,105260.322412421,64294.4631901296,45968.438643448,32793.5400770433,84523.5534219611,126528.879081832,102854.291661494,63366.3389921356,45564.5574225216,32634.7430551401,85053.8189615668,125456.271004176,102672.826421869,63521.2994593297,45875.7801687587,33017.8422090759,87126.1908313959,124932.77679238,102745.019774922,64022.152773417,46393.3979459498,33517.0199841292,89616.115954153,122978.845660077,101531.34337198,63638.9303815166,46298.1518813415,33573.0825510148,90929.0703209944,121659.639108943,101064.822444584,63694.1490267766,46497.5607805399,33840.7538865736,92831.0196938819,120347.970401745,100479.072358394,63772.0855512449,46718.6291143865,34117.8627530387,94772.832047701,118873.166398044,99584.2643897149,63594.7656547862,46775.4628637068,34286.2830278157,96435.713356538,117699.17999997,99078.480493294,63577.6982574691,46931.0545016239,34529.6942760942,98367.7049261979,116228.328165638,98318.5145382792,63453.5352895176,46985.6056175455,34684.8607184043,100074.699877724,114559.753558155,97381.1396090642,63226.7887123405,46977.5452878239,34791.8411285587,101631.762720327,112959.93708129,96501.371772982,63042.7303068682,47008.1083490564,34933.4641866554,103304.868788093,111578.499687824,95634.8239750756,62855.5675204135,47042.7214161725,35083.6229412798,105046.478480553,110245.30347802,94878.5417492728,62647.0527314989,47052.4457428115,35217.538028936,106799.466516796,108700.33087327,93960.2479745449,62355.8730404663,46972.468644692,35271.1896534663,108337.429999318,107054.092736339,92979.5116713016,62043.5069660878,46881.9421052925,35310.0517815953,109813.47487391,105327.057172655,91912.4002851336,61697.3845661431,46774.5004412949,35339.6432665223,111255.717757653,103772.855184115,90856.4851208171,61345.4737309016,46673.86897795,35381.7719537233,112764.521698614,102363.985752962,89954.778342057,61017.9292121868,46584.8700843408,35436.95424724,114374.419135528,100715.204881345,88899.4297583321,60590.4546941038,46394.841400452,35404.6981620371,115739.71512469,98907.4301639762,87693.9276270911,60096.6038781775,46154.2723419826,35325.4178837365,116938.847861967,97211.6284980593,86528.0648078162,59635.6211430711,45950.9767601179,35278.4438952856,118239.747475867,96207.3450008001,85663.2043540836,59321.8578512994,45866.3879366059,35329.3060329266,119909.023590051,95591.2302255367,85250.2359985594,59127.4907125674,45842.0748972566,35422.6071532998,121789.833282663,94690.3278963622,84646.6241562955,58825.2265208504,45669.3652330947,35365.5038061844,123126.054925675,93643.822727337,83966.4674490034,58517.912981038,45491.4295391157,35279.9897505547,124204.601427811,92623.862717001,83331.9162691624,58292.4677895543,45393.7256235804,35257.3379108198,125352.829091828,91512.687401358,82576.0988386133,58004.0904963086,45268.8896553466,35225.6278685949,126389.823136863,90314.1344100833,81732.1344169766,57636.8164237226,45092.4734714358,35166.2064749124,127322.502428273,89127.9373813278,80901.7643329318,57271.1543036124,44914.7955121659,35110.2055112062,128302.655594444
44,267005.997462035,134247.547163277,54013.2006451255,30242.0526426747,16810.0428076236,27919.3832769501,242947.658809554,122449.401646163,47400.1989179712,26585.0892584108,14841.3064050737,25357.4455833899,250866.695951602,128014.264575768,47750.1898812036,26779.7100566456,14991.2104886747,25684.9774997619,243258.337054412,126279.055812921,47336.6131178025,26069.5733240715,14535.909497066,25402.7870029184,245500.915974689,128964.777077375,48613.4837931681,26765.769054509,14787.3138682616,25670.690155366,241680.371752734,128411.926144186,49181.830203372,27138.3778790417,15003.0894391614,25920.0473651846,241364.753589526,129479.797540317,50001.0152935833,27785.9876819632,15424.046928046,26490.1036177565,238784.858350141,129406.006495093,50572.0096446313,28233.512690538,15760.2720796506,27117.8418118688,238016.751236871,130008.366316912,51237.453327662,28775.5397987537,16146.2178932788,27843.9065930223,236268.382629447,130200.728528528,51784.957828971,29213.8997215326,16478.0564562588,28566.2149097755,234854.99098113,130545.885866093,52339.895899512,29666.4159329357,16808.6737399365,29268.786971996,232916.515036171,130663.191541353,52880.4393786767,30102.9273411355,17133.3598014913,29983.8580022215,230998.733538019,130733.989025815,53379.7849372413,30535.6885180084,17458.7961469451,30688.9248760294,229413.200365858,130833.830364006,53914.9478965623,30987.963157368,17802.1836689468,31454.3345922337,227706.823735968,130880.315773398,54348.1632609836,31385.4211973236,18115.816662656,32184.8838799468,225661.715290367,130839.27788549,54779.9553078199,31764.646953342,18414.5114445526,32900.8972272442,223425.534474424,130658.777734054,55188.8326433066,32144.1158859916,18713.6959827352,33610.263924587,221029.277082927,130379.310262141,55567.7777984734,32516.1238235302,19016.0123203248,34334.8833112524,219118.998186625,130156.863190601,55961.9740547962,32904.6447321497,19333.584639077,35107.9956976436,217092.38131915,129919.859813633,56277.5322914708,33241.8193859753,19623.6290216112,35863.6899348097,214838.116846757,129586.713558549,56569.0436867563,33549.1688322718,19888.8757183943,36580.9676482502,212347.179872111,129147.352487749,56848.0811415727,33856.4967942379,20153.7209249804,37293.9665888011,209628.198046364,128551.535392449,57077.9028654759,34145.66781067,20413.0134479598,37997.7142014912,207290.413948971,128012.031745617,57333.5364543052,34459.2215326397,20693.9147453148,38762.0723760608,204962.920053146,127461.046892696,57516.5471106693,34728.317389704,20952.0397675864,39516.1762137458,202289.544711138,126797.016754655,57648.2627539858,34949.7361932464,21175.8044821801,40220.8733758824,199443.301424023,126018.407317261,57776.6802733231,35173.6054897934,21398.4584733043,40918.9737256703,196663.559059578,125177.641102006,57884.8992572671,35399.7375273992,21629.1133225375,41637.6636587703,195168.198978072,124682.500275955,58096.0246104523,35694.2633698963,21908.615638725,42484.252107535,193978.820972017,124425.125428047,58225.2061781986,35913.9596342298,22139.4200004422,43287.2832953295,192556.211395829,124113.604196223,58328.8864861136,36066.0353582235,22302.7323233824,43948.6922095282,191044.725991178,123812.89472738,58493.3264833521,36256.5623891977,22476.6517864925,44578.8254365261,189238.201005253,123316.030330144,58596.63829436,36424.6284136626,22640.0952115938,45146.7611973783,187379.116913449,122791.69647959,58701.4148757167,36604.589436774,22819.0946027007,45739.234764636,185404.007511871,122160.798449323,58757.2821138218,36761.1734941359,22989.4082953432,46326.594617087,183373.841341848,121495.971534325,58791.1285517386,36905.5419348404,23155.6524408596,46926.133883219
45,315854.847449166,114904.764280182,34783.4756243083,16962.7343186042,8300.06069982391,20641.863914002,297782.656720291,109791.043307618,32725.5092807942,16044.9734599427,7874.43538194791,19851.76669856,296327.48213366,110331.83083511,31504.2106158653,15610.823293907,7807.90098049292,20049.3464331486,295505.797263482,111898.334662778,31719.560564543,15338.635104964,7582.51656014416,20080.6890685726,294296.141123034,112858.465255505,32336.1817596176,15567.1323326645,7595.61822717773,20104.0375334166,292881.881313093,113670.37797352,32908.3131664843,15899.9083863871,7751.78624064399,20274.4328998008,291418.594257496,114377.801772767,33446.0476076276,16233.403860717,7939.89480229902,20547.7158163759,289852.393403049,115023.22386979,33953.1130991121,16554.7988328901,8129.4827841901,20863.0714611794,288793.190973673,115690.111002963,34462.4458921344,16877.6775964218,8321.40750679107,21211.2005895214,287554.168851413,116342.856692422,34930.6212608728,17177.2597593753,8502.01978543302,21550.40047071,286088.783479563,116937.571474419,35406.2237398027,17476.4982675542,8680.21664526123,21880.7895983027,284366.786844444,117442.851243594,35871.5605368443,17777.3957912575,8861.11318676333,22206.0105642734,282472.063769042,117872.008933845,36326.8870380994,18078.2689524188,9045.02395721102,22530.6877481809,281092.552136357,118322.167870318,36786.3513504564,18386.4265968355,9235.66381085271,22879.2805158464,279437.233706109,118745.461533582,37195.6524699485,18665.7419989894,9412.6504790611,23209.8389610078,277423.432782663,119080.054827911,37610.9741642106,18943.6816817701,9586.24494826709,23525.342617854,275184.319928744,119312.004138325,38018.6324224635,19226.9166628892,9765.08673945473,23838.6858346371,272752.696087706,119457.883200521,38406.4344873598,19506.2568883066,9946.02353337669,24151.3139195768,270916.534969781,119644.016724677,38804.2770727096,19795.232647465,10134.9713668298,24494.0386132191,268836.174120297,119806.964637075,39143.2123083601,20049.5751735883,10306.867916758,24815.5149138011,266534.597503906,119901.924459474,39491.8238423064,20302.4753563708,10474.3763377914,25123.5996470549,263908.643845429,119884.777046247,39821.287157168,20553.5440241569,10642.8728218876,25420.7727774278,261050.184510328,119764.62439332,40135.7349306505,20802.7543107177,10813.9547454227,25715.4434218216,258640.95147553,119660.772817794,40456.2529074695,21061.9738271255,10994.2366155668,26038.4827605613,256181.037986636,119550.761219936,40726.2146253005,21292.2205166294,11161.1361278107,26351.238649322,253298.792931318,119344.635106369,40979.0966813415,21505.390345133,11315.6030159538,26636.4699058721,250214.24082632,119029.572465589,41232.2794957302,21725.7153918092,11474.5738133474,26917.1628926719,247257.591469089,118666.377989298,41473.1431970144,21948.7709274102,11640.0090131248,27209.1487526642,245870.496617051,118574.116871543,41761.0983142083,22200.1179579331,11824.3723715053,27579.277149007,244590.772407516,118612.610104839,41956.1770742884,22381.1943412675,11967.5015387346,27907.7355682851,243165.961811452,118654.711190033,42182.3116388653,22552.6838492132,12090.9129145744,28192.2033720997,241508.794786893,118614.371949536,42410.3039350104,22732.8923958911,12216.3437519174,28451.7430260777,239595.831546747,118478.545676476,42622.3402942097,22912.5327151471,12345.3918122682,28700.409533416,237545.655335035,118268.397707239,42821.4274294422,23091.5084811783,12478.0947561678,28951.4905699253,235399.200069653,117999.912642667,43000.7679129961,23263.9288998432,12610.4794289436,29204.6582226357,233156.162078686,117679.410731353,43161.629444708,23427.5945890792,12739.794074259,29456.2752155677
46,211797.88225882,130388.007366962,62589.2669607776,38817.5415304849,23960.8609300689,49926.6790410376,183727.176643319,115609.92160564,54777.1300509745,34001.6046305776,21051.4427804666,44391.2640724278,189775.91229532,122183.534242531,57427.0943668074,35904.1375163489,22392.6682344415,47389.9771660057,184480.892631823,119118.07529355,56614.5750932524,35252.2863125982,22038.2877489394,47352.3570746154,184230.62291268,120513.887101434,57551.7426055865,35943.1402230158,22478.5630239843,48597.5438238347,182221.117631319,120119.280647212,58057.4822822816,36370.7089353172,22795.9941405568,49506.1043478604,180399.270764414,119894.292902322,58454.5002107109,36828.9119467692,23181.6901751993,50531.2976087458,178828.242601611,119805.714150095,58941.7302740479,37314.3319926335,23602.4244977687,51748.5015099453,177340.626082783,119542.71234827,59305.911171987,37732.4169426266,23981.5058434166,52945.9674406361,175970.257261444,119463.655010584,59687.3751580533,38144.2027135212,24356.5609747212,54198.2960554736,174282.507525123,119158.871089756,59989.0368736206,38491.8246650471,24680.5192918461,55357.4567724861,172556.044331834,118850.506568793,60302.3341003298,38854.6183391826,25014.2068284545,56537.6017017301,170669.860701086,118383.728872416,60552.9221687623,39184.8435007901,25331.531036959,57690.8909345666,169247.359584228,118072.207442331,60858.4364237012,39558.7639286528,25683.3843848411,58950.8352672878,167607.056746739,117680.945829726,61057.8472711809,39853.7838812202,25985.4354633732,60139.479216947,165692.372763182,117150.629885614,61217.4308606265,40108.8108742925,26253.1748268997,61258.4280766606,163706.834057751,116557.527619115,61378.845146383,40376.2286529512,26529.5047715527,62392.5481962742,161581.223017708,115815.667781522,61468.1075122546,40608.1351908015,26790.0933283974,63503.0477941578,159946.791775337,115245.81042434,61619.2552275739,40886.8932993199,27088.3025984575,64739.9979464308,158149.145204318,114629.817022541,61670.6066608839,41087.0829836285,27334.9676606901,65904.4040909578,156154.556403985,113896.722683122,61685.6944719684,41245.6125855394,27543.5427128976,66988.9849486842,154026.481686303,113097.705225111,61690.7883359047,41404.9917887892,27750.9809872688,68062.1173897883,151727.157865371,112128.074095501,61626.0969851886,41528.5460885634,27939.8150429998,69092.739933687,149800.741489542,111281.615716533,61606.7427186757,41692.567666048,28163.8264109853,70239.9463640256,147868.689979479,110450.542818741,61525.6987670318,41806.4471009109,28356.6709064698,71361.7431463434,145599.087283859,109443.279158435,61354.9083613867,41840.4782187178,28486.4884779286,72347.1802427615,143264.631505762,108376.316932031,61193.7145001119,41885.8045861074,28619.9925141667,73333.2274091907,141059.258615439,107270.088985664,61014.4560172127,41933.0940645996,28761.5688838013,74348.104550925,139924.764023387,106615.788407577,60999.2007822181,42096.7496190152,28990.3489162022,75638.7076867945,138949.947184518,106192.55812137,60936.2892671119,42187.7782508476,29161.4695495675,76848.5319536632,137703.5912088,105632.480481444,60821.535389837,42191.0632087587,29239.5130562434,77788.0691782625,136449.391774619,105132.097365624,60790.8722346922,42255.4101938793,29344.2768453298,78701.4828902759,134978.927402989,104455.051941127,60701.9433454889,42296.4513379456,29436.6995581439,79506.6553294162,133436.415091564,103706.869400417,60577.2220379088,42328.4920483533,29533.4534747101,80296.3486154256,131877.655182284,102936.614656176,60435.4595663937,42353.7306106259,29633.2997538283,81110.3055261068,130239.761215776,102088.586130657,60243.2927257427,42344.3077209811,29712.0556917769,81896.3292506093
47,376534.382574627,98758.2504754243,19194.2069191123,7801.51346256994,3213.13135896634,2579.39206177137,354853.475943385,91924.1232156992,18387.8685932761,7592.27402724705,3150.88268447466,2540.83407739571,354454.705388245,90951.8591029822,16144.4732440834,6812.7399647397,2952.21182521545,2516.45274197558,354191.801208647,92151.3249148134,15919.710813572,6300.13602100376,2612.47573331069,2294.3752788311,353877.218642869,92981.6222226356,16143.295031446,6304.42832440201,2528.08260300889,2123.57986918587,353249.704920963,93713.1068642217,16363.8992801596,6387.87352789763,2543.54855455333,2068.07405403423,352517.618227437,94372.7364083547,16576.5705426621,6479.30486140374,2578.65304570301,2069.85271210552,351678.747729207,94994.485550463,16779.2133656856,6568.49489128702,2615.99871584787,2091.34446389108,351320.128061386,95605.9392931892,16977.0762015332,6656.00411342021,2653.09147639666,2118.65701944782,350802.319726649,96240.1073908249,17163.9716149921,6737.61724784061,2687.63585087234,2145.76878909465,350016.321259891,96830.3451925252,17360.3348977003,6822.74913460609,2723.02815984779,2173.16133665979,348964.169349527,97358.6425565035,17552.1510205995,6908.92611814281,2759.74682795833,2201.61761690748,347683.211710566,97831.0897999174,17738.8017442186,6994.21178874119,2796.76082290448,2230.90019519474,346908.979715316,98282.4976286446,17918.6436047771,7077.88236763397,2833.55550725374,2260.65747102179,345876.151605432,98757.9322357462,18083.4119885,7153.42364779877,2866.83778739068,2288.09281145005,344443.708173872,99170.3016367654,18260.1666829201,7233.29537872129,2901.06414662144,2315.21215252794,342745.314246279,99502.0438912253,18430.3498951454,7314.42155368625,2937.0050068424,2343.58374199624,340824.349645685,99774.197164137,18591.2310485953,7392.93919438139,2972.69392748996,2372.60777811452,339443.298676997,100027.859084249,18745.5906171016,7469.51276659252,3007.8779950965,2401.90560734367,337863.847019315,100315.449342117,18883.6156542864,7537.1923199121,3039.14707864197,2428.5046052372,336021.558567669,100549.391716145,19033.7358775657,7608.92665120788,3071.10506492729,2454.5109471295,333834.245541437,100711.067867558,19176.3058892944,7681.10085242001,3104.37166096531,2481.38315087124,331353.222363293,100796.97776106,19313.3250874996,7752.50075177125,3138.1130666188,2509.30060117923,329278.20862286,100848.855758421,19441.0834122091,7821.90631479722,3171.75137500958,2537.99290004727,327171.902903012,100930.018011304,19552.4287149409,7882.41577043692,3201.58445603397,2564.39993091109,324627.968002061,100963.63138031,19669.8915348384,7943.85708498182,3230.76368345886,2589.31911223579,321818.02416112,100905.208513934,19786.0331763608,8008.47144957635,3262.14490323746,2615.5059035545,319067.501924482,100799.027016143,19892.246779382,8071.31544594381,3294.07448080599,2643.16135572901,317852.203034919,100773.622165678,19989.7653635415,8130.41720560211,3324.76228223215,2671.28091830339,316907.012158397,100949.215155515,20067.1674003152,8172.79114790961,3346.71389708954,2692.89161609351,315824.174830932,101136.253069253,20178.3340278796,8224.40869682617,3369.30808962331,2711.80445609426,314463.966149637,101269.538177509,20291.5530950731,8282.42307688769,3396.03244145814,2732.78266671801,312818.789358862,101334.840107721,20400.1660844204,8341.11306769971,3424.54830874699,2756.41940925849,311009.080388787,101339.716812878,20501.1809576789,8398.43177596041,3453.4170664156,2781.62333233186,309049.546922637,101300.729622763,20592.5026783615,8452.38714332402,3481.35104934759,2806.96731118301,306981.194702902,101221.237383425,20677.6057399763,8503.89948115158,3508.35331939429,2831.90133927334
48,304901.872012898,88235.393588695,21072.3338025725,9260.56675332685,4156.72378798968,12813.7563366637,283878.145671738,84632.8612605732,20714.0907205245,9239.76975062453,4168.73956845816,12561.7667358775,282119.581057981,84719.1749101582,19521.0828217932,8792.41528497747,4085.11582958688,12687.6348235978,281566.732133344,85703.0059963612,19752.4785951533,8637.60735203734,3916.48699255696,12679.4804437065,280898.64117881,86416.3609477141,20104.5444088136,8775.09113304477,3927.30326969208,12703.4103224335,279935.987374,87042.7259481692,20421.2055186896,8938.92841806399,3998.05386759533,12811.2569602232,278915.704870513,87607.534812393,20726.9289450758,9102.58957878256,4078.57200208492,12961.1195241672,277830.954733281,88145.5798376916,21022.3919309161,9262.81959860093,4159.61917875803,13123.3341038266,277174.577057731,88686.8721536776,21315.1998890166,9422.68489069324,4241.10440795265,13296.375916118,276379.995493835,89255.0600119924,21594.4005292165,9574.03591448138,4318.61573926465,13464.5154496323,275377.472568577,89779.016746928,21882.8589193156,9728.84670515993,4396.74397335346,13627.1626753478,274137.799307865,90247.4577248169,22166.6803513756,9885.75398744442,4477.23400851011,13786.1960440502,272767.396121397,90666.0449784161,22447.1857880285,10043.6549690078,4559.58797657581,13943.5159472213,271829.319689917,91083.9672754328,22723.2019671388,10202.0590656332,4643.55030349818,14109.6368931311,270650.446629362,91519.7360857787,22979.8640882833,10348.6952148642,4722.09544534012,14267.0379036654,269151.046149854,91888.5751165957,23246.7734676107,10499.0848109431,4801.12644246079,14416.0364987334,267429.05109515,92185.6917673425,23508.1370115691,10652.6772814028,4883.52267127708,14562.2257831358,265570.049800542,92430.7211846911,23761.3128163217,10805.3442511139,4967.3373333706,14706.6687397971,264190.735665526,92682.0700768331,24011.2751232417,10958.6676424024,5052.7370313363,14861.801514091,262615.434514434,92954.1033579903,24238.28406825,11097.8147927826,5131.39058251715,15007.1784868699,260828.213685599,93169.1036301832,24475.0496910136,11239.8732374852,5209.81302480745,15145.07008069,258729.521328568,93313.6963577166,24703.178974029,11382.7788426164,5290.24304259515,15276.7315313678,256451.708645248,93387.2261214138,24926.5897611032,11526.8103892799,5372.95930093162,15405.8562907022,254549.483955768,93456.7009727207,25144.4230829138,11671.9091426645,5458.14677154384,15545.3142955071,252592.316314546,93544.093576849,25339.3965972325,11803.2422072344,5537.06524853157,15678.598469777,250241.624515242,93568.8425425996,25533.7514861331,11931.3623527315,5612.75317540487,15797.979660905,247696.652850698,93509.1335375057,25729.156116469,12065.2712753878,5692.40961262255,15914.1348794898,245302.453513148,93415.3283177369,25916.5030060771,12200.1364684025,5775.22762281052,16034.5611887714,244284.91206299,93465.6496553874,26107.8445474235,12337.9615539986,5861.01387426529,16189.0836427216,243342.732249239,93654.9075075054,26255.8675906678,12440.7486814922,5926.97519030723,16325.5429162194,242258.883421011,93826.7206477983,26432.810403733,12547.1508403119,5987.92526796692,16445.181487536,240954.139675635,93942.4438143204,26609.46927283,12660.2966979095,6053.06149573352,16557.2538530028,239413.059049675,93992.6764954536,26779.5293969575,12774.2999556869,6121.00674361387,16665.5904344608,237747.093674158,93989.9006818573,26942.3291053355,12888.3190107737,6190.94804894692,16773.9692758178,235978.453053603,93946.2358249492,27094.2228705285,12998.8496717769,6260.61535502238,16880.7563295854,234119.24453473,93866.1891434898,27237.3683569995,13105.8984973458,6329.26381329062,16984.8908030041
49,360651.339911515,81555.0170746441,18734.3588915195,8400.08797412157,4018.29275987584,27402.1899648512,345022.000199107,76529.0929416439,17743.655033847,8140.33372711352,3933.02980710634,27109.6649922643,343887.568459663,76979.5494990308,15850.5142057204,7293.7541099923,3662.45889559407,27242.9746606935,343505.517267214,77961.1711171696,15871.4979433157,6964.4786919413,3385.13030634645,27320.8705538951,343125.75851985,78692.9222366245,16106.7847844695,7010.13732827178,3337.79979117502,27491.7857916602,342465.069589729,79352.5728071165,16328.8386834676,7102.98151776456,3363.64285180974,27758.81514411,341709.457148445,79955.168965372,16541.7840603474,7198.99080006423,3402.2871243806,28066.541171179,340949.272911351,80534.541802849,16747.6802297155,7292.97555954609,3442.16379540059,28384.4165766697,340618.477007938,81110.4593728667,16946.5785501114,7384.41079669096,3481.42803551455,28714.6648257025,340083.6440053,81707.9183177755,17139.9764528075,7471.33180351217,3518.24069914457,29033.8945187194,339294.529256053,82267.4636754759,17341.6847691363,7562.04099214126,3556.02859326661,29340.5964845564,338253.688595835,82779.6515754457,17539.8410450915,7654.01365951335,3595.22124171298,29635.2604643878,337092.019862774,83252.0637244337,17734.43994063,7745.73611033786,3635.0323634204,29920.6125508895,336385.533688274,83713.8438824247,17920.4339108289,7835.09483946374,3674.59863176122,30215.8095880158,335363.548093582,84194.1074276013,18097.1497794421,7917.75401498361,3710.76198345691,30493.9266025628,333958.841430319,84618.8914775127,18282.9544304688,8004.43484016267,3747.77299546156,30753.8360828227,332291.179762201,84980.5801000831,18463.8002600788,8092.56339562572,3786.50341250479,31000.5937895258,330534.97338455,85299.8910116591,18638.4001137814,8179.35910115046,3825.54906230013,31238.0400590004,329294.279033598,85615.1350787009,18802.287530194,8262.58134256139,3863.73166050383,31488.0178611727,327764.615965215,85953.3644272787,18956.342185697,8337.92222008756,3897.67211088555,31719.4996289119,326002.380584819,86240.8708207416,19119.8841672416,8417.5864222181,3932.49931352484,31936.6117349089,323873.308353392,86471.6008795597,19276.4626307357,8497.34735734798,3968.38489632758,32135.1907586657,321553.150351761,86643.8859658946,19430.0787833857,8577.49007043125,4005.22497349843,32320.3064683444,319663.363463756,86799.5423538354,19573.0863434056,8655.17136691282,4042.10617286351,32515.845440853,317634.452917105,86973.7586362457,19701.7538538572,8723.5738907621,4074.53645776023,32697.8188380469,315153.18759091,87097.2875676281,19836.704207027,8793.39688540243,4106.25248694204,32854.3299393451,312460.323886265,87148.2768792331,19969.4583881386,8866.41610407191,4140.33162055168,32997.2249400711,310083.340497373,87176.2239651657,20096.5903267764,8939.11102225318,4175.71675622278,33143.5285016099,309216.475615692,87298.5736925904,20210.2647307905,9006.17019264364,4209.65490484961,33343.9794659852,308350.230066671,87551.4534016639,20307.2479749037,9055.4408954552,4233.18470549824,33529.5489383244,307316.787114971,87787.6141034913,20433.4511147843,9114.64627886849,4257.85307824419,33699.8304731054,305981.762660299,87974.0652174897,20559.9415607286,9179.83662112359,4286.85184236394,33853.3350866545,304390.260958491,88104.8980416687,20682.726539714,9246.43341084166,4318.32266568361,33993.1577794437,302664.65913013,88190.4585009129,20798.1225543651,9311.81463956682,4350.59528758687,34123.5293844342,300795.818264186,88241.5951673384,20904.8192015956,9373.84419247399,4382.0071812339,34242.7198470656,298813.649100778,88259.3753338827,21005.6964899237,9433.46501029068,4412.48477592986,34351.5035222113
50,308878.846339672,114200.968166942,34313.2324280429,16718.9084189702,8169.28106601341,19013.3867747405,286906.37881591,109939.343273252,33379.471216741,16401.8061582658,8047.40383646992,18486.4727571991,285129.98800837,110400.439248528,32694.2548983315,16301.6307240747,8169.38250203348,18900.972888324,284750.775096837,111942.630941444,33128.4726878349,16263.1791700589,8099.11727355333,19118.9909831365,283460.808664963,112767.299241264,33728.1727854049,16537.8560473941,8175.72888739627,19247.1306363396,282052.861674401,113527.554960734,34294.5244556296,16884.5479558824,8356.60041681146,19480.9687009789,280578.48139945,114196.927566599,34833.0860806978,17228.1327707235,8558.22179732665,19787.6129333069,279032.938676518,114803.34084882,35345.2673419335,17560.8797950631,8759.87277385215,20124.9458117695,277987.311761336,115443.892167598,35859.5504122637,17895.693375578,8964.12322752207,20490.9319574849,276720.789027663,116054.466595271,36329.742370022,18204.3685048846,9155.16168444523,20843.8898794894,275236.318456203,116607.081771418,36808.2410908007,18513.7153787627,9344.22418361864,21189.0797938736,273526.785518672,117070.221201865,37275.238125084,18824.4587784153,9536.09664692014,21530.9830573284,271664.533201567,117459.749184399,37730.3359818797,19134.0265997138,9730.56640277031,21873.8781117181,270306.457762911,117880.666493389,38191.2484639732,19451.606415208,9932.15372013856,22240.9542379657,268628.553710368,118254.104236149,38596.8465702649,19736.7906773119,10117.9173413085,22587.2275101873,266636.385178513,118544.86556475,39010.496416725,20022.1252926617,10301.0514747005,22921.8006425443,264415.721516959,118730.311205032,39412.4810547761,20310.8708706812,10488.6975201712,23254.6203712448,262051.656819738,118834.247743456,39796.1803961895,20596.2806327692,10678.7908209773,23589.9360206758,260264.856920257,118991.3652697,40189.5965288231,20891.3456623018,10877.1343809005,23955.3566642258,258181.763210974,119102.477306528,40519.1363700344,21147.601000962,11055.6403919959,24295.6314453532,255919.756622763,119154.915552961,40861.7485769491,21404.9653120827,11231.0337865629,24626.0797901553,253340.813596583,119089.959823755,41180.5399887141,21657.9898499207,11406.2784957898,24945.7462178629,250577.955758081,118930.972431199,41485.2577412367,21909.4284355289,11584.3048372434,25266.3274452987,248210.497408101,118789.604156569,41794.1976276445,22169.6461199332,11770.9481338092,25613.2567012518,245783.757984314,118631.196166122,42052.3587686054,22400.310866955,11943.5709857915,25949.5972429196,242956.559164978,118376.684060301,42291.1483972368,22612.6962411653,12103.1034865258,26259.7056634407,239945.134793793,118016.943571114,42529.0751979006,22831.6731945874,12266.8687296461,26566.8963954861,237109.713927755,117619.591042268,42757.3837369121,23054.6489676472,12437.8947296189,26888.7059986093,235788.875277638,117514.822327458,43037.0679009327,23308.3192714962,12629.4094679382,27286.9692248541,234498.695946622,117509.233635324,43218.6594434381,23486.1256537358,12775.3232329413,27634.2845315474,233113.531270229,117525.299891523,43438.3773999237,23659.004457412,12903.4729280844,27940.5272939092,231479.388634518,117448.424246395,43654.2898527652,23837.3014259147,13031.7555888746,28218.0764101553,229601.436948162,117277.828133362,43855.3163737012,24015.6067182758,13163.9551218423,28485.8538548761,227606.057525343,117034.710055146,44042.5341574532,24193.3151549594,13300.1460586091,28757.9914811641,225508.586242437,116732.161100066,44207.324894775,24362.585654511,13435.0992891665,29032.3156456066,223321.449791389,116377.849611768,44353.8989086464,24522.9364212202,13566.7440788295,29306.1333190893
51,241985.947196557,145484.369522799,63500.0652305135,37214.8796615581,21630.5694026931,33093.3306331108,205370.369124255,120411.264597989,50967.8232980324,29921.7433655162,17448.9996442682,27165.2647747713,220131.311521603,133793.141991662,54060.8503046108,31791.9175920402,18658.7316565142,29214.8539750555,208119.24143686,126745.880821774,51902.6198670667,29972.2015748603,17499.23386628,27926.8890619266,212620.647861248,132208.53406164,54201.7346652226,31310.0817436205,18146.9039370054,28867.7537652604,207394.118249726,129576.485973823,54150.0452772291,31339.3073423681,18158.2616934065,28800.1893562707,207750.813055757,131405.396564558,55280.4586003976,32233.97209534,18764.970389963,29709.8434539966,204803.289372102,130435.088507326,55570.9316728813,32553.0103818592,19052.4500392144,30332.8317643105,204162.356777506,131146.937578033,56303.8568734912,33179.6711994962,19525.7441356784,31310.2645612964,202288.112056614,130861.799603755,56701.9734869818,33563.0639073739,19851.6754640506,32136.1331124139,200906.202357417,131066.818056391,57231.706685832,34035.3846202522,20224.1560272607,33040.0721539525,198967.042979968,130836.005406182,57656.3404048624,34436.5191111,20553.6249287539,33891.513042202,197123.361499148,130678.744521769,58089.6895694583,34861.6376855048,20902.3797100121,34778.1049562914,195593.289785252,130530.452169526,58534.3488434819,35294.3281893614,21261.4303813478,35708.8989510432,193897.73422886,130332.069735051,58883.5124758326,35667.4989254876,21586.4475467213,36606.5557312617,191944.339177541,130026.323978152,59217.3777610202,36016.9066254164,21891.1803015989,37479.8334181912,189829.349016652,129596.341943969,59529.4717510044,36364.8117564829,22195.9211316647,38353.1993905142,187575.477444421,129043.049007228,59793.9490111937,36694.7476028131,22496.9444081606,39234.042867067,185808.620642364,128623.145834441,60100.3697006293,37057.2852693771,22824.2036830061,40187.910834368,183896.539882288,128143.153615451,60306.0913154129,37349.4301485418,23109.772502881,41101.3058562371,181790.576271571,127585.082962376,60492.3558158985,37613.4183742419,23369.7105767368,41977.8853061003,179489.055667073,126902.418268947,60655.4940617196,37870.1099544093,23623.9250687162,42841.4978515099,176999.858180439,126070.074963881,60764.1494965869,38104.5834776012,23870.144498872,43697.4816520933,174887.412272237,125330.72969805,60908.1985792575,38370.2451408814,24143.0892615275,44627.0936598291,172767.715208242,124582.035512169,60977.186143367,38584.3596372195,24387.1240735566,45538.7965889424,170327.929322325,123697.060331996,60982.1084548859,38740.3872618021,24587.3816320054,46384.7292861983,167760.10198766,122708.670059569,60985.212684924,38899.6765141181,24786.5716041294,47226.1551999986,165287.230780551,121665.359583562,60965.7415513621,39059.9023067067,24993.353317114,48091.6334540623,163965.261835712,121059.308568824,61084.0198221661,39312.3239165454,25266.3561929314,49119.6067611088,162877.861050473,120669.486527614,61127.3335917909,39484.0981099052,25482.1001484753,50077.8071947788,161562.415564211,120219.82722309,61143.6970024103,39587.2240646629,25625.1324907599,50870.7513672994,160192.944389534,119775.541545731,61222.282340348,39730.7209804985,25779.4442410589,51620.2496255669,158571.06904136,119149.074308825,61239.951960807,39851.7089327908,25923.0597241176,52300.8590274164,156889.623952655,118470.288688806,61243.6708267054,39975.801183491,26077.3954160274,52993.4412167872,155138.893484807,117720.158039798,61210.6083033927,40082.6344907667,26227.2699698165,53692.9099276272,153333.117429566,116913.794675466,61141.8392987068,40167.6023095724,26366.3349258382,54394.1364692183
52,151215.833869124,124513.025501712,72514.9661649257,50146.8318053428,34480.7787034606,79127.7522501637,140061.842761853,119343.958747631,67358.5862363572,46632.8505999403,32197.4057382692,74792.6113203306,128147.090640353,109677.376606356,62188.0254446241,43006.6955954212,29679.0938840952,69283.4559729305,137114.732331695,119922.936972169,68775.7247849679,47531.2130733342,32896.4018474593,77565.6877899371,130015.211262408,112629.875917254,65477.7130224411,45560.6741169694,31602.2145065528,75202.0627219103,129314.222009828,113737.031262766,66063.2357221783,46157.472913403,32188.5201061193,77398.610551868,129542.791620902,114499.1519707,67426.233880019,47231.52840425,33027.8223168446,80323.5241255066,126221.284040565,111879.799985971,66308.9797444304,46740.068753998,32834.2494247726,80720.492835688,125826.44969057,112349.669876584,66973.9088537664,47388.3333052074,33447.476536929,83254.0480103947,124785.668723663,111816.621410373,67172.0254461513,47717.1091118032,33810.1673376945,85241.1474467049,122954.944962285,110718.67477752,66866.2606949677,47691.4216315473,33928.2276875214,86628.0907892909,121876.170148137,110412.581659916,67117.2176919677,48031.4745561439,34293.8360645826,88668.0764490327,120306.163367733,109505.697675541,67050.6647560117,48170.0907776416,34516.0679959145,90340.0472568065,118908.112337505,108654.401047277,66946.1454666412,48291.2645337964,34737.8298244975,92040.4856024492,117839.425701743,108185.969686712,67020.4712409113,48523.0011179618,35038.4930419041,94009.9246524702,116282.731635932,107264.055656748,66845.3763845171,48557.8982282055,35185.6600459826,95590.1128107661,114667.080016072,106315.616456114,66668.1743129646,48598.3418645012,35334.3276990028,97166.4496857394,113085.773242582,105377.910399329,66520.7548922499,48669.9794398249,35510.7406458151,98833.4671956219,111650.203450433,104385.340148339,66312.4857972426,48707.3298637509,35669.8530904836,100493.838647726,110353.138661407,103604.127374421,66139.2033380755,48757.3464671177,35840.5991191692,102249.862181648,108844.892517129,102633.602512963,65873.8229269717,48712.2144325586,35927.1311355619,103793.972355322,107199.26590113,101565.888752086,65563.5342692105,48639.1581738253,35986.6719323094,105244.076627054,105479.711892363,100418.560845588,65229.597565143,48557.3429296271,36043.0384046908,106680.373677847,103913.640862666,99266.692202927,64880.2976843385,48476.3264908722,36107.9030247464,108168.699918226,102511.118275013,98291.6333632224,64560.8424945783,48411.1210267173,36189.367209013,109766.438451308,100880.010791832,97160.4603183881,64141.1249615186,48244.9737025144,36184.6912316209,111141.865940837,99073.9738972825,95852.1630727968,63645.1407999168,48021.1988269034,36128.057025128,112346.77768693,97376.1286121823,94588.321230545,63183.6374350828,47837.1549397383,36105.5580103954,113654.270388934,96323.1334390326,93619.8429436052,62851.6100273715,47755.8775344975,36167.7906068762,115270.058824854,95705.9716913852,93175.2523267768,62667.343618297,47752.6458044882,36284.4560622887,117126.423574908,94815.6318231179,92530.3777125719,62372.6384133654,47598.459058188,36249.4616029912,118466.170680179,93788.1902564877,91806.9674022316,62074.6814549375,47440.2298593894,36186.6923238836,119561.794950774,92776.115568958,91122.0891537465,61855.4095773499,47359.2319437961,36183.624588559,120711.546809238,91654.0795330731,90287.1329015971,61555.7940164281,47239.0896094606,36162.942642869,121730.436489009,90467.9162035018,89383.622922203,61190.3722646926,47078.2049271377,36123.4883086861,122685.214482804,89293.758629984,88492.8797483205,60828.4204180954,46917.029630073,36087.9294985303,123689.477599104
53,200209.710564582,139100.605240885,66966.21075276,41462.35658831,25498.2181833148,50691.7215033068,171291.824413112,120880.224002222,57277.4441945373,35543.6922854963,21976.3342687403,44822.8872454194,173715.338297725,124690.977383566,57834.492038923,36116.5977540964,22431.8177072673,45422.9643339412,172416.979384631,124830.279267692,59193.3197560623,36671.1327676162,22882.7413211283,47497.3449854849,169182.807763226,123283.915238475,58155.6109337984,36237.6060145456,22567.5151766692,46874.8884553975,170318.021574362,125664.928603082,60460.1131980606,37638.1644108327,23499.1635488547,49303.8277660129,166359.511889803,123117.282420935,59511.2105900924,37371.2076413853,23404.4457623841,49076.7494764075,166937.492609971,124965.013075753,61151.0166669222,38512.7930614063,24258.5666516958,51299.3338390251,164018.837194459,123115.807619074,60676.7298191086,38467.2091257533,24335.8773120729,51744.224271179,164037.80044448,124250.230700988,61732.6468468079,39280.1106677306,24981.832301151,53619.4292203886,161683.150038931,123068.366439922,61602.9797752014,39383.7406069345,25147.0172359751,54400.2688153977,160761.925980946,123378.489460024,62249.5227106681,39951.6657692575,25621.4626039597,55904.7600146638,158677.552515153,122509.69209824,62329.7881977738,40186.5717221455,25876.8824685858,56912.846613867,157547.416563205,122378.186686866,62750.1769514604,40637.458436534,26284.268120115,58293.4279504266,156035.109557831,121888.787636478,62936.0313480917,40936.0728366612,26592.0940864923,59493.9813579152,154373.287120364,121405.951127293,63127.2067590099,41218.7217828874,26883.9480769711,60673.9254561884,152587.673020241,120792.140112684,63306.1394216108,41501.6821143529,27173.2090165084,61845.6307990317,150648.218595398,120035.142296738,63409.3869576159,41750.2375285026,27448.1235342865,62993.7218484898,149082.260422643,119391.516964899,63556.7755147331,42033.0053786188,27752.5042188059,64244.5863891708,147527.066074231,118796.126284362,63644.820740286,42269.6099010632,28028.790756771,65483.4615490568,145708.182151321,118029.525736732,63656.2339979025,42432.5986778891,28245.9782143996,66601.7606211725,143816.620383609,117234.796486114,63684.9770215525,42613.215289896,28471.2003946558,67731.8680445417,141716.574897286,116240.392499671,63627.4774733534,42747.9312408288,28670.9925600439,68802.3876255109,139867.613462992,115312.156649825,63594.3747912956,42908.7818694656,28896.2210691934,69959.6914030964,138141.739978025,114469.293836999,63537.0275737558,43049.9422393489,29112.5179968587,71147.6041088267,136107.787803746,113449.060786924,63373.3293373192,43098.1221396875,29258.334358505,72192.5482587215,133967.219089707,112346.578668004,63209.6008768243,43146.6256830878,29398.3258214219,73217.6714187247,131881.071358293,111191.438302897,63026.9053493702,43197.7066831041,29545.7429084394,74265.4342251181,130616.759251275,110360.022594375,62954.5615147888,43329.5646990608,29756.3357060867,75513.3181742299,129808.629554187,109962.788043055,62933.3661584044,43466.0849137277,29966.2361356827,76832.3005424452,128664.135003956,109369.737835944,62799.5153008775,43464.187383987,30048.9486686313,77814.5874927329,127530.266760957,108854.445722965,62767.4549680836,43529.0246382504,30157.2451824268,78767.7350972008,126218.990641453,108184.650614785,62693.7292328791,43583.1608618581,30260.3443525455,79625.2796544462,124794.420966544,107402.990661232,62563.6970096087,43615.0110672448,30358.6778224707,80436.4672635333,123366.067740581,106609.559661483,62425.3177299187,43647.3782548607,30465.8958163184,81283.4816083643,121866.520740303,105737.242322198,62234.9715856261,43645.2922195351,30553.0299490827,82106.5107718523
54,358160.536238502,91694.5266462932,22211.9636212141,9809.69941173843,4411.9303815839,12968.2357507299,345329.336747235,85066.2055228204,20767.7015244093,9351.0792444178,4240.42147364574,12699.5975051954,343209.844161688,84949.6289295812,18198.3807560483,8259.00408364581,3906.49379589005,12644.2735526791,342188.826495649,86111.2737685346,18063.7570045406,7724.76674439198,3502.5527071233,12432.943134844,341280.688526557,86936.7312819312,18379.0993719015,7764.61750395456,3413.45125329669,12310.0174483546,340107.607057943,87637.7609090505,18686.8359267412,7901.66357023769,3451.25504747034,12339.8462689996,338865.02306685,88266.9314413182,18978.7666839532,8047.3032972387,3515.47352063605,12449.6367731519,337584.021863915,88866.6388531029,19260.5389351324,8190.6178603401,3583.2419297517,12587.0373091461,336808.914460879,89468.3358264923,19538.0767706627,8332.96957600127,3651.57231162656,12739.6944495621,335833.537089153,90090.6570921282,19803.5409337791,8467.99669595678,3716.59268330096,12888.5899903166,334601.071518013,90668.4920166238,20078.020032917,8606.78010942424,3782.58362757657,13032.692114244,333120.488014867,91193.3898691962,20349.0860856609,8747.76981460595,3850.80659401221,13173.4751747734,331485.863188392,91673.2424211559,20616.8815370097,8889.40513929847,3920.46959635796,13311.7796645891,330366.564995985,92151.2229107651,20880.8408464883,9031.48951270677,3991.41045558484,13458.3161553028,328935.426354108,92641.4245202343,21127.8729769571,9163.58768323596,4057.8703601711,13595.9365350499,327122.718424105,93067.4402827701,21384.5873491912,9299.70403157205,4125.21805642323,13725.6515768293,325032.373897956,93424.5987527122,21636.9378202921,9438.75256213203,4195.48962413626,13851.9021903034,322811.347789318,93730.849742803,21883.7825876186,9577.80710251146,4267.25293404958,13976.0688846205,321204.022076452,94047.8043098392,22125.8939049518,9716.89953267015,4340.19833939071,14111.0622633279,319307.681816909,94380.4638536483,22347.2461739248,9842.97487496973,4406.95889372599,14235.4039244499,317142.857801969,94654.1031029772,22579.3269641879,9973.11790744685,4474.28248366875,14352.6292274956,314610.817402846,94859.1140069524,22803.7990987466,10104.4601226908,4543.72562900131,14463.7993742391,311890.964365069,94998.1953833797,23025.3482979742,10237.2544098931,4615.30052283129,14572.2031350752,309642.179260656,95136.5497590885,23241.3304021264,10370.745409148,4688.82596084508,14690.4166911555,307272.372580542,95284.9745384349,23436.0554771549,10491.6346678503,4756.65827228359,14801.3677227091,304442.863944906,95369.531096459,23632.1861677763,10611.2763904426,4822.5843959729,14899.6467240482,301380.357310641,95375.1800584911,23829.0476960461,10736.1817534522,4892.18351416371,14994.5464997342,298590.431392202,95354.1370724972,24021.3661171112,10862.927406947,4964.84524255358,15094.6142397765,297459.783097538,95478.668011929,24213.3699853663,10990.2785534218,5039.08505786508,15227.4699411758,296346.362433032,95718.4500035697,24363.5393959153,11085.2671729533,5095.51789939942,15342.3981070057,295058.971072711,95940.3888722944,24540.231127901,11184.9117549572,5148.79478466685,15443.9095714353,293486.373035511,96104.5076027832,24716.6039335694,11290.4395527041,5205.92250435823,15538.250739421,291645.289856542,96206.7601432472,24888.3016797184,11397.5243091711,5265.87430852432,15629.2688893614,289652.23082117,96257.7783536402,25053.7289136703,11504.6592123213,5327.5345408743,15719.3461275784,287539.350399089,96269.0365521956,25210.072616047,11609.1541647491,5389.11637739053,15807.4205158333,285309.367225458,96243.4491052793,25358.5988218958,11710.7271206043,5449.90369416978,15892.3113117374
55,277590.479609498,128185.947400103,44975.3564452133,23591.773407401,12311.3222198617,18805.9728052348,249969.89742807,119033.235648166,42049.3968896688,22193.7704154988,11627.9354246373,17767.2285358138,251053.216548128,121098.248097371,42176.7005863116,22605.2407019357,12062.0785720682,18641.5248085882,249433.263764064,121842.464438304,42448.8493539179,22528.0912051869,12022.75786702,18964.9441134034,247807.408546936,122499.787073608,43133.7655926368,22876.9284816183,12157.738228894,19232.514624759,246299.660685771,123101.152076443,43807.2948132891,23341.3346036469,12427.0912983832,19593.3149343512,244529.090287242,123485.251578051,44401.3550821321,23779.0927254292,12717.577873581,20035.4042832925,242814.42872324,123857.017414879,44971.9622768291,24209.9134520443,13013.5706501673,20537.2919764607,241526.567271531,124269.000449643,45543.0217794018,24639.8521237718,13311.4416741346,21078.1287164419,240070.298093891,124638.159841052,46054.0775174501,25031.6263888045,13588.1833862361,21607.6704630491,238437.29489539,124948.573184557,46566.4142876908,25417.7400820643,13858.1502054073,22130.587213655,236573.616827763,125147.124180446,47057.8266809164,25799.8843981092,14127.583513848,22651.2687453262,234581.639603664,125256.348607731,47530.5940350743,26178.7232787668,14399.4577297086,23180.0324207625,233091.363060209,125437.339335348,48021.337141943,26574.2616877237,14685.0646475071,23744.5392997313,231309.558402376,125541.421027634,48430.438009135,26919.0901712235,14943.8939124427,24283.3912602822,229247.492429687,125556.91269526,48840.5864173088,27257.0424519905,15194.583412626,24810.3929281664,226985.892590762,125449.57972058,49233.8035011931,27596.4991692253,15448.6718047312,25339.952873635,224588.635972208,125242.05696033,49595.6274996501,27927.3065663843,15703.8578386926,25878.6397768191,222750.173861946,125132.920629513,49983.1234643504,28278.2146506029,15975.040391938,26461.626663252,220666.428851815,124956.941471545,50282.6574415096,28572.1660121303,16214.8255822116,27013.6317219916,218424.812166659,124726.418797976,50589.4439418193,28860.2636883614,16445.5944008373,27553.1196763972,215877.483380825,124349.21702852,50861.4829206888,29136.9422341327,16671.0531761153,28079.4591084236,213182.147519324,123867.256486186,51110.8966513484,29409.7022478802,16899.2631850608,28614.2215539192,210879.747047358,123432.95009724,51372.7660243695,29697.6203207489,17141.9328319084,29189.6876500121,208542.8447346,122985.608149805,51571.0839625863,29944.8849648295,17363.467768836,29752.8590839814,205819.133324533,122413.099568604,51728.8847423363,30156.4509403372,17559.16666435,30279.2958734384,202965.175290596,121737.876519625,51887.9473150476,30375.9837325082,17759.0543374657,30808.1426508623,200253.704871282,121017.635353541,52029.1534838697,30597.2971100125,17966.6213124879,31357.538313331,198922.066809832,120686.385068692,52267.93843539,30879.0697538878,18215.0223949806,32007.1523364286,197667.619716796,120475.201590715,52397.5252291989,31067.8855764958,18403.0770821264,32583.9395190286,196288.931884934,120276.206206729,52554.8336168452,31235.8048627242,18557.1948640738,33085.4188645565,194716.469535629,119996.522116559,52720.3471237571,31414.3701132374,18710.2884171136,33544.7651663977,192929.029537518,119597.881414247,52858.3201075244,31588.6477178357,18865.329356964,33984.5362919581,191040.861085615,119129.207191291,52977.7254885289,31760.835387037,19025.4009483905,34433.1309881068,189072.438523778,118594.046818813,53067.8165767572,31920.5016188513,19182.6531009437,34888.6668705925,187031.25282068,118006.013196824,53132.150794524,32065.898686258,19333.7424292777,35347.821274555
56,377427.140709721,74048.6472727324,15292.088981391,6621.60477457815,3062.02108192438,18180.3856899068,360935.926001969,69132.7935508879,14484.737219282,6447.72091487949,3017.41262703035,17972.1009484888,359969.219488002,70081.1463897461,13007.5125320932,5736.87572301439,2779.27491728764,18062.3949792608,359634.997743156,70877.5113210969,13118.1674539403,5537.4266000148,2583.64175379456,18100.4528551355,359208.868996682,71478.2932880473,13296.0495516258,5582.42070785452,2559.88336849334,18217.7543048835,358510.424823946,72024.0540644857,13456.0406459261,5647.05859713885,2578.87949459238,18401.6102873293,357710.554138282,72526.8025812538,13608.2554767266,5711.1900708297,2603.60582155131,18610.1413504713,356905.22804276,73006.2018882491,13755.5009403291,5773.39277258232,2628.35654009039,18823.6703869945,356591.199548453,73491.6836015303,13896.7383248075,5833.40847230979,2652.41517274446,19045.6799356949,356009.338919648,73996.1652044957,14036.2111748581,5890.70270905628,2674.78678058256,19258.8887604177,355178.510120426,74461.2620276905,14181.825853767,5951.29114614535,2698.15568579076,19464.587675233,354097.01346404,74885.9156694568,14323.3698237678,6012.1377895153,2722.31094134601,19663.0710709767,352890.265366486,75271.9680054285,14461.8292506389,6072.37711899469,2746.60837274693,19855.421078171,352191.226160933,75657.736910991,14592.0851440109,6130.17769195004,2770.3928752541,20055.2429577846,351108.944028196,76057.2920596236,14717.9056606077,6183.58969473457,2791.75043681855,20242.1944239368,349668.715148618,76403.3087347579,14850.3066707371,6240.50876141563,2814.05999000608,20418.6257228453,347957.796310168,76695.7634916039,14977.204047145,6297.57181085696,2837.25039782045,20587.004661516,346163.456729946,76947.9635101805,15098.1922362646,6352.89168771171,2860.19325817712,20749.599248073,344934.733143914,77207.3799300561,15211.3267568465,6405.41045879307,2882.31630466711,20921.096202887,343390.462741345,77484.8698801437,15318.1228189195,6452.52638017442,2901.45593854192,21079.4309690488,341568.902711295,77715.1490851524,15432.557532951,6503.27539280755,2921.47029588896,21228.1104180034,339367.643692093,77892.1276622492,15541.2900553505,6554.060564656,2942.27528125371,21365.2706996626,337025.532406887,78016.7421559233,15646.2170913514,6604.43411527252,2963.46258296742,21495.4810474828,335151.319510004,78139.6842400177,15742.2635427302,6652.12312229515,2984.14066807755,21633.0298778226,333092.724386556,78276.8937187814,15829.1472808747,6693.45390094523,3001.60046551518,21759.8209013542,330575.109972809,78365.5134858994,15921.4743479415,6736.62545186649,3018.98542286965,21870.7771094328,327861.080651052,78392.9810090264,16011.4056526233,6781.85494556807,3038.0074675132,21974.3150301766,325486.191833088,78398.8566954092,16095.8813039665,6826.05395473309,3057.48910385714,22079.978027084,324741.591013408,78512.8811926142,16170.5322588693,6865.96654023608,3075.73592959886,22222.3339002376,323914.907975148,78733.308953374,16236.9354366245,6894.39828678418,3087.05120798908,22349.7418228898,322910.033335352,78936.9155130938,16327.4679214991,6932.37548200044,3100.56372180635,22467.7802231532,321604.212197379,79097.6296621438,16418.4886440752,6975.07678554002,3117.58286537445,22576.287115604,320029.339942073,79209.4144187757,16506.3004841743,7018.59553159147,3136.26684263916,22676.4932359696,318310.328792399,79281.5248738082,16587.9775920505,7060.90076288002,3155.30255358841,22770.8510839669,316459.352962047,79323.5597929339,16662.9757100452,7100.60876630038,3173.58250063132,22858.3822077778,314505.836658453,79338.4598264945,16732.8878259569,7138.21434471054,3191.00281215265,22939.5405265591
57,135860.096648174,110168.619038368,70013.3627127123,50682.6444176979,36400.8204149181,93874.7081688419,115438.044087176,95825.7586992615,60255.6419057971,43689.7650462377,31485.2895287426,82022.9626013341,109118.723834237,91388.8907775406,57387.8441861413,42015.1381730801,30484.0235971787,80206.3810524377,116274.69124488,99005.1172425393,62626.1798785373,45797.6376855596,33443.0194331676,89800.2490137875,110642.092137009,93265.7506219978,59666.9471895543,43829.9252984754,32075.2938701655,87744.5515197648,108366.51461071,92577.6994900663,59024.819780898,43506.188993762,31968.3069646915,88875.2347957834,109935.738070677,94662.0216932827,61069.5366473682,45054.2960261317,33162.0952642759,93544.4038333164,107188.101537694,92227.4100911546,60010.3353077229,44528.5898851462,32887.4638072746,93945.7490034662,105684.133355706,91506.6771971445,59686.595594576,44478.3891976691,33005.8291739945,95557.7382973476,105702.735270282,92030.5741162772,60428.6001943036,45148.2621410743,33616.0322619341,98694.2995412835,104077.948047384,90842.9754934997,60023.6638864776,45015.8055088009,33628.0233005378,100058.662041686,102548.24384729,89998.918730755,59725.6642601769,44947.3724666164,33696.6884396186,101594.734426975,101643.452943073,89668.7917269518,59889.5444701531,45207.7983662628,33999.7597925864,103857.736943332,100491.173555243,88869.2564969741,59718.2524456789,45248.9523783794,34145.8414310112,105657.370976406,99258.9084308331,88153.1948577167,59477.0363402286,45221.9117077283,34247.8889745224,107372.733785746,98062.9098079499,87510.2933072864,59351.0570812958,45251.5232514074,34376.1497948926,109196.255480955,96688.4062178542,86654.7802072999,59114.6918562243,45214.6392898146,34450.6431875704,110832.81255074,95226.9003901112,85707.8330993462,58799.8679623521,45128.6611688331,34496.5399131018,112388.563700627,94086.9889756212,84932.7041586459,58579.1996967054,45115.2908303255,34602.5626949668,114187.783362359,92965.111672954,84232.5776589509,58344.07562412,45077.8953294584,34689.2715351289,115982.754028008,91613.7328986358,83328.5684300719,57988.2762829631,44927.4858531102,34676.7024642593,117465.408964335,90183.5080460423,82389.5887113919,57621.2865464271,44771.6843437801,34654.5374215655,118896.330503673,88725.2956228142,81400.0276832551,57247.2779199214,44617.8947902568,34636.2756346557,120333.209743606,87421.237012782,80424.4126684696,56862.5674432157,44467.6385417333,34628.1607067228,121831.247318275,86198.9680458967,79570.2920469975,56488.1436253092,44315.2781806211,34621.6537798132,123394.013270762,84780.5691750061,78581.733503251,56034.7809379313,44077.7203316409,34536.9472431113,124709.629113117,83234.0682030147,77455.5657384674,55515.2029666405,43791.8451695401,34407.3475789961,125845.178571695,81817.0688981729,76376.223398961,55027.1698016893,43541.546845263,34310.1362137465,127094.350642413,81024.0816581745,75632.3862437892,54707.128542328,43426.061553078,34324.5258745295,128799.306173989,80496.3056680602,75250.2644096675,54489.7465366884,43354.8657656864,34366.3970358886,130666.420789286,79726.1974779155,74689.3698487855,54179.0685957423,43155.5242617128,34272.0669673708,131966.257368543,78812.2832556543,74039.337293395,53847.1086347452,42941.8852826806,34146.311610456,132971.831082513,77927.2378309142,73434.5863782004,53592.6175933277,42806.2727040218,34084.6583492095,134067.943141929,76997.6877748869,72752.3018408472,53301.0625354434,42661.4158951815,34027.5214666992,135100.036787478,75979.5831441077,71974.8650879511,52922.6982512135,42456.4067191539,33934.3579569653,135984.128956039,74954.3807552675,71194.3509489579,52532.1165224814,42238.3380904795,33834.7476674291,136877.51935564
58,386557.724164781,72857.6089429584,15740.8133793865,6962.64729574996,3315.82822107226,23246.3072406627,374873.286019841,69692.4208562849,15057.2514510806,6801.82989125797,3270.93905250612,23231.4382956422,374757.557724846,70292.8842328133,13536.6700973053,6141.89452559533,3064.20337037342,23418.1044953936,374817.808947627,71180.2454012136,13580.8940998791,5884.44629659401,2848.36308306741,23535.8493963468,374768.530972673,71834.4510075507,13763.6821332553,5921.27850410832,2813.95256781439,23722.4124440466,374383.163591272,72435.0954141433,13929.4876148634,5986.81361993067,2831.35076507289,23977.6655806988,373863.960897909,72984.6556803517,14088.9455401899,6053.36179834541,2856.51609474814,24258.9197178554,373333.360001903,73511.6923385831,14241.9659522573,6117.85860111338,2882.0395543817,24545.5603351267,373237.86067954,74028.7487958198,14388.115992417,6179.55851591908,2906.59117650209,24839.4367511071,372889.116245633,74566.2816235634,14529.3212172634,6237.45084296511,2929.04147212392,25123.0108963561,372280.563075794,75069.3279659052,14678.4764299837,6298.66083821735,2952.26181793818,25396.3940423208,371391.539003501,75528.4594999966,14823.4015885096,6360.34737247225,2976.32153591489,25659.1054918986,370366.433893576,75952.2065098722,14964.8352140727,6421.31110336373,3000.53825856597,25913.7065567144,369779.74216158,76354.674816356,15097.4608681159,6479.45516226302,3024.04256629751,26173.2493191632,368851.431072143,76776.3551301819,15222.1947884656,6532.20066200654,3044.83576378637,26418.8951043731,367530.693434852,77150.3361486421,15355.1992934394,6588.2180084863,3066.19947677409,26650.0241535351,365923.017843707,77465.7391105183,15482.6147934344,6644.64273195912,3088.49096965511,26869.3978141758,364189.33560973,77742.1874014266,15603.6372755248,6699.12528857963,3110.50537225403,27079.9613050115,363000.905499106,78001.0513754186,15714.888463477,6750.07487898649,3131.39481692839,27298.0712372321,361506.147701112,78289.1849503748,15816.7982639468,6794.45853582082,3148.89095449123,27501.6953246985,359707.984575554,78531.8591942018,15928.572431162,6842.5800453898,3166.96912499079,27691.8572234041,357521.97364037,78719.0698987516,16034.5325848414,6891.06836169359,3185.9691030061,27866.6905352005,355166.659773152,78853.9200559689,16135.6539247578,6938.65764014995,3205.18567245025,28031.0212638079,353230.579811186,78965.8896969834,16226.0501540899,6982.74365227964,3223.51725111098,28199.9576540229,351118.47745597,79096.1034944424,16305.0634922051,7019.74243603289,3238.39907978769,28356.9737476558,348554.193441802,79186.4861349773,16390.9634037627,7058.55332695405,3252.97229709658,28494.9678536449,345723.346007677,79208.8816487201,16474.0990607972,7099.24861136657,3268.98099511947,28619.609140455,343218.512675558,79206.4372442012,16551.3744709655,7139.03979478598,3285.59650181314,28745.6951435342,342306.480307054,79261.3318377185,16613.6755908752,7172.57369213863,3300.25916530066,28909.9595522448,341423.459965735,79462.2110882688,16667.191493272,7194.71541326639,3308.25685723181,29066.4859721643,340372.424309994,79656.6158615828,16750.6153776927,7227.60019011845,3318.46571397859,29212.4840820954,339014.871728569,79810.0282078707,16835.7623293744,7266.46798383715,3332.79623617407,29346.034473905,337367.666524367,79913.7673329241,16917.5446345297,7306.25394205286,3349.01223101338,29467.5355194572,335546.924783787,79971.4488329241,16992.1842032861,7344.48243487215,3365.53119175571,29579.3550253728,333598.137780127,79996.7866427212,17059.057627475,7379.67841200397,3381.17624841028,29682.0652300452,331517.871865108,79993.4725049326,17119.739304114,7412.10063984648,3395.63049932014,29775.1791675782
59,361331.85934064,88113.3082100856,19613.3965285562,8385.32835268643,3659.23334592816,8550.80336205329,344338.329713085,79976.6378926752,18379.309418914,8036.46141164984,3543.21462654384,8437.98508399937,342805.323946316,78296.2401506635,15267.2864236001,6873.4049420288,3211.98141392292,8383.864769167,341968.49263381,79236.2607319434,14776.6479566666,6145.62367906344,2746.06046973176,8129.69692485521,341280.075786818,79853.4335406181,14921.7359101783,6080.84154638543,2607.04796603433,7956.68078124365,340352.159466296,80375.0936078349,15088.6571122807,6134.88264166856,2602.4154901119,7933.32779451191,339355.340389023,80827.5968402239,15247.5797618609,6202.41548938362,2625.81937604335,7984.70883119377,338285.483451244,81251.1361585512,15397.2759496296,6268.38337342169,2652.91059357264,8061.05727814135,337698.56489725,81666.4297559276,15541.187041125,6332.32352589931,2679.79140915298,8146.99511748441,336944.320280925,82116.3429720326,15679.1935171425,6392.03460338521,2704.66145651541,8231.83112866459,335944.101054595,82524.3141554668,15825.9001853254,6455.31939107855,2730.43529827286,8314.26516613576,334676.90289406,82879.4656041044,15967.2873410971,6519.0250216172,2757.22659306591,8394.41419544757,333240.81034961,83186.1611237844,16103.7434862347,6581.6228013718,2784.10171947506,8472.42868928082,332284.176289778,83476.7714362903,16231.5779401865,6641.62728264515,2810.32625801665,8552.26818258815,331059.550034444,83800.7059116052,16351.2336253833,6695.86587904731,2833.7661408484,8627.56259545651,329482.141130043,84065.4710179209,16480.0390275827,6753.91462734591,2858.06033918843,8698.67088541624,327638.279735196,84262.6584937146,16601.5443418823,6812.14035157011,2883.46374006142,8767.14425918981,325619.430024889,84409.3337773306,16715.343497451,6868.03703101864,2908.52056145686,8833.04021371702,324147.355475596,84542.5753460248,16820.2906706668,6921.0050410818,2932.67674546257,8901.12896383624,322450.674410055,84720.8064644601,16915.8171365139,6967.25743395934,2953.53540718015,8964.43009486839,320513.21284488,84846.2823013058,17022.0189071013,7017.67118865454,2975.22082918915,9023.93599066662,318233.04594723,84912.2689941324,17120.7732528454,7068.05199083839,2997.92468783676,9079.95202426257,315719.535587573,84913.1894211865,17213.8583400794,7117.31716488623,3020.80343647583,9132.98738730444,313617.151466487,84889.0712783753,17296.940723449,7163.78831969556,3043.12937906169,9187.61718514574,311467.567651073,84901.5565912325,17368.76213229,7203.18539436184,3062.18352048098,9238.79635850285,308889.946465724,84873.2216059733,17447.1216852706,7244.07676369371,3080.84632462398,9283.8264737944,306083.50608944,84764.2292100261,17523.2699432012,7287.43946488682,3101.34858350348,9326.05759983455,303424.322463616,84620.6253065493,17590.2821299983,7328.82896979435,3122.13599808236,9368.21343581731,302280.948481612,84556.2443704024,17647.8249600181,7365.98675924869,3141.45338929155,9421.16111528387,301310.546355074,84683.4792165925,17697.3650739146,7391.51341514031,3154.01059013531,9470.32859422539,300195.066649483,84808.4621476946,17779.2676713889,7427.81789065619,3168.45388511662,9515.46883389585,298833.406149753,84888.7657095619,17862.530162401,7470.12434160186,3187.06957960874,9559.40699057285,297204.817551389,84913.60564056,17940.8749759755,7512.59155591664,3207.17178691457,9601.76849009751,295402.314345246,84886.8348953817,18011.8681741112,7553.42590668149,3227.3923508679,9642.23972748639,293479.474309241,84822.4304025719,18074.6274789857,7591.30563530018,3246.76149080885,9680.28804188419,291453.317911479,84727.6355861006,18131.1205888734,7626.54691323936,3265.07608429094,9715.5330218624
60,231091.731940402,125006.10533661,53037.5613790553,30604.7460502157,17531.8350892073,28083.8297097529,201938.55696706,112456.931110202,46730.9905584816,26963.7697495085,15474.0592598209,24976.8457110905,208263.919870434,118707.168716249,48840.9784216932,28406.352292508,16464.9418427435,26817.9985901372,202216.586178409,115702.744623457,47854.6120805096,27651.255761412,16031.1818762665,26542.0237151971,203332.641284503,118267.553629751,49297.9926322429,28486.8107676212,16484.754141334,27441.842124982,200210.132687536,117218.542246616,49465.7790933142,28713.1996173369,16639.6935071642,27714.2442528706,199449.026341539,118092.56560152,50291.7324092292,29348.6768840819,17091.4842405773,28547.7299351075,197222.479471203,117671.453629297,50621.5654875513,29698.4702626944,17381.299016334,29187.997501588,196308.934144284,118089.931018334,51238.315971806,30213.7385731779,17776.2993357368,30067.0134578382,194689.071461102,117995.342427668,51608.2627215465,30574.0059129752,18075.0930468596,30819.8158566147,193237.506979063,118119.167969103,52079.0010711369,30984.2098896361,18399.382636623,31627.3608197685,191435.790763169,117972.082607413,52464.2002221332,31351.545856423,18697.8065107125,32391.5203077793,189631.010048355,117826.766108588,52852.5047703543,31728.5390560304,19007.7244990037,33185.0142159552,188218.336079661,117728.903634429,53252.9116794537,32119.1897185337,19330.403455667,34021.6201529537,186573.073315567,117577.198596114,53566.8301062006,32450.4021721834,19618.7691532575,34822.1303492653,184682.773305075,117313.10116925,53868.5639740174,32763.8795626061,19890.2376217911,35597.9772480021,182660.955998251,116955.353699414,54154.359160036,33079.743480623,20165.3885894899,36379.6462646956,180492.496115757,116468.849121576,54388.7746854759,33373.2976650465,20433.4613249286,37161.0980086331,178850.291700535,116128.71086939,54672.0510862837,33703.3478349733,20729.5113811915,38019.533477818,176994.371496716,115717.161238396,54851.4799977025,33959.7794918762,20981.0660130057,38826.0113029326,174970.771320197,115235.014264064,55026.8369192686,34199.6040372244,21214.3887217895,39605.0956300526,172759.940822258,114643.86670054,55176.2201131008,34432.4752100147,21443.4617305377,40371.7556101163,170366.861830151,113909.230589606,55274.5723948598,34642.8583680589,21664.0977392601,41129.4157201557,168372.47408345,113273.41068761,55409.4721215103,34885.1570371027,21911.2528354328,41960.6780064528,166337.08143917,112624.935105631,55471.3004294799,35075.6170748077,22128.5399692813,42767.6798310387,163967.84214627,111838.619165162,55476.8289690172,35214.4078848781,22306.1536276361,43510.9446472196,161513.353745631,110973.929091927,55487.1925655364,35363.1997986493,22488.135866016,44258.4262153924,159159.857782128,110048.28936075,55468.7525445628,35506.6697904694,22673.6964382475,45022.7181772163,158023.078867085,109569.280387087,55594.9027026284,35746.2459938192,22927.0275182444,45957.8939476684,156941.593070143,109227.38428607,55618.9056357251,35885.5028460206,23109.2756777964,46789.4215219378,155700.283439423,108852.15721495,55653.2260910475,35987.0469106187,23240.1664391745,47493.075812768,154365.081246311,108461.607618901,55726.3800014859,36118.8468452948,23379.71918995,48152.2719993546,152800.254545069,107904.719872859,55746.2505472277,36230.7274214543,23510.8961803123,48753.8052061993,151189.670462594,107311.610371912,55755.1434392035,36347.1306519692,23653.273059745,49372.4051106646,149513.838399755,106648.982758634,55727.5946822696,36444.8328819693,23789.326559646,49993.9361804965,147768.199344196,105935.738932263,55666.7993020541,36521.6288358499,23914.5483593764,50614.6308800305
61,181739.804133355,121359.628554919,61737.9124863403,39544.8172046376,25172.9577692009,52626.861762342,150210.450277563,101273.562768801,51321.9261871536,32883.3836584872,20981.7194099431,44341.7465634624,162475.819991516,113789.085677702,57100.7518114122,36912.795793853,23767.9839893124,50445.6206424324,153031.512906685,105777.134359909,54054.1145894651,34867.0674836552,22522.1617109616,48706.8385890828,155849.947449518,110105.483766851,56103.3400351469,36339.5868489231,23534.914805064,51387.6763355399,152774.668004816,108106.306853626,55981.4993617327,36317.8018877247,23555.9323001989,51907.9621789478,151688.967147225,108397.969478279,56453.4914973196,36863.0688802458,24016.6059193944,53249.781419528,150419.307490726,108206.151666751,56912.09473109,37314.5412626113,24423.4160861099,54614.9703012107,149011.545365592,107769.157682203,57113.353790367,37642.2877350161,24754.6171561281,55854.3881970716,148022.193588021,107794.325416045,57506.3885855207,38060.5974562745,25145.2414920579,57297.0250199825,146485.295326967,107337.016709413,57691.2118796771,38333.8852618144,25427.5391023859,58511.9040000693,145083.179981257,107050.408204041,57959.3498271743,38671.0270216745,25754.0710462973,59825.6190939902,143496.087856322,106548.265490995,58140.9731590136,38955.3969289126,26048.8656141192,61081.9241371691,142301.209465692,106211.760969686,58375.6806358146,39284.8255696354,26380.2849447173,62453.023928917,140916.347125122,105798.740963823,58513.8670867322,39536.2320004111,26659.7358337788,63744.9916153799,139288.813921215,105245.559471697,58605.0420373637,39743.764095751,26901.1518231657,64956.10368625,137621.042257651,104655.989968336,58706.0616083619,39968.2771854309,27154.481241064,66193.1583569315,135838.428815741,103919.223461298,58731.6079548599,40152.5417492267,27387.5961916386,67397.5254942796,134471.586481064,103361.944255208,58821.4008255261,40386.3772189705,27661.1268818909,68741.3928349995,132942.029780362,102738.9904345,58810.5095944958,40536.2782879641,27876.5511649492,69991.2525493834,131252.694929742,102016.944038447,58766.3608598025,40647.9400182925,28055.3112617348,71160.5448938083,129460.86578574,101242.604199976,58715.7615125324,40761.5797749704,28233.5568416162,72320.9411767592,127525.330415684,100307.728149522,58593.7234449387,40835.9660985183,28389.590761548,73429.5646168102,125907.313422506,99498.7629045811,58518.3225513792,40952.2547202369,28582.396184217,74664.7174807704,124272.946274653,98697.42464731,58385.0196986282,41017.9283745259,28741.8036007955,75864.848844307,122351.132991079,97729.8878578772,58162.0574815044,41003.1239912297,28835.831410542,76914.3760030943,120378.275191324,96716.6120867807,57949.5837798986,40999.8819926838,28933.90857737,77967.2183462906,118545.507877217,95676.7743878716,57726.2346218028,41002.085903453,29041.888873984,79056.1499681761,117616.385523131,95070.9589986925,57665.4482592112,41123.0227470182,29241.0836192078,80443.7225881812,116797.058546601,94656.9589410817,57561.6825764027,41171.0096174351,29379.3159692168,81726.0854603818,115729.265286784,94109.1978449546,57405.1489291118,41133.2290036115,29424.0628622854,82713.3912190444,114658.054175618,93617.4219386446,57332.6289639906,41158.8163293043,29498.8093240028,83677.7266591846,113436.208517797,92988.0717475863,57217.5310516741,41171.5715406278,29568.4813917407,84545.4214065453,112120.113532757,92267.4451480408,57049.2029582759,41161.6307379848,29632.6945920874,85367.578433294,110806.388016127,91543.952969429,56874.1855436094,41151.2958723564,29704.2940754976,86225.7037148172,109430.554765637,90753.1815500352,56654.0153881055,41108.6218247967,29755.5405809544,87055.8407126803
62,219219.388165249,147844.937501763,62892.7564275554,36597.4577463368,21142.900898016,31670.62245448,184331.738215527,124155.17834538,50754.8982101465,29436.920703178,17016.5689663817,25784.7732135673,196585.896168878,137604.827472482,55266.8312550207,32006.77262459,18561.2487435126,28264.1409699,186886.121651654,130397.47270394,53015.5850712738,30461.7379468736,17595.4825251685,27073.9350953615,189886.679712116,135111.478181332,55247.2369207849,31766.7093106173,18308.8555892714,28185.9164052116,185877.215457216,132809.414079244,55107.6938132277,31821.8228067754,18361.34439425,28241.6875861992,185581.864672585,134124.842055651,56142.8812070257,32609.2434629352,18912.4323765502,29162.6570547546,183215.894591273,133297.640284625,56411.1567443008,32939.2619111653,19201.5039328676,29800.2502784132,182360.364847164,133726.934521525,57083.4578752177,33508.8212044552,19639.4809269969,30739.9941309327,180785.006808007,133472.893114968,57461.0831733986,33889.4452321058,19960.5051422048,31544.0110959358,179388.894466051,133493.133513577,57946.074556334,34325.8125214496,20309.9303116011,32405.4369994419,177664.306651791,133206.259237416,58339.8503465898,34713.9302938258,20630.0235279767,33225.0880067186,175917.082138432,132908.245640615,58729.130757319,35108.9522100584,20960.0531792658,34071.4473881578,174507.779536574,132671.719452055,59133.3744118283,35518.8900381181,21303.9761904701,34962.1916491295,172961.791428162,132399.873422235,59456.581068615,35873.1735822282,21616.0939055973,35825.5077469233,171145.8258531,131975.099278247,59749.0528758264,36197.2233808189,21903.5966490691,36654.9207946171,169228.634980376,131457.822734696,60029.6130287754,36526.7080818386,22196.3999727333,37493.9746702883,167151.837337897,130786.303772871,60247.4667257651,36827.8126350885,22478.9713332671,38330.570297857,165540.920012399,130284.267764071,60518.1288979597,37167.6242580061,22791.0055730125,39243.9019563538,163787.082325127,129722.672787223,60689.1985644383,37435.8947763739,23059.9209615192,40112.7432811933,161881.161237466,129078.547081862,60848.2561283054,37682.3516675913,23307.1381556725,40950.6056781197,159790.967745494,128304.852752494,60973.3576653575,37916.1937673799,23546.3773989856,41771.6257457172,157526.53908257,127374.067720084,61044.1773925692,38126.480148609,23776.5661967685,42584.7684601947,155600.904763447,126545.854462347,61148.4502984823,38367.1388372553,24032.7290754955,43468.3772026715,153690.623376002,125731.848225369,61188.556502138,38560.9856668109,24262.3857947604,44337.2898836906,151483.39387301,124763.682782407,61163.589492327,38697.1139353596,24448.2917183285,45139.9769427552,149155.261485233,123684.129925434,61130.0668447788,38834.0970572324,24632.4018348939,45936.1844982546,146907.304777746,122545.082741741,61069.4589737621,38968.1083448784,24821.805529829,46752.8071185421,145737.488251999,121902.216416542,61159.540937691,39201.4199376051,25081.2587423894,47735.7897474791,144737.215831662,121479.667873985,61179.4144711678,39351.5291838295,25279.8166742682,48638.3725602626,143552.950644281,120987.444393742,61188.5396143837,39447.6912444804,25414.7971075726,49390.2969321804,142306.697166455,120486.371615006,61244.6547320909,39578.6016941928,25560.1750474099,50097.1123697974,140866.855270089,119820.372071093,61246.1793024464,39689.976682799,25697.6698217025,50747.3772661567,139336.047102661,119080.045627179,61221.1123501199,39794.8908513145,25839.1202894298,51399.2518144704,137765.027869423,118280.643679355,61167.4350777344,39887.800349731,25978.9181335802,52063.4240096409,136129.323125993,117418.413923227,61073.5902900162,39956.00677191,26106.1598466712,52725.7634657895
63,346056.587172265,98123.3355181525,25269.2792636046,11423.4243144213,5224.2395920745,14539.6608274113,321179.889681427,87690.688722955,22531.9024617791,10365.686609036,4784.95566571219,13725.9563161712,321920.476776254,88224.012200045,20484.2348873243,9484.47778650125,4510.56190205092,13784.4271562644,322820.057012177,90075.9004887919,20392.5434569642,8979.55895422241,4144.46821755011,13669.9751751671,322787.510755058,91176.2983162561,20793.6517981578,9041.27782468473,4057.27415468184,13581.5963955518,322299.601085786,92072.2073142403,21172.3799639212,9213.46315068661,4108.64445608348,13639.6083919907,321732.00647543,92899.7794056187,21533.7847990867,9396.65238596615,4191.83662294917,13786.3467209771,321172.463371715,93695.5626161261,21884.6604706038,9577.91945715841,4279.85914088191,13966.4594146957,321086.914141187,94514.6349868351,22232.002069403,9758.30432673484,4368.71397741747,14164.9843244303,320621.543361098,95285.297841218,22554.6379726026,9925.30619198247,4451.32520605687,14352.6585426059,319924.186516603,96019.2595575696,22887.6856765915,10096.9640902456,4535.36597644826,14536.6282348413,318961.126021737,96693.3669909481,23216.5844224967,10270.9019184302,4621.83596075805,14716.9567843987,317889.126281392,97328.5878476583,23544.8973995688,10447.0704878134,4710.71745209876,14896.6912371861,317337.466947331,97992.0857473339,23874.4949776481,10626.1857675687,4802.21565821996,15087.6847185027,316296.66285541,98584.2986396989,24168.616089866,10786.878121333,4885.37426624604,15260.9202662559,314943.57005359,99131.8331944945,24475.4828375393,10952.6653835996,4969.84953241537,15428.0458345132,313347.660193075,99612.5551910306,24779.3371612365,11122.3943525485,5057.79376868857,15592.3825428672,311669.930359543,100051.809897149,25079.4392674499,11293.3043981511,5148.06292494032,15756.615913856,310558.177778741,100523.893567631,25379.5559249145,11466.2701105477,5240.54384089692,15933.1770517269,309011.622891125,100927.16250327,25639.6365214511,11617.6964885025,5322.93661668274,16090.7477625596,307238.657062404,101297.935102054,25913.7879597828,11774.0946670915,5406.21567617606,16242.8150376652,305117.783658148,101585.080535732,26179.6553339716,11931.7555888503,5491.61482069361,16388.0105040993,302842.551593429,101818.984909152,26443.6614436615,12091.9135350307,5580.02563602429,16532.3613447768,301013.694173145,102068.590875041,26707.7539129306,12255.2826689493,5671.67368655372,16688.2170077306,298950.719423305,102264.43964503,26933.9349467455,12398.8566378419,5754.44713608307,16830.513165677,296449.095685534,102397.074804926,27158.486341141,12538.9454980292,5834.11915947457,16959.186400748,293767.547055633,102467.605010759,27389.6218950101,12687.0402523922,5918.61651258912,17086.3208803707,291398.653797087,102534.884018234,27622.8919459243,12840.8553911188,6008.36398296223,17222.5405593277,290589.375254303,102775.363426461,27863.7726461811,12998.8583217626,6101.56934809866,17393.5866682683,289570.718879625,103004.991772963,28027.2902581456,13107.676840653,6168.79751942273,17532.7518986017,288470.48483026,103274.1847948,28226.6575824418,13222.857644099,6232.70282900772,17660.5812639573,287069.724479292,103466.90066756,28426.047535924,13344.2967299886,6300.07332411772,17778.206807389,285414.098760938,103597.749756308,28620.9844492093,13468.3335491871,6371.24549486692,17893.0136334814,283623.22110863,103677.148070127,28809.8409394738,13593.0098442667,6444.79107469675,18007.8498829805,281706.627425556,103708.828142201,28986.4701737567,13713.8163689022,6517.9393973766,18120.3877247011,279675.602290642,103700.375762098,29153.4847028274,13830.6998121185,6589.87768458292,18229.4651913645
64,342574.332155855,92574.239590354,20702.1752781834,8905.91934520716,3975.41348704382,15262.920129578,319735.63679316,89091.7600629197,20453.2136363858,8904.49541505415,3987.75263764986,15044.2207197952,318160.567184933,88639.2921038429,18933.8225935916,8377.53623420709,3875.59099241863,15150.1819288588,317431.785148746,89619.4441801538,19012.3237564894,8088.86766226535,3643.49255522355,15128.3138392619,316721.193294305,90312.2766372927,19314.1686212037,8179.50940986549,3619.86019675447,15153.3320563324,315760.30859931,90928.8129834875,19584.7316952084,8307.44841522564,3666.5178502549,15269.7413101124,314707.890286254,91481.9567693715,19843.7300245563,8435.73906006691,3724.18942982093,15427.5227418225,313592.223822614,92005.1807646531,20093.6931089958,8561.2901863329,3782.68133944077,15596.4897734605,312920.291640636,92523.5909555854,20340.5369523174,8686.12206520505,3841.36191873421,15774.7187051342,312121.02016558,93075.4526992008,20575.2945538626,8804.05036658471,3896.9385068288,15948.3646606241,311102.055108776,93587.2788693993,20821.3138217199,8925.94504723027,3953.32582794109,16115.2944852103,309847.793348227,94041.8572000107,21062.5842510799,9049.75778178339,4011.76410420546,16276.6774703539,308396.184016061,94445.4894560488,21299.9521348258,9173.75583033246,4071.35967683173,16432.7480843683,307397.395341731,94830.8753182337,21532.369917418,9297.92979739338,4132.09773099804,16595.6698019957,306196.538749057,95248.7278691915,21747.692735156,9412.39109667468,4188.61976127972,16751.072922349,304652.48867226,95606.9468841376,21974.1966420894,9530.44121671001,4245.48270761133,16896.1587362173,302842.205581723,95888.402511376,22195.4952871771,9651.20510341413,4305.02119931046,17034.8750656643,300842.324169545,96112.0303248649,22408.6441510298,9770.90383231609,4365.55705950237,17168.2948409447,299366.320664036,96325.2600057027,22616.9811287983,9890.40557810251,4427.05048645536,17310.7233673632,297726.301696916,96580.7152447223,22804.8551509925,9997.9324218428,4483.10004079047,17445.2213497042,295816.485410507,96780.4446820113,23005.0066904398,10108.7337256868,4538.96125413085,17569.3325089206,293615.158170639,96907.5528152216,23198.1461838725,10221.4969842985,4597.17089653434,17685.9361912589,291155.687272177,96965.6887528373,23384.3731733292,10333.7069863922,4656.59075443167,17795.4158891213,289065.031624591,96997.6015171979,23565.1965333629,10446.4662424492,4717.65068759286,17911.9630756792,286965.662991408,97060.0769219154,23725.8760680017,10548.1954278801,4774.0747579088,18024.2371385998,284477.487718005,97074.8080511451,23888.9172586659,10647.9919642996,4828.06328197984,18121.9867010434,281725.419483305,96999.6137107894,24051.7048620566,10752.1929775206,4884.96784702264,18211.7496860921,279080.140597625,96882.2792047928,24207.089557455,10857.2338516542,4944.42457746464,18302.4302237751,277881.627352815,96871.9334564023,24361.2248393524,10962.738444557,5005.46746943989,18426.6698054248,276898.769903438,97050.1848522568,24482.6379341936,11041.8885321405,5052.24659213652,18544.7531064168,275781.073503144,97223.6760157482,24634.8794514932,11125.5987471439,5095.47446908152,18648.0756603763,274394.956705635,97341.1824323001,24788.3215162281,11216.441956047,5143.07383768312,18742.8699920208,272758.035981634,97390.6555286612,24937.2353871867,11309.0758944191,5193.69432713223,18832.11244267,270969.29905752,97383.5146269568,25077.6115557718,11400.9800981426,5245.77176291833,18918.2350084059,269064.094962531,97335.2957172998,25208.0999035088,11489.6788313402,5297.45155933927,19000.5270264983,267050.210028718,97249.0481787348,25330.5204571399,11575.2203169114,5348.1339161165,19077.911229052
65,327599.105960048,99054.9382138014,22623.6416464374,9647.21897365415,4139.14419259115,5567.78258547696,300904.008198928,93460.7941913746,21873.2153376011,9450.93677928341,4075.64407877874,5446.69101359339,298653.41148784,92833.2999968297,20073.0423710458,8785.26261107693,3922.2521307612,5479.28461362375,297771.059066541,93732.3045735455,20163.8930775531,8482.92288667667,3665.66396945074,5323.86183720255,296927.313102805,94369.9317810684,20479.5700977475,8581.6548645678,3642.02585683009,5220.49198106018,295821.239085028,94917.1499541141,20762.6840718248,8722.06395672499,3696.08787860637,5225.70712772539,294633.733825437,95394.8841584622,21033.3693810023,8863.36477198479,3762.97743805759,5282.94657105946,293386.751699611,95840.1781592275,21292.7703682303,9001.23111631067,3830.84171409768,5357.57200361197,292580.999538429,96292.9780761655,21549.6657630575,9138.42618543051,3898.90666546776,5439.29757698926,291661.806281937,96786.4543612396,21795.8302518611,9268.71345070132,3963.76900241022,5519.74271995535,290523.43523547,97230.9647771121,22051.4598443073,9402.63821612799,4029.41828403896,5599.05305074276,289164.307487989,97614.131530682,22301.8575207897,9538.2880375389,4097.22743216681,5679.165145314,287595.264676626,97935.7707794858,22545.9445974915,9673.37445583581,4166.03847165594,5760.01188569163,286516.006644451,98257.4992312332,22786.6132898658,9809.39411569815,4236.34875364847,5844.9424812632,285219.774480409,98616.4299016937,23010.5462770157,9934.84248452739,4301.88593863369,5926.06685247374,283590.85989165,98899.3231789136,23244.3878069153,10064.0679559052,4367.95360690694,6004.69637599482,281713.738762367,99101.1385654684,23471.3006114555,10195.5620405978,4436.87246153409,6084.50523797502,279663.533353016,99240.4956505209,23688.3999769639,10325.4021049262,4506.70003395881,6165.64478184631,278141.86448817,99390.0924197147,23902.2534621479,10455.6403542808,4577.72392883678,6251.29032462324,276441.697613681,99580.5527691503,24096.7026840335,10573.3692765922,4642.83002202962,6332.14479867459,274511.035576245,99705.8439740862,24301.4278395237,10694.4914824339,4707.99970699003,6410.21327440487,272285.267478343,99756.58927748,24497.3232276557,10816.4467556505,4775.24334372432,6488.44925871565,269813.381648056,99725.6619117479,24685.1230811486,10937.698553638,4843.76012254347,6567.76707171571,267735.519230079,99687.7843566928,24868.4810482793,11060.1783346816,4914.39672673621,6652.28847939233,265636.984455833,99684.8637458361,25032.1244910056,11170.7627016291,4979.76426285416,6733.77374424816,263168.933367639,99620.2855125626,25196.4565712377,11279.0918257844,5042.5708321881,6810.04220721196,260446.320865319,99460.8207417963,25358.5152781116,11391.2618560468,5108.3577988723,6886.82361960058,257819.50227475,99253.3946284725,25511.7762696424,11503.7443633161,5176.61772420007,6967.49785284988,256637.691924063,99203.3898220732,25670.5622656922,11619.4786674531,5247.53005061926,7059.80450852386,255647.568468006,99350.1292474718,25796.7936991528,11706.5859778,5302.30236132097,7139.55204631598,254498.305637022,99475.2204337711,25952.4617271245,11797.718160512,5352.81077153474,7208.0482992814,253129.607331801,99543.0044349102,26108.5415693079,11896.0081501002,5407.8952497755,7275.64132097747,251487.676599856,99536.3621701656,26256.7068761067,11994.3177513458,5465.22336494796,7344.90453505972,249723.856947253,99470.1943372831,26397.5896229854,12092.610282006,5524.28485962721,7417.21875661939,247859.341723643,99363.3683928846,26526.8312327226,12187.0041518056,5582.75464581209,7490.51461402799,245888.597706254,99218.4487333923,26647.4206884551,12277.8029319538,5639.98518765991,7563.30400774276
66,258000.45575366,78172.7350113117,19076.7114756106,8351.45427088257,3692.37477567864,7875.79026990139,237440.122276608,69577.2896313322,17092.0924146062,7695.7711857619,3447.33711487128,7430.97765562158,241976.574482364,71596.2927909747,15570.7396864985,6871.04474049665,3172.89256665126,7544.28825355034,243889.610226808,73192.4725129485,15675.4262145093,6561.30171738831,2886.95466307727,7396.70776188726,245093.181365896,74351.3881618006,16040.9045385089,6648.00532353927,2843.5840331347,7320.15758394672,245980.161148524,75378.9124108495,16398.5880266522,6805.72373562324,2895.24827767357,7366.78375135984,246762.740486299,76350.1683131914,16745.3229618898,6971.16653494785,2967.61383178829,7477.30297166073,247533.664713698,77284.1681063928,17084.8730569174,7135.60334758662,3043.16058619981,7610.14011344026,248546.966297685,78228.4883361378,17416.9042296016,7297.82170206591,3118.68449574668,7752.56221805349,249276.387281607,79142.8928385051,17738.8974945975,7453.53828962862,3191.01017404319,7889.37136873351,249844.1943162,80030.7923724974,18070.3424687593,7614.98759313129,3265.85450068928,8026.30235522392,250191.089068974,80876.1304702593,18401.5328323743,7779.48564508106,3343.24988265403,8162.93941414649,250500.155729026,81684.167205641,18734.2533820924,7947.15227921651,3423.16868362641,8301.22412362172,251094.460499517,82511.0034679845,19060.7790981277,8114.15038706326,3503.88787737439,8444.52813436883,251286.636764594,83283.6643673485,19368.5194976511,8270.09616580378,3579.33186849036,8576.76754945436,251255.60133611,84023.0175997341,19690.4492397939,8433.97230377951,3658.13001691755,8708.67700432584,251033.420982193,84714.8998619425,20012.1523464714,8602.30847117653,3740.5957492878,8841.71591325446,250754.392013225,85361.9619291138,20331.5292171367,8772.1333239229,3825.13156225069,8975.90640342042,250848.988963849,86044.9552201167,20647.7133479616,8942.55914039665,3911.04516322705,9117.42051320507,250517.446433511,86651.2170196286,20934.0224397321,9096.19190160283,3988.96554295184,9244.32911314862,250043.536605498,87242.7871862112,21237.7595564942,9258.57038028815,4070.32047982963,9371.95523477572,249268.788921485,87764.6704017709,21535.8505227162,9422.80796870696,4154.15296135809,9497.45330957963,248413.304176832,88242.8523179238,21836.252526524,9591.3367856926,4241.52544961254,9625.62438054206,247870.541814566,88744.6634446718,22133.9505348496,9761.56213078023,4331.235339865,9761.5015805443,247029.413170079,89177.3150176562,22399.2121192838,9914.3949514619,4412.99126848495,9885.2200308926,245880.753277804,89564.2976527967,22671.238483708,10069.7473680266,4495.15359523089,10004.1779897345,244547.625565288,89899.0626914406,22948.1815855375,10232.4584654868,4582.22175855059,10124.8226348122,243562.681994868,90226.2766826998,23228.9223241105,10400.9588586093,4674.12084909899,10254.3217315875,243675.307880543,90713.978504819,23502.1025548823,10566.0103716553,4765.62020571506,10400.8254958772,243342.743323347,91080.66243454,23694.4157022284,10680.4335490507,4830.42361006505,10510.848900604,243028.993175035,91518.5147986268,23929.1578290901,10809.190561645,4897.68662022709,10619.8687211629,242406.614854946,91863.2708313904,24155.4627367112,10939.4257652838,4966.82130013616,10721.9467847276,241630.487136174,92179.5429796214,24385.9995484859,11075.4551154432,5040.71563928546,10827.4155560908,240728.668455953,92449.656454582,24611.8600236074,11212.5458433095,5116.84186334898,10934.5815328284,239724.998672413,92683.8496828389,24830.1775320211,11347.9609500696,5193.42039770449,11042.1125015031,238618.275847195,92882.3135417285,25041.3654486913,11481.0045002656,5269.57677460768,11148.471271406
67,352525.993587772,89576.1058416297,20384.3968058459,8839.33473802579,3953.84131565465,14147.1154641915,333741.071530292,86177.8508666262,19731.75686236,8655.12243516318,3893.7395046708,13981.0444888324,334258.681317864,86164.1484206924,18459.6601077964,8217.47736611852,3795.22891676998,14130.1023821944,334595.305633001,87526.2599382434,18459.5737010243,7893.52840002673,3566.05954603149,14137.9112701507,334594.585600386,88445.095848326,18781.8980255937,7971.03758262889,3529.29978513836,14169.1071996069,334245.161943288,89260.5085714517,19078.3081139519,8103.56597277147,3573.60016373544,14289.8059862355,333818.076431309,90022.2722008038,19366.4455700194,8240.51000108368,3633.38506527478,14457.6145155624,333298.590974105,90750.3314992117,19644.2193177108,8374.66515095953,3694.63136433417,14638.9291888581,333247.037968522,91480.5249177441,19920.591083821,8508.50808332668,3756.25601908302,14830.4146938503,332946.442288793,92196.3525060517,20176.4875467835,8632.24652476864,3813.41419552959,15013.6265926396,332370.224499539,92882.0036586706,20442.9702233552,8759.37798064029,3871.14082627265,15190.8802362695,331561.498295049,93511.5532941275,20707.8581531089,8889.53702008206,3931.17830245306,15363.8549311334,330591.208899118,94100.8980741462,20968.6166008779,9019.936687869,3992.45660146289,15533.5565727597,330069.388326951,94681.0706126529,21226.2889932748,9150.48159583676,4054.6038923232,15709.0586371137,329216.1708132,95241.78824334,21459.162834581,9268.65399861408,4111.36476802842,15873.0520624713,327991.915052485,95758.9146959717,21703.6417468466,9390.44450585312,4168.59790849504,16028.69751845,326516.192460638,96204.5504909369,21945.6354837597,9515.76020676803,4228.61670237845,16179.6371458616,324886.705773523,96607.3994110018,22181.4254673399,9640.69725196536,4289.86874702278,16327.2632487924,323789.330458259,96999.5835249347,22411.670762567,9764.69445617599,4351.54355907343,16482.0116497984,322373.565793081,97384.1614241434,22613.5830408325,9873.65011882572,4406.40350345331,16623.9859112497,320728.824332342,97731.6286588998,22830.5533408901,9987.23411748613,4461.79590431237,16759.0839233227,318709.422078131,98003.6152089729,23039.2887080128,10101.8111897682,4518.92141311076,16885.8805979495,316504.48061325,98219.9633852738,23246.4107530079,10218.0557989757,4578.08682214912,17009.0127046102,314658.090185702,98411.4858429645,23445.2738587357,10333.3263807194,4638.14205354969,17136.9570571477,312701.603820425,98593.9360414122,23618.5315854302,10435.2787471421,4692.40747107732,17256.5772527881,310325.111717701,98734.2413192021,23794.584895875,10535.7985852589,4744.61585099926,17363.6880634608,307706.309922977,98798.6522739874,23973.9128874564,10641.8633078297,4800.07897796491,17465.0582269963,305258.465829339,98835.700626038,24148.4819492191,10749.7453399986,4858.36538058163,17568.9354358453,304280.306051954,98956.8613497442,24317.3699212774,10855.5697873946,4916.83709713773,17698.1022661496,303385.68463881,99188.6444538866,24439.6248828215,10930.7553184504,4959.55608713832,17814.4626072283,302371.140881821,99449.3134505902,24597.5757742225,11012.6338321806,5000.08981639702,17920.491120968,301075.511921025,99649.8465474668,24759.3737989787,11102.7955466029,5045.31028730949,18019.020592724,299506.681005602,99789.4645882064,24917.2395570234,11195.1279778817,5093.78719840933,18113.2437525151,297782.353741431,99871.3086590731,25067.4159277908,11286.8968224262,5143.66373078536,18204.7212811148,295928.34465229,99911.4144195623,25207.0684566586,11375.1514839714,5192.96302750839,18292.183083992,293950.369531317,99911.6446146997,25338.1721975989,11459.9680949362,5241.06117081439,18374.6559894115
68,224584.443488308,120050.800172395,46495.1000265374,25841.4594257168,14315.6215779749,28575.2662739469,188724.852067251,100500.968131449,38593.0754337077,21482.3971895162,11913.3228939759,24077.9827975201,209028.956404923,117108.13716849,44223.8006939489,24718.3322333959,13870.1662820001,28066.1742179779,192244.654782131,105693.464890152,40476.2277371337,22509.3261470952,12589.9320304272,25879.7547379431,203136.170275933,115683.593841023,44392.2629530044,24691.5281659707,13810.878853258,28325.363984056,193089.476809448,109081.412592327,42630.6291344244,23829.2280921399,13334.2341914578,27304.2197293604,198610.783004367,114881.993766937,45126.5205093198,25359.7611046221,14277.711087702,29117.3070895802,192254.996420191,111050.571855948,44249.3177709239,25000.9676844359,14133.5281077554,28861.5169056355,195343.301570267,114681.403656914,45972.0744442796,26110.001391986,14848.8240329183,30334.0698756912,191202.462847699,112476.281503779,45582.604597784,26010.1603942531,14854.8862566023,30451.2257649774,192358.786041894,114719.044748817,46802.7090202419,26824.8810009375,15395.5135572711,31619.0039905329,189131.373023694,113346.701237157,46739.2966678394,26909.815385574,15506.4387751471,31941.5777289755,189066.309464552,114625.156358982,47641.9947831418,27560.6182531524,15958.3558414451,32937.5414641471,186918.269335779,113885.05262082,47799.4568902565,27784.4880232193,16160.0020491649,33462.234926686,186330.508795167,114624.480547577,48443.9379282374,28286.5198792113,16530.4457743612,34341.1708799253,184143.065961553,114087.695763469,48652.8541727893,28525.2265326361,16737.7265784717,34898.2760011178,182853.14235624,114361.551782159,49181.8706009435,28965.4748866403,17069.8241718688,35696.9950800722,180657.905163713,113821.286371587,49411.3842406465,29236.1094755465,17305.3948525572,36311.8188233843,179573.914795224,113980.717021775,49887.7501066699,29660.7552720991,17639.6786316836,37149.8984835427,177671.088947779,113537.831489353,50073.5346035041,29901.2715831,17862.7739635386,37792.8806438759,176110.319413383,113472.440173598,50430.856522269,30236.2384874271,18137.6997440406,38541.9427229683,173938.041719571,112931.874112633,50622.3013466881,30479.449518197,18357.5199460787,39172.9194845,171939.959360343,112550.799862517,50886.9776266108,30776.95838128,18616.5276194279,39885.2643069744,170096.48832774,112068.770871599,51103.6300266111,31053.0366610539,18868.0059386881,40606.4667062341,168253.078152674,111633.38240068,51277.254937841,31297.171241418,19102.5343308645,41323.0866579046,166065.904287305,111032.421510569,51396.3233165085,31495.55658612,19303.0292936247,41977.387460641,163809.822678648,110381.399874694,51527.8371267865,31709.7848932758,19513.1212405217,42644.2043156667,161699.330202845,109664.758785219,51633.5621584691,31919.8361266216,19727.2656071179,43329.0254737624,160785.654870792,109427.515608001,51872.3881115116,32215.4237548113,20000.4044209669,44186.3823335736,159690.447427776,109104.589453463,51930.1363297601,32363.4024714596,20173.902249421,44879.4750728417,158654.099685138,108945.773058246,52084.2589527794,32536.0530780256,20339.965351942,45536.7950962383,157341.724217513,108597.175327015,52199.8665037527,32690.0809867609,20486.0091808976,46098.8255749491,155931.429144213,108214.083352431,52317.2065130545,32858.9450574587,20646.5740402788,46656.559761261,154403.413985974,107725.014952084,52399.1595970636,33014.6788286564,20805.5795903214,47206.2589849949,152830.667572696,107198.188481338,52458.5410267775,33161.7496555408,20964.522485078,47768.0290711089,151182.900460039,106608.457881841,52485.8928873598,33289.2882001268,21113.5846194464,48326.2100408744
69,381909.449427717,88749.8706166983,19616.6829048694,8485.85395834193,3799.80879009384,14377.1198516214,364740.682209962,81395.6938783578,18374.405570949,8147.23094054341,3691.41658501,14159.7084394453,364054.729394145,81151.6870399621,15994.6412899214,7183.47182013215,3402.95517863105,14182.4584479179,363933.028265422,82401.5354515762,15796.6378002026,6670.15059917799,3038.53974450662,14059.1916628798,363703.467510363,83291.4488295812,16044.5632875619,6678.92761311358,2948.65757587139,14012.0018729146,363143.193318234,84066.7576362578,16293.8542767637,6776.74982693625,2968.3665936888,14091.5014863657,362481.322967923,84776.6440321733,16533.1881930029,6883.78909118162,3010.6891918523,14234.4618335583,361780.805070905,85457.0290437089,16764.1037148488,6989.19821104531,3055.98828924073,14397.9020107495,361550.171269602,86133.3724990923,16988.4389233534,7092.2834023116,3100.98273133763,14572.5100504182,361064.360262598,86818.781577911,17203.9408656261,7189.75754218733,3143.2779479403,14741.1728699692,360315.737128658,87462.5728517812,17426.9529639837,7290.65811518123,3186.50847012515,14904.4382077952,359267.825033534,88056.57285137,17646.789179632,7392.82381892137,3231.14377869664,15062.216476243,358081.861110077,88607.5154380655,17863.8654351855,7495.31808802253,3276.65352326433,15216.3284402607,357410.673871743,89150.2750090611,18072.8689871434,7595.68175135181,3321.95945539182,15376.1315592318,356352.051300716,89697.4846818161,18268.4063382121,7687.80456123698,3363.36097215422,15525.0592634724,354882.769199453,90185.6562648433,18474.363722395,7784.43443816992,3405.90214266757,15665.4029688109,353154.244834583,90608.2822569636,18675.2098716706,7882.74288702772,3450.39361185677,15800.7512832907,351291.033246815,90987.4251903468,18869.4264830107,7979.5082452332,3495.1211106787,15931.8593376553,350009.187626812,91364.233612325,19056.0542378934,8073.96594457517,3539.38653219741,16069.9161375045,348387.038325217,91748.86794794,19226.5638858399,8158.5877538448,3578.91645741299,16196.3949118232,346477.518017292,92081.0597035869,19407.8887541579,8247.5669543409,3619.35127018757,16315.3538976322,344193.845015141,92347.1167172241,19582.3804105611,8337.21173107082,3661.23602023917,16426.4066228457,341728.319274666,92556.0675491127,19753.0043243101,8426.95354842065,3704.09042306015,16532.6629860453,339708.873346391,92752.6091167671,19914.8311871563,8514.58596230391,3746.91957186342,16644.1914789784,337528.107339742,92953.6223231083,20059.4377007247,8592.31935850825,3785.19322542188,16747.2627953149,334833.74035564,93097.4804566422,20208.6005621489,8670.76207990261,3822.68226133576,16836.968608532,331937.987311399,93166.040984272,20357.7532756026,8753.33995663445,3862.97312307094,16921.9401148731,329307.857918835,93213.8492295402,20500.5517577081,8835.47459214082,3904.53850149447,17009.025906041,328322.614329257,93362.8001850714,20633.5714013061,8913.26249309623,3944.84998853674,17122.7850219741,327355.140241757,93629.2164342458,20740.7738123034,8970.05574521967,3973.74405286641,17224.4771804339,326219.179608241,93884.9796980104,20876.3429775172,9035.29657783263,4002.98582400472,17317.3679606886,324767.823057619,94087.2933318643,21012.5989452107,9106.35262587046,4036.23480244396,17403.3379758198,323033.939673842,94230.53331761,21145.183396585,9178.74112302394,4071.76787960959,17484.212571404,321137.169019262,94323.9074627321,21270.650295456,9250.08448158133,4108.04713827243,17561.3353461638,319110.842821324,94379.4054632616,21387.5726196909,9318.40265820651,4143.62662928543,17633.9587908259,316955.999511319,94399.79495223,21497.5797282603,9383.89315772856,4178.14803969916,17701.3406520472
70,329485.376068647,76844.6725424865,17841.8241169065,8074.10221585259,3933.32096847158,30339.0312229573,315190.2636351,73021.3471024169,17004.8055481374,7862.38913292574,3862.83146702264,29998.1115869253,313879.386575545,73862.1602813086,15543.7829127516,7139.94736056802,3622.35764936432,30189.8114168783,313405.604501385,74717.8709839821,15705.2231972317,6941.61320002751,3411.68599656892,30349.8807874594,312923.144521622,75388.5522794151,15954.0374675046,7018.89044508585,3394.66610108045,30596.3319678546,312184.329295164,76003.4932270592,16182.5526064363,7121.27102128337,3430.10287091615,30919.0605764371,311375.627144854,76572.698031992,16404.0534615964,7224.61379466643,3473.7538382731,31272.5154258259,310588.189982903,77123.3204050401,16620.2077336112,7326.4273003791,3518.17580657643,31632.8791535638,310227.121218374,77678.3429589023,16830.6030715387,7426.35876441126,3562.28044819956,32007.6453487863,309680.237016599,78260.8183491563,17037.2032224291,7522.33644607945,3604.1189475172,32370.121754301,308913.724944736,78806.9411028558,17252.7427783091,7622.65457912639,3647.22313787792,32719.0305171984,307929.806353705,79313.1785426608,17465.6432468664,7724.73898723334,3692.05720629921,33055.3200837056,306862.933365259,79784.8349134697,17676.9271455345,7827.52529128714,3737.98835603145,33382.4720618847,306237.873928399,80252.3429432368,17880.0004993151,7928.46647358211,3784.08230125555,33723.0516957873,305280.670516134,80740.9774237408,18075.5183949091,8023.03476242061,3826.80653783419,34042.7888556754,304025.865159256,81174.8595471212,18281.4676333396,8122.78979704242,3870.99593489793,34344.380061566,302539.128542497,81557.4741423831,18482.2653903296,8224.03208598639,3917.11669831445,34632.2144613687,300975.749797368,81901.0064529149,18679.3568085268,8324.96257224585,3963.97118576476,34909.8279112192,299919.208101365,82244.7240932021,18866.9960636906,8423.38584994266,4010.65098213418,35204.7556374021,298566.705516568,82612.679661874,19044.3016255813,8513.39869144692,4052.81494786393,35477.0098301054,296995.21965611,82930.1330060709,19232.1591941625,8608.40088431901,4096.14551036938,35732.9489798989,295095.403506007,83196.3991431194,19414.547106197,8704.41344753181,4141.08761777712,35968.7587634768,293073.277270444,83410.0625481783,19594.8432133944,8801.57851049378,4187.5252806742,36192.0517305538,291438.702491428,83614.6091606979,19765.0299467859,8896.49427029542,4234.23512512603,36428.3361586845,289654.236595927,83834.121883685,19921.8748861695,8982.31968467748,4276.45091075294,36647.7477963266,287468.034762859,84004.8315123848,20084.9678973228,9069.89677305425,4318.17440095437,36838.7651638992,285093.539671221,84110.3198219679,20247.1224239791,9161.42386083775,4362.75584548647,37015.4299022902,283044.465667931,84193.2827906501,20404.6137028584,9253.36291206523,4409.1634654491,37197.4876573518,282355.498877025,84367.8313737911,20546.9565263448,9339.10759844267,4454.09787812454,37442.6563700678,281627.39248031,84654.2796808053,20668.688795929,9404.1523626837,4486.87082395853,37665.5763076977,280729.664241519,84920.0606012659,20816.7683514607,9477.74484354307,4519.9352644064,37868.9957178228,279580.269358997,85140.6236797568,20965.7745637392,9557.51105593972,4557.39797786874,38054.2496751465,278189.212973377,85311.2441348168,21111.5246350716,9638.96865641494,4597.55725933673,38223.4308082289,276663.478605191,85438.2618157017,21251.6074290951,9720.19405809666,4639.07320609888,38381.9139193895,275028.800328349,85532.6492782646,21383.8946592069,9798.84893240918,4680.28710178999,38529.4367550475,273287.878657398,85596.9962589455,21509.9486769228,9874.97342638248,4720.63684213544,38665.3672543659
71,290704.389649241,81000.8867429996,19241.3796079324,8817.92183770049,4398.09799640692,38657.1199639326,265582.03507084,76377.8039175695,18954.6830523079,8843.1006858968,4410.46377017896,37390.6087419382,264265.934419603,76937.2280346329,17947.9996712372,8417.98079276356,4321.38321184779,37782.5781432429,263895.950341648,77752.136363485,18266.2800716637,8354.61140271117,4193.03609257286,38107.6289929427,263312.466864957,78358.8088477709,18566.6773166523,8486.83757060686,4216.18059304083,38457.2967697042,262486.693240952,78907.464345578,18832.2319471972,8622.47035782161,4275.05526351913,38860.8957205159,261603.170370811,79410.8319902589,19090.047934713,8755.68656331052,4337.61346794699,39285.1202051018,260702.901957055,79896.337337957,19341.5641265454,8886.67684366983,4400.05711357362,39709.5199986547,260213.896265288,80392.3265745991,19590.9079897836,9017.58183680372,4463.10142295522,40155.7033744498,259575.928999076,80919.4072987874,19831.2630328208,9141.80459300784,4522.67112694305,40585.4616770571,258746.891266395,81406.3854712745,20081.7122223645,9270.33168015985,4583.18093224851,40995.729865414,257720.608741302,81848.4319760448,20328.9034061745,9401.24833267142,4646.02049324635,41388.2826035278,256587.154103624,82250.2651088924,20573.5604076332,9533.09213724007,4710.47719671673,41766.2931451093,255864.020902536,82654.0159367988,20813.8148225147,9665.45889638307,4776.66991370157,42167.0534810476,254894.779183767,83080.2239331858,21039.3778140173,9787.84444944509,4837.9548913095,42542.6297627153,253644.797618458,83446.5307263548,21275.9325584497,9914.72810872812,4899.96811696693,42890.823516215,252195.811683063,83754.8361737437,21507.4753441171,10044.4327386264,4964.90785564855,43220.8769965102,250637.912142808,84018.4661455281,21733.392094932,10173.6707549741,5031.06054094577,43534.6509400375,249538.180589308,84289.0180641004,21954.2635292172,10303.0594763623,5098.76702632007,43877.0438753322,248226.897529227,84583.6878016563,22156.8017675446,10419.7564628753,5160.01462863308,44192.2199364353,246715.618091076,84825.4685331894,22370.4511222408,10540.5500468506,5221.50135997503,44483.7525044926,244924.835529183,85009.1080328055,22577.0769316693,10662.6716392034,5285.01176334036,44748.6342960184,242980.993053753,85131.842918662,22780.1796698274,10785.9013638824,5350.48545076144,44993.462134863,241391.414080337,85250.263635346,22977.0441573672,10909.6625177296,5418.16753874218,45260.8853434691,239709.400017607,85385.5173590577,23153.6815329457,11020.7227507449,5479.84397985005,45509.9869477186,237679.04323162,85465.513775353,23333.6278712592,11130.7238605725,5539.13723662788,45719.2713967485,235472.119938509,85474.9538179083,23513.7777523288,11246.0451163992,5602.09628030648,45908.6648980594,233459.100040968,85456.4098617677,23687.9022644256,11362.4343893341,5667.93595715936,46100.4474351414,232676.282206896,85554.4814142698,23858.5437982987,11478.6476423238,5735.82572279736,46390.3855024813,231914.405942772,85772.9545608215,23993.3527946179,11564.2479974228,5786.05807144805,46654.2689203835,231021.695323398,85975.6764028934,24157.3108232676,11656.0416553076,5833.4703436502,46891.3971163106,229913.160621124,86128.4483180412,24321.8271130533,11754.8418872182,5885.46299243625,47102.5023745792,228597.508581312,86225.528608122,24481.7281764925,11855.5458459299,5940.83937584084,47291.9901166638,227166.074088482,86275.1528892225,24634.9198096384,11956.1758173276,5998.22542064388,47467.8304654815,225637.545540583,86290.2522554529,24778.3636680447,12053.6969872031,6055.46622611953,47630.3579335596,224021.203841096,86272.0903820771,24914.4274291809,12148.0866862986,6111.71988630689,47778.7382361817
72,200081.384633007,131964.053507421,69504.3537083764,45235.2721192343,29203.673501529,54380.4716865928,173021.440853539,113794.730288592,58076.0547680912,37768.8673232122,24448.8688480033,46027.340299842,177945.211762833,121021.492811572,60199.9602606334,39127.7550643752,25395.2930186891,48107.364843963,174603.134238304,119388.904742145,60393.730527801,38874.0051127684,25166.9455402034,48258.8239931726,172047.957780206,118796.256040761,60430.4240652216,39073.0459167323,25250.6875697206,48551.8868352808,171910.80273158,119959.502702162,61734.4398673398,40022.1884380346,25928.7471144844,50057.3526562699,168880.870039564,118445.371479825,61584.586013331,40175.921771752,26135.2427162815,50728.1994429101,167950.771306251,118859.560250748,62266.99601299,40829.6286767139,26705.8733853374,52303.6265667584,166276.333174744,118248.522559758,62507.3184460738,41184.473729212,27067.7962334792,53601.9598881014,164901.311766253,118059.943271691,62803.0551107344,41572.9276885261,27455.1695579023,55024.9103797328,163340.000221507,117719.736804599,63088.2543479907,41923.0245628936,27802.5173714972,56409.3561732951,161557.073028192,117211.135544907,63288.465765156,42232.0879571623,28120.5978624885,57737.8673071418,159787.147871238,116695.710960579,63495.6647532476,42550.1343402983,28450.0393667625,59108.620770819,158345.442932921,116243.479087229,63719.3349919792,42887.4614356343,28797.6017081737,60549.296866249,156766.824466192,115764.541524721,63855.914185517,43156.4518573428,29101.1699569012,61937.1409810631,154909.04532814,115126.569507942,63935.6594896796,43370.4729243935,29358.4599564357,63241.6096085666,152981.749826771,114431.386798136,64016.8730070824,43595.6983368187,29622.582211558,64561.0743653578,150946.00684168,113600.939241591,64031.2496830601,43787.6661877585,29871.4843598736,65865.4935838949,149336.985732798,112925.428508459,64098.8433206975,44022.4095977807,30156.7328245953,67290.2043353988,147630.406030562,112239.372098455,64085.1087580626,44187.617176439,30394.664326055,68656.4017935916,145689.595696507,111402.512284873,64007.8700312137,44289.9056148504,30577.9862797636,69913.58668983,143653.443640345,110525.506549069,63933.4653204677,44400.2741744012,30763.8138518992,71170.1536311257,141455.524850523,109478.035631039,63785.6540449461,44470.8795813876,30927.1562314912,72381.5326263971,139585.53430562,108539.154325,63676.0188863331,44578.7037422296,31124.6611068042,73705.1699930512,137759.421311755,107654.486115582,63526.1385445556,44648.9951513829,31298.7942675171,75023.3609822964,135586.257356929,106567.259069264,63263.1818107896,44619.365814575,31393.1821381679,76174.0384200112,133350.337999308,105426.147824675,63008.9192141771,44599.1988306817,31488.9396584278,77322.9915938685,131266.209951416,104270.76816862,62753.1335170159,44592.0215759288,31599.9678207558,78519.1072385616,130146.851373174,103542.187207916,62657.9853341639,44703.2403546496,31802.5092761276,79986.8433223279,129249.668934228,103096.573900685,62552.7439009235,44765.7132868702,31962.3639887396,81397.1461403774,128040.195597021,102473.594190575,62364.6503389293,44713.6536497363,32005.876029147,82472.7943353416,126822.299672462,101911.230209239,62265.0190570437,44726.1443545215,32077.2868303271,83510.1448613944,125458.318687636,101222.87233076,62136.3455967016,44735.9949439727,32150.0730609956,84464.1912848744,123969.657104077,100413.06460158,61939.4028045295,44714.5145020534,32211.8590992878,85357.5415460736,122485.943637222,99603.0787697006,61735.5553561629,44693.5268530562,32282.8087586591,86290.3773253673,120946.453434541,98730.499419386,61489.4548112584,44642.2959157338,32335.323376292,87206.6224859701
73,315897.70061155,124138.732761112,39878.9665418702,19804.5590335134,9783.50729082955,17330.271093347,294961.891323664,112512.289189685,36046.6177326851,18074.6806977636,8964.71906024229,16187.2549019279,293650.301012296,112634.231600742,33317.6289523602,17060.3950353852,8725.47305616261,16264.198492259,292486.54563484,114642.71015851,33119.9772958882,16281.688903719,8197.14105391795,16054.6928444191,291141.185101773,115768.284759442,33826.2577402956,16433.0586069623,8076.4174182519,15823.7777348225,289696.228072978,116634.570597257,34479.4041289085,16800.0956862117,8220.81794136599,15838.2560730986,288166.496538785,117352.631072366,35062.7383366709,17169.5235354425,8427.76635951364,16038.075245811,286563.093175734,117998.584335176,35605.2154553842,17521.7821742846,8639.74485976669,16323.6628418707,285471.025267669,118669.788577474,36144.485816222,17872.0067007616,8852.98345564746,16654.952630467,284173.743252199,119313.993846504,36637.3090527917,18194.6580957307,9052.29301224866,16983.3734667679,282667.034522054,119900.643428528,37138.1181048062,18517.1510367617,9249.00187074268,17308.3207630842,280897.500948695,120391.741642994,37625.6595902418,18840.0395307028,9447.89473195296,17632.0070690239,278961.529629469,120805.353655319,38103.0440727754,19162.8701067684,9649.92927144041,17959.6032416501,277539.849147408,121245.471895102,38586.1611433459,19494.0550671584,9859.41818685753,18308.7139173701,275838.909099084,121646.256759828,39013.8454814504,19793.5320958027,10053.8152189063,18642.7618202226,273794.140254992,121960.419027657,39446.9130187409,20090.909200512,10244.3461059143,18966.5289433742,271505.703649564,122164.73819691,39870.004324437,20392.6021837688,10439.6622348164,19291.1927440076,269054.506924891,122282.979046971,40275.1124229495,20691.619035199,10637.9340756051,19620.8211384852,267191.472777806,122448.883302575,40689.4831515494,21000.5440044344,10844.7738414902,19977.232611656,265066.756236882,122578.473582022,41040.0604110469,21271.2975405431,11032.5034552402,20314.4410262046,262732.022739376,122641.564044065,41400.5217823765,21540.5586048295,11215.6317718603,20641.8139313956,260077.646630741,122585.892261639,41739.5817448439,21806.9980824107,11399.2962213764,20962.7183064607,257211.185082875,122428.544754099,42062.7932330736,22071.4197587003,11585.7149956677,21286.6950301648,254781.815348993,122292.221772462,42392.7328558359,22346.221244563,11781.729080433,21636.8073446184,252287.934658549,122140.050177881,42668.7907508302,22589.9587174011,11963.153759086,21977.4943344737,249402.357792,121891.91670546,42926.2674563749,22815.6030574106,12131.4965600505,22296.9126740145,246290.242172747,121529.256234171,43180.3268941248,23046.2277115599,12303.1644731967,22613.9914504748,243330.957429594,121122.184313178,43425.865369277,23281.9442228314,12482.6830245242,22946.2409947714,241933.363472693,121007.237725333,43723.2136561802,23549.2174946393,12683.4138749002,23343.5763169723,240622.106198475,121011.503553805,43920.7215682517,23740.4267143753,12839.0209336709,23694.4716262824,239188.399896664,121027.834238555,44150.1753484929,23921.1889462261,12973.3804339612,24001.1488790889,237513.296189492,120956.300487629,44379.5784767698,24109.0406767153,13108.2546062381,24282.5148495833,235583.64533713,120786.22559686,44592.6410379659,24296.3718247033,13246.7111868754,24556.0615882367,233522.085444444,120539.653499528,44792.2388564301,24483.1829305888,13389.1807507452,24835.3698286444,231365.649983684,120232.823253609,44970.4218366231,24662.74335348,13531.2009295744,25119.7593360632,229115.03976035,119873.123005554,45128.8577038067,24832.7581287679,13669.7928192784,25405.4822379546
74,296712.935385485,95572.3048827616,25522.4394168229,11686.6171828098,5334.56312135265,7287.60638959746,278944.149609635,92493.7628475151,24749.5282675294,11453.838215352,5256.50093755389,7148.58058092199,278723.920703303,94051.3703591408,24335.2744235409,11302.4938543994,5289.44144142914,7355.51798224996,278312.72998799,95183.8343088754,24800.2997294915,11335.9209663944,5225.85231236999,7371.24731212715,277503.328845959,96046.2787447611,25293.0250486914,11573.7168908879,5303.22065480981,7400.51102714248,276482.249030876,96838.2029141272,25761.1230095275,11842.0383104233,5439.03522228498,7513.61090468799,275410.622099448,97560.7815234232,26214.0184023204,12108.4662904381,5585.15969505981,7674.80567188777,274271.001281941,98245.7404365669,26651.9308124332,12369.3120414847,5731.41911911422,7854.68458946592,273579.734966544,98946.0690059057,27090.2696688821,12631.5730300745,5879.27864310776,8046.49684652334,272682.701598128,99637.9839572858,27500.4904976886,12877.6150176943,6019.51032584803,8233.48301601483,271577.01883293,100277.504747099,27919.7309936967,13126.5825132618,6159.92262072807,8419.31023151236,270248.305538206,100851.602762302,28332.7373294739,13378.2099527935,6303.57793396062,8607.63543249277,268771.135933922,101365.935471337,28740.1442054312,13630.8642169554,6450.0123846788,8800.46335764306,267766.362287422,101897.132442184,29148.9909204744,13888.2564845946,6600.92453444243,9004.24194579175,266455.713031819,102402.648641933,29519.7341352273,14123.6358870729,6741.59362331324,9199.49612343197,264823.89743096,102835.748784283,29900.6000381118,14362.2011875459,6882.19394363266,9392.31204018589,262971.39239844,103187.518766874,30276.0768210103,14605.8158271935,7027.80364858568,9589.52185817987,260998.009468152,103473.928825055,30640.6805616091,14848.7219261394,7176.15076730297,9792.63172732664,259548.215378808,103792.380980951,31007.2695330104,15096.2298951528,7329.04166711393,10008.6211406653,257824.044066971,104083.743422276,31329.1609598793,15316.9139910119,7468.76049328197,10213.288385101,255885.875784249,104316.925867878,31663.0444470241,15540.5069699238,7607.61731785684,10414.912516269,253653.902480916,104460.214666993,31983.712609995,15764.4838357177,7748.8471286297,10617.1781804319,251234.86520507,104523.38527375,32295.7435080327,15988.8500181396,7893.1506392304,10825.0143260155,249217.584113347,104598.670050777,32609.3020761792,16219.2903313536,8043.45330636615,11047.2073177295,247091.333998026,104655.32602418,32881.1916122387,16425.7719690847,8182.64729118456,11262.3814412056,244588.056685451,104634.243148111,33146.3426535765,16624.082608645,8315.43338573476,11468.7736432311,241889.97528587,104524.378940072,33411.9566451572,16829.280402293,8453.10489955825,11678.7313482483,239396.796251939,104378.986407283,33671.0477188281,17037.9850049315,8596.47087935867,11899.9013769869,238355.677824155,104456.997301812,33953.5276650229,17260.7586003075,8749.6339176993,12149.1393226284,237271.8895931,104600.106103217,34149.6306608172,17419.6166400754,8865.80081373411,12360.4269260227,236080.523999882,104755.935827767,34382.7625042324,17580.2618446985,8972.20192425647,12549.3909096977,234640.324943626,104829.335185214,34611.0150555393,17746.003386286,9080.67495225441,12727.3377615988,232960.341799046,104828.284193917,34830.7872131978,17913.090010293,9193.05464732475,12906.9365073407,231167.26670954,104766.041367695,35041.9136582156,18081.0515544512,9308.94191361325,13093.6341437871,229275.517273877,104655.074431188,35236.7929240906,18243.5782123676,9424.44640008016,13284.8706964335,227289.33511533,104499.00537,35418.6091041781,18400.2214983848,9538.02795925828,13478.0401230113
75,365232.781157275,96394.7183202539,19702.317549709,8418.37821907986,3878.92378555356,24548.4922459069,339008.89858372,91604.9999841845,19406.741366071,8371.79208777221,3863.31373656789,24236.8467090492,338207.721127396,90318.3262421104,17570.8349670966,7790.84337866662,3735.10559730084,24407.0606749996,337570.557200301,91305.4425944346,17445.1104250307,7365.90994661103,3450.48414867537,24476.116481054,337019.769855893,91951.8518829724,17669.927171276,7396.33991280776,3390.200819734,24603.202743995,336156.870305522,92531.6127218375,17872.9244519389,7479.06432436676,3409.85665551627,24821.37585563,335208.397216994,93039.6259468549,18069.3356063698,7565.75666323937,3443.25719462911,25079.1372571588,334163.42046593,93513.1758351684,18253.822817877,7649.12812924325,3477.56903920314,25344.4479764539,333541.671465796,93974.5343737958,18434.4440084647,7730.97200775292,3511.57618284994,25618.7169502555,332832.341490913,94466.3360191563,18604.6168807682,7807.13408293216,3543.00358190035,25887.2250595802,331892.066854451,94924.4654014393,18784.5686409643,7886.37237734599,3574.81834616058,26144.508036133,330646.049039167,95320.0348794869,18960.042868713,7966.84107434468,3607.88649140854,26388.5895148002,329232.835108249,95655.0062952151,19130.549864846,8046.91001442775,3641.57607842833,26622.5244069567,328250.43955512,95970.1867471932,19292.9534056054,8125.01156552847,3675.24518857762,26861.7454545814,327083.364695034,96317.2537103307,19441.8615551686,8195.41996611022,3705.4383945941,27091.2453589277,325525.436465661,96608.6323473966,19601.7794587573,8269.20629772222,3735.86935248729,27303.4165850917,323728.417805753,96815.802008434,19755.330890138,8344.57323782282,3768.03035959434,27503.060003839,321688.632532462,96965.5269744547,19898.8784369431,8417.09321985196,3799.90911560162,27689.3602466782,320172.656154848,97090.9485436322,20036.1308740144,8488.23634561755,3831.79437542034,27883.7435558818,318523.032876273,97267.1125390716,20157.1298169522,8550.08898290833,3859.51046178021,28069.3385660907,316610.019126003,97396.4220242198,20290.7460896367,8615.42221322754,3887.21113724784,28239.9405880567,314381.36782671,97452.7371934735,20417.7460004979,8681.86064233743,3916.35154619494,28394.9960825012,311859.465467679,97434.6414515833,20537.3969471639,8747.00767145204,3945.85443934311,28534.1842882713,309696.947880426,97378.3939507615,20649.0847323154,8810.87858309464,3975.76897684414,28677.161981548,307572.036654436,97360.5787338818,20744.0991012635,8865.91660764901,4002.00807910196,28816.08317688,305026.315004083,97308.9735727249,20844.7418396273,8920.58480336512,4026.57828725999,28933.9669973091,302242.320447126,97163.1864321121,20945.0394327179,8978.93982521112,4053.31502279087,29036.5565002665,299454.734168166,96970.3683528203,21034.3660139684,9035.46365660189,4080.79550962815,29131.5114773475,298123.992664226,96849.2130363404,21120.4770232399,9091.26132514735,4108.95240115703,29267.8641804293,297130.781482081,96954.2766145768,21185.798704463,9130.12415994743,4128.49490351989,29413.5984792539,296026.094391159,97081.9326746106,21287.4234686377,9177.2731162571,4147.44635682495,29546.9096070551,294661.262510955,97157.546903267,21392.7824464066,9232.23088491776,4171.04565140033,29666.7888057445,293012.97179329,97166.7406603354,21493.0519412416,9288.39887229151,4197.12207482967,29773.2183020702,291195.499025574,97112.5393606539,21585.3987287115,9343.40717044573,4224.05219777701,29869.0265287192,289264.984247507,97015.8284148536,21667.837284066,9395.14365039994,4250.36773410355,29955.6961870463,287209.432505056,96884.4425519282,21742.5894725655,9443.63142821005,4275.4521895709,30032.4030922571
76,143359.003745787,108903.224373642,64562.8885507552,45066.7396024548,31261.4088823105,73670.9146091886,122429.104035948,97570.5552059934,57025.9073395803,39806.0488278414,27701.4570031262,65882.1677135501,121686.830236481,97832.9495458377,58038.7400592114,40819.7449458388,28520.847078237,68339.994137563,124448.300556069,100659.283180152,60303.3194333402,42603.2648524646,29996.5158071221,73068.7449512702,119118.510323394,96154.870207354,57879.488353942,41103.0062767057,29077.6683730167,72077.3314835886,119504.399240244,97821.6270941874,59031.5017531167,42009.5467908855,29831.1437206945,75144.9719412395,118504.683315617,97293.1254821758,59417.8142065708,42416.3865106617,30191.9735633312,77108.1076123525,116085.212929661,95733.7239718745,58786.5578707771,42194.1543761464,30163.7340694963,78010.8535861971,115716.211226906,96040.468604708,59335.1964092132,42742.6885531211,30685.592800067,80419.6195002423,114575.516859322,95437.0052648148,59366.4155808706,42930.3636932442,30936.4122822325,82156.9744700566,113037.702976692,94637.6646443104,59173.2048336122,42950.8549001072,31069.2014481622,83589.6335138086,111968.226605416,94298.7339720486,59331.6179878578,43207.8866120475,31363.3295554648,85463.7828183093,110534.425478107,93522.852512373,59251.0307690911,43311.331831848,31548.0032971835,87039.9286192948,109329.338776324,92850.4282648141,59172.6873166369,43425.3234518526,31750.7763346741,88696.6717673259,108272.072871673,92393.9904582984,59180.8687313565,43584.0735479311,31985.0046257143,90494.9055305637,106839.413927979,91605.8854090937,59013.8325913804,43600.1469005419,32103.4539142275,91982.0069819397,105358.79606691,90795.840540647,58842.3627697022,43621.7473365789,32224.9659808767,93470.4180204633,103901.272934384,89976.8012866978,58681.1668223142,43658.3478281463,32362.4082869406,95020.0473159319,102654.20564838,89177.2045632616,58505.4629925728,43692.0231552343,32504.046992785,96623.2817831722,101424.423720319,88485.786084457,58316.3485080669,43701.6303284334,32628.6454089799,98232.7086137081,100002.360745914,87629.095464404,58053.2291282858,43633.0865204926,32681.3088300107,99645.3441136197,98492.1969055237,86717.8530809281,57768.3708917867,43555.5356943374,32722.9315026849,101007.774809258,96913.6581216911,85728.1710826415,57451.4396060113,43461.4916952392,32755.9464855042,102342.644201959,95511.9534402064,84765.2572433968,57136.0356097955,43378.2219920768,32803.8030564831,103752.635043987,94216.6579471478,83929.5823532187,56833.2652988787,43296.0650521838,32855.5683768142,105230.345740377,92681.6446323681,82935.5062473651,56432.7646980454,43117.2519911997,32823.4525770952,106469.855968242,91024.8177156541,81818.2867080857,55983.2993625417,42903.4650057057,32757.7726042434,107587.171243636,89494.6155558725,80740.0990904425,55563.1668863156,42723.6679347997,32722.6142310875,108803.50804471,88649.7701909854,79993.9967032344,55298.5056114684,42667.3912751818,32788.3240129431,110398.484672374,88064.0625263874,79610.2132653572,55111.4399434891,42633.8974944723,32865.1113147212,112091.564107066,87213.7973073222,79029.6158909402,54826.6185104849,42468.8967342116,32805.5006434378,113278.763369365,86265.7724587494,78416.3182597759,54560.886625803,42321.5542350123,32740.0208384665,114294.71544891,85326.5209863247,77822.357200579,54355.6364406706,42237.376311991,32725.5561514886,115355.368926329,84293.4205446664,77103.9370250534,54078.5658195218,42117.2192056304,32694.9906912585,116294.946067099,83197.5563917956,76326.8472322423,53742.6971555393,41958.7990430291,32645.6001499315,117169.608390224,82111.4952424356,75558.1726188949,53408.8511679554,41799.0522701938,32598.381688234,118086.146958227
77,308521.563092448,111483.282749407,33311.8806932323,16266.0747984384,8183.69294929857,44360.9241875834,277512.702983012,98069.0185514118,29017.85966682,14301.0972043653,7255.88608509318,41641.6221020084,290483.89464867,101727.903968254,28170.4177204393,14179.6079108362,7351.52678718261,42985.1050247109,288553.480071347,103045.079396639,27598.5149861375,13338.0590292508,6873.65267115318,42919.3930923671,289151.146988159,104691.906362092,28262.5097338286,13466.3813042945,6764.51066652564,43164.1103646165,288997.451811947,105894.638219219,28887.579830856,13770.9915284554,6865.3572006225,43533.200934098,288796.777196374,107006.918776313,29478.6421739853,14102.3817591511,7029.87644864536,44047.5906490732,288440.562105852,108040.876011362,30038.5702837913,14424.2837480752,7202.44592230163,44612.1838068833,288484.466634803,109073.747749809,30595.4649127281,14745.7713201833,7377.66299163895,45221.5672778369,288209.665544328,110027.181144344,31101.409528443,15041.6300797867,7541.18829015633,45803.8856473599,287804.42919446,110985.087996819,31625.161545636,15341.8615558347,7704.93301532484,46373.1769453345,287100.130125751,111846.147853099,32142.5787667202,15644.8217189769,7871.30688784443,46917.6008495161,286227.597178977,112658.776876406,32657.7518159195,15951.8987316467,8042.46298848475,47449.2268445779,285737.166368768,113454.625545621,33174.3496906052,16264.4123043634,8219.21590428103,48005.6722168486,284887.264716,114167.672242331,33631.9316675997,16547.8594450549,8383.2809137739,48525.4646056063,283813.408828137,114876.390961387,34109.9455541756,16835.7069877545,8547.12625336031,49021.0193700879,282422.445850617,115465.31685991,34582.9987371263,17128.8639589565,8715.25828408824,49490.4808740498,280854.412903138,115992.506536148,35046.5607876838,17424.188132015,8888.22853401272,49946.2786075012,279744.429696724,116512.138052799,35512.3234040162,17724.9676067716,9067.10166319226,50435.2875184018,278331.634984488,116961.932099325,35912.0540436275,17991.8799171324,9230.53281554674,50889.1787029218,276791.864768339,117413.43895511,36332.5040582341,18261.358079713,9391.93327304877,51320.128350925,274848.327073974,117730.231176041,36736.7125683502,18529.878190093,9554.05625088313,51714.6128945249,272710.482105925,117985.241078341,37138.1461761245,18803.2658152003,9721.92283096973,52091.2359803592,270875.017013108,118201.992624365,37537.3832333398,19082.0633262048,9896.42506423258,52493.1651722436,268951.628657715,118375.720375184,37881.0689016956,19333.2583762338,10059.3657624696,52878.8901851687,266687.480290562,118508.737456272,38217.6882123225,19572.4805028589,10213.2588855666,53219.1844909737,264161.13323854,118532.376118074,38559.2322478463,19819.3945012072,10371.1528488863,53532.0728332262,261689.154830556,118508.02221594,38894.1240646443,20072.7240220344,10536.9685640303,53847.9001288298,260556.945724031,118616.745199107,39245.7906302414,20339.167071385,10714.1372721132,54278.7099037143,259540.671739251,118798.323886088,39488.6879227074,20536.79791635,10854.6781737598,54692.1324725413,258524.617109509,119071.483004396,39767.503545061,20724.3144253233,10976.7311870756,55055.263675785,257170.053897214,119229.668471033,40049.5857100684,20918.9538160116,11098.9555168171,55375.8577023767,255625.174852749,119331.231140837,40327.1872954684,21120.2959476039,11228.3381027219,55668.684516145,253886.020530765,119344.041310608,40593.2266960045,21321.4077811488,11361.7508701515,55948.4239909788,252050.35171017,119302.951986272,40842.3603751967,21518.6833020225,11496.4636643155,56217.9992951573,250089.488839682,119204.657188917,41074.5379956141,21708.2725023337,11628.9795907151,56474.5383096206
78,383608.289944844,76017.2923815122,14924.013013929,6237.84263430382,2748.6103005652,10839.0013940601,365412.969115768,73993.0530597246,14693.2568826649,6225.72091768595,2756.93724758822,10824.2171815488,364520.235357555,74034.5455190171,13367.7078201484,5704.60466598759,2609.64327180826,10883.2746142526,363909.00621567,74786.9458500558,13441.9331235318,5478.26110919492,2422.54885083141,10854.8256856384,363263.093777729,75289.0835017362,13604.738369931,5519.54017015093,2398.3872581498,10882.6661888271,362306.698002437,75743.6647287975,13738.6602858435,5573.68115602527,2414.2676940666,10971.5904121568,361223.093787566,76141.6805383516,13864.7291716023,5625.67632350174,2434.18462911443,11082.3769951635,360064.03689214,76511.262328544,13983.0152034301,5674.74505329776,2453.52730461174,11197.4062120163,359385.824115528,76867.7669969035,14096.0158381379,5721.6609266631,2472.00194730762,11316.0191672299,358553.77823903,77256.8182625366,14202.9911855245,5764.76733732725,2488.61367104201,11431.0551625344,357457.121938861,77609.6131226514,14317.9825505708,5810.74448002606,2505.77695895942,11541.3482492009,356087.103079611,77910.4330625508,14428.2812346564,5857.14005367724,2523.75629231526,11647.1758841476,354521.316891742,78165.1227015293,14533.0775587233,5902.09022082792,2541.60523163267,11748.868906385,353444.133435858,78395.182976654,14630.2519527602,5944.70056487182,2558.83459443389,11852.6120846549,352103.547364105,78659.3596829595,14718.6887414805,5982.00344744994,2573.61196086727,11950.9695742496,350379.900564986,78870.0958105305,14815.947065917,6022.36665074749,2588.85015445519,12042.7051535605,348379.463355166,79013.2803634969,14906.1890295809,6062.78501227328,2604.92497506931,12129.4585540716,346167.485705019,79107.8782425361,14988.22862185,6100.5263794727,2620.40651387932,12211.350618862,344529.873805762,79178.8863855541,15062.1532647704,6135.5390103678,2634.99910577209,12296.0789126255,342686.219376788,79298.8055100164,15126.8254241876,6164.57425757534,2646.7531392263,12375.5931658008,340572.812189594,79372.1530052118,15201.9390604336,6197.13003894733,2659.00270353949,12449.1522110368,338110.628182452,79387.1636994008,15270.1876030086,6229.72897914323,2672.08526514973,12516.7194276714,335391.316131683,79340.9007421038,15332.4511483927,6260.79400036138,2685.04333515545,12578.6999624436,333078.470124637,79262.2811784012,15385.283474699,6289.14445999989,2697.35617595605,12642.0340223474,330733.236865197,79219.0672492457,15427.7257450319,6311.42205453417,2706.93920386226,12701.7663826089,327946.782951506,79143.7805206721,15476.5648624908,6334.94540901502,2716.06805903126,12753.0231115759,324909.097114458,78990.5034087967,15523.1314584389,6360.39475576361,2726.55717365123,12798.6612683212,322007.595871236,78801.5857337411,15560.7007139901,6383.76478626083,2737.10233964725,12842.837302777,320685.81560939,78670.9948798343,15589.9932926066,6403.6179177427,2746.53648727402,12902.6781262385,319603.388860216,78738.6577668203,15613.8043924126,6414.8008111514,2751.04297187272,12962.5188093956,318390.598144523,78817.3875781618,15669.909152448,6436.40147635111,2757.56311610625,13018.1377438648,316910.121554069,78856.7316937621,15728.5422035701,6464.06034133293,2768.02451582376,13070.2570682137,315140.643798171,78842.9476970639,15783.0305602773,6492.09067217876,2779.93587788259,13118.204143112,313199.370380731,78777.8122897928,15830.2175555868,6518.41775154037,2791.88040669134,13162.282918856,311124.212958514,78677.6238703534,15869.3870011658,6541.74604831293,2802.89756374667,13202.2019238107,308937.213007535,78547.7568103632,15902.7362622715,6562.6071821357,2812.87433681999,13237.903544256
79,321946.508230374,111918.367289076,31771.192827255,15410.9965593916,7909.47035801481,61334.5794852472,307584.120871979,106364.08830847,30045.0245700333,14668.8506931197,7561.21215944039,60343.3407130617,306978.570061945,104802.212446001,27708.9097473672,13903.4885086593,7378.46073269748,60366.1349218017,305681.798455537,106283.327356836,27244.9972130006,13122.9841367467,6912.55578669251,60502.6992357097,304851.083130659,107288.988126332,27725.2695106251,13176.8710427719,6779.07919800607,60769.2677864671,303785.181352115,108087.528489668,28184.7012001457,13397.986049078,6842.53298657634,61203.3400175149,302608.577959732,108777.0174542,28612.242724261,13632.9054433279,6952.94983087768,61745.8205729418,301308.973825425,109411.753038375,29017.1461134873,13861.7419096069,7069.52464012917,62317.7320041905,300447.495599509,110040.251393356,29419.8078104011,14090.9734404552,7188.70289648607,62936.9253548622,299511.577959339,110694.641557887,29796.2185071023,14306.0658241963,7301.69017107799,63546.6812752596,298331.468410369,111301.715462112,30180.3916903172,14520.7599340724,7412.30693842515,64116.371332168,296915.496136706,111832.309610167,30560.634361861,14739.3699825773,7526.04726740977,64654.5998819052,295241.662801568,112293.109889003,30931.3902357738,14957.4260484234,7641.7028337005,65155.6612840296,294023.28462332,112739.615605211,31305.3004274227,15181.4958433952,7762.93634015526,65694.4905761871,292658.197486717,113207.494970439,31644.3701901152,15387.5731569068,7876.71787065519,66211.9105138549,290917.613722649,113599.53898895,31989.7849016866,15591.2856516443,7986.55992220176,66669.1417395903,288914.936011988,113894.882669188,32331.6506911668,15800.9773209042,8100.92357105181,67092.6861581282,286675.455112463,114111.911227987,32658.6528936405,16008.5159715546,8217.18042678273,67479.8797836198,284943.344985946,114325.854130869,32988.9034159499,16221.636936523,8338.93144163688,67914.0345941362,283100.465431057,114568.580099328,33280.2110576835,16413.6410727611,8451.2888543604,68327.5712889834,281003.352764507,114743.753183968,33577.8634447292,16602.1265382334,8558.58667122792,68688.6738024607,278586.599282056,114828.437005201,33866.3203365528,16792.9121379969,8668.23421618258,69007.529723186,275883.927846182,114812.950347049,34142.2957992157,16982.2601150296,8779.66523333486,69279.3480441369,273548.179070126,114778.602880061,34419.4072216118,17178.1095690883,8897.7135360611,69587.2957833736,271255.002683193,114771.135222399,34661.7194791615,17356.102731513,9008.7348375134,69892.7553273271,268554.81240211,114689.533426061,34892.1784942867,17520.609855526,9109.9158576647,70124.2185781974,265614.906989654,114501.343405001,35125.3219960039,17691.8343766325,9214.6920866811,70315.466398417,262664.52779543,114253.013031284,35344.7076382144,17864.1387332858,9323.90824637574,70491.4432722506,261178.361774149,114168.624731816,35591.373746695,18054.1801117607,9446.28855594353,70844.7951490504,260040.929902648,114295.397804665,35774.4247590496,18199.2883908883,9544.78573697336,71223.2827165758,258728.907023034,114410.136223083,35977.1963836649,18330.7765524123,9624.8648573177,71526.702385678,257199.504920069,114466.986986505,36192.1006732659,18475.7098887872,9710.14790870987,71793.5939764111,255390.037387412,114430.835282842,36392.8685189168,18621.0093566376,9799.22394551741,72010.2492301685,253426.052016103,114323.881595629,36585.4092240324,18767.3063300714,9892.37019948189,72205.1010232791,251359.348413112,114161.982761126,36761.6765414854,18909.1292328482,9986.03771141877,72380.3717286878,249188.664863298,113953.588515432,36923.6716197447,19044.579453896,10077.799901051,72534.8080110571
80,391639.350411475,71136.0613312123,14282.1216091991,5983.55780274641,2591.05305861115,7123.35718159683,378551.922785414,68602.3168239287,13876.2388706594,5933.37296199012,2594.4347934769,7139.08287640326,378774.808377999,69370.2570331506,12647.1120148476,5405.69567996973,2434.16529126873,7168.93189685804,379038.173715884,70276.0809370832,12773.9014932542,5223.04465173643,2264.61644282437,7107.51055494368,379118.727395172,70947.8858805189,12968.779937102,5279.9342417035,2249.55992122288,7103.64924432257,378846.988923868,71571.9906041915,13139.4805038736,5350.87534547831,2273.20668100885,7161.36655488874,378480.100346506,72150.1521781123,13303.6110130111,5420.65035573778,2301.38747358871,7242.99135016994,378076.275171532,72710.3335058587,13461.8795738468,5488.14473070458,2329.30704687134,7330.72050675652,378135.6178697,73260.8928969697,13614.5069438606,5553.30176329404,2356.26342331557,7421.34076740226,377925.174181048,73828.7814771961,13761.3287797661,5614.60891368245,2381.29538383117,7508.41487102673,377438.169220834,74363.9695363601,13916.048332254,5679.22562299814,2407.23423495422,7593.10673946322,376660.649274418,74855.9573701591,14067.3066345304,5744.56228150788,2434.15329153569,7675.79467769757,375746.152987463,75315.2025420632,14215.9740053964,5809.59345349324,2461.40054767595,7757.16616192622,375317.684765321,75755.2019510239,14356.0165521405,5871.82718795736,2487.82438952125,7839.94343274771,374508.877963308,76211.507042013,14487.4753483595,5928.51528840815,2511.59262710549,7917.53405816609,373295.157471062,76621.6766722246,14627.8240406588,5988.86786304532,2536.25537486113,7991.50024655599,371802.133995259,76975.04410344,14763.3444917723,6049.9636659114,2562.08125654322,8063.46982750253,370164.178041539,77293.0064670335,14893.395533478,6109.50978830833,2587.80802871434,8133.71932441769,369103.820911083,77593.9336234576,15014.468712629,6165.85047428178,2612.42867292043,8205.76786261164,367708.268580267,77917.7672057649,15124.7640752813,6215.36889437406,2633.75735620586,8272.08202736965,366023.986801048,78199.7188650019,15245.1841252352,6268.75656051446,2655.89836098671,8335.05438891544,363944.574608266,78428.4597383448,15360.2421559981,6322.63966659351,2679.10267456251,8394.88031609896,361664.082298613,78608.3212922533,15471.9210033775,6376.19705494165,2702.74876319368,8452.74626940228,359823.459567063,78763.2964671364,15573.5696220751,6426.66389682083,2725.60325336196,8511.94271710601,357817.2741922,78932.2857932102,15662.743229394,6469.84957575954,2745.09764944752,8566.42060279378,355333.302659482,79064.567274531,15758.2184696999,6514.69212786956,2764.42234212891,8615.40369506662,352598.591313596,79131.7596385078,15852.6668702336,6562.00724197211,2785.46369772252,8662.16046933066,350148.05282945,79176.9511047145,15941.5337394175,6608.52441545086,2807.08929851078,8710.0796110083,349315.680998952,79273.3336631818,16016.6269224874,6648.98532382952,2826.44418987348,8766.58078171371,348499.147807766,79496.8077229342,16077.2699209291,6676.52691716451,2838.77844398227,8816.37101364576,347506.287719101,79719.1448353338,16166.6307044698,6713.69761212576,2852.93055423487,8862.66419572824,346205.598135475,79900.5688671156,16258.2009708161,6756.69056345871,2870.9553233899,8907.66245148743,344621.051041104,80034.8015423806,16346.7553650142,6800.51554299896,2890.62011886184,8951.59939792835,342853.920050038,80124.9123408613,16428.7571091762,6842.86288830527,2910.3958847951,8993.94874979973,340946.30125142,80182.0698269845,16503.6683782381,6882.52698351178,2929.33898057041,9033.96867676902,338911.608100767,80209.891497315,16572.7245510488,6919.74378254676,2947.2740844836,9071.25886340663
81,306269.168849254,71882.4994588851,14564.6711938621,6211.13363728825,2833.5283438197,16215.1025357758,281758.872936251,65873.0720655531,13664.2951638081,5976.19154457216,2752.90932494218,15714.285217404,279149.936183709,66216.1076275259,12329.8657663146,5303.26199752747,2521.99391991324,15743.4259272201,277987.136505644,66611.3539606657,12444.2458640906,5156.42283677222,2357.13067407303,15748.5012699142,276894.469838191,66922.8306239462,12580.0488328222,5197.98013539401,2342.01866924996,15833.4546042464,275583.892762658,67196.8068326613,12700.5079539454,5249.87459392541,2358.40711414446,15975.0820225498,274258.960301264,67437.1807233697,12815.7308079215,5301.32426549446,2378.7134850524,16137.8549726732,272937.392116522,67662.6059181372,12926.8787893115,5351.13376731138,2398.91131103157,16304.4633840727,272106.278311887,67916.3482180375,13036.8417699753,5400.84282649185,2419.28290068363,16481.4309922558,271131.727212642,68203.6835473658,13147.2330628296,5448.77706471437,2438.45349699494,16653.0579431087,269989.359280962,68456.7709677832,13264.1057555724,5500.20541842991,2458.76757008468,16818.8274918892,268660.092977185,68676.1342568081,13378.0598288053,5552.35362757325,2480.08194436434,16979.0485435334,267248.19591907,68857.6729909694,13489.2763083111,5604.24927704508,2501.73073564403,17134.3646594318,266321.292460384,69062.7482414396,13596.6129991682,5655.5224479419,2523.67848256937,17299.262755373,265136.26976034,69292.4324287104,13701.8628132182,5703.3914095826,2543.64657533212,17454.6100616395,263685.074294078,69471.0809108289,13813.5284030013,5754.91829133425,2564.73685183736,17601.2595177157,262057.232062659,69605.6084895935,13920.8511745912,5807.09162370118,2586.97808085069,17742.3776564213,260349.382450129,69702.2314886266,14023.6638140916,5858.13962739208,2609.22936676072,17878.0139896622,259168.529752274,69826.9812728728,14122.3142054995,5908.31739261846,2631.59126962179,18024.9215572553,257755.950450377,69979.3060000493,14217.5123037835,5954.01272372235,2651.36561706569,18161.0545222917,256167.9058024,70089.8716539185,14320.1300564159,6003.71172859264,2672.32176851611,18290.0665486918,254310.410464428,70157.2864713635,14418.4774250642,6053.82431605257,2694.26990563629,18410.3428767325,252338.469793543,70175.6052182639,14513.8279863021,6104.03496933421,2716.8313989283,18524.4531457827,250765.303902645,70207.3182184536,14603.5427707906,6153.12590914219,2739.61709633306,18646.9505379656,249092.638824265,70264.9743613627,14687.6361602548,6197.31122107678,2759.83957152939,18761.8491170741,247076.965124638,70277.6483404844,14776.655724462,6243.41531683156,2780.1680350864,18863.26038512,244914.969372632,70238.2619561573,14864.3110538381,6291.9972937444,2802.38336796263,18958.9863650654,243018.235284199,70177.1164130041,14947.135807814,6339.93477945135,2825.24097603474,19056.3897864492,242413.444070361,70244.4610548337,15024.3243839885,6385.32632605969,2847.60745241096,19187.9247738495,241753.574928887,70416.4289571354,15095.2962966976,6419.55241492035,2863.00283161841,19305.2994618991,240962.847756512,70570.3476372412,15186.7171951338,6462.03389925088,2880.17704818383,19414.0477683823,239935.899298781,70686.6356745743,15278.2466635037,6508.49171567691,2900.44325005216,19514.7764103583,238717.543562396,70757.8820762902,15367.5010431709,6556.12163350034,2922.43160657045,19608.9415793742,237399.622545419,70797.6110343091,15451.7247743334,6603.12600196296,2945.04626943308,19699.1107901178,236000.56717274,70813.8690783653,15531.023732353,6648.3252093867,2967.25490317622,19784.4057053448,234519.324592541,70807.1571432827,15606.3881622826,6692.00763923469,2988.90414483499,19864.1210065533
82,338084.794649082,112396.906461262,27908.2911289244,12421.2371529263,5551.49418899627,10445.4451952156,314213.868996063,101880.933644201,25649.5276467132,11593.9292680115,5218.4858227391,9985.6269626308,313361.446282713,101289.535859108,23005.1563103861,10617.5812172305,4967.73108501498,10013.5391337728,312949.137895474,103014.933147175,22729.4406355223,9938.64166947468,4510.45638427872,9785.37156789438,312335.91101476,104081.113083113,23143.8655746568,9980.57647404809,4391.55894792766,9589.27325891883,311418.734445875,104944.151275455,23540.7628846373,10161.5652283462,4442.46592326367,9571.75078200266,310410.054519179,105713.847138504,23913.9454341984,10354.2168015051,4530.9370361257,9660.51606094979,309341.397941221,106434.691825855,24269.94011444,10542.3600350704,4624.14365078863,9789.30015203944,308729.15605328,107166.380089891,24620.5902544642,10728.6737566708,4717.80095645739,9935.4375125926,307928.385640297,107894.476866962,24951.0719999177,10903.3326356998,4806.07194172214,10078.9141788167,306886.41052356,108569.706459324,25289.7446209444,11081.1237775949,4894.83429291765,10219.7932485229,305619.660129619,109176.438216752,25623.1175835919,11260.8571727997,4985.92661396713,10359.8985369351,304166.4727867,109721.956711218,25949.9657523502,11440.1941594118,5078.32072499468,10499.5400179303,303180.529139068,110274.438825458,26274.9039879042,11621.1308877594,5172.67854198487,10645.8170601993,301912.765533295,110811.532918527,26571.799945663,11786.7692078203,5260.22035104373,10783.9903209363,300296.547352336,111275.831157605,26878.6672488698,11955.8297760528,5348.07161445302,10917.0443964491,298429.96133506,111653.2906147,27179.4931279828,12128.0361486139,5439.22966270696,11049.4863354692,296380.148295645,111960.694040002,27469.3513731525,12298.380867727,5531.50632398932,11181.724707059,294881.625794231,112287.473059021,27757.7394941003,12470.2379739358,5625.74836568215,11322.120625275,293138.505695146,112606.865559988,28012.9860711096,12623.3521034869,5711.28185923114,11452.9982451684,291159.75837952,112866.834432947,28281.4159650991,12780.3213630779,5796.77506478966,11578.8796626181,288864.821540903,113034.408734007,28537.3098054516,12937.3621055211,5884.11446448667,11701.7448173166,286321.069764125,113118.000648225,28786.2247645338,13094.0849274592,5973.11398442559,11823.7814343303,284186.457571084,113197.567094146,29031.0516175412,13252.9188824004,6064.97398130508,11953.8217165715,281969.34506312,113276.518622144,29245.3388371639,13394.7374539129,6149.32213345334,12077.6090489136,279370.003524788,113283.195527322,29459.4661685502,13533.3263779526,6230.37317735407,12192.2604314779,276521.085384016,113191.110225023,29670.906894804,13676.1674743607,6314.68443825112,12305.0762445854,273805.81456367,113056.958604252,29875.5405662089,13820.5135352105,6402.31278446378,12422.4684213015,272595.480237546,113107.897716281,30087.2648596303,13969.2547180661,6493.52119451785,12562.2492080815,271518.744753534,113297.901809956,30247.6659998814,14079.1516873402,6563.33377667054,12684.266084652,270316.807580454,113489.842886294,30441.3568769588,14193.4037315359,6628.05689389237,12792.0230915207,268846.400791744,113604.349747769,30633.4171270295,14313.986579765,6696.56752558545,12893.71461833,267132.109214285,113641.559638745,30818.6023518787,14435.8639829445,6768.27812191215,12995.2549910295,265251.321653855,113610.520699697,30993.2843922415,14556.4134229329,6841.45862572397,13097.7667209549,263267.407786086,113529.155117227,31155.7032184779,14673.1590947528,6914.26763918634,13200.484500752,261165.959070608,113401.203299709,31306.6999816249,14785.0780300729,6985.45826843959,13301.1946272613
83,313214.939510142,96982.8111226219,24071.842471893,10727.6817672349,4809.00377265773,9669.00569478377,288858.41164383,90576.7068225798,23124.9490990035,10528.2013526172,4766.38203797526,9416.10243474912,289302.001200284,92304.9648879731,22183.4189641639,10077.4700732505,4671.48453380608,9591.74118685787,289544.743067361,93698.2928558433,22641.6911485999,10037.1353799335,4538.03772963403,9565.27357878883,289141.494283259,94631.7744064052,23097.6433962032,10239.7727881255,4584.17319347929,9574.56741610627,288440.164072241,95477.0305850089,23511.9355075215,10460.9377242246,4687.30076765536,9677.70818007504,287698.028996556,96270.8077264895,23917.8725391128,10682.6420869255,4800.5214421224,9829.01446767261,286930.28981138,97025.9370916216,24312.0979652468,10900.4514641647,4914.26125746645,9996.28885039737,286600.254324264,97809.5505385858,24703.4690613995,11117.832296402,5028.57232152658,10174.467910679,285997.728081713,98570.5392200751,25074.3298379177,11322.5704541939,5136.68379308412,10345.2058257211,285175.40666057,99279.8228673107,25454.398121138,11532.0050778555,5246.30667923524,10513.7029422831,284123.603649134,99928.5651186551,25829.0231392213,11743.8360306846,5358.89781529434,10682.3789534467,282988.574412455,100524.973763575,26200.4829989106,11957.1094891148,5473.91884613657,10853.0616618131,282311.091563701,101154.357742806,26569.3976578584,12172.0995154309,5591.35439752359,11033.137766148,281217.010841578,101734.22759984,26908.4308975918,12369.0452174643,5700.07164633387,11200.664818588,279835.082235466,102247.702403343,27259.5185671361,12572.4353902535,5810.96906634736,11365.4561855313,278222.894191198,102688.273911717,27604.0173362557,12779.1220391074,5925.85146399453,11531.5215404022,276527.852914365,103069.760530461,27941.1261076877,12985.6201153618,6042.85240068157,11700.0285751407,275363.045208486,103499.162278728,28277.4784287109,13194.4966312549,6162.63766659272,11880.2280764928,273832.274596784,103875.382259713,28576.1712927359,13380.3483107579,6270.97269563008,12045.3193937834,272094.833594559,104201.19208982,28887.9806957237,13572.0550563665,6380.6594364657,12207.4795402876,270035.492842471,104438.779689326,29187.9955825128,13763.9589946829,6492.57180091628,12367.2902969562,267847.177060353,104606.831264912,29483.5317047283,13957.7298031803,6607.67303725393,12529.9989683915,266063.00438863,104802.065982717,29776.5918995354,14154.3140588913,6726.41161730845,12704.3958802597,264078.586343475,104956.690672812,30034.0817411188,14329.8025632337,6835.03731580773,12867.9256084306,261687.707208383,105027.886017825,30288.3826433414,14501.6770770982,6940.36263102502,13021.4945754027,259142.326165943,105027.47157014,30545.3722325647,14681.4191405619,7051.29493807805,13177.9458783242,256882.79672862,105001.895623456,30797.3865083263,14863.7280242641,7166.59921190435,13343.3729297572,256109.404026975,105217.904196136,31064.1850182219,15053.7784784247,7287.30357985092,13538.5294371025,255113.734851484,105428.815158448,31251.2631350506,15186.1574960554,7375.20368972547,13695.2165376258,254038.748466288,105662.608904491,31478.3014264797,15328.1747032102,7460.25354924212,13839.192973605,252685.544090019,105808.994092475,31699.4296616843,15474.5358098598,7548.3265129175,13974.7713294639,251101.086013717,105886.74851356,31913.7949451842,15622.6333925798,7640.16365321931,14111.2087930653,249402.641639119,105911.260627198,32120.6250889268,15771.1786121718,7734.66287557679,14251.5829402209,247591.623708038,105886.716723309,32313.430003573,15914.8762476434,7828.48547364541,14392.699844077,245690.411294309,105821.571123232,32495.9694607481,16054.3754853601,7921.06282801188,14533.4176974086
84,156051.476559812,113046.363672258,64812.5748997563,44210.865434546,29897.6345444262,64034.6071004889,128718.551853647,94117.1418024955,52910.2932236079,36043.7735711595,24427.906172405,52827.5630064884,133124.622874033,100690.113534477,55812.5549628591,38239.6241069824,26061.8683347478,56794.7739940218,132599.260949237,100274.943150657,56595.0584314637,38594.0414646997,26355.7447420476,58411.5384266615,127888.842982746,97175.5635104607,54983.1241486088,37701.175828123,25785.5044842508,57805.7485292661,129517.945463208,99846.7394062749,56920.7943436303,39090.6428347559,26806.8069676543,60729.7120912944,126699.591384656,97749.7134745411,56422.6239879569,38942.1699689865,26785.41059526,61257.1545416347,125495.099750798,97659.4250310171,56634.7174016765,39306.9321563888,27177.1058712677,62810.2306836633,124920.16813348,97686.0829516455,57140.7507263924,39808.8919645163,27644.1659116932,64678.1529773859,123303.011358904,96842.9122786555,56992.778400808,39888.6015137832,27820.0501421286,65911.700155865,122259.178496596,96667.8029879116,57222.3606036626,40193.2780329864,28145.5765443162,67540.0797681129,120933.325006457,96140.3365836369,57329.2599180325,40416.6277454788,28404.3012734404,69014.5333456311,119407.003557008,95448.6803974577,57302.756674497,40563.7820550413,28617.9592106475,70386.6892913758,118384.95815837,95061.9438083775,57444.0267278937,40826.9715817943,28917.9083291532,72009.2658465751,117147.990917319,94531.28436008,57448.285173255,40984.6881124629,29142.6466539372,73485.9991508752,115660.257038316,93849.1379147474,57375.765784209,41073.5108630033,29310.3076328072,74832.6233038194,114203.482868788,93192.0263300042,57351.529637705,41203.4780976169,29505.3373638328,76247.9711354869,112630.000212675,92381.1068531799,57241.7755703636,41283.8933814542,29671.2301596188,77604.0751438788,111372.998726625,91702.32403529,57174.5990088933,41400.6819395098,29870.0587027767,79087.5052440437,110087.296776935,91069.5431863696,57071.093582151,41475.2657434543,30037.6629059157,80539.2073753025,108574.443285768,90257.3287020511,56881.0858978792,41469.7324835601,30135.4740692344,81817.874496511,106998.786982964,89426.7257891653,56696.6669711454,41474.0766257954,30237.3326621428,83096.716438856,105339.209824485,88483.0417302473,56465.1666551801,41452.9244915915,30324.6624991082,84339.5824459872,103900.789532048,87603.7497809061,56247.3370296671,41451.9178809606,30434.2115045253,85675.4421250725,102517.715978672,86808.4880701073,56017.2937585698,41430.681699016,30530.871841619,87026.7842811932,100860.49706188,85831.4899961178,55683.4466440077,41313.335251343,30546.3900316408,88170.1361665328,99125.2726988146,84779.3481503288,55334.5766162308,41188.957597922,30551.5750952383,89273.7384443364,97556.3816379703,83760.9239126647,55010.5961266841,41095.1348134545,30584.8490485151,90465.9556383641,96712.9617771678,83097.6253100763,54831.9450036107,41112.6625361491,30707.4678628814,91967.9449477962,96048.1698890474,82701.9355013022,54673.0857452269,41104.7174503246,30802.5599727971,93439.0569663365,95128.1033011752,82137.8307541576,54436.4737463327,40988.6253820946,30783.3827138488,94519.4300414652,94160.8196510727,81590.4752361369,54255.6038987567,40917.4509900297,30780.9345025538,95523.7220637215,93151.349016246,81001.5064481497,54091.3715371781,40875.8098353876,30803.8609614768,96502.073325436,92027.4243903986,80286.5372879099,53849.4987622795,40793.0760893306,30807.2126389385,97375.3821438289,90879.8279928956,79550.9914715604,53582.5868165413,40696.4437565399,30808.9577239104,98253.1785560285,89726.6253521437,78802.2630779861,53304.6152227009,40590.2055145397,30806.2677192172,99148.9165847026
85,295839.587189816,73615.0927886766,17072.5260067151,7756.64868868316,3810.66302537105,30872.6048651293,273940.377249611,67339.4619542631,15954.4867847618,7436.97446973656,3685.53470611077,29792.8763073313,272499.2548838,68298.6157801541,14540.4797057921,6692.7818232261,3429.59599045245,30003.5890048452,272019.741171353,68970.1363025806,14725.3045721251,6534.38226888051,3238.48611230146,30186.2594271883,271429.679361818,69467.1693868226,14931.5057765994,6603.29542169513,3225.8661290279,30443.5949860748,270609.718495486,69912.3854646304,15114.5559399576,6686.65590395339,3255.06548529797,30766.4976826818,269740.936110815,70321.1403098926,15291.7087200656,6769.91237708892,3290.1016772649,31115.4974574924,268893.807670923,70713.8751705134,15464.0822971551,6851.61482141464,3325.4520125395,31468.9430637973,268499.784268473,71135.8193628499,15635.2805397568,6933.32970034694,3361.27831055245,31843.1246748142,267905.619233474,71577.3449709594,15803.4635705501,7011.28387379729,3394.78843426376,32200.6459287674,267142.152421205,71984.8834993897,15979.6264368725,7093.53232519853,3429.67428008324,32545.8904414014,266184.188322067,72357.7926271937,16153.0680300181,7177.14297833002,3466.04011031554,32878.6263139279,265161.463174375,72694.6213688613,16324.5692772831,7261.20613720554,3503.28747865767,33202.0185569331,264599.82105296,73057.5022148587,16492.6559750612,7345.3304837082,3541.53926161721,33546.8888847344,263726.110234307,73428.4505291249,16653.2718042535,7422.99560991986,3576.21083134517,33865.9527822587,262580.55480065,73748.2415555371,16822.4207301217,7505.23711179681,3612.19564725812,34166.6151200468,261253.900962713,74023.870890767,16987.7371536821,7589.21195334061,3650.10811505378,34455.5772077574,259873.079422751,74261.3610549187,17148.6630280786,7672.4639273423,3688.49944263531,34734.3489090747,258985.389779235,74531.9610035792,17305.7722592136,7755.36706146867,3727.61529496811,35038.2266641575,257808.632049673,74806.0623526698,17452.771354956,7829.98626656418,3762.09289497068,35312.8059391337,256451.768843152,75039.6940916199,17608.7622349116,7909.30430529729,3797.85391982027,35572.913579219,254811.312068999,75224.8982183235,17759.6411178286,7989.3059242614,3834.90738063997,35812.6814458004,253075.769709029,75362.1547099324,17908.4016091066,8070.28451721483,3873.28119647241,36040.8394734013,251728.635028242,75517.3728574709,18052.2389199943,8151.01756101981,3912.73572413779,36289.0816304269,250212.512158006,75676.1382083691,18183.2261557887,8222.8855263011,3947.64477295039,36514.5190286276,248341.069043264,75783.1694223042,18318.4319257994,8296.02271666532,3982.01527961584,36710.5987245606,246328.903796823,75838.870438285,18453.9176705503,8373.213827581,4019.23413460191,36895.3089204944,244624.348534278,75877.9770179724,18585.4114283823,8450.880607094,4058.13952658954,37087.3545691713,244192.417573055,76058.6280170703,18713.6718886246,8527.28206338615,4097.70864856155,37356.8963008176,243592.15135613,76293.2590403639,18817.426618297,8581.78348419897,4124.42223181041,37582.8684070882,242861.225367514,76515.0448056767,18945.4958669062,8645.19493192974,4152.26375705076,37793.0292986107,241901.591980279,76692.7480113116,19073.9259778237,8713.88965850354,4184.0105426117,37983.8772407784,240740.268067189,76825.1658484251,19199.507212803,8784.27820362004,4218.31683418699,38159.4366925064,239472.193887199,76922.1411565182,19320.3960219551,8854.67220089206,4253.99293233342,38325.5994830325,238122.081004926,76992.3948594829,19434.5877851745,8922.86119938098,4289.44278390744,38481.9580743916,236670.614263574,77035.715957322,19543.0087097045,8988.57301365047,4323.98016331489,38625.8321014914
86,307050.097759042,104816.572252758,30044.0319314435,14435.4292123385,7099.44397633178,33233.5497698398,276531.674937826,90098.2511991774,25769.7959587504,12615.6168581238,6258.4434552055,30344.6214209729,279869.238024788,92525.8203228072,23783.672789075,11659.9633373037,5972.3997555348,30946.8615098207,280881.930724868,94635.1950126845,23922.445937004,11197.8648539955,5571.24231977081,31017.6402443629,280591.672881041,95779.0165471559,24434.0372094727,11316.8888650952,5493.07573838597,31061.3050404474,280159.929078768,96775.0745275479,24928.4659573283,11563.2899588349,5581.0724841774,31310.0162324283,279651.023132101,97683.2279657796,25392.9029744321,11817.9192585657,5706.47007607885,31671.9421731428,279084.368654589,98532.2943656207,25837.272644511,12065.7419980009,5835.89234140123,32071.3104047992,278951.376204875,99419.1494762774,26280.0443235098,12314.1241719026,5967.45370110511,32510.3083149733,278485.428138527,100241.356819025,26690.4749911725,12543.8021259474,6089.73177393367,32918.9696283482,277834.459591655,101027.622813539,27111.8331937123,12778.6279588079,6213.57237905399,33318.2007324533,276931.486828752,101745.523563624,27527.0771282402,13015.458652043,6340.04491333055,33702.7389997843,275946.455506575,102411.421269355,27941.1353035486,13255.2773188129,6469.95607297616,34081.6252068744,275421.680613362,103124.231413124,28356.9968299862,13499.7747689902,6604.42547543115,34491.2037266698,274425.842650595,103739.256531967,28728.8001839966,13719.0840093025,6726.51785354888,34853.145905369,273178.083782979,104310.882315114,29115.9297814393,13945.8256016519,6851.07013684226,35202.4687306619,271688.786493064,104804.024778053,29497.8151072513,14176.6128939817,6979.81680051245,35538.8806114307,270114.21617219,105234.558917699,29872.4636527716,14408.0430828324,7111.46455421094,35868.2036766983,269092.113922551,105733.682168886,30252.7709492905,14645.791378875,7248.57332235516,36237.3957636474,267609.403900592,106120.322290491,30576.5378205535,14850.8147509036,7369.18391237194,36551.8010199897,265996.643650395,106494.130650606,30921.9506591648,15065.1330513839,7492.55339966708,36861.3243028247,264016.765213528,106754.846614948,31250.4582912472,15277.1726278608,7616.66805470143,37142.7976434165,261920.287314845,106954.343153036,31577.385027849,15493.1704138342,7745.34480127687,37418.5368499592,260258.722067022,107196.200620451,31908.413411335,15716.0900691567,7880.40081433866,37728.1857199115,258328.852512495,107353.615407496,32187.0894419749,15909.4740521906,8001.16888457485,37999.0257876981,256029.098380493,107443.30678496,32464.5940254687,16098.9613561299,8117.93980622892,38239.3436538046,253564.052380596,107460.110894158,32747.4663373181,16297.7016975353,8240.81042865444,38471.0769194474,251394.362686795,107458.828589493,33028.7611217692,16502.0741799195,8370.23782703039,38719.172113787,250687.918355835,107726.413192178,33335.9993003224,16720.9503995116,8509.807703272,39075.9496240869,249658.491558095,107898.070305433,33530.44825327,16864.6238095877,8607.0522803533,39345.0531794049,248654.561677654,108161.08709326,33778.5712794988,17022.2984722905,8702.71712590602,39610.1504222037,247310.522384358,108297.755311136,34012.7671567785,17179.679577103,8798.04437081587,39833.6296508023,245779.042937107,108385.661500623,34246.090778911,17342.7898692886,8899.58581827524,40048.4488468458,244117.282155161,108410.78280704,34469.9620602262,17505.8946659239,9004.1201559006,40256.0376176691,242348.36738864,108385.558293321,34679.2810152963,17664.3186255729,9108.49324116714,40455.9830329354,240475.607494166,108314.755188911,34876.0895307018,17817.4303376837,9211.26011534644,40646.4919036551
87,336515.108703788,98242.4772275938,24334.3624530298,11073.3259692304,5285.86372322666,30848.4233230399,318297.861874031,94672.7622462676,23804.4672590182,10981.437455861,5268.41721290327,30306.7456923746,320551.301213316,96078.2146596913,23202.4045973757,10778.273413602,5266.11311051974,30867.117124422,321185.297764427,97693.714068781,23493.0571226675,10648.4182853316,5130.74741945388,31152.9511813435,321110.947659442,98769.1911541738,23973.9244597954,10834.2315722519,5155.85425343371,31420.7610405778,320764.027600172,99751.9505438287,24417.8936010186,11060.8961035882,5253.32985717922,31767.650515871,320333.224102731,100686.064218427,24851.6826273882,11289.7265118387,5365.00626406466,32159.5506560929,319866.106017497,101579.758801707,25275.7173671886,11516.103158773,5478.45049713806,32562.3806347125,319885.094786761,102512.485298849,25702.2111491134,11744.8747317966,5594.21060119555,32992.0654918218,319462.005550223,103353.990464429,26089.9103413023,11953.7176374471,5700.57454964367,33386.0743981992,318825.847186855,104171.464126464,26490.2632459805,12167.5070507555,5808.26333613265,33768.7815602054,317921.399346622,104922.088567029,26887.5086542498,12384.5989808596,5918.88835584504,34136.7761083025,316932.348264296,105635.595834975,27285.6510622692,12605.5767451001,6033.21559082096,34499.2178007965,316456.351409807,106385.10666221,27687.9722233199,12831.7173934773,6151.91809729884,34887.7190292986,315391.998552526,107011.780882188,28037.2738870051,13030.8218074095,6258.13099877649,35228.775464378,314095.088959087,107623.863992487,28407.7448898021,13238.1661509385,6366.83140853761,35558.8161129965,312502.592598526,108147.443716729,28772.6064153564,13449.2531106383,6479.11443405762,35872.1017576615,310825.55333052,108628.515413946,29135.0571994559,13663.1967103994,6595.13190549755,36180.1309998396,309716.781668307,109151.793060749,29501.9134109958,13882.2984707714,6715.62727981647,36518.204058672,308100.358933723,109558.272557332,29810.446409908,14070.8267414399,6821.68447544269,36809.8823248932,306349.1504417,109963.421041792,30139.9119185095,14266.3855477566,6929.20152419488,37093.2156694866,304176.349913031,110255.681973065,30454.8570892413,14460.6325926065,7037.50817714676,37348.3838614846,301871.634793787,110501.823636045,30772.8817894967,14660.7208871763,7150.90598040022,37597.1497617535,300017.035377512,110765.119944531,31093.480292392,14866.7204185869,7269.79934670468,37871.1718410334,297874.865814287,110941.275889072,31360.8995667021,15045.3105819773,7376.33178430607,38113.2055929729,295341.899814409,111065.400337728,31627.3415794777,15219.2101445775,7478.5875031754,38325.9507000337,292606.1745689,111120.241387833,31901.6525711272,15402.1202184497,7586.09149284621,38525.8943133388,290171.236334874,111172.812217994,32181.4885349237,15594.1424443497,7701.34125172612,38741.4366853746,289293.912973947,111424.254381905,32478.4084530596,15796.4139218154,7824.34133422587,39046.8314857522,288146.997919434,111606.302704526,32665.3122406974,15931.5320038783,7911.91503246933,39294.1072614057,287045.092110519,111895.676190294,32901.2624379413,16074.6955296991,7995.01183874992,39531.0884654496,285568.503591775,112067.336554227,33131.150601497,16221.1749363658,8079.09927455864,39732.6680134198,283875.286234077,112187.863733001,33359.8154852225,16373.276482561,8169.11086848174,39922.322878792,282018.664051331,112243.452914246,33580.1739792877,16525.7980333961,8262.15353080726,40102.6861547645,280041.942701673,112246.653508019,33787.0022752667,16674.5439073197,8355.45636767646,40274.8343501311,277938.643056207,112202.833507488,33981.1362225952,16817.9826573681,8447.19816830662,40435.9422592707
88,325625.356562788,113581.326615321,32793.780347261,15660.7244563423,7648.93063839925,33683.7850055297,312691.033026721,108481.214974397,30778.1717690066,14775.1606880175,7246.48738028569,33110.2826125282,313274.89071388,107411.173566633,28753.3342488225,14102.1625457859,7083.14963426281,33144.9749423347,311671.382168607,108947.237803067,28298.2375654002,13344.5264875411,6642.57565765433,33102.6651401265,310881.470506102,110082.011133611,28854.1716025009,13436.2601186378,6526.72954995024,33124.9233392577,309772.036378648,110964.626554934,29383.3922303854,13701.913768612,6615.33624593635,33314.2799538356,308555.48904331,111732.615128987,29878.1128603184,13984.4945188945,6756.74727482106,33630.7130321328,307233.882100137,112442.524924931,30346.6122527976,14259.9831561758,6905.43274987124,33996.6758767433,306355.667927144,113147.194878186,30812.0290143174,14534.8396597275,7056.24700628685,34400.4460965502,305366.31170868,113860.87852584,31245.4518497666,14792.9027473267,7199.65910480255,34799.1416699727,304131.550795446,114527.317598539,31686.0379474099,15050.0966551367,7340.67339625964,35177.900863245,302649.89315154,115112.243031106,32122.5013937297,15311.4289127132,7485.17832918715,35543.1484457622,300929.00283163,115628.349558051,32549.5487228958,15572.8843587162,7632.36642151851,35894.7662139019,299662.341798049,116130.917686147,32980.1881290239,15840.5150716085,7785.15883724093,36270.7989775211,298209.409008016,116637.601446244,33370.2492214127,16087.6064476069,7929.39132047356,36631.8666794165,296394.661622278,117069.325525066,33766.3582234588,16332.222876842,8069.95703652044,36962.6685446442,294309.671089255,117401.185267122,34158.6440494103,16582.9652728464,8215.44253604106,37279.5112729877,291981.739008927,117652.661748205,34536.1508250644,16832.3135012976,8363.64030730467,37582.1278507927,290189.348145784,117903.994564216,34918.8118554784,17088.6773430763,8518.19575812861,37917.4293133277,288266.364064689,118171.161601597,35254.7321258997,17320.0452920097,8661.66501302769,38237.9984222434,286083.920321333,118370.086697624,35596.2672321484,17546.7182916975,8799.45304620057,38529.1228006756,283565.198856907,118472.008925708,35928.082134665,17775.9231218176,8939.93359804265,38800.0491023986,280760.704560812,118471.657336144,36247.1630591995,18004.4102865741,9083.11512631619,39051.6667497216,278345.028322668,118455.735713489,36569.0298527816,18240.7166851155,9233.86051080547,39331.7154300872,275953.334479227,118454.453481033,36849.7582042154,18455.8496837599,9376.02615178669,39607.5761422877,273152.006348663,118374.749267775,37115.9569146073,18655.6851742495,9507.5114297274,39841.694089883,270085.365462475,118186.111353389,37384.3213290489,18862.1919752993,9642.74980999161,40056.9423387116,267039.12516486,117936.550842636,37641.5972053945,19071.9013639134,9783.90079126324,40272.5025235415,265487.074114704,117863.518197233,37928.4147805099,19300.8473894115,9938.90729015975,40591.6142805165,264294.572802287,117986.818632691,38140.6512257856,19477.6454141199,10065.6596166684,40909.3114531346,262920.160538685,118101.638296736,38367.0993262861,19634.8225975736,10169.680299327,41168.1520522501,261324.900866643,118161.10821669,38608.2124162849,19805.9434143718,10278.170943906,41404.6260314395,259438.381279723,118118.608833568,38832.8083889882,19976.4029476471,10389.8288616011,41613.8738280474,257397.58817644,118005.696472304,39050.1751040242,20148.7473646056,10506.1679494177,41818.5151848168,255249.59659594,117833.407098445,39249.3276846996,20316.1670454743,10622.9893188633,42016.8900845002,252989.085198616,117611.788792538,39432.9287564832,20476.6149584041,10737.7759360089,42207.2238206939
89,204303.618450099,110129.60819021,43101.0274468995,23904.7072942992,13153.4119716817,21600.8742129211,168560.326404025,89314.4051360013,34149.4775068594,18943.6198943896,10409.5941027493,17276.8858631761,190525.814553629,107488.369095667,40145.9603431174,22318.6943028967,12441.5663735553,20865.6647266882,171673.997901916,94177.6876006574,35452.4645046022,19547.8702518305,10818.5116610173,18472.2278963543,185378.740679412,106457.576011464,40283.8667987308,22133.7729675038,12223.7820710058,20855.1046528021,172852.789744244,97538.0593291053,37575.0791819755,20785.2734036848,11465.8311115907,19474.3571929733,181253.503853014,105631.551728866,40929.9205860453,22737.5523751671,12631.5223934272,21409.3538335769,172604.358175305,99670.4536931863,39186.1420852244,21912.8647265267,12218.2324873534,20759.2461112913,178196.72719749,105309.636187003,41645.3334283581,23393.8534688359,13133.4241585245,22392.8514338911,172141.841535461,101313.462665998,40527.5527547633,22889.26777735,12900.1005865431,22116.8612845005,175414.322957289,105235.500371802,42358.1414257501,24019.4590128492,13612.5417910905,23448.3825274122,170708.633246165,102427.671989045,41701.4470423402,23765.851826572,13519.5981530741,23410.2217500995,172377.052402037,105071.953086017,43093.7766473875,24671.5044081826,14110.4768399139,24546.9108944435,169088.830213839,103201.716087046,42774.173154843,24614.4667507215,14138.6981043341,24735.2444103731,169872.978603393,105019.094035786,43803.303492596,25317.7641027235,14618.2723637678,25719.6518204046,166916.727079666,103649.107962729,43653.9437817243,25340.365348444,14689.0997030275,25997.272039998,166725.787259561,104759.643187496,44473.1554588085,25932.2299309973,15102.8527097092,26870.6369433876,164059.310727238,103637.352682857,44439.0196375601,26037.0385846247,15230.4123259461,27252.9143118901,163780.361476597,104412.32958484,45120.4416698513,26565.123992077,15617.4174531856,28113.3618213037,161582.388050079,103569.977928253,45120.3681130278,26683.2381605799,15757.2070446936,28557.9348174141,160688.026472871,103975.399026577,45635.5112323953,27098.4743402048,16072.3273407721,29316.7157676681,158412.874181565,103191.132482691,45697.6282563892,27252.911138201,16229.9904301582,29790.9504786859,156966.746114657,103178.021916661,46078.4327821105,27605.5787918135,16514.1586731636,30498.3848318169,155111.592803465,102553.538632607,46206.7560141437,27814.8615604463,16715.339834645,31075.950868237,153691.687291678,102391.411902445,46463.0618871275,28095.2009161416,16963.1592806794,31763.1167962081,151609.018144697,101744.032573054,46539.8909428712,28255.6431455878,17131.3720008689,32311.2880823386,149737.542659431,101313.998590288,46733.5164390876,28495.9278020513,17349.631757584,32948.0867952063,147781.249979224,100610.435724091,46817.4753353228,28679.251722611,17538.3956150073,33540.5889817948,147081.889387296,100504.261031257,47082.0949436161,28976.7512120784,17803.2892160526,34311.4379115303,146059.48882834,100184.555033128,47125.3816038763,29103.7329746396,17954.6919841122,34898.3478448636,145198.33571377,100121.411665724,47307.604236011,29285.8472010585,18119.8100617712,35489.2912437328,144005.258931817,99795.7781182026,47416.9695049807,29429.4058924696,18254.1069448138,35977.1449998758,142781.326548583,99504.2966278081,47553.4442102082,29601.9800171395,18411.9369706194,36485.6760342684,141409.196113678,99070.2523553985,47640.4101565366,29751.6881157907,18561.1001785992,36977.4142609157,140023.939475585,98632.0241099668,47718.5331502159,29900.9410486178,18715.0300399218,37491.3866896718,138551.829927849,98116.9783488914,47760.1187262755,30027.7621257879,18856.8800230011,37998.2661799339
90,302649.807778715,122913.186639258,40002.5743445694,20158.7933410854,10094.1108644863,14119.7375104976,278361.532263945,115077.407506486,37619.6231709314,19111.9176668194,9618.97019207448,13506.6809086716,280052.813563703,117119.439042068,37236.8886317179,19164.8391919709,9824.65137352776,14010.0952579251,278574.196174456,118299.148129339,37515.8782109724,18991.1090110375,9690.91674921288,14128.8542074249,277156.843179896,119172.647938405,38209.3709433615,19309.0136183276,9775.32912121969,14216.9692167079,275703.362552433,119942.594915025,38872.0663154955,19729.2386978161,9999.27997887834,14432.5094294747,274098.063009857,120558.589406864,39478.9021361173,20140.4835884087,10252.6322470265,14749.3343224759,272472.30132205,121125.223591925,40054.7396938337,20539.1275378876,10508.1922547625,15120.5774486481,271320.917310443,121739.162115562,40634.445138482,20939.5018770951,10766.5139210334,15525.8485878399,269897.299215956,122272.698607963,41152.4885596727,21303.5504703298,11005.8803682449,15920.8041150321,268340.076208808,122778.42812473,41682.2958560495,21669.5370960992,11243.7172724606,16316.0145522255,266499.651016868,123167.799874607,42191.6683822969,22031.5175500022,11481.3241206284,16710.1339329404,264549.987431808,123487.512044157,42691.6967908292,22394.7919235956,11723.2702513872,17113.8554416401,263124.711648915,123865.519301624,43204.971715243,22770.8141497299,11975.6934420457,17542.9032915045,261291.557659903,124132.012018191,43636.5458480919,23099.4525204834,12204.2078599174,17949.7302047164,259235.649897174,124353.309932454,44085.4404112151,23431.9637719539,12431.614592447,18354.640900038,256925.058224862,124442.374081391,44513.6858410478,23763.5556329246,12661.3221473593,18761.273930394,254486.90061604,124454.184676871,44923.6736786992,24092.506952833,12894.5123817923,19178.6638667134,252626.933142379,124539.898997427,45352.1678625277,24436.922064237,13139.9114013778,19627.0907109825,250430.266779463,124527.24241984,45692.0270630855,24728.1772129143,13357.6331667536,20049.7324372714,248107.307826559,124492.863898959,46051.7134727699,25022.1956273364,13572.4685630338,20468.745679436,245431.01524727,124302.38024865,46376.9053161401,25305.8547124849,13783.3789880301,20879.2263428816,242633.088342711,124035.995216056,46691.5038363195,25591.1627531339,13999.6104469659,21301.2883266615,240224.079389335,123797.295772885,47012.014350152,25886.857598778,14226.2688413315,21751.6345797054,237711.592753937,123511.712272361,47267.0345262734,26143.3652141078,14433.3177436134,22189.1858471467,234847.347914794,123136.30311987,47499.5909156719,26378.4256469788,14624.729467914,22607.3161759895,231792.561789826,122650.645047897,47727.710096211,26617.6728681462,14818.7968107091,23026.447818575,228949.999981017,122141.604973046,47953.8270435039,26866.1743817079,15023.6163687306,23467.9898358566,227592.713878415,121970.869324694,48249.4101273669,27157.5421639656,15257.2357622931,23977.2365475443,226221.195182444,121850.529244995,48418.8619461259,27352.7235051815,15431.9883421425,24419.6510866072,224809.673744515,121801.471608524,48635.1626367434,27542.5552193688,15585.6156476858,24815.319052304,223115.827910243,121628.194783544,48842.6024746758,27733.0488375584,15734.2439399406,25173.8303226704,221215.892631429,121371.812062283,49036.802106248,27926.4676352471,15888.7059291346,25526.70131244,219182.620113956,121030.22548312,49212.2615624332,28116.820559277,16046.5713318899,25886.8402649934,217062.577597605,120628.862567138,49363.5860352207,28298.5046659514,16203.6306125897,26255.4944187118,214854.090798727,120171.749276743,49491.6633704913,28468.1257607677,16355.9286362663,26627.8766007305
91,314594.98983436,91441.8391834256,22838.8307502591,10394.7234960388,4897.67824384479,23498.1605400909,292594.625713219,84364.310156956,21453.8521931713,9966.34515948469,4735.05168465312,22587.7179968808,293363.499498407,85997.7330360409,20230.6640920153,9368.99876128523,4567.70012934919,22918.9695093877,293878.290729383,87474.4782452905,20554.8743443003,9217.9816614024,4372.8353418542,23040.6510118413,293669.391924431,88466.5689625627,20981.1308962229,9376.02437935154,4381.16512888032,23179.3133422223,293168.003289677,89348.7469641191,21376.037547488,9574.73180766518,4464.06187329772,23418.0065936518,292632.251396391,90181.9734144414,21759.3867124934,9776.13202577875,4561.81575098552,23711.65886351,292059.48708914,90979.07087682,22132.5055885005,9974.20039965566,4660.90684150577,24019.8021374314,291927.376221903,91801.8132605344,22503.879627371,10172.6183906566,4761.14465248602,24349.2870359333,291490.204096206,92593.876956287,22855.0870908734,10359.1184804689,4855.54891469412,24658.8053494601,290837.651835171,93344.7704548357,23215.6671087046,10550.3264433859,4951.48747684845,24959.1128937509,289953.857357925,94041.4541335195,23573.3051438478,10744.4697066755,5050.2945054056,25250.9097414459,288989.574263378,94692.2451167861,23929.0324665083,10940.5769454356,5151.60217668132,25538.5351178357,288482.700464024,95373.475009317,24283.2212402628,11138.7025456583,5255.48922908671,25845.7619901304,287571.913287338,96003.6183490211,24609.1396298738,11320.3115695776,5351.38187039204,26124.4541986553,286328.570627861,96574.6640554214,24945.4847460487,11507.0068525248,5448.73955126612,26388.9185783486,284862.521650372,97082.8704113815,25279.8267205632,11698.5777846805,5550.33747641412,26646.5594884474,283315.447352843,97536.5335113013,25608.657185047,11890.8314593428,5654.30455199761,26899.3956432337,282322.951464176,98037.7545480122,25937.3811705576,12085.8502531463,5761.3500085018,27178.6439729923,280922.716656397,98474.5341148735,26228.1917081939,12258.3229241524,5857.16443780539,27423.1387344618,279329.380481341,98875.6942627403,26533.1996650323,12437.0114758189,5954.53590162459,27659.2602974502,277372.714265668,99189.7503300176,26828.1902520017,12616.0317216876,6053.74530652467,27877.6476336299,275302.202910812,99444.2925699349,27122.4968549217,12798.7626280587,6156.81456638809,28092.122119217,273654.268442374,99725.5167366694,27415.0381236051,12984.6512819577,6263.74308884765,28328.6864059683,271780.285297528,99957.0830690489,27671.6372182633,13149.8675606546,6360.82438175262,28540.8805189923,269491.272981549,100115.165666978,27926.0761161589,13311.9143593127,6454.81037096902,28727.6997938432,267041.204864667,100211.871450059,28186.1434833044,13482.4595278432,6554.33049464603,28910.1293797542,264901.280107327,100286.773208997,28444.5202070464,13657.1550550341,6658.77811086885,29103.8651532159,264258.535762922,100580.820372109,28713.5732216733,13838.2412325762,6768.47032759539,29372.9945052179,263323.907291878,100832.171687101,28899.9858021672,13962.7730369266,6846.70012587464,29581.3792285522,262329.958488121,101118.568309533,29124.7744112547,14096.9140238013,6922.96273550064,29779.1041015807,261040.805096278,101321.269518,29344.5828591592,14235.1009541076,7001.90223915117,29954.7854739708,259532.616052857,101465.854807279,29561.0264496258,14376.4228506379,7085.07245491343,30121.9906112546,257888.787221534,101558.385054779,29770.3789047042,14518.2384213634,7170.84389173068,30284.9667033538,256135.829567203,101606.707864401,29968.9371351112,14656.8649694029,7256.71487625528,30442.5958521454,254283.280417403,101614.295485478,30157.6167036593,14791.6469553933,7341.57216079107,30593.4933887608
92,386399.121205719,75683.4611407807,16444.0066319455,7094.6961327101,3185.88712246754,12648.112756236,373848.191519563,70414.9346522052,15482.140595982,6857.61934178495,3118.41243687172,12591.412077429,373479.710859464,70454.5835745625,13331.5701931048,5958.99002943363,2841.13214600877,12615.3916887298,373454.00834762,71367.7750242109,13202.1216136799,5542.82447446149,2533.8477939396,12519.3123057991,373311.131970801,72027.2396612367,13366.3294347977,5542.80169698387,2463.27938847391,12504.4363070773,372847.412852773,72613.8929350274,13529.6095561229,5602.51602143323,2472.53884144114,12590.4887588135,372277.110776875,73144.2612882931,13685.4637848261,5667.46797011554,2496.45837894238,12721.4100843787,371663.335651075,73651.8354860628,13834.4273497993,5730.58163605362,2521.840393416,12865.5246906794,371474.085200694,74145.9337346923,13976.7840556959,5791.11945317802,2546.44108756391,13015.9506698709,371081.820112186,74662.7804980865,14114.514500468,5848.20723617289,2569.27320544665,13162.3100238612,370414.455755748,75146.6257627304,14259.4704224984,5908.30365093753,2592.84890560543,13303.6926069704,369450.145349192,75583.9255031049,14400.4605717527,5968.91216876015,2617.27245210936,13440.0043209126,368370.714467966,75983.8583255315,14538.3670185003,6029.02000127606,2641.95220977398,13572.8875276168,367753.278938125,76363.867011708,14665.9513394054,6085.73649448603,2665.63355418202,13708.1674499613,366769.03832234,76768.4764273371,14787.6074462035,6137.64491732656,2686.84150133806,13835.6673979339,365407.483861657,77119.7479484881,14917.39331295,6193.23415584788,2708.95524242766,13956.1609762618,363758.394671038,77413.3742289979,15041.0555947595,6248.94569284121,2731.99047454433,14071.2894888726,361981.461768587,77666.2587677203,15158.3753913141,6302.71667865804,2754.71706600079,14182.1778189614,360754.343210847,77901.3330860359,15265.3842818822,6352.7253114945,2776.14642027201,14296.486711478,359191.949387101,78170.1418196756,15365.1115139239,6397.02363825967,2794.61297118616,14402.4805186183,357371.70983003,78387.1799625799,15473.510255631,6445.11350136942,2813.90526364935,14502.2727326256,355150.93497001,78553.6407809138,15575.8368723851,6493.10013878434,2833.99959292622,14594.7208532935,352760.835885725,78664.6662133983,15673.9571616564,6540.51025300097,2854.37545674018,14682.3142697695,350777.30112139,78751.8060585461,15760.4414604111,6584.09527155434,2873.69784215481,14771.8738293009,348654.725484188,78861.1306280803,15837.5171372625,6621.40009456405,2889.95415543443,14855.2262490714,346068.338965952,78931.2921358858,15920.3571555406,6660.40491405047,2906.06177918866,14928.6835377292,343227.748787707,78932.2241440441,16001.2790932905,6701.45796353348,2923.7013867886,14996.2220463759,340699.16369437,78906.3720716055,16075.0890407496,6741.14605014883,2941.71627616002,15064.7310150383,339739.798937591,78939.5772709222,16134.1585748469,6774.31413617861,2957.36083178167,15150.9685592179,338836.42313431,79124.827998142,16186.6152076287,6797.25231123336,2966.91690385831,15231.8122650617,337767.790869552,79304.0244583843,16267.8329511114,6830.62820419962,2978.74635703499,15307.157925353,336393.643928532,79442.6563203014,16350.5451760061,6869.51205256785,2994.43170164332,15377.6976704268,334734.710975069,79530.6449531643,16429.826106023,6909.08464337021,3011.72485109542,15443.489126166,332908.782177746,79573.0095260068,16501.9022719415,6946.98270539834,3029.11718780113,15505.1142882623,330939.140905647,79582.8105323451,16566.2471861334,6981.83967751978,3045.53738621694,15561.9687465003,328841.252432401,79562.7730459133,16625.1271947986,7014.32170545394,3060.93656604019,15613.8790604038
93,294231.6151338,134631.757426715,48415.3711588414,25515.2075030611,13316.5127925218,17618.9889584573,259812.826474104,117779.304769126,41202.7462615111,21787.1923134459,11414.6027005895,15438.773352966,274336.720812214,125913.454461285,42076.5179629274,22353.3135244829,11813.0830342396,16112.8325313269,264861.275795896,123365.3208237,41091.8282824541,21323.364785339,11201.8054045612,15654.4791479822,267770.167061155,126602.957615903,42447.2264233186,21946.7014107163,11382.1110354109,15799.3938882268,264199.433436281,126232.237038404,42944.6885946333,22260.7638522636,11532.8377152201,15849.8881882112,263788.35573024,127450.475645219,43780.1661315387,22838.1330890495,11882.2604951474,16237.8180361868,261608.169655455,127663.191665931,44342.9371579401,23252.0351099843,12163.5665096781,16643.8901006579,260826.995524912,128432.05187231,45028.0958630317,23742.4877174977,12487.552152037,17151.8440990594,259271.347943968,128822.797507657,45566.7562547757,24142.6275211554,12763.9463389999,17629.3553697847,257899.698739482,129369.969905987,46160.0484265043,24568.4567189323,13049.9165070517,18123.4904307237,256068.990056208,129676.327838655,46705.3364978958,24973.5854254626,13326.4726750924,18608.2865816149,254223.878119846,129976.79700238,47251.2082335713,25388.0485985627,13612.3265018097,19110.3013170342,252754.819098115,130279.340916248,47803.6644631359,25810.7837475191,13906.8490303112,19637.5608551047,251036.934851361,130501.85123045,48272.6890013942,26187.5613835691,14178.7611369051,20148.3195801451,249051.10511201,130670.796255847,48746.9761318832,26557.2163532081,14442.9717854427,20651.2721459185,246807.738115544,130692.354468674,49205.4160761447,26928.5783651798,14709.9701284108,21157.3724745175,244435.200177443,130630.801642775,49638.8615583124,27296.445738138,14981.1644728008,21677.0265225083,242560.830247116,130628.318774646,50090.9753679632,27679.7367820511,15265.5467847327,22231.867867899,240458.213480261,130544.054037703,50450.5000977603,28008.6764221257,15521.7784196022,22764.8694708659,238232.310399498,130442.377751795,50821.9296460884,28331.8968540307,15769.5737652683,23288.894130084,235628.531940782,130164.511962975,51155.7052259372,28642.2442283999,16010.9046329589,23802.0485107905,232899.634429222,129807.872783377,51476.9431638702,28954.5008641219,16258.0815744252,24327.6456199287,230499.03542269,129458.066694921,51803.7551457377,29278.4295255922,16517.6949535319,24887.4622149753,228079.627534707,129083.028085818,52061.5006503197,29562.3700377743,16757.9251174764,25439.169953623,225319.445156094,128614.952610628,52285.6885299459,29814.0602562581,16975.3757961913,25965.0144945531,222345.975849016,128024.961511289,52505.3246708493,30068.5690991527,17193.3665131891,26489.2402511466,219503.86714325,127394.605694148,52718.2377515265,30332.2415554608,17422.787579424,27037.4920289128,218021.18447332,127087.771585282,53008.6627816932,30645.4642333479,17686.7111336016,27663.3663191185,216718.467604019,126906.132747928,53182.4048842938,30868.4978791128,17895.2994856543,28231.9273640181,215327.156834104,126778.869736011,53377.7861409923,31061.5856892275,18065.2297682934,28726.0251932093,213699.736385307,126555.630814363,53586.8474859215,31265.29440429,18232.1702806224,29179.8378038323,211861.026886976,126224.214887156,53770.1387343793,31467.1919745852,18401.9430590866,29615.575810061,209880.846049653,125809.684540012,53937.9824291739,31668.130889967,18577.4048611298,30061.924975246,207811.722268496,125321.22435518,54074.7013622736,31857.8685192675,18751.1411486071,30516.3006562408,205669.322405088,124780.909434776,54188.127252262,32035.3105064173,18920.6714835378,30979.3056584199
94,123946.781917332,105411.603426899,69877.1649851116,51879.5177967741,38239.8291988172,107439.276583669,106819.429257822,92914.2649074002,60701.2912632843,45150.8806830197,33385.6798261506,94753.5297529417,97362.991179645,85218.8330090871,55550.616337854,41637.5043497114,30955.9294465926,88717.4500778512,105390.090470589,94307.3670159091,61882.1063876937,46301.1481473792,34604.3345790625,100989.072403687,102172.505464375,90303.5279190506,60182.0546214808,45242.7525172414,33873.6387175361,100541.523712548,97386.4400856554,86804.8314514826,57541.3619685819,43476.4330900477,32713.2422136263,98632.1346173515,99351.7960907634,89662.4575588958,59941.7047426928,45284.4299637525,34141.8139665676,104520.705013447,98256.8097103347,88528.6105489826,59870.4537718356,45450.4335422097,34353.1905846497,106551.178099465,95515.1292944511,86290.9793757097,58456.9109164075,44611.1016445705,33881.1413911306,106513.179148958,95457.0970787845,86899.8166252685,59111.5218556753,45205.0697381863,34454.0399544486,109893.767457333,94856.0213143038,86573.9744623964,59338.090574857,45514.408328958,34782.8783804344,112481.955829898,92933.9685132526,85092.2556153512,58576.8585731103,45104.861852535,34587.9320451354,113349.288854529,91809.9794027687,84543.576776235,58477.513485416,45158.100189,34741.8405268335,115390.861283555,91192.5316238298,84203.745300114,58612.0904968971,45407.0587222957,35038.8782508852,117930.157174552,89999.8998581976,83350.7575815982,58261.3472229366,45293.966609082,35069.0731427405,119611.004747294,88662.7714423703,82482.1834885457,57898.3573996083,45134.5600939747,35053.1731810457,121165.657654387,87534.5592908713,81795.1198003628,57732.493098608,45130.5185284346,35146.9320953009,123085.404102746,86263.6280437738,80900.9713371997,57426.7960393999,45038.9745658777,35180.2664373666,124793.622299981,85088.9607970518,79990.7550094317,57055.5928113044,44900.4456574953,35186.1878109986,126450.530554239,84067.8159179575,79318.6723487663,56789.128141641,44823.2990420805,35237.6658873284,128337.116114231,82909.0102159127,78501.7083482848,56458.4496287635,44676.2821393329,35219.5441414126,129989.419189441,81557.8074396945,77524.0932558335,56016.4845905723,44448.9147220989,35134.1132308594,131367.854860664,80178.8905332559,76515.1429841557,55572.1016780356,44224.0678354342,35053.1435922283,132751.71731865,79010.466090348,75588.83750673,55176.2465139657,44048.0959766299,35016.7457010398,134327.539845344,77908.0721994683,74758.5521016219,54778.8114527448,43863.1616310612,34976.8624507455,135948.919139967,76606.3069681542,73783.6949930306,54284.6096189164,43577.8791091107,34846.1453897945,137250.68778827,75179.0299445312,72678.8591148462,53726.9593412168,43242.9632383565,34667.7641506923,138344.198230108,73873.6506898237,71618.7164846745,53205.061272665,42947.7359814119,34524.6937640725,139566.41949502,73143.2889716323,70884.2177489859,52850.5812887981,42790.6374676211,34498.43581148,141299.900017399,72674.7271901495,70521.8558512545,52620.2715931041,42696.5824326372,34515.6228116376,143272.097173,71995.299282554,69994.9403746287,52307.0602650325,42482.6325506584,34401.2654123327,144644.440022847,71141.8449478322,69340.022958752,51938.7737804841,42227.2371250676,34233.589710356,145603.69394494,70311.7518612221,68731.0311208957,51647.6668846599,42050.1975871737,34131.2374568845,146662.177489161,69485.3969050888,68091.2046972674,51356.0331512906,41893.0917448797,34056.7385875482,147743.534129694,68576.2747679166,67353.3548760219,50973.5280517584,41672.4030032503,33943.1691740989,148644.259716963,67626.6363939538,66582.5055246775,50552.2966056993,41416.6321658232,33805.5050470544,149474.542662387
95,290220.13767743,114913.104027466,35600.7588833617,17563.1674192974,8647.35482312077,16868.7147806192,262420.421311085,105102.296292231,33004.7118435225,16471.5203286989,8152.92413752896,15838.3147993842,264395.775511535,107873.784435044,32485.1161259073,16377.1051770439,8298.82913762338,16433.4623549596,263519.776916317,109069.034082623,32878.5122210672,16262.5714047942,8148.53144824314,16510.4889141103,262304.414679032,109905.578019929,33478.526509658,16531.5184569654,8211.67564663584,16573.1411355721,261098.380062572,110700.767780746,34076.2649407453,16896.8777956931,8400.04970337649,16775.7973139787,259756.529896454,111348.331623197,34624.7080664123,17252.7580740973,8611.11309827432,17064.8621836507,258388.969173756,111946.550471622,35145.6771416483,17596.8260645562,8822.90950520507,17396.3558977946,257510.535570077,112600.8099294,35670.9586005696,17943.5162256851,9037.47607563953,17759.7989240949,256350.871611632,113192.723735727,36146.2115430803,18259.6058738726,9235.99891096796,18107.8316394827,255028.674389665,113738.412304056,36633.4235548569,18579.5368808716,9434.37368622533,18453.4896866684,253438.003104576,114184.850399589,37103.7751599624,18897.8752643908,9634.2408636694,18795.8110905068,251767.838813886,114562.779215022,37567.3938394417,19217.9064844273,9838.21420900153,19144.2937578344,250591.692004597,115001.03217662,38037.4614567647,19546.6226967132,10050.0106302509,19517.5544442539,249028.759552156,115350.958376957,38444.3266170398,19836.8314991375,10242.0775767381,19865.3745705584,247207.52245294,115633.468731508,38864.9625323919,20131.6620063888,10434.0464697071,20207.8023019932,245158.482224923,115807.491301578,39270.5658670094,20428.4153664171,10630.1435120843,20550.4340997188,243002.663184705,115900.513703794,39658.7177548067,20721.9772565644,10828.8325943937,20898.7385111747,241412.227103351,116078.943257705,40061.37194863,21027.9923445839,11037.4129850994,21278.5565579646,239484.415608344,116167.400164497,40390.6043538004,21288.3580559001,11221.8858816702,21628.1199402534,237404.120930814,116219.988288841,40737.9081760198,21553.7385451251,11405.5231329941,21973.3783257927,234996.612067193,116136.475662167,41057.174502192,21812.2255427133,11587.6810748583,22308.0471821669,232459.473017492,115970.210989982,41365.4569998843,22071.4776897757,11774.2320093062,22649.3809207346,230348.818499498,115852.333867238,41681.6911130644,22341.624273043,11970.8290184068,23020.4483011007,228088.664343239,115682.490867724,41936.5005527933,22573.9082256947,12148.1210392662,23372.6038277262,225453.968207478,115415.895013059,42176.1454697374,22791.2101666711,12313.831057428,23703.2316333588,222665.310915848,115052.45664695,42415.8005832251,23016.7329639957,12485.3031068022,24035.8673508281,220113.803325237,114659.858152652,42647.0557199264,23246.7067690118,12664.600032597,24386.8283062545,219020.101699175,114618.572153077,42939.4786476679,23512.1176341487,12866.9935347527,24812.0517503429,217786.376717857,114577.594539712,43110.0006492578,23684.4993579216,13012.3682078522,25164.1108750082,216523.001397002,114603.228756084,43336.8082731263,23864.8266362974,13147.1568692671,25486.0847019462,214973.194634806,114498.430311809,43546.5682500924,24043.66921586,13278.7101841878,25774.4523795027,213236.178417658,114323.078578606,43747.930078376,24226.3215421948,13416.624700643,26060.725127557,211382.106098962,114070.998001785,43931.8787285897,24406.1057132148,13557.2937894151,26351.5300733069,209439.098847707,113763.836160999,44094.6130739366,24577.6657521187,13696.6996337118,26646.5504363338,207423.831350057,113409.929259816,44239.5491485637,24740.5558829528,13832.8794059181,26943.1456506766
96,159350.039395598,129535.919070709,72616.6105294699,49069.301549335,32929.3353829533,67234.1852548957,137240.112894377,114091.448144325,62997.9718144758,42630.7270943878,28716.1104337776,59243.0608660947,132713.309161415,111915.62139652,61851.5446954747,42069.9998016765,28448.7609361383,59101.3558679111,138603.110785279,118018.885718545,66254.9046284498,45062.5634354891,30643.8996850457,64794.1373728782,130950.822206238,111008.109680729,62644.5427047624,42901.6778454646,29269.9453860458,62819.1495929982,132609.059201108,114296.046592434,64698.7921334519,44373.806592411,30394.0288969302,66192.5278926884,130725.757705542,112819.3829195,64761.7766003468,44589.7479543721,30615.6071878049,67509.0191444927,128395.995481574,111524.645173033,64311.7279823974,44542.7854874412,30734.585998256,68580.449675019,128200.58499486,112042.620406432,65133.672338789,45272.9758665759,31375.810307078,70948.9027172823,126529.433093328,110959.193203542,64949.3505768999,45352.0026184247,31561.7773770847,72318.9100939086,125220.669951638,110504.610734105,65036.8851666307,45583.7698286275,31854.2447709108,73966.6529354848,123991.742715773,110020.10772764,65234.06908444,45884.8077186728,32180.4622083252,75702.4502982071,122330.993552277,109092.750624837,65134.8995698815,46005.3363568068,32388.8699490168,77162.5394201757,121150.624852099,108520.903338515,65217.2093371497,46249.2324080812,32690.9116881568,78885.2015020841,119948.319848493,107942.217782668,65248.4316697485,46448.3738152812,32960.1135752302,80574.2098210693,118388.638511866,107083.900750914,65119.1220415451,46517.6355295484,33128.9115140238,82034.8789999873,116848.711326615,106265.328239294,65045.8922513064,46631.498269821,33326.196847116,83565.0575554458,115223.343844562,105311.105594442,64908.0028402362,46711.812130154,33505.3543823056,85064.5783499985,113817.763750154,104414.250649715,64765.9263396623,46796.7269365093,33695.7176704035,86633.3845348402,112523.959110854,103675.796678473,64644.3668066558,46881.9203665428,33886.6866716242,88258.7510358589,110968.768519794,102717.725760629,64407.0750650678,46860.9279413133,33988.3736999929,89672.0798645321,109322.543533121,101703.899306864,64156.3771845529,46835.0520991716,34081.2458812863,91050.1207947095,107606.81845647,100600.291166147,63874.8521130171,46796.3682159406,34168.8875727798,92416.0400647224,106055.505590384,99510.4243748676,63579.9547303118,46759.1059846279,34265.4311799426,93836.1729788096,104629.917834257,98567.0633536533,63301.0600155648,46724.1757302145,34366.9532590117,95324.119512768,102964.286451337,97448.3098108873,62918.1648412042,46589.6732628669,34384.5460807053,96608.5680271086,101164.755275902,96203.5643871379,62488.0216165922,46422.2856997842,34371.0353204107,97796.5963198187,99476.8202256522,94978.6929037004,62079.6402070528,46283.2739678964,34383.1256759397,99060.2439567684,98455.3727637563,94085.1998835158,61805.6115292244,46249.383478663,34480.452524952,100610.268541956,97808.7089165935,93636.0971471318,61638.5164082072,46257.6857767962,34602.8193459211,102288.754696661,96901.5947144262,93004.9060544207,61370.6861782011,46130.0359856968,34588.0218391893,103525.86662273,95881.5729259438,92331.6406707719,61125.8872714437,46017.7406408311,34562.1987936456,104592.820787253,94842.278514619,91644.1491176473,60927.0880188406,45958.0509435006,34577.3297879707,105661.307662563,93701.6386573343,90822.8006855168,60650.2385406172,45861.4640422439,34577.4595073762,106628.412283767,92516.3509162214,89957.1038377665,60328.0204747055,45737.1245571932,34567.6024500053,107572.525665401,91325.3494090281,89081.4698810587,59996.2677475604,45603.4734677006,34553.9443864748,108539.495793369
97,275729.919600646,127494.326359542,45833.7615525676,24442.8976492697,13025.396390378,27312.1133192571,249338.190408568,118441.540612757,42832.9152314282,22979.8098636551,12293.0794085176,25739.6580778351,250790.883013911,120739.233737973,43009.9933680297,23417.6567161858,12746.4535370625,26814.9503168478,248769.046855393,121259.943643542,43216.672331154,23301.1178323559,12685.9043445047,27148.4358865446,247263.240521173,122010.829204365,43936.8803052689,23671.5121403823,12833.0411468389,27513.3004760485,245659.315723085,122552.763825438,44607.5316440898,24139.3112562145,13106.0836162494,27944.8233863811,243854.978720787,122923.722691809,45207.2375888166,24587.6746845618,13406.671738364,28465.4252860889,242100.322381642,123270.240411975,45779.5076672968,25026.7690210565,13712.1573140959,29047.5424638348,240788.446181258,123663.294891867,46353.3014421649,25465.4879705211,14020.166002059,29679.1608793385,239289.154310694,124006.390383748,46862.4304185267,25862.6266198011,14304.7353688039,30292.2123450466,237606.901838851,124290.248300302,47372.9017073034,26253.6375483832,14581.8978858459,30893.8116140599,235711.252381117,124464.249288092,47863.3238068447,26641.3154410479,14858.7816253896,31488.5017585181,233702.369294039,124552.442201648,48333.4370382692,27024.899318844,15137.8668649903,32087.6221456772,232179.488132114,124713.743075207,48821.7075531872,27425.0469937624,15430.8121352637,32731.426544319,230364.745701469,124792.075860222,49227.2868517608,27773.2893588921,15695.8381023377,33340.1301822152,228266.358693207,124781.596904384,49631.4398643085,28113.2297940728,15951.8628343806,33929.4223411451,225972.90734234,124650.520761014,50018.8544640425,28454.6246890422,16211.1415431466,34516.6372342658,223547.721946593,124417.878702955,50373.8757157798,28786.6764940741,16471.1651193094,35107.9973629517,221700.299322722,124293.335447979,50758.2231434668,29141.5228160671,16749.2123427509,35758.5385481823,219582.4000812,124090.592783273,51047.8493901366,29434.459842285,16992.5867316115,36365.4850774604,217307.417302538,123834.573088703,51346.1069682782,29721.7536749901,17226.6409389342,36954.899120176,214737.855370095,123435.934704765,51609.2039202307,29997.7368188854,17455.3219997348,37523.9220420201,212004.636521271,122923.815165667,51846.1309112832,30267.0620911461,17685.1533111509,38093.1740501064,209712.956217586,122480.684858646,52103.5032199933,30557.4034267545,17933.328708671,38718.9969658052,207333.009888191,122003.155909829,52286.1202939848,30798.9966534764,18155.3852589142,39320.8645668086,204610.007437692,121415.196753456,52435.1943694367,31008.5403039724,18353.0338078741,39879.0183294423,201730.01364537,120716.795147786,52578.5742312259,31221.8200726429,18552.3840744324,40430.8614959023,199005.009100647,119977.24945773,52708.0137285983,31439.0405883671,18760.5879391817,41005.3252741915,197695.741712784,119643.632863003,52944.5236101099,31724.0694242909,19015.1316254299,41721.231579687,196421.114299347,119410.48403837,53061.1055553962,31907.921524167,19203.7238332169,42351.8447302547,195028.074228182,119194.501613962,53208.0416438392,32071.4382542174,19357.6210836173,42898.1229428448,193451.595921583,118902.425197531,53365.435462216,32246.8312138558,19510.7399784797,43395.5967420565,191641.374994305,118484.547513518,53491.2231170602,32415.5939001501,19664.3514370578,43860.8551564248,189746.955220445,118002.849603695,53602.2002201528,32584.8045944471,19824.7595153453,44334.4587479248,187763.41830943,117450.247758768,53680.2616121699,32739.4978577133,19981.4342170218,44810.1271305203,185713.040653237,116848.283006326,53733.2653230277,32880.0999193639,20132.0607300271,45287.7831330072
98,378683.46420381,95293.0102798067,19736.7664691393,8705.53224368628,4222.92587535484,35424.7885633031,355693.86255108,86491.1635966519,18539.240948052,8337.42570666634,4083.78746095997,34909.6040437966,356391.402004165,84804.1439510701,15993.4483045898,7475.61390430239,3860.01168677888,35233.0668529725,356774.89342729,86178.8583675536,15485.9804410303,6783.38023718036,3446.7883426731,35426.843517291,356815.508082819,87069.5534928421,15662.1546525962,6722.77581144786,3311.93912516875,35671.6403447864,356486.27891609,87819.678137237,15857.9980227703,6782.74006622437,3307.00765139484,36038.9460661803,356030.550676204,88500.0616651391,16047.5580552185,6857.5299258407,3330.51870345137,36469.5546886326,355510.681350535,89145.3829264978,16227.8859512895,6931.26447453323,3357.98947889877,36917.5034212125,355476.899142086,89787.6461393301,16403.5795669079,7003.37465599707,3385.59231843648,37382.1946869536,355199.594716803,90433.7890027315,16567.1060330552,7068.93079767696,3410.05204469528,37831.4420027524,354656.624817922,91043.5349234627,16741.3057122091,7138.19743771459,3435.15190287442,38265.9435070082,353861.181373858,91595.1934457574,16910.2767400983,7208.20552293577,3461.22434241885,38684.4827408673,352868.825511965,92101.9624655473,17074.5152913529,7277.05496398693,3487.34100678764,39088.8918555323,352385.372266276,92596.2679310748,17234.1170977716,7345.00217379507,3513.67636180532,39503.3709444671,351556.761800262,93093.3742196291,17376.7803212641,7404.20422459066,3536.02271963688,39895.3315604863,350396.786499406,93538.4810328259,17531.4210550586,7467.28845274865,3558.84080923804,40268.1776121302,348940.676016607,93913.9795641937,17679.0422501752,7530.78092294264,3582.58849802323,40622.1081089097,347264.646847686,94235.9456311333,17820.0021594248,7592.34171956339,3606.05917938744,40959.3584702532,346166.281471214,94542.4784109502,17954.5391264729,7652.22791256521,3629.38818463643,41308.5456608809,344828.117017904,94869.0982788644,18070.9176922161,7702.2960566589,3648.16204089954,41637.8500687166,343229.558557849,95151.1792499116,18199.2679283487,7755.82213416933,3666.98376375228,41948.6678665366,341220.077848497,95363.5209110862,18321.308340714,7809.79515101411,3686.58614144233,42234.2559749626,338984.56358721,95507.5409807952,18439.3233281162,7863.64350668604,3706.77979562714,42501.5296374997,337145.333605738,95623.2033971519,18546.909762767,7914.71232647545,3726.66032448009,42773.4242914871,335248.674759596,95753.4273954711,18638.2340772317,7956.889892876,3742.52127010748,43031.8704733724,332910.622970916,95842.851973808,18734.3821375209,7999.15325403106,3757.02931162797,43262.2157884284,330300.64288112,95851.4642705263,18831.3553958179,8044.66944396678,3773.23428258964,43470.9320919021,327774.193031866,95819.2614800897,18919.8434587844,8089.07778115762,3790.1424328336,43671.5068525443,326784.342709397,95852.7973714155,19000.1029025179,8130.52634145592,3806.84367351145,43924.1026407061,325984.46005045,96047.1883709091,19056.7398229472,8155.30163664091,3815.25125131966,44174.5391464685,325050.355104961,96262.6179799398,19149.4371635741,8190.27043317849,3824.77199419371,44411.3622506574,323835.087685259,96428.806570398,19245.6937946647,8232.76626506454,3838.83825890026,44628.6638312607,322343.691547837,96534.8292693472,19339.1168914169,8276.91534103101,3855.38759130826,44826.5096284323,320655.638477171,96583.7582688736,19424.9357059549,8319.83352793502,3872.67751999619,45007.2901582362,318832.99504992,96587.5313241547,19501.6269972785,8359.59128396655,3889.27593539201,45173.2554527171,316907.862751382,96555.7706026198,19571.1163693808,8396.21998787183,3904.65047726554,45325.4760460668
99,301289.292924996,101034.807087727,29288.2657443735,13900.2971471857,6560.12430454027,10833.2427696629,278027.355775132,92374.9655833013,26456.7792980039,12683.481676871,6009.21512671126,10075.7125825533,277915.194713939,94042.9511422959,24917.9738771295,11931.6937633851,5784.09430455534,10132.3296321648,277873.070202574,95610.3815906279,25257.0054455482,11698.7782300315,5518.76247127271,9990.35351642036,277052.117041299,96513.1531010255,25756.9684260335,11880.6470438701,5514.85884096285,9890.24261251055,276029.511943705,97298.8080226599,26220.8830382085,12135.8342635375,5628.10468410219,9947.05462741903,274963.046931999,98008.2521359012,26662.0373776167,12393.6441109825,5765.93733541729,10095.2492849361,273862.011664755,98669.168468723,27083.0204849024,12643.7996153844,5905.34922145923,10278.993093,273225.891606505,99365.1519221965,27503.0690011879,12894.0553903662,6045.9392707492,10482.3487167911,272317.735427025,100030.53919102,27894.1233855368,13126.705684,6177.76225558495,10678.9754507723,271217.689222836,100646.384325914,28294.9335933353,13363.6112507222,6310.53286339908,10874.4251539263,269890.069955767,101194.797382507,28687.8929295238,13602.2080613942,6446.13578210847,11070.7235433093,268447.70157905,101683.373674115,29074.9620059926,13841.4452537808,6584.20808871881,11270.1310755257,267508.893355877,102213.833118599,29465.3791792527,14085.8930810479,6726.82226353814,11482.5434510443,266171.183392488,102688.704126179,29814.44406345,14305.9862449315,6857.64041310958,11680.9917192267,264554.067659261,103097.388206856,30176.4703800148,14531.6935609252,6989.72603002805,11876.6509846846,262697.999429877,103423.048338831,30529.63936189,14760.6306234881,7126.05800438304,12074.3613776463,260759.885687109,103685.03418799,30873.5174229771,14989.1578556231,7265.03752173104,12276.728294653,259374.408507224,104005.526225612,31220.905154025,15222.7919654023,7408.68293150457,12494.4279899773,257632.542600286,104265.308825926,31520.6337770814,15427.035102456,7537.4088070935,12694.903946156,255722.466432241,104482.084963315,31835.5311672526,15637.2763742926,7667.04592471694,12893.0783851223,253471.556370183,104597.439697667,32133.0375148699,15845.2579648727,7797.77966348673,13088.063901999,251084.395285773,104637.315607471,32425.1616334198,16055.2282181908,7932.22736122416,13287.887816433,249141.238771023,104713.567509755,32719.253141669,16271.3986452505,8072.73064481594,13504.0487622904,247006.181885756,104748.098127665,32968.1224156203,16460.409157704,8199.97802070474,13707.8584885073,244503.544879954,104703.381480608,33213.6767923781,16644.0047216458,8322.20514866168,13901.3156120467,241824.289396851,104575.413226684,33458.5470044683,16834.4104109865,8449.60385266761,14097.3411947102,239416.745211345,104422.877037283,33699.7683826607,17029.0628061005,8582.90189141603,14305.3841007352,238481.735607595,104536.190017058,33968.9827607695,17239.3117640998,8726.40951164329,14549.2163193174,237372.140780602,104654.747897361,34147.5728274987,17382.4637422865,8830.74178718134,14748.1064572528,236200.304813437,104807.99601415,34370.1980351843,17534.243668748,8929.70114057351,14929.4745635719,234748.430008541,104862.897400652,34583.7314443867,17688.9422447051,9030.18539195009,15097.8497614779,233087.464546092,104850.872830009,34790.1298971297,17845.9266632076,9135.17094734561,15267.8872107881,231312.880175293,104779.688104082,34986.2147363936,18002.4187269914,9242.85305888877,15443.1330566951,229434.125140455,104658.627397698,35166.2190595738,18153.0759233353,9349.65178242799,15620.8016266792,227463.680253269,104493.952769684,35333.674764933,18298.2064830375,9454.62214018456,15799.0143175157
100,158101.686833167,116162.295037739,67025.1943290449,46049.684878322,31410.296017404,69066.9269182369,140337.792044516,106330.351168704,58682.6899366852,40180.7443548207,27469.4250580334,61002.3175847596,136656.945203628,105659.280714761,58187.328750319,39676.1227055066,27056.3870005729,60299.4429207613,140384.964259714,110019.139782146,61491.2895521422,41815.2870516966,28497.4602712027,63884.1973165483,134460.598234659,105161.004218475,59403.3935051029,40640.1373321806,27734.167379114,62430.3307548846,135215.587595079,107340.837761568,60888.5585459984,41825.3285105573,28671.2054721676,64972.8229147863,133480.719508871,106272.51378287,61059.760140961,42120.2906862898,28974.7361456395,66224.4033281005,131333.469954621,105218.470349649,60808.2490735713,42192.8172399206,29174.6477775442,67354.0234338946,130894.985102547,105507.856946686,61432.0358125933,42796.1344982709,29729.4981875181,69466.6100824932,129351.327011201,104695.44313217,61375.3797165728,42942.3191818129,29957.6604600089,70884.0387248293,127975.08584348,104225.711214922,61452.7806743777,43159.9005957234,30231.903339901,72447.1419321811,126689.545062292,103782.773034755,61631.1523438332,43441.9368055133,30540.8331699109,74106.4898131077,125037.672617736,102970.465585548,61581.1537487704,43583.7184781329,30757.4278966224,75550.2259508919,123864.814029687,102453.664831553,61670.6693161792,43825.0886218214,31051.3441536364,77222.9097209285,122629.96306772,101938.965278014,61708.0331521288,44017.2830192173,31309.3752588712,78853.8315784491,121018.671765888,101140.884606944,61597.7756162177,44089.0536536897,31472.2132468135,80260.2740313792,119447.861033227,100389.261963134,61543.4852026148,44208.6347955533,31667.4128374665,81746.3496694366,117788.585462715,99510.5526650589,61424.934842723,44293.801703182,31844.3253958454,83201.988912335,116411.096975235,98711.5787141561,61317.6433244377,44393.9585544446,32039.3675053392,84748.0534155349,115074.228145657,98032.6359943683,61206.0619190349,44475.0943780942,32220.6007138254,86312.5052167861,113479.203970926,97138.2955241042,60990.658669449,44459.9962664705,32318.9759859288,87672.1079403702,111803.266539394,96209.8957613581,60771.1543691135,44448.3228240474,32415.9854227095,89015.03406532,110035.92606622,95172.7276338125,60509.4938716451,44415.1084170842,32501.4150709995,90328.2870545998,108494.013521686,94183.3151064683,60254.5678700186,44398.1858644211,32606.7266075071,91728.2469010439,107045.371946592,93318.4661328173,60001.8670104889,44372.169877546,32708.3375788024,93173.3869397768,105307.570395295,92254.5736298795,59635.7517888242,44240.1496795951,32720.5491733847,94390.7790631454,103469.040441897,91092.8368173609,59241.8853401469,44091.4489097788,32714.4450658864,95544.4864064583,101777.535931816,89965.9994672429,58874.1123957773,43974.734911164,32737.4913664326,96788.0133076343,100840.828314394,89193.8963936857,58653.7248477187,43971.6868819707,32851.9848625218,98347.3926169812,100170.614732195,88788.9786682413,58495.1911703937,43974.7544657913,32963.4622495432,99953.7296335759,99203.286778195,88169.0487380463,58233.3328078856,43843.7825080114,32938.6390954039,101104.401114443,98173.2832393572,87555.5748216827,58020.5934951617,43752.9445764563,32925.0113138965,102152.852351463,97118.2789019405,86921.7386495785,57843.0705544881,43705.8690524373,32947.1455940018,103198.179546214,95934.2618191943,86139.8843791113,57576.9700451566,43611.3069770413,32945.4653737537,104119.194196641,94717.5676124294,85327.879586999,57277.3247160332,43497.4226002899,32939.1606322959,105034.222479772,93508.6698879265,84515.8265400004,56974.338438374,43379.5781774816,32933.0339328841,105984.137797159
101,254194.744638495,70091.3152875665,16275.3721718554,6997.48597241876,3020.57904235535,3951.04179280566,228250.548673708,60867.0754839922,14523.2032550757,6432.10593638325,2813.8135988156,3712.85114907685,227705.378941199,61470.7898865859,12793.8500310769,5575.75694153408,2530.0539809963,3663.7386240131,227606.728827154,62226.5432020119,12853.4050225518,5308.68928039319,2279.70122789182,3467.91161990762,227240.191377441,62754.1465559087,13065.6075600372,5357.02757348214,2241.70273150181,3354.46101499951,226660.900428826,63211.107663328,13267.1508895438,5448.36407619842,2271.0088433988,3342.02257785655,226085.205971221,63641.6685863728,13463.4159445172,5544.3969442453,2313.37362006675,3376.55802864904,225531.92925063,64061.5620925887,13656.4479861442,5639.97538632686,2357.62795105956,3427.07363077126,225375.567501686,64518.5202605658,13850.0215257592,5736.33686828934,2402.66825999339,3484.13661560637,225057.691090549,64989.1650129982,14040.217061998,5829.28915373122,2445.93635339374,3540.29787131204,224595.442627232,65435.2220195216,14238.58455561,5926.67516490592,2490.94635041592,3596.96838215001,223988.440652948,65857.0127974813,14437.2083730869,6026.67503621296,2538.04450984854,3655.10044930685,223336.603108951,66251.483620707,14636.1712385458,6128.29184965631,2586.58379337664,3714.6918219612,223068.026240102,66676.881407561,14833.8651762395,6230.691865035,2636.1158282136,3777.03961633111,222543.404955198,67101.4421325493,15023.4679674507,6327.17547997156,2682.73630896455,3836.08801312379,221794.366897022,67488.9147377036,15222.2270615733,6428.6742569068,2731.27618601765,3895.0813876817,220903.079592971,67843.7154066431,15421.0826158809,6533.57795525209,2782.54442667336,3956.09656222653,219971.245639584,68165.800654344,15617.9771105021,6639.22588308114,2835.09043949294,4018.67716802329,219470.747718752,68525.718941845,15812.5843507342,6745.17714833582,2888.44693591488,4084.39033586281,218677.066692346,68872.4632216022,15994.3207625184,6842.22334500407,2937.34766088137,4145.10691781423,217771.675744214,69193.6207486343,16187.2321012207,6945.26572452971,2988.49025904214,4206.27971014723,216614.032288695,69473.6655505079,16376.3634051697,7049.5802671476,3041.43064099615,4268.16883265383,215379.335889516,69712.7432979452,16566.8046671625,7156.63065124886,3096.57623543868,4332.28740287545,214477.914578824,69972.1841230349,16753.612797267,7264.19298397054,3153.04006695118,4399.96714637338,213408.792360013,70221.6437240897,16925.186006888,7362.30942734137,3205.04475388532,4463.53679553241,212053.456826868,70430.3622626031,17101.9202402526,7462.49785851595,3257.35590731363,4525.26512999919,210565.5798057,70597.3950727848,17281.7603856116,7567.98215686195,3313.23921108608,4589.47806112032,209333.076815907,70742.821678997,17458.8755823793,7674.79781190212,3371.20155303919,4657.31687216024,209166.50639045,71016.3108925321,17628.9032304208,7778.19853516294,3428.22167345132,4730.45252653971,208775.983340026,71295.3790873205,17762.1298331347,7854.11263890198,3470.08123779389,4787.97142653422,208300.174258269,71578.2095515176,17919.7997542068,7938.48294267829,3512.89536294262,4842.06163544626,207633.539875892,71817.9376726441,18077.3544421919,8027.28310019964,3559.00744479276,4896.63481359963,206789.793831369,72019.7659944816,18233.4362264387,8117.99915992295,3607.4838556463,4953.61658236468,205866.791466065,72192.0264688039,18387.4547369593,8209.97276159415,3657.65766619441,5013.15584548927,204862.670064816,72337.7703423149,18535.0776163243,8300.1096224878,3707.76651697203,5073.42055883171,203774.854220947,72459.3832694226,18678.3894093284,8388.77978086783,3757.55846596343,5133.68200963883
102,266119.700368456,130931.187420095,48720.1790590645,26351.0758219886,14188.4382109319,25099.720072111,233053.312238791,116976.601466752,43571.0862077719,23687.7142631698,12805.7130363291,22866.9700448149,240250.770475194,122654.790454748,44818.3069319529,24679.0789202246,13542.0933614775,24305.1606481079,235076.821202683,121156.50551523,44393.5252297823,24172.7567185301,13267.3956679741,24306.8679028914,235281.481493551,122966.460828007,45420.309087167,24724.5238406477,13507.6643813615,24794.2210444633,233038.477161808,122978.228625266,45978.1033217574,25122.1636419256,13740.4400637289,25129.0730573901,231714.739278761,123568.373534096,46655.3397256748,25632.9436135636,14081.8942361375,25687.1260171796,229905.498198476,123772.558737315,47204.3787233658,26067.5826419456,14392.6225525023,26262.1397452858,228774.920851607,124204.804514165,47805.3259172203,26534.3213304859,14724.3757688184,26919.4930317519,227300.0128801,124469.714656003,48303.5480993532,26935.4877173228,15018.9911358311,27543.6941775544,225750.923542063,124747.539710503,48823.6002709673,27342.187111555,15312.4244981837,28170.7070660936,223961.593791419,124877.909496183,49312.3917538501,27738.5532310459,15601.391157348,28788.0943487702,222062.559330727,124936.268094254,49781.3488724233,28131.4878223881,15893.1039367194,29413.8159792346,220631.539385083,125073.645154625,50274.9109532684,28544.3072710899,16200.530897956,30083.7077714219,218888.613560724,125095.687463595,50670.2534099413,28896.8482058219,16475.4212523498,30716.6898546169,216926.964266837,125065.371765732,51074.4267991886,29245.7566666215,16743.7100716959,31338.7786382615,214756.511878812,124892.884558432,51454.5959152902,29591.6886597271,17012.4372298876,31957.5223131146,212468.170008875,124629.42827849,51803.3006387096,29929.0924439484,17282.5329625559,32584.8672624093,210705.131327224,124473.1570126,52183.1237868747,30290.091675042,17571.2219614967,33267.4616623013,208690.517977133,124220.450994773,52461.2612070774,30585.2980579197,17822.90177332,33908.4505858351,206547.329898164,123941.138756042,52751.1452827476,30875.8790211007,18065.7669610151,34536.0169786308,204095.634182672,123495.016338418,52999.700517494,31150.3593923212,18299.784459903,35141.5780297834,201512.899024848,122954.278766151,53226.6819592445,31421.7834445511,18537.2607647725,35754.545872687,199310.5981196,122468.334501231,53470.1320528344,31711.6647313833,18791.8604954878,36418.6369871406,197056.914117645,121950.895796835,53639.3409210105,31953.4906122425,19020.755780627,37063.6668980854,194464.516924873,121324.635662741,53768.7695298373,32158.1850971732,19221.9729628931,37665.2799174364,191731.589273678,120592.566691781,53896.8286935912,32368.2253805233,19425.1520312759,38263.8395104588,189142.238068183,119819.594721963,54010.5135917017,32582.7571634923,19637.7301101914,38886.4780174081,187854.129789267,119450.519017956,54233.1092570702,32866.6296473913,19898.0929150239,39637.788967452,186626.972039097,119169.736576956,54334.0796082255,33047.8423737847,20091.0699881969,40304.0552779751,185320.314210653,118941.182200671,54469.7156991113,33209.6440029062,20249.2446981894,40887.2398507103,183804.508427478,118613.208199017,54611.2968409831,33378.436977405,20402.2183005238,41413.5649113477,182093.444576911,118175.594504749,54726.4385676944,33545.1307518135,20558.2934116773,41912.7253960613,180290.651813387,117665.914031711,54822.9212172995,33709.7346593537,20720.0226522795,42419.2057546461,178401.527269671,117086.582899457,54885.5176465547,33859.3982549585,20877.8379153624,42929.6102102531,176444.929429398,116455.19508769,54921.9978729995,33994.015961558,21029.0351170038,43443.3289541618
103,296471.296103103,143953.907356585,47310.594229861,23918.8799799065,12089.6609963757,28745.1124231238,267539.617013048,126156.449250105,41221.3294458403,21002.7057819371,10667.7492765623,26385.8423578108,271497.248904805,128083.994662435,39137.0933498534,20424.8111053606,10645.9060899741,26760.6707768468,268044.408928728,128920.859351105,38457.8520811673,19329.2901764927,10000.4309822526,26477.5131161998,267086.803004859,130315.752760165,39284.6177792117,19511.6580200724,9865.89339893769,26346.7465324745,265602.516832874,131075.612331858,40011.4892627702,19919.1758566308,10020.7294541716,26417.7976637867,264063.010067631,131701.152728371,40655.8397919926,20343.4875026577,10262.4620377143,26711.7475552306,262438.42519154,132240.67641502,41246.6424627053,20744.7633250876,10511.3599394944,27110.2426235579,261260.490534604,132811.709024306,41836.1531099668,21143.7856266501,10762.173604389,27571.6397769956,259959.606310691,133351.30907831,42370.1390112429,21510.8874752133,10996.9676192633,28032.5080361934,258470.054948069,133840.9693286,42906.9396568727,21872.6487535764,11225.7506985245,28482.4305375262,256754.091666281,134214.156705186,43429.958049676,22234.2822014191,11455.8985197851,28925.3765301865,254843.983834567,134495.794317457,43935.065637984,22592.9993452548,11688.2703120825,29365.4589966363,253394.594062756,134810.882023113,44453.0053296015,22964.2265728867,11930.8114841358,29836.6279989,251733.425526028,135083.095583809,44905.0675812017,23299.2364407525,12156.5093619094,30289.8556636621,249782.732118635,135269.832981233,45358.9003780172,23627.6661466762,12375.2186251489,30721.8158807791,247582.03066285,135319.00047465,45798.7304413172,23958.505650371,12597.4528744485,31146.9663506862,245191.576264401,135264.579239601,46213.7161589056,24284.5927870499,12822.2153680032,31570.7699836272,243322.164966738,135263.048910755,46644.5172112328,24624.7270626264,13058.5728044876,32033.1111130994,241316.177597037,135243.074502239,47004.824315878,24924.1974391372,13275.1552178492,32478.3128471597,239077.055819923,135147.665632415,47365.053842204,25212.644908926,13480.8168931579,32896.9448498644,236575.521765637,134916.239314674,47707.4437385828,25500.5284896176,13687.4802069485,33304.1648132676,233847.151609551,134567.143541552,48022.7293792394,25781.8955331466,13895.2856960298,33704.2262031301,231452.74026997,134227.812307169,48345.4479610443,26074.3478779126,14113.7192714259,34136.8993080427,229085.209950024,133893.504566697,48615.9712670397,26337.7002723739,14319.210457823,34566.1516159099,226388.112420146,133458.18857804,48856.9174702056,26574.5013869587,14506.4455046263,34959.4955908995,223464.947320479,132891.533776013,49090.5576166415,26812.9258805375,14694.3132857581,35340.1565267613,220574.499428207,132255.68087402,49308.3643209081,27053.7370133478,14888.8852621222,35730.2833182516,219025.339163807,131925.439586862,49591.0032387242,27335.2307415684,15111.1012543538,36218.5057354138,217814.355572513,131822.501012511,49791.48281158,27551.0266286108,15294.5498683198,36687.7471227691,216444.78637147,131719.251301324,49999.5289716948,27733.8469682731,15441.1021391125,37078.5140489919,214881.430041794,131537.130877873,50224.9218824927,27930.6218319402,15588.8281033404,37437.0712493422,213065.69265994,131230.312423223,50422.2873027844,28123.3019291295,15738.3772351568,37769.5098618159,211127.136643573,130838.464430894,50607.2014845001,28316.4595197871,15893.4635114841,38105.7447668919,209107.276614218,130380.907963515,50764.7463655797,28500.5682995772,16047.9358449535,38444.6762960551,206991.979400213,129862.07154541,50898.5057954922,28671.9013233399,16197.360084775,38780.7752688014
104,339718.012477562,79736.673885152,17832.9057448246,7951.32360593506,3806.92001226115,27431.3828785383,320177.67249859,76794.9374662038,17457.3402988779,7930.02433907935,3814.00544458958,26954.0565442137,318550.837704246,78057.6950554204,16578.2293788944,7448.13944670907,3658.12818294538,27164.8101709039,318008.279848948,78825.1114059638,16948.7813521826,7435.90227806028,3551.66677352173,27353.1276299281,317352.668163003,79444.3782727965,17216.691978336,7561.37472399857,3582.07482676617,27605.2004878328,316418.395062492,80016.8083418791,17446.7158706842,7673.75787325309,3631.03418040349,27901.0895396168,315418.179199667,80547.7980774148,17669.0610901415,7781.15100489586,3679.2651836113,28209.5373508258,314383.744524713,81056.2020400855,17885.9089305479,7885.9957390372,3726.37818020414,28515.2681212244,313832.461002248,81575.3555936118,18098.5836886684,7989.81471137464,3773.37215261545,28835.4339677972,313070.719901803,82117.5880201678,18305.1291066601,8088.34160837618,3817.47764879304,29141.6062182912,312076.939130691,82617.6384121147,18520.1503784689,8191.03423916263,3862.71960957642,29434.4267741195,310863.690732885,83071.8580380227,18731.2902606978,8295.15653312691,3909.65058380743,29715.6284450126,309542.622833696,83485.5331009975,18938.7476171763,8399.13830344245,3957.37919988407,29987.3639750684,308698.276640013,83905.2024061634,19140.5979727413,8502.2908595287,4005.70352170921,30274.255425984,307515.596292487,84337.1042908752,19331.2936558756,8597.53251553214,4050.01163878938,30540.5349087721,306010.717269955,84708.4746960334,19531.7937454183,8697.43135133994,4095.49452706164,30789.000950279,304260.721732216,85021.204909923,19725.7606832869,8798.57130679627,4142.90352390059,31024.480082788,302429.705416996,85288.9425181963,19914.4692452292,8898.81272238404,4190.90514674707,31250.6283658697,301145.851851906,85572.5871710182,20095.8864397386,8997.40436418062,4239.13485085659,31496.2040942473,299566.037739807,85871.7960796964,20264.5561664072,9086.22636690381,4282.16713903076,31719.5545281295,297747.692155906,86117.5151817575,20442.8772690754,9179.58204867796,4326.13096911573,31927.300526954,295591.148761335,86302.1024474584,20614.2937777608,9273.50105106071,4371.57912041066,32116.0296333441,293302.593985135,86428.9110257155,20781.6736338448,9367.90266193222,4418.36244809583,32293.4145674164,291435.662068055,86559.927874572,20941.3048755413,9460.98908045923,4465.85462315829,32486.0672680047,289409.77722032,86700.6255863471,21085.8473189638,9544.00898038433,4508.35895036626,32662.0984265781,286974.175021032,86782.764924889,21234.3167701743,9627.73731677435,4549.89645463777,32811.361187789,284352.330400625,86797.3294434118,21381.3339590958,9715.23474224004,4594.27661351439,32948.1710630421,282041.829954706,86790.4253814241,21523.1044358871,9803.0454455407,4640.51603819629,33090.4301374478,281220.902513465,86921.1024878339,21659.8478292913,9888.89029236656,4687.12143098138,33300.7790609558,280334.329837933,87154.7000492423,21772.0556101178,9951.54559252096,4720.16564664561,33485.8020514568,279289.830545673,87368.3737764805,21911.8002680795,10023.0689791132,4753.41167075331,33653.650517731,277971.682400857,87530.1065309867,22051.0807496797,10100.3508398097,4790.90986399299,33804.046018348,276408.634203518,87635.5986284979,22186.1446652309,10179.0479833003,4831.05942523524,33940.317145896,274718.295267648,87696.1857854935,22314.5027137638,10257.1552111947,4872.48110639923,34067.9033206579,272921.428774539,87723.7268232616,22434.0009876848,10332.1226062528,4913.33777466579,34186.164090587,271013.360561756,87719.3082234249,22546.805923671,10404.1884999846,4953.10858610529,34293.74245336
105,137762.118735949,107969.528857169,65166.7372120963,46057.5749020052,32382.5652772901,77952.8779944544,113424.08685535,93565.3839705044,57538.4301434285,40816.2722999973,28813.8049925147,69987.1697978448,115669.543328139,95381.237147307,60070.2271607009,43460.4585115136,31028.0235720408,76380.8937547019,118125.561782628,97283.8655448756,61576.4892538363,44966.7480602107,32585.1469228412,82541.230453455,112264.014991833,92216.665588705,58270.3236105104,42726.2343711619,31186.7388808078,81468.5134292181,112746.014856186,93967.1675484785,59404.209862145,43538.4198339729,31865.4498468887,85427.0235524996,112397.199819927,93918.4792130287,60091.3162098134,44125.0180865876,32322.8442108326,88334.5677686634,109518.918181564,91764.7648884601,59005.1591911174,43554.3921904481,32017.1898087877,88867.6746667048,109076.687129043,92016.3293321543,59444.2445773298,44019.8892760186,32484.3771251508,91537.6042254361,108410.590147313,91777.658993739,59704.7759368168,44360.3868045501,32842.519697239,93895.6481181072,106611.749938845,90604.0128020638,59232.6403241356,44174.6568788484,32821.3270844801,95143.1421227255,105500.629609478,90195.9078849038,59276.5780722333,44344.6010448934,33058.1694966614,97137.5790444229,104351.610449731,89612.8838942103,59294.383797895,44507.8547812356,33286.0088212269,99101.5457629215,103059.52868758,88755.6297725822,59058.7101935141,44502.9192894524,33401.0980501369,100749.543809544,101993.182599584,88245.80093181,58973.0029852883,44586.6588603317,33583.6805177282,102656.944670874,100724.297936837,87545.1813675115,58825.9614979093,44604.3380897226,33701.195920838,104382.816019368,99234.1236964668,86640.7888603631,58549.5646002467,44539.8399812379,33756.1045301196,105898.324052201,97791.5803044029,85773.2987191384,58301.0455310135,44502.1141170362,33837.563904067,107510.034492539,96642.8457663272,85006.3750460009,58104.1718814693,44509.5841452679,33958.4500265384,109291.03590214,95463.9601655483,84290.7582278415,57856.5552401532,44466.4001702541,34041.917589981,111011.316312094,94079.364285074,83407.4534214653,57522.2425182339,44331.7873755175,34041.5942093807,112479.762750112,92627.471823443,82490.1618971449,57183.7164931076,44199.697372037,34037.2291499698,113913.517267699,91123.4595514447,81500.7533808345,56817.9892813278,44055.5023754292,34027.134746048,115321.147172276,89783.8686671181,80533.4390599165,56447.1257638067,43917.7348824334,34029.3678758674,116798.318389933,88540.0801666661,79694.8482296461,56093.1977169886,43783.1240720971,34036.9269853247,118351.951442736,87089.7458219927,78716.9333447109,55654.5700903321,43559.8311763091,33964.2053592474,119657.253764998,85497.0422399233,77598.5730042627,55148.8131504748,43286.675451214,33845.4735295519,120783.620461958,84025.0914452076,76517.9856728247,54672.5600919287,43047.7121096965,33757.6152465683,122014.522767736,83219.4948563206,75776.8026903398,54368.6768046996,42948.2160481739,33785.2020619075,123704.342530367,82682.658241566,75405.3061427844,54161.3148547731,42888.723800966,33837.9625678383,125548.013004392,81885.7441545887,74839.4779726685,53852.5421817079,42692.64891917,33747.7911013855,126816.671496414,80951.5157717042,74199.577651375,53532.2213740572,42489.9868878967,33631.9326760925,127820.288549047,80050.6421377368,73607.1065535475,53292.8240662984,42367.6113957577,33581.3540593711,128917.078889218,79094.9566355527,72925.4460341399,53007.831880881,42229.715138377,33530.4201167684,129932.79947281,78048.5032392726,72152.3449785273,52637.9774789936,42033.2230569947,33444.8889850521,130810.387427993,76998.8202180434,71380.3009647976,52260.996818496,41827.5926901117,33355.819101058,131708.678201333
106,210611.90553418,152751.542420733,64797.1273114887,37676.6252732892,21822.9189521057,38039.360411405,182908.191094212,137395.149870777,58138.347685194,33897.0398374688,19715.1218561814,34786.8735377062,181593.943737506,137293.597738421,58342.0361075473,34507.8339391401,20280.6550604924,35823.2268156466,181407.593052534,138369.926469634,59393.5448756511,35066.9862803668,20782.762479588,37493.7302208812,178148.941819755,136912.610957687,58958.8333087385,34924.7023661987,20716.2588755412,37786.8179538841,178132.604169741,138340.571379855,60390.2237408197,35849.1503780067,21314.9780540469,39170.9561490041,175239.241551504,136932.898028903,60285.093477534,36014.9199886593,21501.2479942344,39683.3650782262,174512.107148792,137609.653215803,61237.1345167605,36749.6752847382,22053.7611847215,40977.9936628082,172458.957191902,136728.704768019,61371.2212444444,37037.7378649796,22337.1790589518,41794.5887943503,171644.234043658,137101.278448624,62057.3472407231,37619.4362700985,22801.9580660273,43018.5024735685,169748.75982204,136469.740916548,62269.1937768002,37919.0095611951,23084.7670058618,43900.6012837523,168369.883129352,136379.399477326,62775.4316094062,38391.129350874,23474.2874714327,44994.40297096,166407.36352945,135715.818305175,63016.7331710929,38719.5683074427,23779.3947760299,45928.6146819528,165043.201984077,135408.504005176,63419.8716592503,39148.5396652001,24153.2887299722,47021.1836171722,163545.20141754,134992.228691359,63691.9479825371,39495.8930535433,24478.981679324,48053.4315546568,161770.084047121,134453.559495127,63929.4922070644,39802.0249916554,24772.0859683984,49034.9363030144,159894.34552251,133792.197903199,64157.504005112,40113.7025336848,25067.6418795805,50015.9697363605,157843.567219929,132987.416305617,64317.4523290741,40396.416226934,25353.5085713767,50988.9081246682,156142.726345252,132255.636086346,64501.4060955139,40700.2447573443,25658.9904609621,52030.5899208591,154532.938195064,131652.200245113,64655.7697080418,40978.7897563687,25951.3973645605,53088.9759772609,152637.320983066,130828.974655578,64720.0404126277,41178.7761048027,26184.165325572,54040.2570481656,150640.20452557,129974.535097459,64801.2036452909,41395.5174460672,26424.8641768855,55001.0016725584,148429.787510586,128890.380416914,64794.2368572069,41568.7606001707,26643.1075043859,55916.5256726331,146486.33931832,127891.750703621,64814.4828403383,41769.3871104857,26887.2800812259,56911.3300254614,144674.018180703,126984.532491984,64806.378468195,41947.3846833161,27120.5705926898,57926.3835253804,142548.810028191,125896.10616833,64702.1182968548,42043.0090902404,27293.0497970841,58834.3488279952,140319.459598891,124703.608655653,64594.1835654311,42139.1614448694,27461.1638835028,59727.3229262122,138082.933878908,123429.686003415,64449.3298070543,42226.3438875693,27630.05849711,60627.8327524287,136717.707951088,122503.96671132,64415.6087172438,42391.4392431596,27857.2500849895,61692.842530057,135877.681344298,122113.584113238,64448.5307654015,42569.5618520134,28089.4078605675,62828.6337937122,134682.719912171,121476.247497773,64357.1642890102,42605.3309198336,28195.9738453759,63671.4720690166,133519.552835586,120948.170228529,64380.7007166505,42715.4924002771,28333.7161054718,64504.0085648871,132132.696049712,120205.952662445,64332.8639161478,42796.638074368,28455.2201836745,65235.7781854831,130643.624543374,119371.136972206,64246.9713617186,42866.5282341599,28579.2188930863,65952.7904667639,129156.79556343,118509.53910274,64147.2748428976,42935.0208298759,28709.9701004394,66699.538886515,127585.431311761,117569.868312482,63992.5638361811,42967.8964141864,28821.0216091,67428.3154883424
107,349224.462764177,77578.7921884581,16049.6518426561,6942.22192750598,3260.50650038479,22571.6228090463,331588.316195836,74739.3016850027,15612.3214265454,6849.09668296372,3236.57156539893,22449.7459571182,333333.803305508,74982.5354323625,14613.5036834999,6480.32356000597,3140.67984735118,22795.8526998065,334255.545215476,76202.9611883113,14633.9366549173,6231.62542461863,2963.49950701136,23022.1700118401,334735.900552341,77016.5332069261,14859.8794117297,6280.34057880736,2933.93353809622,23266.2438847439,334840.044972344,77746.9399884953,15061.3385029644,6360.40041138686,2957.18683044357,23565.431797856,334895.456599476,78440.876546357,15258.6156491988,6442.93456052254,2989.50613676393,23893.1845699063,334929.700729705,79114.3291040086,15449.7569965672,6523.69193710372,3022.41430603426,24226.9341848289,335471.786503811,79808.1385977141,15641.1379165617,6604.51101181244,3055.57006832419,24572.9068821376,335657.202020135,80469.448009503,15815.7551634292,6677.18180473899,3084.84565463753,24900.5989319968,335604.615560382,81106.2021223682,16000.058860069,6753.24004340189,3114.80798486787,25219.7219161529,335314.021912165,81695.4114307383,16181.8578061755,6830.85143453724,3146.01930453772,25530.1048979287,334939.588393762,82264.7930723738,16363.3640745734,6909.40543163601,3178.23675226329,25836.3914336005,335078.645986927,82840.5193713812,16542.8981992068,6988.09338290705,3211.05076914612,26152.4185537304,334747.771648769,83373.8580924216,16699.631220545,7055.72129177245,3238.8481350725,26444.9192987025,334120.804731844,83880.1304693939,16869.2565280652,7127.64012052643,3267.47860306986,26727.3139581442,333222.003126071,84326.1910896742,17035.0205523434,7201.23500320458,3297.54912947387,26999.3591325286,332243.276835495,84746.6535034274,17198.569587416,7275.02298604702,3328.40556417802,27266.6072486565,331829.632003974,85171.8822164937,17358.4535983095,7348.08849583975,3359.44032936971,27544.1295891419,331000.822407341,85565.0277658244,17493.5631223134,7408.82215359665,3384.78737756962,27798.0235885311,329953.413523395,85934.2457095388,17642.26042833,7473.70226487432,3410.68478803617,28041.9923314511,328554.202728105,86240.8540607252,17785.4262027264,7539.52842502709,3437.66744708952,28271.5201525031,326985.660233118,86510.5671145335,17928.150964015,7606.50926315079,3465.83039514151,28493.0641595162,325843.640521596,86767.3980819513,18066.5318440612,7673.2328118463,3494.61080310417,28721.1372970415,324492.748078109,86998.3220978367,18180.8574985181,7728.41382470297,3518.36857141749,28931.5869853409,322712.081014947,87194.9209572376,18299.9293575634,7783.41678276506,3540.78511804223,29123.113786819,320729.670100235,87339.209180276,18423.8398952155,7843.38553372258,3565.70583226671,29304.9432938535,318957.452420954,87471.1847908966,18545.4231512271,7904.9159865994,3592.50151383013,29488.0046560215,318659.452317427,87668.8979514219,18661.5523439519,7964.33436731156,3619.19330485797,29705.3045130584,318221.803880467,87915.1219467125,18734.6968910208,7999.58103516512,3634.28441369764,29898.839609651,317634.600725895,88199.1654727762,18842.9646330618,8043.65532124885,3649.88616164902,30082.4760227546,316775.969408377,88434.9135175824,18957.2863306816,8096.20894309576,3670.23393959522,30254.1594418633,315657.670219841,88625.1854629882,19069.8241477746,8151.01970087281,3693.37229424728,30415.5678134872,314394.922307378,88770.1323681873,19177.538222474,8205.73671182692,3717.64293432201,30568.9123276214,313003.236290561,88875.8759566881,19276.0296778231,8257.3213094439,3741.2224552416,30712.8803177681,311482.703753434,88950.0276999166,19368.1769171397,8306.09761383323,3763.67284157837,30847.0462174181
108,268276.465578917,133173.032927695,49748.4461708482,26898.6208960872,14490.7528400933,30839.5161793945,229384.808340728,112712.944093828,42011.1018784692,22865.8518862062,12361.6323632087,26775.3287047699,239392.600566221,120879.655969533,43107.3625854884,23752.8708207089,13094.6426011254,28676.2334749811,233386.271359078,118893.211099461,42377.3898170925,22888.2049089702,12539.1056806329,28198.0890337169,233703.190262973,120974.560048667,43479.1814091155,23400.6214117858,12699.2060307871,28579.5794646087,231592.594287135,121056.714386523,44067.8409107117,23804.070773065,12907.3932367202,28794.3390602258,230216.778180728,121630.719290217,44726.3297469929,24291.2379136333,13225.6935836686,29294.9076277242,228533.825842187,121907.050819135,45278.9437118821,24718.0280569006,13523.1357926158,29839.6466290391,227444.992558297,122357.998138543,45863.3423361661,25161.6787080745,13833.0615015482,30472.7666375064,226047.450190983,122672.955007311,46356.5838494513,25546.9198686472,14109.2983465975,31072.8804923747,224541.312541832,122978.392902331,46868.7258948783,25936.31998086,14383.6936496045,31673.7449126477,222782.700446193,123141.65328427,47350.67569385,26316.924331648,14654.8197378454,32261.098994197,220946.726185208,123234.559088187,47817.7886135458,26696.6989328979,14930.1321048668,32856.7321522794,219595.986926695,123420.845681782,48306.8142727418,27095.0272322324,15220.4065699523,33500.8207055315,217899.425111435,123480.586693867,48698.9786116107,27432.4427268816,15477.3311126673,34097.6650660519,215987.819943097,123490.039578007,49105.3623869637,27771.1178675193,15730.642437476,34683.9828922465,213841.952704453,123350.015845309,49484.4357327273,28105.4735689687,15984.1116189724,35260.4237653271,211623.035568173,123130.759047683,49839.5076077965,28435.4734170797,16241.2966074101,35846.8835630984,209924.525420827,123025.4072273,50221.444734272,28786.2703441854,16515.2499084668,36491.0632766269,207933.408032845,122806.06948895,50501.4748559392,29070.4392369649,16751.3673618697,37083.1695954673,205834.835126468,122569.176999352,50802.2120410736,29357.3193508012,16983.4195172343,37666.8123498382,203434.137720707,122164.503574759,51058.5854979912,29627.4019383502,17207.0688768706,38223.2411079531,200910.944508561,121670.347591707,51295.8784220142,29894.7433437692,17434.1740425824,38784.5091240303,198777.842763159,121241.821825477,51550.6495661683,30180.6895793982,17677.8326196741,39398.8450562919,196551.206397524,120763.568270219,51728.9549747692,30416.7376400909,17894.4392519848,39985.6107272452,194003.524612816,120183.204971617,51876.5293384479,30623.3385442779,18088.5355343463,40530.4315040082,191302.824235466,119491.592705884,52018.3486193886,30833.7886254553,18284.5630138692,41068.4715831028,188774.272290468,118763.781083669,52148.2149538466,31049.2767856651,18490.1660394125,41631.1395902941,187587.669896982,118470.261295655,52389.322028669,31334.4172929317,18742.9805701926,42340.7981293287,186354.751336407,118205.546452519,52490.7441638441,31505.1785031352,18921.2103794219,42945.6219202401,185085.53058218,118021.667722244,52648.6506323112,31673.9039627197,19076.4644968601,43488.4163042211,183584.338387675,117709.575893,52796.4582685067,31842.3548408819,19224.1651874708,43968.2155133963,181903.622605323,117308.257625853,52925.1112521378,32011.8315661508,19377.3071462643,44427.0130024941,180113.640897608,116822.186424241,53031.1907581795,32176.4052546444,19533.7207383707,44886.729650765,178264.234389199,116280.916758855,53110.3968290502,32330.3616171088,19688.7277593504,45352.9810626547,176338.720335006,115683.991679157,53161.0384625501,32467.7647399147,19836.1164685932,45817.3399767673
109,361684.030248439,100199.615980186,23251.9410002655,10073.0504806374,4398.6483424473,7794.1722805597,341905.930851014,89525.8526453189,21257.4418722913,9462.7278463518,4184.53291283662,7544.09820430491,340350.944354746,88853.3895664526,18029.230663984,8130.68681145052,3778.91688007316,7462.11053349401,339872.803693228,90276.3867519176,17682.184610165,7414.07062831656,3276.90406608471,7145.41477889062,339443.749408361,91255.1376114196,17974.3961310242,7402.20236385818,3142.01430209055,6919.9368903013,338705.777544838,92074.2381958665,18272.1718758,7520.86672009732,3162.60627161108,6873.94763428034,337886.778572418,92811.6077315321,18555.4351631702,7653.40631116053,3216.82453632542,6922.91199134315,337025.311620593,93512.2208754888,18826.6069176374,7783.68309560309,3275.68001853721,7005.8006680232,336638.934512063,94216.9495823387,19090.768343355,7911.44049828417,3334.41878327127,7101.47171878726,336023.225981519,94931.7579660538,19345.2698546461,8032.76848817971,3390.11499485512,7195.91270368951,335159.640250456,95598.0428646025,19608.3162398396,8158.26230311858,3447.13202116198,7289.15013485786,334035.10238529,96208.387307205,19866.1292960358,8284.79074166922,3505.77630292287,7381.79411658557,332749.421790766,96768.4613100664,20121.3768195201,8411.70153891236,3565.43567418222,7474.11278876628,331976.004811626,97329.3753850262,20368.9834936697,8537.17652502046,3625.30364295037,7569.86595527479,330849.652277972,97893.6183647314,20601.9612847158,8653.36497226843,3680.8233613378,7659.74109066681,329374.433384159,98389.8226413858,20845.3452279733,8774.53974725177,3737.79659260399,7746.70996320252,327631.05463042,98816.0717875192,21081.8199496163,8897.03925391488,3796.87870587276,7833.15077575392,325735.523307061,99187.5139378637,21313.0869656786,9018.8509500878,3856.71723741034,7919.21181787834,324407.964037207,99567.9052357735,21535.7251126388,9138.67572245866,3916.50259721888,8009.24819692894,322798.109333918,99956.8074129471,21741.8801743206,9247.52472482503,3970.96301150684,8092.73617742713,320899.564450881,100283.01631963,21957.2045352136,9360.49874599245,4026.28999241017,8172.86541898492,318659.751321455,100535.509099177,22165.6712154572,9474.46108076188,4083.47661937567,8251.36401184523,316219.542790379,100719.89998294,22368.672340127,9588.43028340301,4141.90197498304,8329.45727318439,314225.060033624,100902.111940461,22564.2606817817,9701.27925257397,4200.92819618885,8411.59957226619,312097.180650276,101090.362470328,22740.4820045615,9802.73694915371,4254.73263826171,8488.55419205587,309536.116271166,101211.194956329,22920.6826749424,9904.66534879721,4307.62812446324,8559.55922339666,306703.227020792,101247.357170891,23097.8540495058,10009.9740405321,4363.29883955838,8629.6932690616,304146.155246592,101254.190046639,23271.5112156242,10116.5785006361,4421.22767727476,8703.47269795639,303176.632300106,101411.146567596,23436.3269803443,10219.394978059,4478.2802212217,8789.47270735608,302226.249457283,101686.169929803,23571.415175004,10296.541340399,4520.92672634884,8862.24609154089,301097.154110154,101939.444308812,23734.1360726095,10381.4430360635,4563.01588487353,8927.55287946852,299682.971671238,102130.563386579,23896.0614282461,10471.9150870366,4609.14726394689,8991.24337301349,297987.703207849,102254.618400738,24052.7292472355,10563.2576699597,4657.53023721615,9055.16045759835,296148.302989314,102324.35128186,24202.4562805476,10653.991881298,4706.98632423087,9119.78912054092,294212.419123831,102356.007981049,24342.5164829942,10741.4917732068,4755.82086007148,9183.85973390671,292140.809047487,102348.76982228,24474.5971667393,10825.5306564121,4803.34562977199,9245.68656189277
110,362229.118516262,72566.3653793247,14656.1202148629,6235.11162752561,2820.28462227271,13981.5201483054,345560.166062899,67988.0266735028,14001.3697286331,6117.65418750943,2793.94612584564,13862.2263841566,343253.298498335,68430.8993182015,12142.4529386739,5256.59844152418,2515.07321658986,13853.6384107089,341984.792085565,68927.656246404,12192.9852918981,4999.95715299221,2280.03978089977,13779.8689472198,340795.479509355,69270.490605897,12305.1642852035,5015.9322909723,2241.39775187128,13802.4140686823,339365.40264372,69564.6238142288,12399.894160988,5051.09253473779,2247.48051444541,13899.729780312,337844.172448901,69807.8187406224,12486.6115674347,5085.31204651281,2259.0263274526,14023.0895890541,336272.713219173,70022.7781426699,12566.3265303026,5116.83174609326,2270.24064921197,14151.0689801308,335212.134297016,70238.3851328074,12641.0729872761,5146.55299752476,2280.85140310453,14285.4913511631,333991.911337685,70492.7432121768,12714.951076132,5174.23843377753,2290.2335490735,14416.0667116013,332523.259519257,70703.9435615564,12794.3770994158,5204.5218021836,2300.23114121236,14540.1163784863,330787.541948263,70865.6375337189,12868.446223161,5234.47137147357,2310.6824862693,14657.4363300174,328885.722617665,70977.7701019837,12936.1432297449,5262.50298213596,2320.70233104448,14768.3056767784,327525.282727286,71083.7163497201,12996.3204547792,5288.19064928766,2330.13045618246,14884.1062269411,325883.47254509,71229.8009752112,13053.8620665973,5310.55584770606,2337.73332426801,14993.2899086018,323867.135681104,71312.6176092167,13117.2658837169,5335.67795548061,2345.86520691027,15092.9779234102,321596.658653012,71332.1652524838,13172.3956681043,5359.84615249504,2354.37325694836,15185.4848910135,319154.792061572,71301.5066640828,13219.1647009368,5380.96718191172,2361.96904358718,15270.7005604247,317328.898275206,71269.8001445763,13258.3820492109,5399.59859607737,2368.80066067248,15362.3487037536,315269.44808132,71289.3060604651,13295.0951366503,5414.54155022046,2373.54139149934,15447.5628053052,312960.277026749,71254.2668519602,13339.0047714341,5432.75889437091,2378.94975579865,15524.8303360837,310315.281653775,71165.6789865195,13375.5977057321,5450.1860087361,2384.76651091569,15593.4201027377,307444.583440301,71012.831170457,13405.3302701162,5465.56781368487,2390.09620884963,15653.4686882472,305035.189378629,70846.8891058253,13426.0955209443,5478.2817350738,2394.78299552901,15717.5858549184,302571.49747977,70724.7687217128,13442.3363028018,5486.88930277588,2397.37444402304,15777.8998464311,299679.66874052,70559.8944652122,13463.8950847102,5497.11870721862,2399.83201124575,15826.5186170545,296561.176994045,70321.3356127163,13480.5730707227,5507.98516662902,2403.15307435403,15867.1576442875,293661.682034838,70047.5182236023,13488.4649265178,5516.2999772047,2406.12092722753,15905.8178401449,292366.284027346,69878.3160977947,13491.290578942,5522.44879272256,2408.61479752804,15971.6054304012,291195.839233105,69897.2888242817,13501.2684908234,5524.77250551732,2407.98965988517,16038.1622730417,289892.671260981,69905.5955648284,13537.3381012951,5537.4727027283,2410.14233698851,16099.4584781125,288322.669339612,69876.0836307256,13573.2629678292,5554.19256544644,2415.40160914319,16154.6311103127,286483.931670592,69793.60200574,13604.4063051701,5570.64500717827,2421.59487996272,16202.727236485,284509.246748985,69665.6696268952,13628.3797475039,5585.1900092779,2427.62073780885,16245.438125914,282417.882969297,69509.5738670251,13645.2957549842,5596.93484894643,2432.70434428093,16282.7722331306,280223.753204744,69327.5562223337,13657.5940635631,5606.66194528778,2436.88217113725,16314.8186522004
111,155656.524239516,128436.733961208,73057.5448820399,49575.7771395044,33412.4338252107,74269.323042727,132267.119898654,113022.10140073,63831.8599688829,43425.3490400896,29384.9426061578,66049.9112328356,125840.888992095,107942.996156871,61256.3886935109,42206.2314543987,28795.7191585052,65201.7728318927,132472.2722468,115243.142311961,65900.4980240575,45419.3955093109,31273.1598394379,72417.3023564164,125167.786121495,108208.572655752,62306.498694096,43137.2796391533,29781.2292928607,70340.0861736395,125984.591891445,110703.088450665,63830.9627061036,44265.6054696542,30661.692372968,73555.4679640344,125003.020027477,110105.907930053,64364.7974496211,44774.927826805,31074.4182766018,75498.9479997725,122294.692426751,108254.078554504,63607.2345662797,44509.0130820411,31030.4714843127,76239.8307904573,122081.646971952,108788.575399297,64370.9182082563,45204.1508026227,31652.282379471,78724.004882914,120704.989742567,107922.876888835,64318.3955030788,45359.4288908477,31886.4317247859,80288.7060120776,119222.728644169,107200.694715382,64225.2983757147,45467.2412424849,32090.8109308931,81795.6729191756,118128.402723375,106826.229887412,64446.241696501,45779.3387868174,32425.7449994721,83646.8924257302,116544.456898464,105900.69766155,64337.5795745283,45884.2285015549,32619.1414261556,85131.4511132928,115319.746490122,105224.860079756,64330.5443146229,46063.1094558167,32874.1785169487,86808.4919554748,114224.217445513,104712.506595792,64375.823291364,46266.5026698743,33145.5599082084,88581.5862815538,112713.934032126,103834.430123125,64215.3616737737,46307.3070782702,33291.2122627437,90037.3556920453,111199.377652601,102980.541697089,64092.289345294,46380.5575705422,33457.6124798377,91542.9563098754,109646.061323149,102052.180534667,63943.5627165497,46446.4374298118,33624.0287239792,93062.0673692724,108291.332152236,101129.791102067,63765.6538082136,46499.7406281476,33789.1013312299,94618.1559339468,107044.560793304,100403.950833938,63620.0819476275,46562.1410141304,33961.94760542,96256.7383078863,105556.388652653,99448.4623951941,63364.7065286717,46519.7550925934,34044.3317987418,97661.6274086021,103983.415182575,98445.3678447919,63091.4862561295,46471.5565067668,34117.9006821567,99024.8869531266,102325.657298375,97350.07917341,62786.1407406175,46407.342629781,34183.3948016362,100363.975512667,100825.673112302,96252.2811508119,62463.0807845242,46341.8087779624,34255.3512424298,101749.396277411,99472.9699862336,95330.2796879734,62170.9791228427,46290.9213462667,34342.1648144143,103236.90610403,97885.6959746416,94235.8631645069,61776.5434150026,46139.784484199,34343.5944819236,104501.737910798,96147.7293088206,92993.3429107454,61320.4232276213,45944.5921677759,34304.9956026721,105632.282560402,94521.1359730859,91784.2102426037,60893.1115631732,45783.5417191055,34296.4796941782,106854.080233668,93526.7092040947,90878.4753328911,60591.8099043712,45721.8141454275,34369.3899929644,108372.262935059,92912.3679205791,90442.821466991,60415.0094329254,45717.8668462009,34479.9019733685,110074.796604923,92054.4609138822,89827.7203912791,60143.8200195567,45581.2362286328,34454.7371907252,111315.692172275,91072.304661497,89153.7194048734,59880.6286964899,45449.9188360317,34411.2929452677,112353.553122221,90083.5211587681,88483.7778631815,59673.0196962139,45377.996341838,34414.1486856261,113411.08930664,88988.7348250646,87676.6514726272,59388.0827128012,45268.6291981608,34400.9585194691,114353.071567411,87851.8725675483,86816.106933011,59051.7626035883,45128.1907502715,34375.4368641938,115257.473543602,86718.2161236196,85965.1909111501,58713.7583713974,44984.1101190368,34350.9516085181,116201.382845771
112,380736.223817333,83334.2088510026,17922.4196562974,7586.49525142431,3281.35920488246,6780.72359154825,361647.175160107,75757.0100222675,16911.2186023079,7324.52004244934,3203.58372768174,6706.18410655254,361617.766809603,73937.7908611523,14222.8812918491,6371.84729692035,2943.47652356846,6687.72902984435,361610.908368507,75028.9857536926,13698.5044501818,5677.73850027592,2524.69277677959,6474.69963359008,361415.936950528,75723.1405690761,13831.9728682666,5607.62932432572,2390.83523035972,6314.48914965235,360851.667515133,76305.9437357316,13988.4264843122,5654.23870416546,2383.64373163271,6285.48718111583,360199.083210806,76820.848431205,14139.0562149302,5714.97638061055,2403.66408463777,6324.79800639972,359477.763776853,77309.8734896296,14280.7905958988,5774.45561374491,2427.37088874466,6387.61558209102,359222.966303095,77786.3023062407,14417.2779530899,5831.8565459956,2450.75658786018,6458.57319579877,358748.332922714,78282.5676295085,14545.7754473331,5884.64302185426,2472.03364832222,6528.24834712555,358023.927618067,78743.4809100364,14682.6843099908,5940.57390020831,2494.03922838621,6596.34604629255,356999.131762927,79154.245399402,14814.6812415349,5996.82298571962,2516.87155209711,6662.77085659244,355820.168592853,79524.6269624552,14943.2271295619,6052.41988230622,2539.89541804332,6728.09507053361,355121.683596778,79874.2013206327,15063.3867588739,6105.37380961533,2562.16929822096,6794.36497036277,354113.619304556,80243.6892154948,15172.5470387795,6151.9030241276,2581.47392705632,6856.33710224899,352709.270689618,80564.1075527942,15291.6544442908,6201.97504449192,2601.46080345415,6915.12538690957,351040.154304699,80817.3407807861,15404.2381401819,6252.48547416396,2622.51817674798,6972.18821705704,349183.919899912,81029.427831982,15509.5835690174,6300.65533498402,2643.17444412637,7027.55093213804,347882.857102485,81219.1751486843,15606.7191853009,6345.94537914953,2662.81363694304,7083.96933087071,346334.054333809,81441.5052492373,15691.6621922352,6384.04119389117,2679.10283904917,7135.94224825431,344523.043758513,81619.9596376134,15787.3170450061,6425.72416398906,2695.93550298117,7184.91686814101,342322.822840248,81740.5088266463,15876.6998511239,6467.69947300671,2713.73453491718,7231.25913640162,339920.92457268,81801.8162954157,15961.2965069774,6508.84887817052,2731.77673647646,7275.92804769264,337900.76387871,81834.6578688998,16035.3223668608,6546.64999639837,2748.91831259268,7321.05429261675,335809.451476551,81888.3975402595,16097.270318744,6577.53454945043,2762.88547166289,7362.6863456528,333262.376843216,81908.2536867896,16164.8685156494,6609.4982045392,2776.39419671664,7399.61521200676,330482.398338181,81852.7888345806,16231.399873941,6643.87231016739,2791.50135622914,7434.6216821718,327858.243464655,81769.9475925257,16289.9761452134,6676.63676879276,2806.89933062878,7469.84509890098,326789.720249887,81736.9644622229,16338.5770514128,6704.96867885113,2820.65294987612,7511.6211877124,325881.464278998,81873.4442817548,16374.6468748004,6721.63480151453,2828.15309045771,7549.18034122244,324826.512996704,82020.3102651139,16444.179855186,6748.95012723043,2837.6408795334,7584.03039754477,323489.006027899,82124.7285345262,16516.4891978435,6782.76320762207,2851.31426279095,7618.50303620409,321872.904600894,82176.2714631862,16585.1323832693,6817.20858054324,2866.59934250734,7652.49657667175,320092.233532514,82178.22479136,16646.1664562456,6849.84839464073,2881.87635499131,7685.34727785775,318175.22218932,82144.858816374,16698.8004932399,6879.21833843566,2896.06346780842,7716.06526480544,316129.632545919,82079.3756596493,16745.3526392365,6905.95231076828,2909.10821692479,7744.24712490773
113,304183.574205599,114257.831855934,36314.7745486252,18418.8719514712,9591.79144002252,51458.9581299408,282064.783884667,107989.665676862,34228.3608903335,17482.3037530442,9133.65490160953,49313.8736502402,281351.295009439,108609.915282403,33078.6337551403,17138.6173553351,9130.84078715974,49870.376553304,280812.215612579,110246.481492191,33286.0739633457,16856.3148266527,8909.93347431451,50216.2853377797,279568.554070038,111128.193308745,33884.8244255476,17073.2471905324,8912.93952415534,50494.6079183762,278277.423518381,111905.62173631,34448.6337865132,17403.7912500482,9066.77221501908,50933.0787806775,276903.6128008,112577.141890548,34970.7389847127,17731.4520772967,9252.16560359105,51464.2870100742,275437.870487569,113182.903998638,35463.0775988937,18046.4320669828,9438.57353033517,52026.4374857433,274454.466414756,113819.736587518,35958.5668403895,18364.0219423775,9628.36291856273,52644.8545406975,273268.398723982,114420.625178847,36408.086128082,18654.8960527571,9804.59443973234,53232.1588538577,271871.180563834,114974.865513076,36865.6891551665,18945.5734898288,9978.15352248495,53794.0054659857,270239.365566419,115438.44816321,37313.5993833864,19237.9459465701,10154.1144168822,54329.618206809,268462.74256961,115830.300944845,37749.6593027513,19529.69625391,10332.979227768,54848.6018211997,267159.836778068,116250.661696589,38191.6365407398,19829.3865180404,10519.3205459061,55413.6912542632,265552.802362115,116618.316859313,38577.8010333817,20096.8920999982,10689.8012752536,55931.1816980687,263656.404433512,116918.606040986,38973.6764744052,20364.6640685616,10857.4851389225,56413.2289357212,261512.91693269,117108.55529017,39356.3714497483,20634.6053460167,11028.5462406151,56868.173154695,259234.073610579,117223.275818756,39723.4391258149,20902.3752884114,11202.4538937511,57306.7955957861,257484.39243757,117378.590674181,40097.3881622137,21178.7838493803,11384.4845121038,57801.7959170832,255492.059706482,117494.247415517,40411.157472614,21418.6588908241,11547.8094474276,58249.5294019328,253308.461719888,117558.445079059,40735.470508044,21657.6370570989,11706.7977610376,58666.9372431682,250795.724289085,117501.776417763,41037.8088920122,21892.5386490624,11865.0687339729,59041.4328744302,248111.178705861,117355.643303271,41327.8511766964,22127.226224534,12026.8155845725,59395.3580292893,245824.20064394,117226.09567004,41620.5426784056,22370.1936044086,12197.334979197,59795.5606735327,243460.405750762,117075.835386199,41861.9431660728,22582.6837320333,12353.1406227336,60169.9215811743,240716.143405085,116837.977978691,42086.7368447196,22778.4659105551,12496.3134195674,60483.8580957286,237780.506776747,116495.217187876,42310.2179121842,22980.1530662859,12643.1256988693,60771.4510879378,235011.916583476,116116.651239172,42525.6004547119,23186.720942204,12797.6261731037,61071.258461093,233699.837943556,116007.896928469,42788.9141785134,23423.047064978,12973.0664465188,61546.416735622,232445.769608361,116001.532437783,42957.6770827873,23587.1453540607,13105.4550333103,61971.2172908143,231106.054817457,116028.843603784,43166.3900980164,23746.8340680471,13220.541550315,62343.2505043144,229510.017218962,115958.606815489,43372.4193361474,23912.6604077403,13335.9226402118,62660.6077290912,227689.908454072,115802.085722078,43565.6479751052,24080.2929892291,13456.498821741,62944.8194547567,225743.357224456,115570.845166124,43743.1764661277,24246.2529199759,13580.7572979417,63216.0135773039,223697.087068601,115282.190880123,43899.4289950209,24404.2123520434,13704.0476120114,63474.859173451,221553.380587251,114940.3562823,44036.7657821086,24552.8653990363,13823.8200973388,63718.3561057174
114,250479.3320106,61424.9329119158,13556.3733605984,5722.72539411915,2464.83709869351,5063.37157038706,238356.695147065,58701.4862163004,12998.2279536443,5587.2256811757,2424.47012332512,5011.78011180348,236222.119570477,58425.3206969042,11569.783436784,4952.61252087482,2227.28244773071,4978.05346241,235048.627201311,58783.1686942137,11554.0566884559,4700.54111956374,2019.292121428,4845.78154522918,234055.524893844,59036.2661349037,11680.9472540194,4722.31274091463,1983.01868471407,4777.60642587874,232912.77831208,59261.2114615747,11800.0698140922,4774.74046371711,1997.46688788669,4784.07625697283,231751.960104684,59453.1131018606,11915.1317194314,4829.86983571577,2020.6284479061,4822.93121574319,230594.962567373,59637.3835763224,12026.3595061745,4884.10882401947,2044.80895223735,4872.04200456801,229844.257541011,59836.5230722396,12136.9857353125,4938.36502125188,2069.2217778629,4926.09487194035,229030.769863887,60081.1966045255,12246.6452623631,4990.668793079,2092.5854386843,4979.59678151533,228062.546645325,60301.9570875881,12364.2611160874,5046.3995926401,2116.97483572067,5031.97837980608,226948.706020494,60492.8303351765,12480.3889771107,5103.67688750185,2142.75156726635,5084.07956715775,225734.950142451,60655.0369812529,12594.4842889449,5161.09607163593,2169.12523936887,5135.75020623062,224917.538534121,60819.5531582343,12705.3386370027,5218.22186525135,2195.82176011807,5189.75322955662,223937.466432987,61025.3948125492,12812.031070903,5271.62547678922,2220.70621621715,5241.39270793437,222725.728856687,61189.8410085405,12927.3295107465,5328.75592878351,2246.61167113359,5290.95383447631,221351.493153032,61312.9091762058,13039.2291573153,5387.31929603771,2274.09855903417,5340.1473936336,219890.998042945,61406.2913084901,13147.455460171,5445.37767680685,2302.01564345864,5388.95015312913,218833.069520248,61502.2138211616,13251.6260371949,5502.60045590348,2329.97467573648,5440.07051747249,217653.83825581,61640.923492073,13350.4735493169,5555.27200142807,2355.66556593766,5488.49264574156,216302.66149227,61746.0279501764,13457.7070174042,5611.39293540454,2382.16854793578,5534.84274217913,214736.715240987,61813.2129161165,13562.1966978363,5668.92522593894,2410.17421142961,5580.26295266852,213042.622298078,61839.3978242654,13664.2092259976,5726.91721310246,2439.10265428222,5625.19626492646,211651.142827033,61858.5592068367,13760.8732845149,5784.09141744823,2468.35782295261,5672.30642973181,210228.332316249,61909.8391426729,13850.415643318,5836.24695087933,2495.27967649679,5717.30552770155,208521.386624187,61933.3948405872,13945.2959049604,5889.88854159618,2522.12077838207,5758.79613300099,206660.591026129,61904.2481800178,14040.5701409834,5946.69512633434,2551.11606962181,5799.79422413986,204950.708470393,61853.6443606959,14131.1167206133,6003.46765656793,2581.20345751868,5842.25495475505,204295.887015978,61869.748094452,14214.2086340818,6057.06523399249,2610.34644535893,5891.78240699138,203708.345462695,62018.407302005,14286.3207009474,6098.05635749069,2632.25653491933,5935.60072015965,203011.240256652,62155.7433872908,14380.15345992,6145.5586578691,2654.50934304101,5975.24873699272,202136.128456451,62263.0497417436,14475.0055495128,6197.61595449975,2679.96866308939,6014.57196205286,201086.54293038,62332.1159094584,14567.7986847551,6250.82130338965,2707.10864872177,6054.16443531346,199936.988816905,62367.926917647,14656.4544350137,6303.81181712243,2734.98640343857,6093.92349040183,198715.205349072,62381.6893052438,14740.0723601202,6355.30427991332,2762.69249453244,6133.12863254793,197420.680129735,62375.3860414135,14819.9673510299,6405.41171566157,2789.9687984191,6171.15795247031
115,237334.561460837,126814.877692146,51367.2776593411,29053.3321349078,16413.7712027557,39091.3616744408,205308.228472195,112858.101200263,46364.5537514048,26378.855642231,14953.4041494202,35435.1266478258,212274.000739328,119020.440557229,48455.2063112528,28079.7532207254,16226.3531662126,38454.5832252033,206047.20034562,115837.099548187,47292.0723628069,27261.0701309983,15819.5085794698,38166.8112013008,207289.221002589,118493.852102671,48713.1921035623,28060.2443342816,16260.0518126147,39480.2921717276,204174.791643124,117476.230830979,48880.8140241606,28274.4879964444,16400.2631484968,39764.6529802848,203424.37624434,118378.310904666,49697.7071895157,28891.134019108,16832.777777711,40741.7237398699,201246.830547938,118025.202855026,50047.3062496863,29242.4532333781,17114.8946160328,41406.5609434751,200331.270644822,118468.278499612,50662.5024712651,29746.9785526635,17495.5824576731,42364.7017183528,198735.37826328,118425.777468892,51048.9145286515,30108.5159645849,17787.7600757221,43152.6155977529,197293.012114878,118584.555188818,51528.1808834537,30516.2647812106,18103.7336472892,44005.2409199342,195496.814410465,118481.412575858,51926.2047237499,30883.7845910256,18395.7757549404,44793.4004913031,193693.726238226,118373.947584009,52327.1841568154,31260.8619911141,18699.1068656523,45608.8026325265,192293.208809175,118317.644543481,52740.5538107796,31652.2685015409,19015.8479545319,46478.9589466141,190646.926300256,118199.245817427,53066.022406703,31983.5420070649,19298.0077226327,47298.7176808753,188753.132100334,117975.828725962,53382.9331009643,32299.8236711542,19565.1227817126,48083.7108738316,186713.305677652,117647.696511434,53681.6695514389,32617.1771145713,19835.1539077429,48864.9113273307,184549.026347042,117204.19731606,53934.8267067154,32916.4068197725,20100.8632491783,49639.9183744241,182902.214984426,116898.504240428,54231.0710632467,33248.0775197421,20392.0164782559,50506.5794904245,181020.983969818,116512.324624511,54423.1251709604,33506.1800034695,20638.7149373537,51305.2590129256,178999.895966491,116070.635813261,54619.1040801611,33753.9038729379,20871.4406641953,52075.3172054622,176752.789380087,115501.107527834,54779.7619642751,33988.7460788478,21096.5575112002,52815.1681726613,174353.216183046,114805.255052067,54900.0285854771,34207.9051465082,21317.3672324594,53541.6040355596,172350.025449693,114202.952794415,55051.5664996051,34455.7480714991,21562.742301006,54352.4382445857,170277.544917706,113573.669102176,55125.8732967158,34648.8379527456,21776.3760126415,55127.3141423579,167895.548656669,112823.439498342,55154.6018379643,34798.5141033826,21955.8931273502,55830.3734150087,165404.026200174,111979.304797009,55180.0911039764,34953.1361000836,22136.9883059101,56525.2166786672,163043.988161706,111087.780155263,55184.0367338548,35107.072036389,22324.5717035267,57240.893127419,161910.308122125,110639.97731366,55325.8546086731,35352.3274307326,22576.7221333162,58174.5953567883,160804.589438788,110306.815489087,55357.9475466709,35492.7118312394,22755.1551738547,58995.6515372396,159559.116304903,109959.810031767,55410.7783150844,35603.8257060639,22888.5071858543,59689.6274569952,158199.856417383,109577.662890913,55493.1181645762,35739.5350080081,23027.5012166806,60331.2611162764,156619.917226297,109043.57595429,55527.8341253128,35859.1551795933,23160.9374915734,60907.9852040212,154983.380228845,108463.954792211,55549.1235355526,35981.0854511516,23303.8592737003,61495.0853883406,153281.721455092,107817.290409336,55535.2536562589,36085.7018998211,23441.4105938096,62080.7308078044,151517.842412878,107121.855759781,55490.0742756415,36170.7877118674,23569.1366363862,62661.5816572152
116,159870.065845451,122013.722411998,65060.5785915251,42659.125685026,27739.7069442167,56850.0414448297,136688.029706303,106052.018413218,53427.4631612637,34804.0533409432,22642.1327239179,46955.6871617928,140509.392352041,112976.128737063,56362.1886746427,36522.503766468,23717.1952774024,49292.1328033951,137142.956592447,110343.169557354,55936.1020604377,36072.0630340191,23355.2712174542,48811.3265776818,135965.157498374,110756.402710316,56465.2886052111,36537.45153619,23656.9004850271,49514.64784112,135194.23031592,110975.385846688,57289.8557435521,37208.2957984157,24145.3903434698,50647.9347988874,133221.41446314,110010.227512352,57314.532689831,37449.591647968,24413.6971811896,51430.9452455422,132327.584542928,110135.366716161,57871.7888751594,38003.9519206943,24904.4112267328,52861.7404914091,131008.379223235,109527.019700191,58044.1644466589,38308.2426717936,25226.7143309059,54056.9662814985,130018.034568014,109401.482002871,58358.2129480896,38688.7130310103,25599.2433037215,55440.1023906948,128726.604422869,108954.029831721,58558.7885049626,38975.1032427282,25895.3273739163,56692.3055959887,127386.183096271,108505.212964663,58755.2009985647,39268.7200017861,26196.1947192937,57959.9458312974,125959.289008404,107943.096525364,58911.4366595704,39540.5489524446,26486.0857558477,59219.5460949788,124833.651260857,107481.926030408,59093.3092707639,39838.0310485067,26799.1005683348,60561.9592794488,123627.297245384,107035.711467184,59217.3131086843,40084.4042739441,27078.5712871527,61869.5950740301,122154.896442523,106383.925842999,59264.4380055203,40264.4125691476,27303.9297654429,63065.7467517408,120661.028813428,105716.064728693,59328.8279891518,40467.1257235334,27545.0153153162,64295.7817004344,119040.90128676,104893.303416603,59314.1972121716,40626.6562936633,27763.5830299699,65489.9221025784,117764.510750823,104215.280993867,59346.8888272977,40824.2965940814,28014.7516954094,66799.6251250776,116453.069480777,103579.069368392,59330.8842176539,40974.2566040226,28233.0324146968,68078.2652535072,114921.434057848,102756.291393332,59235.7252167345,41052.0157613342,28390.4258270207,69223.0266619337,113334.663873316,101923.236716818,59155.3485959321,41146.9013695029,28557.4688618366,70382.6569570055,111601.527242674,100912.888585001,58996.5085218277,41197.3362711532,28698.4340137672,71483.3235613539,110111.873693422,99997.9994739057,58864.7421436664,41276.3220208974,28867.0733736914,72683.4525040311,108693.726393858,99165.7512934514,58716.8594406037,41333.7154056741,29022.5494978751,73899.4266499065,106998.639858809,98142.1470402687,58463.0965681853,41298.4239593183,29103.7279409165,74948.516690559,105230.219336602,97045.3583039891,58204.7399794392,41263.3649053227,29180.493814864,75979.119601497,103552.187073247,95927.3857377505,57937.5061416586,41235.3815844015,29268.1571858675,77045.5729082123,102646.135251933,95202.2422152642,57812.3491452185,41311.9060412337,29437.0108782849,78370.9947285339,101970.620073415,94814.7566726035,57720.2796867229,41370.3108255537,29584.5421912497,79694.3062098566,101016.124415052,94213.2261404513,57534.5394755462,41311.0179017338,29614.5033830573,80664.9614641895,100063.470607827,93680.1767068269,57434.9432456474,41317.6192601231,29676.2553030756,81614.1415295463,98994.2956388893,93026.151112382,57307.0232633042,41320.6113288918,29739.1043065649,82483.8172050503,97825.5911960636,92258.8603747865,57111.2867125713,41291.526961456,29789.8926256259,83290.3337466205,96659.2986703302,91493.8315615878,56910.8320664349,41262.835471996,29848.8348640369,84134.6174131358,95449.8468295703,90668.7342698254,56670.5942844945,41205.6855242588,29889.9537966929,84958.9808512672
117,349194.448289981,91796.4649610683,21804.9605462047,9861.70186036662,4762.90932465803,33877.042820949,334506.531730677,90189.9967548273,21338.34615656,9728.81656306422,4710.56991440561,33610.7256326507,333399.651369791,90372.433870788,20192.6542977581,9295.69212338557,4605.65098528192,33867.6860234094,332703.119758264,91414.1747358053,20330.9954412293,9069.1012114639,4410.39156766806,34064.0619911774,331969.552383296,92164.9767040024,20661.1697841297,9178.43117506364,4399.44846846378,34306.3305401351,330941.290442099,92840.246670995,20959.2189245351,9321.5597873197,4453.48546647687,34622.8254301454,329817.957477084,93450.7710355006,21247.2195976643,9465.32902014708,4518.11893714173,34972.1343696889,328616.16911964,94029.840897,21524.6321847416,9605.93983717422,4583.44333793844,35325.4792424417,327888.103185898,94603.8375861501,21799.4164729676,9746.08913637833,4649.27123445552,35696.8843331268,327001.695286142,95203.909879208,22059.059966394,9877.76221249097,4711.19716837879,36055.8621150723,325873.796953374,95764.3506420264,22330.035979375,10013.134683754,4773.57899568167,36397.0719953645,324510.05745436,96265.5262053174,22596.7118837479,10150.8600289109,4838.19352098442,36721.9231477032,322948.116710666,96717.9050443537,22858.3140408085,10288.4598394312,4903.99356110721,37031.1314479232,321854.163858584,97153.7842957026,23116.4975218839,10426.9712742632,4971.5407665575,37356.4191469652,320519.578126741,97610.5573866211,23353.9835848574,10554.1536083864,5034.12322122736,37663.758263292,318815.340446841,98008.3596308319,23602.7898013579,10684.5597180087,5096.63036053204,37945.2961003165,316852.765779316,98327.5264496882,23846.4785692727,10818.0626298251,5161.98564114216,38208.6083292839,314693.079516249,98591.525305155,24081.2396543212,10950.1442764649,5228.30634080317,38455.307625894,313082.156382138,98846.6057725804,24312.3702933324,11082.8353896823,5296.2522276917,38723.8624005337,311263.338421918,99131.487845184,24519.1440180971,11201.5427570078,5357.7494865456,38973.9021937934,309198.472101611,99362.6158449459,24738.6631684694,11323.4182215236,5418.74850255773,39201.9203818453,306786.521855526,99519.7284589563,24949.5190315621,11446.4554346514,5481.60839936897,39405.4711713597,304146.382054155,99605.7114854026,25154.9828852551,11569.8541791768,5546.14262571814,39589.8768086039,301897.549164255,99671.4507308891,25354.2790614658,11693.8206970166,5612.76951786827,39789.6977846358,299606.236522001,99757.9560807966,25530.8858666777,11805.1906026754,5673.93668876609,39979.2718832035,296905.441344874,99792.1299297332,25708.8844760544,11913.8480164,5731.98843258987,40135.5795606406,293939.441860601,99736.9480697239,25886.9503242566,12027.1473637428,5792.99180485274,40269.4544892296,291107.396336601,99642.8359716874,26057.9088176988,12141.8326320557,5857.06541180792,40402.0562190591,289815.493955624,99663.4970461253,26230.3539081809,12258.8559914967,5924.35345283677,40618.879961311,288731.236869997,99856.9097403567,26362.8658710075,12345.531100445,5975.31601465709,40832.7108607272,287496.509881268,100049.108251009,26526.9475379281,12435.8156978295,6021.49673157897,41020.1422969845,285990.603332902,100180.659963936,26693.1448255217,12534.1462345119,6072.26318163117,41184.2824035341,284208.717554922,100244.506942567,26853.6578965436,12634.290881778,6126.45975738167,41328.2398377091,282271.439955963,100249.047556688,27006.3911223051,12734.2378796,6182.67637842275,41459.514276634,280210.974305675,100210.81732744,27147.6970707531,12830.6193505476,6238.65449317442,41579.2043618461,278041.612200406,100133.64028726,27280.5413085997,12923.4085843711,6293.47582606138,41686.354276692
118,313435.455860758,90120.9505624819,22651.2627313291,10135.4380665433,4580.33134478939,11332.8704157312,295737.426626604,83941.9848830917,21184.7081623346,9652.49490712469,4396.36496091242,10998.3863742095,294708.308353497,84601.0128593204,19337.8389786461,8810.52560534745,4140.58672246507,11025.2420241872,294537.61155446,85878.2811601765,19471.6162515724,8499.90231667069,3854.06049224075,10895.5137229527,294143.451841714,86786.8776673636,19850.837597216,8610.48059285749,3822.93747796682,10832.8808782249,293452.982274901,87573.1880916925,20204.0685256103,8782.29177863618,3887.46918953556,10896.9295168163,292698.618603587,88295.4855459816,20542.855162746,8958.36458601153,3971.11896004955,11027.5829282995,291909.908776347,88988.4033517291,20871.6360966234,9131.63843173679,4057.07597184956,11181.3524901414,291549.902446535,89687.1171880521,21195.4858477798,9303.56316407331,4143.28706082489,11347.6891831559,290999.163647778,90398.8653135091,21506.1235024317,9467.02746099188,4225.47785240114,11509.6289182872,290213.978482481,91065.2417706453,21826.2546155924,9634.71290292882,4308.84673518261,11667.9161537327,289208.379659733,91679.2089492791,22143.2600272301,9805.214823103,4394.97457960027,11824.8185398129,288106.123509812,92249.2566055481,22457.6603237507,9976.96820161617,4483.08047162647,11981.7223303509,287423.116457529,92822.4294483306,22765.6483686426,10148.1265221906,4572.1699501527,12145.5858017734,286447.823068842,93396.4044526949,23055.9819063858,10308.0566550385,4655.92740992003,12300.5014622174,285132.371436636,93905.1956998306,23356.2734754711,10472.6496061489,4740.93227350919,12449.4422711156,283587.909602494,94347.061753327,23652.5988848829,10640.9519015838,4829.56127580401,12597.56430812,281960.551864323,94739.1904389663,23943.2007588957,10809.4056188998,4920.05768257175,12745.9906901897,280816.251733983,95144.9155688024,24226.0491592393,10976.5621188076,5011.2730009444,12903.1880810538,279383.578874014,95547.777385477,24487.1828743536,11129.1895527148,5095.23230219695,13048.922855221,277751.266912771,95894.9260472393,24758.7924152941,11286.6322447184,5180.23702160191,13190.0453004293,275774.064750834,96172.2004162704,25021.3126304547,11444.4860880489,5267.19577916933,13326.5519732598,273643.134922134,96381.518574289,25281.850181316,11604.730220612,5356.95542893683,13462.8978645925,271916.799454077,96591.8875806365,25534.9116338704,11765.2232025195,5448.82240915017,13608.5987276891,270058.041939091,96802.0905428274,25762.5459651468,11910.2657213279,5533.45932058959,13746.044514632,267775.036889493,96942.6010769936,25991.7660572833,12053.7890493809,5615.79878166273,13871.9550322175,265299.841563936,97004.667107199,26222.1843921446,12203.8639919506,5702.77222847338,13997.3109247301,263101.108411696,97039.9006462984,26447.332060732,12355.7965623499,5793.27448299276,14129.3703014324,262301.868530554,97227.9650478971,26667.15160943,12505.7665018784,5884.23909134087,14287.5866323245,261439.040085009,97500.7061111052,26840.0100621643,12617.6281941151,5953.30410340485,14421.1092018346,260431.049166469,97757.6731118427,27042.0453157444,12735.7881531781,6019.3506481448,14541.2396895707,259166.476325835,97952.8962534734,27242.9589798012,12860.00748104,6089.52467334235,14655.0968951198,257665.833540921,98084.4824898107,27438.648179422,12985.9607714157,6162.94211926738,14767.7608056165,256039.076713999,98164.4517641178,27627.2345282043,13111.9348299844,6238.3537731126,14881.5653165091,254305.844259717,98203.0231410601,27804.9530312717,13234.3936950628,6313.4205552557,14994.518529218,252465.146578736,98203.1985678562,27973.7163648304,13353.2618466738,6387.38907622404,15105.1416237044
119,278681.394568689,135422.817398078,47765.6546569387,25113.2560011452,13093.3853409245,17376.807372499,241579.578260163,116648.23457037,40148.5895454611,21149.3607205016,11049.6633813959,14900.8396022723,251651.781598348,124646.120672666,41248.6606318437,21815.6879744903,11521.0833045265,15738.1900934832,246735.200716495,123493.073066249,40926.9298018637,21226.6542818577,11113.8453496004,15456.818144717,246323.666295881,125056.295469257,41828.5912796293,21648.0276943483,11231.9011150977,15536.2260181964,244713.184489638,125567.817805983,42512.9353927377,22087.8063851207,11461.3784122639,15712.7277506113,243161.161082042,126093.869845479,43145.5113121162,22539.5942949063,11747.8945412256,16055.7254644114,241591.95801461,126541.444289162,43741.8223469285,22972.5396173761,12036.0973285367,16479.2165080017,240463.392482187,127049.816706528,44337.7236570216,23405.2424809768,12326.8380459775,16950.8899530636,239140.863725855,127480.987004342,44865.6829040327,23795.4408994907,12594.4033516936,17414.8343447486,237652.992126007,127874.9535088,45399.6003767951,24182.8979262903,12856.9875201018,17877.2773155692,235914.291120653,128141.228143257,45913.2439961912,24566.4399462306,13118.9413403219,18339.1407335648,234078.796063278,128327.955280419,46412.8577773992,24950.1180892628,13385.3424345477,18812.6175356007,232707.149458275,128592.264356936,46928.388244994,25348.4662661095,13663.9844483841,19315.6514630833,231015.624004837,128739.22983263,47356.4161005008,25694.2730069111,13915.2469252366,19794.5561273452,229116.840749407,128839.36162781,47798.5388960625,26041.4093137654,14163.5638107917,20270.4426512226,226949.617617739,128782.657043035,48212.012460843,26383.3467007462,14411.6326353365,20745.5230815306,224686.633446901,128647.099909608,48607.8439023969,26723.8651916932,14664.4004762227,21234.9722375329,222939.977077631,128605.983733114,49024.277412705,27081.9456436098,14931.4798672632,21760.5440615627,220930.240503763,128462.428340753,49346.9891044344,27381.4577979253,15167.0394760423,22257.6181245838,218811.123950049,128302.396380136,49687.3797647481,27681.9496263825,15398.1572061777,22750.0950980494,216362.605050913,127968.702183705,49986.8711079099,27967.4712108362,15622.1639166271,23230.2462886426,213748.25828909,127535.91127337,50267.3530831898,28250.7923771074,15849.6634932679,23720.3914111124,211552.359675694,127164.462596083,50567.7353385485,28553.7322594246,16093.6602096972,24249.5826477924,209258.838984277,126738.255723146,50788.4025842979,28808.0887195845,16312.791167216,24761.683352367,206669.073758476,126226.97941105,50987.5444567129,29038.6972199849,16513.5911134326,25252.0949043908,203882.43772466,125586.33860213,51175.1782611751,29269.7976711947,16714.5215541095,25740.0840201928,201228.990772983,124903.934410471,51353.1135337192,29506.738215104,16924.8599147662,26249.6249910976,199943.033492984,124627.17943532,51627.2421386342,29803.1471565818,17174.734165163,26843.58655519,198698.910556751,124410.494330757,51771.0780587385,29997.0551839181,17360.4785297205,27362.954127374,197405.623000611,124274.217860184,51960.8234766472,30181.775283046,17520.6107270492,27825.6779594016,195867.544211568,124005.8058535,52143.7250582842,30367.1229245939,17673.9244504443,28243.0946804461,194133.675732521,123644.75649804,52308.3364514324,30553.9147973843,17832.5436839768,28650.5862891015,192297.583248248,123199.858260535,52454.057201243,30738.1995881039,17995.5231905014,29067.0384235301,190373.047738159,122688.681699306,52569.5769648121,30910.0334380926,18155.8779318465,29491.1627601103,188382.352282358,122126.312301749,52662.1260270584,31069.5407227047,18311.2023670917,29920.8094511358
120,221205.522699206,139844.94702706,63330.8125214953,37986.6944366107,22648.9657900253,35017.7914241019,188992.583479377,122406.279486181,56049.9814526779,33797.0963543098,20242.620271899,31569.0863345932,194483.990312341,127819.267620345,58301.9771501919,35749.9830413847,21726.1781046892,34376.1285905451,189642.109856789,125116.24158683,57509.8505232684,35173.0570584689,21543.1051840766,35066.1653326864,189141.096540046,126321.408697581,58263.8314416058,35713.9185756686,21890.4456568051,36249.114628974,187233.25830813,126067.85612734,58878.7919486694,36178.5335415624,22219.3447674746,37212.9317237748,185346.807083334,125816.473700678,59269.6681713472,36634.4026390907,22592.1587646692,38171.6744713161,183770.618747951,125774.457804595,59819.8969756517,37150.5094503881,23026.3512985677,39316.0307454511,182222.492844553,125500.337256689,60200.5254547524,37583.3404521289,23410.3632683251,40418.6983355444,180873.233263964,125471.533405372,60638.0385772013,38028.8814722663,23804.1637605166,41588.3720087929,179143.265920156,125162.325792885,60963.2557587443,38394.9913864461,24138.0560885096,42665.0273829988,177415.26590498,124887.204589477,61323.3472662216,38787.9648702563,24489.3083623045,43776.2287881356,175486.154100526,124418.77032786,61606.1371904884,39141.7233740153,24820.1725574862,44862.6626241956,174013.622658836,124109.807616934,61944.9095930376,39538.4222593932,25184.7714926508,46036.2967117729,172362.369345939,123728.653104009,62183.6148712228,39863.0611516624,25505.0892860256,47161.3838002681,170433.952816333,123209.152281698,62379.0207204034,40145.6202855398,25790.8753895454,48233.5784011497,168413.003652094,122612.45404481,62572.9337081637,40437.2662764778,26082.6001290279,49318.1958347937,166248.624020563,121867.863158258,62698.5062742623,40697.3552672175,26361.395492171,50394.464608974,164543.990071793,121275.560224035,62875.9507948452,40997.1677741967,26672.7260949792,51566.6909735617,162730.599692623,120659.068863912,62965.1286236509,41228.8427172222,26940.7457171381,52693.5899461829,160710.552207946,119919.89800491,63010.9451659239,41414.1371489303,27168.6945814512,53753.7685628931,158548.101927604,119109.105130242,63046.7462875932,41599.3371545619,27394.4896738942,54806.1484430708,156194.666709825,118116.556005479,63011.3009946097,41748.6606781819,27601.8325515039,55828.9249698502,154203.358987343,117239.765261549,63018.1822052849,41936.5451106972,27842.712369281,56948.1038832527,152232.032130937,116384.884839287,62965.6368721423,42077.7909018973,28055.8647475611,58052.4070089225,149935.724492548,115361.742612122,62825.3536785107,42141.4313387682,28208.9097221389,59052.0271803984,147551.034927985,114262.736577651,62688.4364610058,42210.7879234948,28361.5055616924,60048.1541122264,145267.633076238,113116.914894826,62531.3669034601,42281.3567407016,28521.3939975002,61069.8150716863,144032.813413343,112405.473988273,62526.2229318803,42458.6194636822,28760.6755763266,62300.0559859459,143055.650061024,111980.684410953,62493.424528014,42580.1360079948,28955.5866866759,63477.1230789359,141790.05285036,111409.954362473,62395.0985124959,42602.7693156907,29051.3666543589,64406.4503037454,140510.439437148,110896.101482342,62381.9194337083,42683.9389813646,29170.3017027952,65301.1095110441,139021.102156282,110206.347527462,62313.447498591,42745.0019775995,29278.9001999542,66108.0427603105,137438.651240305,109435.239213441,62205.6008587201,42794.3131737958,29389.8195182335,66901.8048377673,135837.258065765,108633.312108429,62079.7907865336,42837.1398016716,29503.9309362482,67719.7296692377,134168.775692961,107760.943057954,61906.3906377328,42848.6921083148,29600.2011822557,68525.4097142144
121,174460.010000637,123430.987194796,65740.6559727033,43197.3893390611,28247.5713572608,55920.9375989959,147311.130321542,110590.786158543,60147.5248919605,39722.6396264914,26091.5847000115,52057.4561072226,149027.594248419,111488.996979687,62241.2882474361,41974.628344837,27939.4146615882,56454.8067537162,149077.112663042,111767.599535362,62589.1093128676,42591.3669958238,28810.3833109356,60025.0944119652,144842.813569041,108952.669798384,61036.9767991885,41670.4071883161,28362.4113883908,60872.0860125716,145576.650099768,110796.680699011,62428.7552246956,42648.1707467363,29105.7958083307,63918.6205885751,143015.192966632,109194.316791954,62164.3609014919,42632.3884115497,29161.3193741637,65102.6921475063,141531.102250862,108876.247670402,62340.3523676714,42955.7608698648,29506.5438912513,66798.67710893,140627.998708545,108739.41999139,62768.5420010246,43420.9987304214,29947.516293309,68727.1958703854,139046.39478999,108030.844477532,62745.6835037672,43597.4221015335,30195.6828760543,70215.8294449541,137755.559061149,107705.984045967,62937.2843850736,43888.7838109298,30517.8613199401,71893.4643411934,136247.91567276,107137.380606254,63052.0281945062,44132.2515163597,30798.8374602871,73466.7053040735,134567.33650137,106422.758461528,63065.3698683467,44319.5720628496,31048.0402785453,74965.3238606995,133302.686870525,105903.219464629,63182.1849533732,44581.6845721401,31355.2788915587,76636.4040975947,131956.547844676,105358.93023894,63217.7072119523,44780.0647930449,31619.2996958944,78245.8891374093,130297.167822674,104616.228080085,63150.7512014021,44887.0213310291,31809.8404114847,79692.2124864907,128622.191813771,103863.078592307,63112.8180242626,45021.109436381,32016.3379914492,81175.4159622012,126844.78436472,102983.832772886,63010.1492166222,45122.0299232595,32205.7615720103,82629.1562069566,125361.10949438,102182.378033742,62924.9347884531,45242.3697937327,32416.5157845639,84178.2634580689,123939.939940552,101498.968251666,62830.8088112021,45343.7379190678,32614.7955292829,85750.9545545968,122241.664527329,100604.806870755,62628.9650183099,45344.5057635058,32728.3293245204,87122.01304797,120462.737101522,99680.0084869553,62428.394161779,45351.3656892846,32841.218182374,88479.6121846991,118588.051540287,98643.6383066889,62185.4453918945,45337.0456582831,32942.7621077949,89808.0560883313,116917.644700867,97635.0124128442,61939.5674945193,45332.0221792068,33059.0377437487,91206.191193436,115369.649094538,96756.3410362315,61700.0344332626,45323.1133797204,33176.0128368979,92661.4208734304,113530.745355415,95693.201299257,61349.364898541,45210.0087700384,33206.4442128733,93905.2317981432,111572.327639601,94523.0520387866,60967.197506602,45075.5393127618,33214.3410795527,95076.2060202407,109751.256868579,93381.0987520034,60610.2355305158,44972.6473926067,33250.4415922109,96331.2507907594,108683.880198237,92556.5303018284,60385.3697925918,44972.6436999586,33369.7802945911,97870.3358161333,107970.437225501,92136.0043020197,60235.644137809,44993.311640338,33498.956331017,99498.4568226312,106951.117790649,91521.2026426281,59981.6250843539,44875.1368923999,33489.8251596933,100685.193439024,105857.732228866,90903.4436053739,59774.5162940663,44791.5139842018,33484.62396477,101751.149479599,104730.057837077,90264.8524360793,59603.7788013012,44752.1983705743,33514.3031042581,102806.692444249,103465.671008604,89474.1403122594,59346.5505216388,44668.1660988195,33522.2505793782,103741.772822278,102169.071361529,88654.7035329225,59056.6032263583,44566.8605481102,33527.8154009827,104675.524500482,100872.331744189,87825.7412247912,58757.6694904583,44457.4506570179,33530.9410926379,105635.996870426
122,350296.521529566,116758.081491411,27188.2914200956,12697.8627445243,6540.83348998965,67015.3465934456,328336.3480826,105662.812034704,24870.7036589668,11814.1088077064,6149.86398534295,65082.9030999387,328312.873877333,104677.511628405,22066.2398318181,10799.6039594325,5873.62947238695,65562.479348517,328217.496921856,106393.992338697,21606.8876675102,10028.2807224751,5382.08507702958,65969.6184106762,327869.725292113,107487.495950585,21923.8053136337,10001.9999165337,5228.65358949639,66460.4158444244,327196.873229211,108385.113366395,22248.7799471506,10125.281689965,5242.87780203859,67111.6181917445,326477.766229184,109196.472987891,22558.1707571207,10265.1834517119,5294.98013438373,67851.8858603723,325625.166899808,109957.98495323,22850.3985339207,10400.8170922391,5351.37644739866,68604.6004448654,325246.251375945,110726.208337955,23141.5154857882,10536.7016229522,5409.25882034982,69393.7620509231,324703.603105957,111494.99695223,23413.1825774233,10662.2114920821,5462.29841801221,70156.4245318552,323897.88822689,112215.030243852,23695.1453710246,10790.8679535098,5515.29046697773,70885.2925580109,322849.853107594,112864.160513995,23973.0523811847,10921.7500254322,5570.1227366465,71580.5358282254,321572.834924987,113448.147037675,24243.9831677434,11051.6151686098,5625.56449264506,72240.8510673911,320814.056107332,114035.364347441,24512.9965611913,11183.060262243,5683.24598196376,72931.474246312,319753.673993528,114615.703418463,24755.767626507,11300.2395141143,5734.34196481329,73578.6462847379,318355.100135265,115125.391922704,25011.9103422815,11421.6247116557,5785.45279941122,74182.7281821335,316676.486739945,115546.530887624,25260.7141794328,11544.8085809238,5838.53111172405,74746.9345289274,314801.406455384,115897.332133768,25500.67946943,11666.1967696164,5892.01536518583,75275.8147211747,313465.122514759,116255.129107675,25735.6241953753,11787.6218428395,5946.99051453352,75837.8669612435,311910.993760071,116618.216186962,25943.7375329471,11893.5367505832,5994.50853866355,76361.3533656543,310091.337050506,116920.062905614,26164.2738764718,12002.799275451,6041.3944940105,76844.51103594,307931.695324031,117130.412289473,26376.4317036331,12112.9453191992,6089.59974445344,77278.7214202143,305534.11317144,117255.854315162,26581.5409734475,12222.6431996402,6138.85291718068,77670.9147148483,303515.534120231,117367.384004391,26778.6559677528,12331.8718641917,6189.68148277077,78082.1023163158,301453.922777775,117487.422034362,26951.6176585221,12427.5134670139,6234.39602219385,78470.6645020671,298959.474772442,117538.849775041,27125.8469061143,12520.5957657448,6275.78105361575,78797.6076394287,296226.530826198,117489.251065219,27300.4382592686,12618.4285791918,6319.86217713318,79081.4207741201,293558.497637967,117390.289157297,27464.4228737445,12715.5047889839,6365.74317362683,79347.8263433942,292401.938380759,117443.148850968,27630.2934875151,12815.2760499483,6415.3637782728,79752.1831357654,291435.711455924,117664.158565603,27754.7623979892,12885.0612683661,6449.42839453182,80157.6665481884,290321.604279486,117891.245712989,27916.2407647865,12962.5208187973,6481.12040635896,80529.7751057568,288962.482459259,118046.432695047,28080.2773033827,13048.8011716399,6518.06823682283,80859.5472934521,287331.569887158,118124.191276684,28237.8371207382,13136.6728243568,6558.52394543661,81145.8798614936,285531.961232907,118131.507726747,28385.853632373,13223.5674181996,6600.7501539383,81400.0635685634,283614.638259776,118087.32492931,28522.6791597162,13306.750652843,6642.66087871015,81627.3535096955,281586.219870459,117997.316765686,28649.1893042973,13385.5931256161,6683.05497254971,81827.6777690004
123,350113.523976521,98343.7937784288,24654.1759003979,11139.5353975496,5160.18246565033,19834.7626334222,331786.106070194,91802.1686379981,23611.6180133835,10894.9170127295,5089.10489447024,19420.8312573646,330193.570964052,92211.7254559014,21556.078327854,10045.4848670978,4860.54477859857,19514.1138766884,329714.600318562,93649.7249955169,21646.0952643144,9667.39410976948,4541.52801766933,19459.5702323959,329098.390119029,94651.4835633405,22067.1939347546,9782.90260073178,4499.76589738507,19462.5800999748,328149.618509463,95503.9441990621,22455.2964194306,9972.02570559901,4569.43051280395,19599.7016621305,327097.516155181,96278.2625145477,22824.3183488838,10165.0404552985,4661.30150326087,19810.0094047066,326039.103179699,97017.6423789317,23181.2485193951,10354.6081424449,4755.82733194993,20045.9267371927,325445.008568772,97760.3519594044,23530.8413130091,10541.6167739991,4850.24067484788,20299.9807161248,324606.955634106,98505.6858930006,23864.4251901868,10718.4296223437,4939.64748611105,20544.0032260299,323524.598077112,99199.2796571047,24206.8070638574,10899.2835923954,5030.04927476011,20779.775336546,322174.056340271,99831.4471335223,24543.7145150913,11081.968966542,5122.82328088042,21008.3459302046,320710.652920591,100414.937380628,24878.0271251026,11266.0718852016,5217.7361766854,21233.3068302051,319726.406439866,100998.659115562,25205.771654908,11449.9351678151,5314.07206711473,21470.8290011841,318386.137320913,101573.224558675,25510.3427811736,11619.7865429167,5403.78327330674,21691.5025057096,316678.273970228,102076.445966743,25825.1992244962,11794.094350877,5494.38526018567,21899.5305782356,314734.568863986,102504.748259601,26134.7862094697,11971.8499112567,5588.57963319252,22101.6944248714,312643.078810926,102877.670832427,26435.5588981824,12148.4865579358,5684.19745946312,22298.8460101249,311129.41667374,103261.954413529,26732.634987998,12325.8451580778,5781.6007715484,22512.9755048603,309313.742533669,103640.822711773,27000.5694039722,12485.5241619783,5870.46332195445,22708.6851940861,307237.863557574,103958.056298943,27278.837739128,12648.7479369811,5959.31238919806,22893.00235764,304802.153748894,104193.876867653,27547.8549094952,12812.8961040502,6050.31356318899,23065.7544924411,302193.142742463,104358.426454812,27812.2835153879,12978.5365966511,6143.97160662988,23233.1919057855,300022.106763601,104522.339190408,28070.0855552041,13144.8833857006,6240.09171251607,23415.2008817821,297688.554452731,104678.284244348,28299.1092566579,13294.2134215689,6328.28024655655,23583.7712231336,294936.807202977,104761.234883499,28528.7482296427,13441.3786469583,6413.70305752433,23732.9344086801,291951.688853904,104758.589844782,28756.4505365048,13593.4365408924,6502.92019636543,23874.758855986,289265.703399907,104733.484121518,28981.8172453618,13748.9125653122,6596.46870251195,24025.114524025,288157.520640812,104875.458404258,29207.9385813763,13905.9912003816,6692.65938327361,24227.5305112891,287041.193117535,105116.311141079,29381.2679416424,14022.0046711335,6765.57088340083,24402.8222197109,285769.601185768,105345.120985835,29585.0255216101,14142.7246221577,6833.79352338273,24558.7560062751,284212.04153894,105504.988444993,29787.4017975164,14269.8142998263,6906.00263587198,24700.5404452586,282395.343086294,105595.046140602,29983.5201943285,14398.5805122901,6981.68909015416,24835.0104836237,280427.381795614,105626.590116863,30171.1213498076,14526.9353552956,7059.41338610923,24966.2513514471,278342.424675294,105612.277418155,30346.7166351271,14651.4877259585,7136.8429206861,25093.5023720614,276142.84098686,105555.58312967,30512.2245518402,14771.8603799408,7212.96850780276,25215.0867939039
124,285423.744941193,122313.524085448,43436.6246641352,22790.161986639,11851.8030782524,15811.7798293735,263967.619319421,114328.251071847,39405.1781901068,20711.2719376694,10792.6616825687,14565.3144170839,264741.409989938,116447.739347147,38758.0027284642,20479.150534515,10795.5557613683,14793.7618848797,263082.477735264,117572.259309964,38988.102107663,20205.2820204748,10562.6303660596,14737.8038804007,261566.334690078,118418.188810562,39715.5031369259,20519.1473494052,10621.2039868089,14736.5463980279,260055.90160701,119100.146239414,40390.6177697628,20959.0939260241,10853.1010521044,14917.4002209952,258358.988755227,119607.740697666,40988.6972656969,21381.0841110343,11120.2419622333,15236.4521382095,256669.28142668,120072.148461521,41553.2389872057,21788.8616759011,11390.4833320343,15631.6373279686,255432.209041837,120574.433132707,42116.9358900697,22194.9858760282,11661.9297256662,16069.3063350301,254007.914694767,121033.594797706,42624.3342878225,22566.0367768763,11914.3637741881,16502.0228294877,252392.72030902,121436.670291215,43135.0754629128,22933.2543207624,12161.504125925,16932.0619871492,250564.807403166,121739.096038765,43629.9512261769,23299.3498941181,12409.8005288985,17364.0468134755,248599.559143535,121959.924171039,44107.1224708859,23662.212787165,12660.3125323537,17804.4699889909,247119.708607745,122232.251070951,44597.8067887592,24037.9380196173,12921.4904014582,18271.1624795414,245333.603656536,122434.211824101,45015.9621253142,24370.3095904107,13160.5079487437,18719.2999953179,243261.388325236,122552.624698216,45438.08410649,24698.6137519367,13393.8212717463,19160.5272416934,240991.284556923,122557.047979375,45845.3781278331,25029.4412955276,13631.2425176146,19606.8832296957,238583.486358122,122471.265220515,46225.7225476078,25353.2067604529,13870.1202124073,20063.1705194012,236728.895221405,122461.239588908,46625.7431229097,25692.7293142956,14121.5999817308,20552.2725099331,234612.505610365,122389.843607915,46945.6842068073,25982.2842942008,14346.3834463066,21017.8315241319,232330.397296858,122263.15160158,47274.7155107504,26268.1364055714,14564.2777018432,21474.921927035,229734.801369216,122001.686632789,47572.5462981093,26545.2945570443,14778.9641712192,21925.1245827572,226964.034570495,121633.976196524,47850.6374434043,26818.8423325096,14996.10860012,22383.8960506076,224641.143359365,121315.006272111,48142.4671235623,27108.6622218242,15227.6875949205,22878.3639430968,222227.202634689,120968.159766501,48366.4461792343,27355.9707086579,15437.5160035593,23358.8497608664,219437.40460707,120514.347105455,48563.4205268029,27577.2295541275,15627.8125021851,23814.9157120513,216499.465408875,119954.595009237,48759.2773630749,27805.4131007899,15822.2317282612,24274.2426721986,213705.308791807,119351.580204562,48939.7688192019,28036.0290403053,16024.2364816862,24752.7233096848,212369.506599439,119104.62541449,49204.2907701645,28318.1806312084,16260.5711489315,25307.5012027832,211081.418678036,118961.164766928,49355.9324918014,28508.9468774514,16439.3959987758,25795.6569766369,209680.513851275,118840.917869317,49541.2569098221,28684.9818107318,16590.0684548976,26223.9692426291,208066.432304417,118631.766480631,49730.1517254941,28869.3495412154,16739.5722527267,26617.2718092347,206226.719050007,118316.257682559,49896.0247794234,29051.3549126867,16892.1187989165,26999.453067867,204274.961715988,117926.452041826,50044.7774959213,29231.3757872656,17049.010305322,27390.8144743684,202238.31070901,117473.496524921,50167.0388905401,29400.980109655,17204.139397306,27790.5878511606,200122.795953802,116967.967787632,50265.4722968346,29557.9027786945,17354.0803405721,28194.8638023066
125,191656.469521828,114299.144789746,51596.5856155315,30900.5548386193,18379.0207641917,27232.6523366441,164465.053599596,101737.920975061,45300.5713864749,27113.4569091865,16157.2630207833,24080.612244286,174459.881674136,111058.693973271,49774.4914847896,30034.0117807229,18051.4310470458,27243.8616442495,164722.880640485,103879.565104684,47020.3882462726,28423.4833881542,17152.817761342,26344.9792441754,169818.659715767,109725.183905975,49870.4093810642,30195.754972027,18281.8097810048,28486.9658314538,163673.449492604,105520.661755358,48642.8659333362,29593.7670138891,17950.5791037798,28219.4212027917,165761.558546356,108679.028369998,50426.2840771542,30835.0478113243,18810.2239306674,29879.3366624596,161734.892750022,106238.936451882,49879.7364607595,30663.546187349,18787.828032554,30167.0217307263,162498.475824626,107954.432226463,51028.9684171036,31530.6608038337,19429.8964456695,31585.4694952524,159973.383525914,106699.229277929,50894.062852191,31593.9126070236,19556.9857794299,32187.8934727698,159501.116082539,107441.402823809,51599.4400010238,32170.3076890887,20008.6804961365,33342.4583818429,157420.940728136,106681.791312101,51704.4056207034,32376.5451704413,20220.538785583,34096.208310472,156216.432533435,106766.652170173,52154.3579187923,32810.2086134125,20586.3572915841,35124.5571548036,154779.788385163,106354.891177987,52395.9306235363,33115.6651199505,20872.1616641465,36039.0035200786,153504.225195633,106239.490508574,52690.5049589482,33449.1852012237,21179.7802738407,37016.4726565372,151799.918776041,105804.891206256,52882.5519500894,33704.1395867442,21429.0230874817,37900.3955875113,150118.637574881,105410.558374742,53109.7175953483,33994.2576358093,21703.1890797877,38830.6144152103,148251.435256173,104828.979321398,53255.4253852511,34240.8500217171,21955.6002230619,39738.6740156999,146861.961189069,104425.788072774,53464.6682738959,34534.5917079912,22244.3193782526,40742.1812839119,145286.812664905,103949.873864901,53570.3916687086,34750.316059381,22482.9742472692,41684.0258616595,143564.000506462,103400.703936393,53663.6090576614,34943.3530219864,22698.3152946328,42590.8086720459,141692.618113636,102767.42038214,53738.2840291517,35131.9720746291,22909.9354511492,43487.7747173347,139659.126295032,101979.915062495,53752.182557207,35290.6708735243,23107.2808855121,44366.7932041545,137988.114587053,101314.783382101,53812.070159385,35488.7546106818,23337.5004756851,45335.8688993723,136275.810977956,100634.581681295,53799.6145504896,35631.4448760518,23533.5241696647,46272.6741945903,134262.439165938,99814.1684268157,53722.1716725664,35714.3813547485,23682.2554125911,47130.8354714235,132192.760789995,98932.1388535882,53655.0602919287,35810.2503972775,23836.7612493497,47998.2524552348,130228.850026793,98000.1872992592,53560.2191241772,35901.0771376222,23994.8103821825,48884.641789081,129277.541451203,97494.2460957258,53612.2901580984,36092.7771258694,24226.7125469077,49957.5157771836,128394.792087733,97145.6109821643,53588.6396521128,36196.6344376011,24391.7917390094,50922.6457890751,127297.633925772,96703.7063603348,53543.8763707112,36241.4415938535,24488.5395014925,51711.7519026928,126195.938029614,96307.424465287,53571.3231766233,36340.3716671775,24609.9011563646,52480.3368275472,124876.665176125,95733.7340688399,53531.7711119877,36409.3198113478,24715.4891078169,53167.3964487661,123513.300070661,95121.5556070773,53476.406515577,36479.1818354554,24830.4152107424,53865.7806276495,122117.569507123,94469.9612247087,53397.5935376244,36538.0523280728,24943.9587256687,54578.0361608743,120648.608208381,93751.2107445252,53275.0432747764,36567.6827715808,25040.4082804777,55277.4542014171
126,152789.455337168,123305.705275454,72148.9818154469,50114.6709216795,34558.2386044611,76544.1952912361,130536.03055925,107206.662682063,61339.0288381341,42533.5465113449,29404.6306025094,65754.3295205442,128797.797533878,108460.221113074,61935.8002300244,42976.9453589153,29735.9428207121,66858.697895191,133367.384144961,112995.709749129,65786.9147502097,45626.4174983792,31639.9462609022,71953.7414974461,126303.046247835,106592.945786572,62418.8219971603,43627.3774145194,30363.6904039479,69769.0086378885,127476.826704091,109389.602130083,64202.335052,44975.4628941075,31440.9041132944,73131.8479995408,126225.292243577,108465.602385762,64557.6409698305,45384.1587854772,31810.2816662805,74861.9418516936,123540.414282958,106709.501033264,63810.2698636124,45133.5443068139,31790.4214633515,75691.6862866414,123409.167952754,107321.994101382,64617.7187356694,45863.3027764386,32448.120294974,78290.725821757,121985.402724156,106403.243620523,64532.4324138425,45995.3825288045,32669.5972923617,79884.961348931,120444.564507921,105660.825312755,64402.6424328949,46081.1007645176,32862.949080144,81437.6143490257,119362.16636137,105318.433954919,64637.146725792,46402.6311820712,33209.2600205324,83388.3376764328,117780.134705855,104386.347626764,64515.9611997336,46500.4573221021,33400.5758651932,84950.6705915538,116559.767305851,103737.105458837,64496.6716243907,46672.7612492794,33655.7619335123,86714.5649023638,115430.701360877,103212.866059137,64525.9669027627,46861.0244915194,33918.7204210121,88549.9258371992,113894.567257533,102329.317963252,64351.0155431073,46891.4857999547,34058.1732173773,90076.679548397,112362.502861917,101477.811312617,64212.4703048498,46954.0663452449,34219.7291371332,91660.2947265565,110819.81594388,100566.5534062,64056.5851553551,47013.5170772916,34383.9837915674,93269.1227911519,109475.405953283,99683.4651031368,63879.0889458192,47065.4236708681,34550.0343584558,94925.7561099676,108184.572634336,98928.1365941526,63704.0041752796,47102.5309796207,34705.2172882057,96608.7822260033,106689.887846104,97992.5333839576,63442.8521403752,47054.3270716965,34784.0138763394,98098.0409513403,105081.884818005,96985.0971911611,63151.6133336511,46990.087613971,34846.445841088,99527.1723675988,103419.901503848,95894.9479056425,62831.7383336677,46913.2712107203,34903.4219778968,100941.798661973,101934.571361112,94844.1743644843,62512.703159458,46847.745173801,34976.4751669183,102434.350482226,100543.715869859,93907.1784887119,62196.6221894489,46774.0944213093,35046.0586636717,103972.0711252,98921.1317011107,92808.3203346547,61781.7537149456,46604.1954885534,35032.8032867494,105293.043906769,97169.397444803,91582.376511628,61317.8646831207,46399.565197167,34986.5897597246,106504.634490065,95559.3180850677,90391.6571791304,60882.420893906,46228.853575469,34970.7105186241,107810.872337039,94643.5202815986,89576.4091131506,60608.2279528811,46184.1581492473,35057.0234550033,109476.606476634,94008.5460430577,89133.8577107447,60413.898969375,46158.1096500877,35148.9921056831,111214.823195006,93109.1055061999,88498.5421415819,60119.869651985,45999.3506770586,35103.526052494,112469.964359827,92117.0870618014,87833.6837038705,59854.4762142622,45863.760436471,35055.0742035152,113565.471659914,91117.583617137,87169.1951069761,59639.6733665587,45784.9144327407,35052.4091766323,114679.164502712,90009.3639116638,86365.3322437654,59342.6440334128,45663.8254886836,35029.9876003455,115668.239312513,88850.6157982566,85510.2696302029,58994.4212733559,45510.6149135769,34993.974269943,116618.084413619,87701.5897928154,84660.8871935799,58645.91105349,45354.8376217225,34959.4424207287,117608.981810916
127,347423.476204433,101931.848987495,24499.2276921371,10987.1818929689,5107.02844429988,23781.1083052155,322748.130222937,94960.5269614429,23144.684508354,10555.6862903384,4944.36924002255,23045.8303560881,321974.585694635,95305.5206070504,21569.014683151,9917.1481141382,4772.95255279636,23231.1509835631,321979.762066643,96790.5065477212,21659.0263030543,9601.58501140275,4514.48231166308,23294.8596102344,321595.886218356,97771.8600466219,22048.3840443673,9709.6000992501,4482.76618886672,23391.6415305485,320847.007674958,98603.7214081857,22403.8182509131,9878.32723838673,4543.89789254856,23593.2842346529,319996.769148936,99365.5986956027,22742.8559041917,10050.017509096,4623.05278361965,23852.0974842404,319123.70158181,100093.711217373,23072.1374683111,10218.8661474957,4704.25956964583,24128.672742011,318725.176683541,100841.907557109,23397.1062498635,10386.5979000339,4785.87018212964,24423.678001776,318052.099698941,101568.046269976,23701.990116782,10542.5786333685,4861.76566081378,24703.109148404,317116.552122741,102243.878568847,24015.668613545,10702.3064606254,4938.45345927104,24971.2870541484,315913.578514258,102850.779138474,24323.1204072103,10863.5549048173,5017.20200422338,25229.2978963037,314608.858106356,103413.838156103,24628.9415572018,11026.3405538847,5098.00329449885,25482.2897248091,313789.851893938,103993.695151378,24930.0673401102,11189.4376321103,5180.30798257817,25749.7112981225,312580.466063679,104535.996668936,25203.960985183,11336.8645041889,5255.16250892569,25994.0766897404,311036.926582387,105012.865425171,25488.5024341615,11488.7963400516,5330.91005671144,26224.1320191466,309246.515141547,105413.40076443,25766.4758290994,11643.1452044369,5409.49375189062,26444.7046194923,307324.320433498,105759.454902301,26037.4015181174,11796.7588078232,5489.36603867882,26658.2257686748,305958.280560776,106133.703917947,26306.4023426512,11951.6255345205,5571.09833664004,26889.9117867009,304275.118009361,106475.378665854,26543.0167492318,12087.9015172271,5643.89989950192,27098.4694791974,302337.707729332,106764.406821016,26790.8440166601,12227.8598712909,5716.79375319068,27293.7920480851,300048.989518502,106963.324295935,27028.1890309944,12368.0912873406,5791.30019516903,27473.3612305618,297581.195284545,107095.087834194,27261.0655972344,12509.3982610237,5868.02371856126,27644.7617020156,295564.182212002,107240.556780443,27491.1991865738,12652.6361848872,5947.42950351195,27831.8504641796,293380.352133814,107360.353024288,27688.886560698,12777.8912143023,6018.5560312346,28001.8260303384,290779.526444626,107409.29432233,27886.7995631026,12900.4862922048,6086.68593412552,28148.8119247672,287959.868815398,107375.689712606,28084.8069235392,13028.4410193319,6158.47889969102,28285.7440423884,285376.212868522,107323.885804463,28280.5496513793,13159.5504120209,6234.18454734708,28428.6854518127,284355.269140244,107462.745726188,28484.8538860171,13295.4934197079,6313.80485403847,28631.7411194099,283291.852785494,107666.352142038,28630.917998258,13390.5617210628,6371.22720833038,28806.2583882878,282115.351797614,107881.825842698,28811.4774991572,13492.3944255457,6425.60014660648,28965.2441395296,280648.14135683,108022.006363201,28990.7710547727,13600.5229977522,6483.87089210777,29107.2772708999,278921.499476303,108090.814737773,29164.6288452051,13710.6345597364,6545.65875199225,29239.0025056882,277064.208060967,108102.442877801,29330.0306472033,13820.3802363888,6609.42066266087,29365.5281004834,275077.056149136,108065.386385106,29482.1937207264,13925.3922836959,6672.29088759585,29484.4179540227,272986.459490759,107986.933016846,29625.4032338289,14026.6373085069,6733.88018248258,29595.6656707853
128,296497.286625898,120776.498784739,38962.6494718254,19516.7421751658,9766.52611160659,20764.4498787486,271955.546444003,113933.52754501,37041.7139060406,18695.7402312567,9390.11719655602,19849.0944609962,270448.595395632,114217.242341512,36107.5651218681,18587.160224724,9562.10711651708,20378.7770032792,269724.428753367,115715.799668705,36323.1361627772,18361.3823711791,9408.79452323678,20579.907565797,268249.108291688,116518.767262066,36977.2510857094,18620.7384006803,9448.23909709689,20678.4693221103,266832.697202925,117246.527227299,37604.7257700064,19014.9150663841,9648.91984653969,20910.3028029428,265292.403867087,117827.129418572,38176.33015634,19398.1201506117,9881.33863094388,21244.0322109594,263664.802023216,118349.790550413,38713.9121256854,19767.167862213,10115.0821848124,21628.2955733788,262528.43904299,118903.752656835,39255.5292671651,20138.5497522669,10351.9176629148,22051.8777090024,261215.761394827,119437.468697831,39747.1908307938,20479.9789014128,10573.4168768134,22465.4186382269,259706.111337733,119909.052858032,40244.506616959,20819.0757185619,10790.7006064984,22870.5226233937,257966.580835413,120285.979683819,40727.3144338295,21158.0773992841,11009.8749673849,23271.7745226293,256061.208248924,120578.745645296,41195.2773579956,21494.8445914343,11231.402292969,23674.4517157158,254632.876360022,120903.312430239,41671.6904851716,21842.0089871964,11462.0162389061,24105.4923994092,252965.750002453,121194.374202764,42088.9940976284,22154.3192985095,11675.5624690384,24517.8143441866,250972.012941573,121391.858523461,42507.3178070292,22460.9721123116,11882.7605724148,24914.1326831074,248761.438328941,121478.590842365,42914.7745566729,22771.8050208514,12094.6606683143,25309.4412631936,246383.485242691,121471.570870254,43297.7243832395,23077.1429156637,12308.5482775042,25707.4090875096,244555.802608741,121519.497875534,43694.4883599144,23395.0876808081,12533.0425273211,26141.0606196643,242516.140575509,121540.036005221,44023.7927696273,23671.6074618527,12736.2196942157,26551.7586650572,240277.820593339,121490.505555528,44359.419207547,23943.0021240126,12932.0480603311,26947.1314405643,237738.867328886,121321.915023023,44671.1570382697,24210.1405480121,13127.2705476174,27331.3948967536,234994.889907025,121041.750360853,44962.9025978191,24473.2513662661,13324.4287204425,27715.2500965132,232655.086652397,120787.901931291,45262.3242518275,24748.5241905162,13533.0553089623,28133.2046227945,230286.978237885,120529.182297629,45507.3364653504,24990.8820786517,13725.7926545828,28541.1068931225,227540.321013509,120168.281937921,45726.7447855092,25209.306503167,13901.2507217898,28918.1455233282,224605.155391552,119695.488940184,45943.4575780787,25433.0495230205,14079.8293651234,29290.6784056461,221776.450095122,119170.225962037,46145.1421774011,25659.0386416649,14265.2684623452,29677.2135428482,220400.900626182,118952.447268299,46413.5534997226,25926.0252820647,14478.2463458849,30153.1431414328,219156.390005956,118883.531163695,46585.2971094792,26115.792394884,14644.0437940603,30580.0833928082,217776.913943103,118817.152668414,46785.2887686906,26288.8711309585,14782.5977424064,30947.9128797102,216180.373550849,118672.561933757,46990.4510088626,26472.0852409268,14922.0987883612,31283.7821387494,214347.575576666,118418.366054884,47174.7845900555,26653.3402877813,15064.7211185973,31604.5927903252,212402.137665623,118093.152379177,47343.8856821713,26833.7523255024,15212.0002155812,31931.4081187051,210364.412278718,117704.452706401,47487.7692148668,27004.3421608505,15357.5942823624,32261.5177125374,208248.771590357,117265.952178038,47611.1144901942,27164.426793415,15499.1610587399,32592.6963399262
129,243282.111209365,105308.40634532,34286.5878275493,17239.3407336942,8636.70735532533,18239.4450252556,210643.242807344,89980.4160343518,29275.1488217014,14869.2986095785,7470.94102273408,15961.1827555982,217909.672112324,95832.607620895,29449.1609744356,15070.3073285052,7781.17265149097,17056.7061959905,213913.090026327,94936.275111848,29094.3044799538,14532.7877725744,7380.61598880326,16698.5738629133,214376.218203926,96672.420419971,29935.8422687134,14874.1225548687,7460.6346741549,16841.689904788,212845.172839527,96957.0768067164,30387.69361903,15169.3891769941,7601.87614080791,16936.3071517648,212017.030519038,97677.0099316126,30932.4229359155,15519.3218792591,7809.84874904471,17230.3835377182,210828.626350288,98110.9229834748,31385.4075962184,15828.1929566968,8002.44697025474,17538.2815514116,210197.401010128,98710.9029367775,31872.8372762453,16152.860380069,8205.4424461015,17901.4093186805,209247.029149219,99192.2130775862,32296.363647826,16440.4697814194,8388.48694993749,18239.466207376,208210.028529526,99670.2497973061,32742.24386633,16737.1962222555,8574.47495070502,18582.1237294084,206954.375138488,100044.674620664,33168.2834393594,17030.5598760166,8760.8405459289,18918.8298682126,205613.7756365,100362.376747079,33587.134782239,17324.5602575203,8950.6171458208,19260.6003486934,204698.595945306,100744.53558848,34017.5045576524,17629.5398284447,9149.0905912458,19629.9236429097,203438.091347853,101031.288678376,34383.3285766053,17895.5003219363,9327.45844725269,19969.5330120412,201995.721115717,101278.675119775,34769.70115192,18169.9333399554,9508.00514481054,20308.0128124799,200359.532348633,101417.221721169,35137.7221694927,18443.9467910569,9691.30620193562,20643.7631451919,198627.45676284,101488.764949412,35490.2085678476,18714.9728163529,9877.01247499143,20984.5582095566,197380.792545109,101646.971292331,35860.4828226855,18999.9850423896,10073.2146382418,21359.7552838979,195819.910674513,101706.088287694,36155.3668216794,19238.2405855903,10244.4769678342,21699.3026986203,194173.615846375,101758.184717299,36477.7133193831,19486.8981622832,10418.0329994993,22040.4805949401,192217.695150185,101665.108425389,36764.7581985095,19724.4580448747,10587.7683719522,22365.1508841933,190186.504557281,101517.160761468,37049.4892604063,19966.6577528979,10763.7672959952,22700.072560856,188499.669301018,101408.530983836,37338.0645987217,20217.437958885,10948.4389773432,23063.8187048961,186670.149907007,101248.908346885,37568.2587352553,20431.2733664513,11113.8613027065,23405.9904160515,184555.718785261,101013.505635941,37790.7440920711,20634.8490114643,11270.3686063184,23729.6272483307,182307.429400178,100685.447833384,38009.3615239642,20844.2507157718,11431.4873985293,24053.3328946187,180230.171820009,100323.77182196,38216.8055741953,21055.5016880067,11598.6123237064,24392.4813910519,179400.905593265,100306.140137333,38490.2902985429,21305.386671362,11790.6230091006,24815.3923523657,178372.264685076,100237.396603482,38631.6414221809,21456.5691488848,11921.9875820107,25151.240707197,177395.320037273,100283.850572052,38849.1332790291,21629.0452608415,12051.1726385777,25473.4855127023,176118.587613651,100162.477415807,39030.3651671733,21789.3154084788,12171.4155813706,25749.8320008496,174738.775095472,100021.080509249,39219.6875496813,21961.4317578354,12302.353568821,26033.2167046194,173227.951910318,99782.0242281501,39382.4723455983,22125.2691938878,12432.5956673962,26313.4510733297,171666.760467185,99515.2580800239,39533.0744429213,22285.3567465521,12563.9354866226,26601.9093384983,170024.075233781,99191.3579130638,39662.3219340718,22434.5942127536,12690.5690777213,26887.8737147398
130,363273.886209483,96282.7352605825,23600.429361884,10583.2071079316,4856.84626895291,17358.5021570865,346212.739285969,89993.1051938122,22361.7943958383,10233.0392465444,4739.71444803567,16963.9479551397,345219.899781839,90847.0183737153,20619.5196176925,9456.80946619717,4509.13770276953,17049.7981280193,345073.78876147,92355.6385481631,20770.2350712202,9152.08462278346,4233.82179300631,17002.0451330597,344601.762406019,93408.9158746319,21191.3889193398,9276.35451653043,4206.54634001041,17009.3198878893,343733.826667975,94311.8705784121,21578.9021455534,9463.49955898742,4276.86463450729,17135.8356313868,342775.155307569,95146.0722654482,21951.0989339626,9654.8021148501,4367.0574815047,17328.2433878354,341808.424214274,95945.4152304061,22312.4381288334,9843.20267887093,4459.72539771249,17543.3329851917,341331.484995289,96756.062729929,22668.7296864944,10030.1206029496,4552.70692121498,17775.3192314093,340556.737324111,97548.2352011815,23006.3368251849,10206.1588597301,4640.49863870445,17996.187204175,339508.661993326,98291.9970631866,23351.9377591568,10385.8959236165,4729.27243540525,18209.8982302267,338196.561198009,98976.9754650984,23694.0733979752,10568.1849504275,4820.6252049416,18418.2321640739,336773.549528539,99615.5329674684,24033.7522455172,10751.9986391417,4914.1446880977,18624.0243498823,335866.417585569,100266.275322593,24369.5039965196,10936.5666782032,5009.42642153164,18842.4968853206,334530.267643481,100882.417886379,24678.9506391023,11106.1181831375,5097.69934629593,19043.0138616824,332821.98190782,101433.881379804,24998.8191722766,11280.3535129567,5187.15078024283,19233.3424530616,330843.014968211,101913.486002234,25313.8340305413,11457.9558579336,5280.02622457871,19418.6793049347,328773.069398544,102343.076497502,25623.9706514657,11636.1803768095,5375.02213554771,19602.1049819846,327294.899179814,102796.735991488,25930.356695538,11815.1210225976,5471.80800473754,19801.1598487025,325434.066735718,103214.13053456,26205.1445911359,11975.4862943085,5559.62566479322,19980.3276869854,323325.126615287,103579.36852116,26490.6777715357,12140.0720260953,5648.04750675645,20151.1141291384,320817.850706404,103860.528200482,26766.1634455472,12304.912488224,5738.22405921032,20311.1885975332,318161.30354932,104078.935293676,27040.3637900211,12472.62504986,5831.5712771262,20468.7354324066,315979.043454959,104307.938249376,27310.2090948123,12642.0537291266,5927.77454575005,20640.7208425887,313597.09885819,104507.965818212,27548.5294051755,12793.5702746913,6015.70999432421,20798.5484098613,310727.922457133,104630.578103316,27784.5466027472,12941.7731469209,6100.55111681624,20937.7345993324,307659.963991116,104679.448209408,28023.9110184935,13097.0769431591,6190.09193388433,21073.299105129,304966.929193633,104717.955154107,28263.1068273918,13257.0007423972,6284.5342390344,21219.6121933551,303953.633171377,104943.472341698,28506.3890236328,13419.56681334,6381.90397521979,21413.7859137771,302787.092187612,105200.663235971,28685.2207945191,13536.5463311601,6454.09788864187,21573.9442036512,301476.967166711,105459.672608984,28894.177212551,13658.8932710027,6522.52039768931,21718.6122405558,299862.827260057,105647.38629343,29101.808384749,13787.0259479042,6594.52349523507,21850.6700813005,297967.520428625,105766.568554851,29303.6769919027,13916.905098019,6669.88010784909,21976.5554409696,295935.463636847,105833.082070003,29499.309452955,14047.4795257164,6747.70526884833,22101.3925935971,293776.942274429,105853.308966487,29682.8110464351,14174.1581249728,6825.16460849062,22222.7436249628,291494.377916418,105830.804738707,29856.7280570329,14296.9383722287,6901.42957085729,22339.2182348804
131,242174.109769814,130353.619955323,54466.9563215374,31182.2894332146,17727.4450468116,29463.1134282507,211277.287504066,116325.067349042,47611.1293836389,27280.7136554334,15550.2605027382,26192.3725557437,217554.332864061,122141.60336666,49142.5264734505,28360.9977778159,16304.3089865052,27618.2536765325,212235.761070342,120184.877445001,48615.0224530944,27774.7355851772,15961.770425478,27506.771663335,212423.884024647,121957.890069748,49702.683100371,28410.8526004246,16265.8919693405,28095.1571119005,210019.692154032,121660.285384411,50199.1543176538,28798.579335737,16510.06124414,28483.9875001158,208680.602397108,122086.988340536,50855.0274342726,29342.2407568879,16897.2426432342,29162.7638636813,206807.217319297,122055.992395401,51347.1192390604,29777.7969834426,17236.0264424867,29860.245683421,205597.694841641,122286.162374422,51899.3949587949,30253.3895448676,17600.9889678991,30661.6933251133,204117.166176169,122375.478729828,52351.2050460664,30657.8591089234,17923.1468856155,31432.7863790902,202541.874075799,122452.086513938,52811.3202039815,31059.2169761078,18237.6548512871,32200.435092521,200763.369610109,122398.858245054,53242.1580687189,31449.6679262796,18546.3825251411,32959.8923377041,198863.635663128,122255.055100432,53643.2678777396,31831.0716835879,18854.5447784159,33725.0948143053,197411.269859234,122199.166604791,54074.0138492093,32236.5936719084,19182.1424655451,34544.4707436638,195730.249786779,122067.643306986,54410.3421197081,32580.4553425574,19474.9405500374,35327.3712231592,193805.231697071,121846.477917203,54737.2948633823,32907.1246053729,19751.6019030598,36086.5875924858,191712.968275576,121505.933321457,55045.1842754547,33233.2619677451,20029.3638357303,36845.520945249,189488.525356772,121053.841818435,55309.4654746675,33543.7295829785,20304.4500177905,37609.4070134946,187755.563950628,120716.874895397,55610.5787695354,33882.4596600678,20602.3388172588,38440.2953556886,185843.682418211,120323.662979284,55816.4845204551,34155.5357759398,20861.6341839115,39230.4493835828,183767.970535452,119863.561658048,56015.2340843612,34409.9221621999,21102.0094877458,39991.9076070709,181470.716931948,119280.339610448,56184.4766743389,34654.0913853346,21335.8456896277,40736.7364196719,179008.867385918,118565.580382468,56311.4212383896,34882.1850205439,21565.1077290592,41477.117763894,176920.40313118,117929.355823798,56465.1182462832,35135.9153470339,21816.9512796027,42282.8303034179,174805.642491311,117281.38261977,56548.5821913329,35340.947803214,22041.4740694837,43069.2163332929,172380.081573788,116514.122077355,56580.965780557,35498.6939679505,22229.9564249129,43798.7937310009,169814.374088461,115641.00994434,56607.1467755107,35657.7427217191,22417.0049964575,44520.7603497644,167369.910284338,114723.484005229,56616.7357071373,35820.2941981193,22612.9647415072,45267.8903796222,166113.300284241,114211.37739344,56750.432679039,36065.3332132023,22867.6951683286,46168.1664222407,165008.880379442,113878.866450424,56798.4260404771,36224.4373830213,23062.4030545008,46992.6900997789,163718.92428906,113509.532846965,56844.8302018979,36336.0931742323,23200.3803964889,47682.7874261826,162340.786745891,113123.123473166,56933.8801910895,36478.5328377829,23346.1799709614,48329.2579517908,160725.472666079,112576.440016999,56971.7662432227,36603.2058547825,23484.9409663125,48919.9058592754,159054.299547364,111981.575686522,56996.8065102646,36730.7105595343,23633.4686389101,49523.3849966875,157304.740586226,111314.829067488,56984.5352397797,36839.98777073,23776.2642761577,50129.5768971272,155492.592711318,110595.913095364,56940.8911331425,36930.1775663859,23909.6984279087,50737.0170068793
132,392255.504809404,87843.440721454,17418.9673734932,7211.8008579696,3067.566364976,5778.64648577169,372753.114389581,79752.9565427998,16341.8515067517,6927.7277063331,2982.70628042023,5712.86839783527,372625.487746679,78240.3726140538,13673.7045395622,5963.37982561386,2713.53711989192,5684.37775751873,372642.496624447,79384.9102871705,13242.2007821244,5332.15450619235,2319.46441392515,5471.54983831622,372491.542462752,80158.5333061094,13379.2839097595,5275.2388157627,2200.36649900356,5319.89948234873,371956.803701944,80822.0109939886,13535.8452031406,5320.71241594899,2194.85138281389,5290.80452388464,371331.282205435,81416.6218459417,13687.1722686583,5378.62858322153,2213.3057469204,5323.55106809855,370637.922194648,81984.6273974436,13830.1025599045,5435.21193092629,2234.88997450148,5377.38466332368,370406.98371334,82539.8157067306,13967.6301770851,5489.6938514097,2256.06326269614,5438.10613255878,369972.482921773,83114.6011891455,14098.8360733584,5540.35332178196,2275.47099660649,5498.02690690324,369268.618801357,83648.2572452348,14236.7444707877,5593.74090971665,2295.5363474202,5556.71877242447,368292.361312067,84130.474875102,14370.3281699173,5647.34921792395,2316.30520350692,5614.33428282035,367121.536275839,84573.1286965468,14500.4725388797,5700.22639488739,2337.16239575377,5671.01146602144,366476.754197163,84992.8189773659,14622.3240970188,5750.57715159587,2357.27722750566,5728.36096490499,365500.710810304,85433.8518436289,14734.1330962318,5794.95273630818,2374.65690664128,5782.04622753713,364117.029800193,85817.4589441472,14855.6718880072,5843.04457477474,2392.85250151544,5833.30260848824,362485.139031389,86133.9453926915,14970.5490107666,5891.32907085148,2411.98947108435,5883.45966564903,360658.730384529,86407.7895288095,15078.0408227376,5937.08089194271,2430.55051215421,5932.18499026492,359391.388678321,86658.6342321527,15177.2267000309,5979.89791112684,2448.02396781081,5981.38181669723,357875.819094141,86940.8529707963,15266.1931811165,6016.48840186966,2462.5868628825,6026.84482282103,356105.153092311,87174.0400996585,15364.6907065477,6056.6454820766,2477.8449536622,6070.08266932139,353948.785295229,87347.5815871225,15456.537190976,6096.60385307002,2493.80104495482,6111.31929257912,351545.812830108,87458.2776545917,15544.0762731087,6135.78057049277,2509.89650648566,6151.09628321534,349557.029845392,87536.7043575802,15621.4635992035,6171.9142014183,2525.18909174645,6191.15892207591,347500.952317903,87637.4650965079,15686.537299261,6201.25298101437,2537.45064769114,6228.10552472089,345004.362571756,87699.3851958086,15757.7185450516,6231.98537033138,2549.43267629146,6261.39057174552,342227.040616008,87683.203239262,15827.3070708377,6264.74922409373,2562.81680867768,6293.05773834721,339646.11728528,87633.5629094176,15889.4445643975,6296.09263629305,2576.46159354815,6325.05081853881,338622.665481202,87639.3237907925,15938.4424731419,6321.82299214247,2588.02352430969,6361.19991135575,337771.809304337,87817.2072977032,15978.8723357122,6337.7497610176,2594.1727273904,6393.50174659283,336766.134905784,87998.2389090663,16049.9959432615,6364.14586525277,2602.63597890982,6423.84016398091,335478.346474275,88136.1297398669,16123.853778634,6396.39671719657,2614.92734406724,6454.3679770015,333899.0824207,88217.5274980098,16193.5362532597,6429.00835828249,2628.57020718162,6484.67994399584,332150.805535197,88246.0844449979,16256.4073638521,6459.96930133476,2642.16002967307,6514.11011832303,330262.874688866,88236.4657858399,16310.7855445923,6487.77864352921,2654.70460791708,6541.72482672678,328244.477450985,88192.2811655942,16359.421438405,6513.13121053522,2666.18430430952,6567.17311689282
133,325147.27041143,101523.303861374,26381.3598300676,12112.79438774,5665.5022461072,20033.6312059281,300841.082479913,94555.9971652702,24907.5936624737,11626.598802072,5476.85301447732,19262.8325609846,300586.067444616,95837.3394721348,23618.1491113879,11043.9225655158,5328.86484587365,19493.097413582,300807.006373436,97399.2095374376,23960.0071503176,10878.7529858514,5127.29960302739,19548.879618327,300339.0224036,98391.0404009325,24431.2458592062,11058.8241234925,5140.88401844975,19620.0973271013,299516.506978674,99244.6605364379,24855.8210438159,11281.1890431497,5237.60711629179,19800.004020021,298643.945369072,100037.339597373,25265.5366680449,11505.0961442431,5350.63274082772,20042.4760019106,297732.59050021,100787.202999666,25661.7195503989,11724.2436787301,5464.78368125752,20304.2110133095,297289.74506986,101565.500805329,26055.0356897168,11943.075187796,5579.80214311574,20586.0335842587,296561.174117429,102314.752042624,26424.5782080962,12147.4268790564,5687.63250357072,20852.3467100912,295620.476133887,103013.328040268,26802.9353129435,12356.0192505581,5796.55103433322,21111.4423658441,294405.974250978,103642.479547946,27173.8748299036,12565.849993999,5907.75563244635,21362.7605606855,293101.519609939,104216.840534453,27542.3473210626,12777.731297119,6021.71490020565,21612.089858039,292282.735268813,104823.41036241,27908.2309557649,12991.6113609681,6138.50519970721,21878.5630345556,291065.717214613,105380.770089585,28241.1937332287,13185.8094245932,6245.70381641853,22121.9695092812,289509.191339274,105864.73853544,28584.308791689,13384.6646792343,6353.86687045783,22353.357095372,287728.443676189,106272.463153711,28921.3960532944,13587.4020893667,6466.17811337503,22580.2223816597,285837.380202814,106616.178655452,29249.5508913109,13789.2836194534,6580.40445444378,22803.81595134,284519.43102242,107010.11133525,29578.0809998987,13994.3342020824,6697.98312718269,23049.5050455382,282829.735799201,107350.146134794,29866.1119198471,14174.7088349989,6803.1941739223,23268.5224797522,280925.963543586,107637.554487755,30166.8486712485,14360.1636641232,6909.06939464052,23478.6199561409,278684.374626603,107830.650254656,30454.5494998381,14545.2248518023,7016.73076821208,23676.6123107306,276293.302656256,107951.006616753,30736.5033473707,14731.6514702783,7127.37036823942,23871.2997796083,274332.586150105,108098.05386601,31017.599090351,14921.7558884201,7242.19844719694,24084.8709929015,272179.147459029,108205.397049572,31260.4768621875,15089.62552434,7346.39987303303,24280.1297107571,269633.087539104,108232.517240113,31500.1914488642,15253.1499094978,7446.61482217839,24455.174327168,266894.983714991,108178.450859936,31739.8418007802,15422.861974139,7551.37370333729,24625.0921709477,264430.903016945,108102.424651635,31977.0268101347,15596.6727005658,7661.28447045824,24805.3842632739,263504.213397473,108270.185849667,32232.8277708271,15780.7813142227,7778.37340024314,25047.8072038358,262415.68493658,108453.085788717,32410.3846698052,15908.3809439785,7863.38857857125,25244.506465375,261242.400031855,108655.975300151,32626.419198673,16043.6280059292,7944.16361119547,25424.646554863,259783.596963388,108772.628686058,32837.2269602374,16183.6390538368,8027.8939629127,25587.1412139176,258085.679886797,108816.618038576,33040.9954561433,16325.4164592083,8115.48818975098,25742.879785315,256262.421695006,108802.851541049,33235.8488586547,16467.1911285979,8205.71143139664,25897.6190884816,254325.566539472,108738.877977706,33416.2875563705,16603.9523976157,8295.2721529287,26048.6803456867,252275.36696219,108628.887277403,33584.5595177013,16735.495743916,8383.08279332762,26194.24283885
134,322227.290166634,106736.122835776,29588.7080705551,13751.046593257,6343.91158114945,6710.82173532627,302971.335807932,104230.500482222,29143.8444542684,13675.0605697362,6342.04048218822,6694.33586287831,300908.391694269,104572.501958456,28351.6873177713,13476.7917132198,6392.5291128155,6909.63468461792,300449.894322945,106009.979563677,28746.3156421,13411.7786834721,6293.46265377088,6936.59065316786,299466.248001141,106924.681898267,29300.3685091064,13659.2410338413,6356.35739676111,6936.16978403995,298164.722519134,107720.166333847,29805.8282534522,13953.1211035112,6503.3830813401,7032.78587630828,296813.95317491,108440.785101917,30293.2517866366,14246.7464053188,6667.39235902895,7194.82277947919,295394.623491958,109112.232732761,30760.5879077754,14532.7290723076,6831.831815393,7384.09337087518,294460.251742112,109797.247987176,31226.3069005021,14818.7891086725,6997.38033782039,7587.23872151307,293338.885103905,110475.284838647,31659.2180704159,15085.8478224156,7153.78286282125,7786.55069870386,291964.067757385,111095.621762462,32099.9214701394,15354.0917100992,7309.03436470817,7984.43244608406,290353.355280984,111635.159655491,32533.3919165539,15625.1670932196,7467.63033391612,8185.78952861296,288569.155111313,112106.564980527,32957.3046968833,15895.9530771896,7628.81055432167,8392.98701338899,287287.617808872,112590.17420828,33382.6902900711,16171.5849682389,7794.6874287001,8610.69879675663,285719.884340223,113052.688369355,33765.0463153017,16422.7237181584,7949.17239769575,8820.97856939854,283799.574349579,113434.774564684,34156.0309419109,16674.8415686844,8101.9771640095,9028.4973947434,281625.325925382,113717.815379099,34538.1509857996,16931.1351504576,8259.41514125581,9240.84468958696,279303.056120214,113927.710983604,34907.1768465622,17186.032826044,8419.64581372842,9460.65420275416,277538.676834096,114164.484838118,35277.9417622393,17445.895806945,8584.89134484668,9692.98553931564,275538.699277494,114386.14708924,35600.8727485774,17677.0741295304,8736.10466416106,9915.57274592983,273305.079404098,114542.725754602,35933.1625808384,17908.303101754,8884.40955352254,10133.9184563585,270738.740797706,114594.952296653,36249.1865061776,18138.6842568921,9034.31900479679,10353.0804679484,267957.517987449,114554.542532972,36554.0924316045,18368.7594786161,9187.25580352248,10579.1749298136,265616.033268216,114523.59632985,36860.4190094322,18605.5551972058,9346.94880690157,10820.0955016252,263188.324820829,114483.861757873,37121.4292715973,18816.2559539556,9494.57737756854,11054.9574366472,260352.069639639,114357.816442561,37372.8329084448,19015.7092753203,9633.58151967191,11280.4742639802,257322.168231578,114131.106106665,37623.3984663354,19221.8597148053,9777.25130758468,11510.031221507,254436.978857298,113863.376051996,37863.4543764918,19430.0820678041,9926.30480692858,11750.8678644108,253115.182006854,113831.533891237,38137.9823194489,19658.3178355326,10088.4053004119,12018.4106551438,251865.767165299,113920.104842471,38328.5039840043,19823.7627806117,10214.1792353736,12250.9078027075,250490.280203743,114015.228485928,38553.2895063954,19985.3634696763,10325.5285679412,12455.1383054792,248859.372535856,114027.214815003,38776.4266653401,20153.8372738176,10439.0515011983,12647.359251268,246977.121029204,113953.065862967,38987.6235100813,20322.9178455537,10556.4275997946,12841.3747308358,244958.179863458,113808.503135321,39186.6265814033,20491.2150259444,10676.8154127484,13043.0809351196,242831.901347734,113608.751455131,39367.638654033,20653.4108647069,10796.640654213,13250.5265785985,240611.468874898,113360.389739916,39533.4558400955,20808.7306874133,10914.177447895,13460.9491292875
135,386341.178959359,84943.76814108,17977.9791482115,7626.88484696905,3346.66653157562,10177.4575200306,367463.976668467,76629.3620275862,17010.9458423742,7416.34826057395,3292.30399724435,10081.3219728755,366264.880725842,75410.133859957,14010.4178440334,6272.45779439616,2963.56287381153,10048.0305132591,365717.617726196,76373.0229858557,13620.823406291,5623.09253492935,2532.96232015743,9835.806486815,365240.644468869,77025.3230196021,13762.7005773464,5572.03539204835,2411.3065469468,9712.61032607054,364475.527701466,77587.3575126938,13921.1978910336,5622.22649499709,2407.89207435082,9726.34612115141,363627.210671462,78081.7915765296,14072.4764734281,5683.73200562965,2428.46454501089,9805.70585100352,362707.445426154,78548.4285934668,14215.5854311178,5743.77223649638,2452.09161463467,9906.13629595767,362269.459770935,79001.3185253677,14352.3242830793,5801.56194026627,2475.32221123837,10015.1478883671,361638.600831218,79484.8102684842,14484.0634182831,5855.70682763873,2496.79108310084,10122.1078485533,360728.567098296,79926.6246693027,14623.2133858088,5912.9688400569,2519.02823476519,10225.428825692,359546.432448093,80316.7460726293,14758.0289015772,5970.73293116203,2542.1824524961,10325.3468920698,358200.66715273,80661.4380966924,14887.5167789147,6027.20443245851,2565.29101459954,10422.1616873683,357346.731060262,80986.4136735885,15008.640352015,6080.97853145374,2587.62962935031,10520.9050882096,356179.337184665,81341.6347081743,15122.1018269292,6129.5858397099,2607.47765909772,10614.1348939983,354625.780843489,81638.3329414746,15244.6120431089,6181.89065347295,2628.16840162856,10701.8320156712,352792.677289304,81868.1483961265,15359.6609808004,6234.14740425347,2649.77152235493,10785.5744253441,350768.553183844,82049.4722303284,15467.5209783307,6284.06523248466,2670.91246980713,10865.4609752358,349333.196101906,82211.3641726958,15566.0528711303,6330.89592323801,2691.05681337174,10948.0687029068,347626.419416361,82417.204957152,15655.8707456648,6371.53005889164,2708.16485967949,11024.924578133,345654.178999577,82569.0241051117,15755.9471348853,6416.2091193214,2726.09390954303,11096.8055199393,343315.122403858,82662.7897836813,15848.8186890037,6460.76345957633,2744.90027226426,11163.6105489835,340747.278791082,82693.8972406282,15936.3226446475,6504.15391650153,2763.75634483318,11226.0923379335,338604.728731109,82697.8571530128,16013.2512217544,6544.39437991208,2781.83591912869,11290.1405348171,336383.762511993,82733.9861329833,16080.2422343933,6578.30713741759,2796.95862088045,11350.0819495601,333691.930089731,82729.2564891954,16153.5332857167,6613.87577736825,2811.868811884,11402.2848004456,330758.823707852,82644.2387594512,16224.3208973908,6651.52247516939,2828.35980614847,11450.1512539954,328005.204827193,82525.1196901065,16286.1097823164,6687.05915981873,2844.94189869589,11497.3540379348,326873.246830373,82474.6274770021,16336.6964425852,6717.77531795375,2859.83985410067,11558.6179350267,325883.068023137,82610.5338206907,16381.1348709942,6738.36501630127,2868.84955745951,11616.8435265957,324741.471576662,82743.2151171897,16456.4035534182,6769.65742251366,2880.05907872826,11670.8285626774,323312.098641066,82833.0118522544,16532.725998535,6806.38923760838,2895.10121988456,11721.9803491979,321602.023146807,82867.1766167583,16605.0633706345,6843.528739754,2911.59645337298,11770.0048646229,319714.915020336,82851.1996874697,16669.8772454126,6878.91870689989,2928.12645153777,11814.9213250795,317705.345688752,82799.566454206,16726.8607478517,6911.38245010448,2943.74983331027,11856.4604577755,315568.007662364,82718.015384475,16777.9023848409,6941.3058724655,2958.31282321264,11894.1635976223
136,302421.362934495,127862.757365649,38707.2951691865,19131.8765511236,9582.46897925848,34236.2892839545,275031.575149837,117600.878284295,35345.8855479202,17576.5129314091,8832.20205048322,32079.343909855,274710.65092909,118799.033660568,34292.6492244923,17243.0030723381,8831.09704891416,32576.8393673411,274140.985006551,120516.802323119,34564.268873079,16991.4514281172,8612.76325134059,32749.2654031221,272762.882682688,121353.174237827,35180.2965807539,17219.7090225526,8623.0360560432,32865.2950827502,271385.131891084,122125.86330572,35768.8140122614,17565.8666440116,8786.68209392594,33152.7444089846,269926.789403901,122783.981663997,36314.7689382369,17908.8656823638,8981.62536472341,33540.206627437,268401.673537564,123371.097276921,36831.172116289,18239.3318864495,9177.80091459229,33967.5953332563,267349.589818442,124003.385572832,37349.1931027855,18571.6842152195,9376.85493447866,34437.8800191702,266101.646453509,124598.641163459,37822.1131421582,18877.2913338435,9562.36095045627,34888.8982912859,264680.297407079,125139.236873064,38304.3028401574,19184.1644777393,9746.1609324203,35326.8334058878,262972.750554662,125570.984729572,38769.4635121296,19489.2791722509,9931.01466098415,35746.9185887752,261122.726112904,125918.804022754,39225.2581061482,19795.0043594916,10119.2665220345,36160.9107096666,259799.256272462,126321.082365176,39689.1010998238,20110.4020495459,10315.9496901603,36612.2133895264,258161.901816658,126665.000747557,40093.2937263979,20390.6754807215,10495.3210378834,37029.1628687996,256239.350299457,126923.470574011,40508.3430965132,20672.4579878444,10672.4510084492,37424.4987351985,254078.147687316,127063.390360261,40908.0522413109,20956.1151188038,10853.3570687461,37806.0678074775,251770.64229768,127113.866304652,41288.1541192649,21235.8165023285,11036.3360065816,38181.1679582275,250005.517103051,127231.061446878,41680.4391910007,21526.2081041634,11228.1142902066,38597.8882956287,247988.226184463,127296.51184698,42009.0264142731,21778.4769983597,11400.5390727248,38979.9506097807,245811.659683504,127305.258236637,42349.7301561066,22031.4956910039,11569.7555185564,39345.1383987222,243307.416972781,127181.720290601,42663.7475314449,22278.2531617298,11737.6142008625,39684.0982501704,240601.873596461,126948.145807036,42963.3068083779,22523.5074504315,11908.1442895831,40011.5313271323,238330.79929543,126754.501751969,43269.4341045254,22779.8254825746,12088.9223427101,40378.5285300134,235999.420285381,126544.863345644,43522.7882151782,23004.0018491831,12254.1647350497,40727.0502134449,233308.062918812,126234.826467881,43759.14567745,23211.727331507,12406.9450796116,41036.1575383092,230369.035659881,125795.891558722,43987.9564058034,23422.4467672281,12562.0735005611,41325.4104659642,227574.973050771,125309.806339364,44208.3009671058,23638.5038982716,12725.2294614462,41627.6264736002,226235.770113918,125154.605875513,44482.9936594706,23887.1142746344,12910.4153697474,42050.5111807243,225000.750815065,125122.468852499,44665.6571009498,24063.0132645909,13052.0522671543,42428.6783840025,223663.736365966,125110.526912705,44884.0139999314,24232.6305647641,13175.1939936212,42758.6603804757,222100.721956566,124998.401579633,45099.5399286173,24408.1815098869,13298.7671209928,43050.3725725694,220298.60751136,124787.062214284,45297.6269539552,24582.8661676602,13425.9759909915,43321.0992076072,218369.133969698,124493.24704586,45481.2556907537,24756.2480973727,13556.715142103,43586.8501744717,216350.682715916,124138.749059991,45642.7067929325,24922.0940914953,13686.8956835073,43849.8398165106,214248.535132822,123730.381784744,45784.972159838,25078.44356372,13813.5789104501,44106.0900216596
137,281639.175168301,79786.3875956633,20348.2525641423,9073.06844603998,4040.83485390375,6085.88991482745,260904.393534037,70328.9083818862,18290.7867371721,8376.15744935579,3773.05083550087,5748.87493732833,260843.611462977,71247.5796992583,16186.0428413671,7395.63220826669,3467.56799123871,5729.70521496665,261272.261633491,72595.1251820521,16246.2786511995,7013.32507894209,3134.81416452997,5507.56640526169,261199.356479848,73489.4733917027,16591.0283487991,7089.49935675837,3076.89646265512,5354.3460904522,260843.680599923,74253.2980692668,16917.2050933198,7242.32690653198,3127.95328945535,5342.76833430342,260419.280379588,74962.97618513,17229.9581886526,7402.16081929762,3202.08520212777,5406.92725552518,260002.815543742,75646.816539978,17534.9040374143,7560.48823806874,3279.64375536124,5499.28155056347,259974.990292849,76346.6399048393,17835.0924331948,7717.47754920667,3357.54517267256,5603.01569742416,259732.78241948,77044.9700967848,18123.7909358784,7866.92267323997,3431.82206429281,5704.87799857447,259287.77817044,77710.3853604092,18421.230859149,8020.7572341501,3507.64570259908,5806.6461177209,258653.832995864,78336.2753524823,18718.1306778118,8177.83998236481,3586.21938903148,5909.97765482564,257956.871616822,78927.6219220426,19014.0791673022,8336.72035391562,3666.83738558484,6015.44923371812,257647.761981088,79532.8381429926,19305.6617837156,8495.61172478591,3748.51090523538,6125.35781099786,257002.596387273,80119.5814894149,19579.8701891569,8643.80425513061,3825.12370400266,6229.14209889087,256090.937300187,80659.8438336061,19865.1357029791,8797.65971078677,3903.76042077919,6332.09001971404,254986.475841826,81150.823734567,20148.4425907516,8955.27975574464,3985.82817470849,6437.20814169107,253810.72616665,81599.9260022239,20428.0382060721,9113.57852170745,4069.71001634111,6544.61195752853,253086.267617103,82070.3101569343,20703.1518814944,9271.86229125947,4154.69865205202,6657.47882599169,252032.897719942,82514.2951242831,20954.5734827577,9415.54325961106,4232.59567251843,6762.15678492081,250809.92435658,82921.1411280431,21218.0537367571,9564.92367143287,4312.22997552648,6866.11080702001,249285.66986745,83267.9409948499,21474.7229871691,9715.35897671683,4393.9579355178,6969.99578871073,247651.066570634,83563.5612153835,21731.213387243,9868.61814113533,4478.52095214673,7076.85749999984,246369.553956068,83866.868563072,21982.6056772654,10022.5923891597,4565.04772861491,7189.80031618368,244898.445524581,84146.5209075277,22208.7641987419,10161.9398743067,4644.78521009152,7296.37819236883,243070.273097109,84369.9372339117,22437.4052328993,10301.0880784772,4723.35722648769,7398.42323696741,241094.519759646,84538.006045724,22669.1080566693,10446.7401081608,4806.40028337264,7503.35948454967,239384.217741596,84681.9537908002,22897.1073541774,10594.2223705598,4892.48277692022,7613.98841469425,238925.608493162,84966.0374811196,23121.3314938801,10740.3683265978,4979.01074334692,7736.62892474637,238267.986253965,85257.6704256301,23289.8721864677,10846.7069288719,5043.50040732952,7835.75539429983,237506.841057787,85555.6738772388,23487.01479058,10960.2478566994,5106.44587818156,7926.85376103844,236505.586435488,85795.6614750198,23682.970323075,11078.8286056152,5172.81007346453,8015.55263103473,235298.153901438,85985.3661661455,23875.9670263204,11199.6350412597,5242.31255041379,8106.59925581163,233985.637849551,86134.2212149725,24064.2852574736,11321.2679758994,5313.90364181707,8200.96862338156,232568.854231834,86246.5543474663,24243.2424682581,11439.9821407606,5385.28040802971,8296.40758954794,231058.541055419,86325.8937819239,24415.2833396727,11556.0986548809,5455.99448107833,8391.87169545248
138,281452.841533037,95811.3107505604,25632.9715137106,11736.6764936589,5345.1625759212,6192.19290596112,258642.818861994,90502.7777372892,24563.06805406,11394.5640697106,5222.44088698222,6022.20478572842,259348.644887446,92406.3141944288,24228.4486157017,11294.5950051512,5295.51185185437,6275.62901539625,258804.991087113,93398.7673176766,24669.0262950379,11327.082470934,5231.57255468295,6284.42141418276,257973.091697037,94198.7271373819,25144.6442935427,11558.3085815535,5308.45983067459,6305.13781817888,256980.09707353,94932.8330124922,25601.7163206392,11823.8311429999,5444.2645858169,6409.39723202767,255904.581444846,95593.4261688722,26039.80300522,12085.4733669413,5589.59657608628,6561.39445297316,254799.600857708,96217.15483562,26464.9404212971,12342.2760088883,5735.30050083773,6733.02226350044,254134.119831273,96871.1560853421,26890.3171565913,12600.4441894507,5882.6276870475,6916.0488965795,253265.017962218,97511.4468526399,27288.0558199347,12841.866662149,6021.78376853674,7094.34435664728,252175.324963697,98097.0684990929,27694.1249077934,13086.2385471815,6161.16253364009,7271.96985959611,250892.223580615,98617.8548973811,28095.1539481304,13334.0723979152,6304.27378313778,7453.47005004322,249494.264691852,99080.3959950053,28489.0109421784,13582.234326226,6449.96167284376,7640.3423322251,248536.834181287,99573.0304305667,28885.2142635569,13835.0580226521,6599.95908062477,7837.20150256309,247284.4165436,100031.162101068,29244.1399296716,14065.9137932878,6739.46716540019,8026.06938348575,245735.316015783,100420.399471431,29612.4717830528,14300.1213944028,6879.16112697928,8213.74248970941,243977.418077692,100725.885318908,29975.191386789,14538.9789997626,7023.66961637468,8406.49940096429,242107.817635331,100966.535413846,30325.9859856367,14776.8535244413,7170.85418749615,8605.95564621283,240763.328742556,101256.220850996,30681.8870611153,15020.6458009431,7323.20141351304,8818.1263610789,239123.818520416,101503.790464,30990.1698151183,15235.4459825485,7461.04279467348,9018.35254700877,237311.095161834,101704.365623063,31313.5088975212,15455.311837447,7599.15296320779,9217.4222807837,235189.501149004,101806.625899457,31620.2473559266,15673.6495110487,7738.74755241057,9417.24649622221,232939.290490493,101835.070003151,31921.2221982151,15893.9275487891,7882.21353955579,9624.66864055967,231055.640903287,101883.795928002,32221.4289701342,16118.9714197129,8031.09369008049,9845.22895158317,229062.455436982,101911.291465272,32481.9927868075,16320.3065614272,8168.60286958556,10058.9393185479,226695.54495114,101855.36290589,32734.6628612768,16513.3336993678,8299.6893185804,10264.822429151,224188.573915931,101718.558665455,32989.9961261617,16714.73784802,8436.61644379918,10476.4680488369,221863.02015197,101544.82896289,33234.3661877327,16917.0933349683,8578.01091074789,10698.4325300148,220927.485425265,101620.692261563,33509.6506975088,17136.6751146577,8730.50343765545,10946.1042827295,219891.17050742,101733.183750966,33694.2250690268,17289.3305831661,8843.94220980215,11153.2372626521,218783.500410029,101871.184456034,33921.4468570618,17447.7781398461,8949.85615093639,11340.5302267241,217422.660961326,101916.569255973,34138.9494331449,17609.0168598817,9056.88215722784,11516.7444785227,215865.845225805,101897.341427039,34350.6413183546,17772.816267049,9168.45932279311,11696.65742723,214186.990695218,101814.726811039,34550.7338221552,17935.7214706654,9282.57152790909,11883.2077289624,212420.558438454,101684.840883698,34736.574716584,18093.90591076,9396.50409750608,12075.0160418525,210573.526275465,101513.333098904,34909.2024210147,18246.468173477,9508.72830274218,12269.5734224566
139,306003.790015505,111803.797020667,32558.0012092438,15497.7704327815,7354.35905878798,12902.7543922726,284456.134847242,102800.075595075,29404.9943831108,14096.3974294647,6704.76030678418,11968.5477971498,284116.754006715,104331.356466208,27940.151512633,13475.9939726418,6570.74431257075,12134.7598693773,283167.976966153,105655.401450363,28113.633251836,13145.4377390276,6272.4242506707,11996.9213318253,282033.438900849,106596.045138921,28678.3829173118,13335.2596123871,6259.01755560396,11900.2119850804,280719.633099419,107357.790348929,29210.9121194556,13636.1875261731,6392.69543048401,11969.7035380989,279300.506071028,108013.359506115,29703.1563587247,13935.6901556535,6557.3730684926,12146.1539678144,277846.029916971,108617.006399996,30173.6267979841,14226.9392665512,6724.89389395862,12368.3349408414,276890.917015489,109261.369323316,30644.6672396945,14519.4874714101,6894.70937022785,12617.6818149158,275723.259659566,109883.683256558,31079.6621426595,14790.4590221283,7053.89944096043,12860.4819372059,274346.582241857,110449.170113336,31522.7684242697,15063.4648273851,7212.48490702049,13100.5234919016,272719.622302831,110934.183587995,31956.747546235,15338.0450801017,7373.87358870917,13340.4547558012,270950.534434484,111345.901260745,32383.1574950176,15613.3528413387,7538.26084911484,13583.7213918443,269710.065172815,111805.968918287,32816.8661633519,15896.9538913968,7709.40169720429,13845.4965115204,268145.397329877,112221.081254364,33201.7955186549,16152.277900954,7867.01940248121,14092.3236967597,266243.936103503,112551.350031682,33596.1177296735,16409.622621719,8023.58843832329,14332.762910592,264122.264410724,112789.872046093,33983.385897187,16672.332731798,8185.61432718705,14576.0469265974,261845.768357396,112946.395184431,34354.7177910396,16932.3116578276,8349.85232091262,14823.1100243727,260190.153728412,113173.810575546,34739.3270958921,17203.1532281583,8522.22316125827,15093.5047501559,258225.208608403,113350.535185619,35063.6309773055,17438.2754442585,8676.82239419908,15344.2233155703,256055.300588416,113469.685784942,35403.169800003,17676.7626534198,8830.15317176498,15589.7458064347,253572.714115069,113481.211970924,35724.1876140427,17913.8570001695,8985.08908541572,15831.5635668033,250900.23617912,113398.961837159,36034.2080003307,18150.4959306058,9143.05387598443,16077.0833252599,248677.824704145,113354.220123186,36351.7403447997,18397.1611251684,9309.61218049514,16344.7479772356,246342.46240937,113284.291215567,36619.2295344589,18614.7251001299,9462.36331000101,16601.3399170992,243607.120697916,113116.133036269,36875.3748805084,18820.3867783895,9606.16631549275,16842.0789405432,240708.379150887,112859.49722048,37133.2037042198,19034.6806319115,9755.90546656509,17085.9964193578,237969.394916993,112557.571715229,37379.0877497877,19250.0547839483,9910.59197561013,17340.6331751343,236805.163681222,112563.949253803,37675.5888844774,19493.9964479986,10083.0790303214,17648.6402491049,235576.113629887,112616.269710039,37864.4452240731,19660.5779260185,10210.7797535518,17906.0816890732,234269.719348384,112700.609367744,38097.9916676592,19829.6851172147,10327.33831632,18137.6009491273,232683.124795465,112678.45168112,38320.557084146,20001.0448286626,10443.8191629646,18348.8926349404,230882.690583644,112582.459877554,38536.2019405287,20175.3849171651,10565.4351069348,18560.1901082476,228952.261733172,112414.998646354,38738.4112588381,20348.6052396485,10689.9828014064,18776.4358865325,226910.979008382,112190.995668136,38923.0127996335,20515.6303632679,10813.9346884097,18996.120907524,224818.814033541,111928.047367076,39095.5751633997,20677.9452874799,10936.8648055528,19219.2094280438
140,148860.592133557,111779.00144217,69250.9781831011,49549.6771962987,35198.0556086292,88672.0141096148,133932.201476023,103358.708472087,61665.4312792557,44051.2589237602,31380.7927586434,79938.7346653394,126216.423259764,98808.1201116462,58771.4939996078,41889.0181251196,29808.1353560624,76329.0052812736,132753.18290591,106022.721274291,63765.4350195672,45303.3314400467,32244.7101165949,83225.1797475253,127053.492371732,100745.004633893,61528.6698054212,43962.3878019715,31317.6394829604,81344.4277155211,125408.55384285,100741.92518714,61504.6944886778,44183.851787784,31637.2354960256,82809.4614724348,126070.236539027,101982.070669941,62999.2984896154,45365.7103468962,32588.2466253469,86167.9940028473,123060.39205771,99687.7531603451,62077.4253106215,44966.627078207,32440.3592971487,86684.7128093048,122094.938574198,99578.5114956735,62260.3919963792,45292.1758596322,32835.3419583689,88821.14977827,121539.40199319,99595.9015058769,62712.6613244018,45768.6210161379,33304.3304700924,91277.4719212451,119640.545450616,98421.4372136189,62333.8730132625,45670.2725094869,33354.3195851223,92594.5553364364,118313.904880115,97929.8680400305,62357.2396039534,45843.0041672521,33601.0786937063,94474.8210542848,117040.182134799,97354.4083767549,62424.3827490633,46051.4165347312,33867.7852526335,96428.0753820585,115662.936292993,96516.7884190868,62259.7551779566,46113.1452862368,34037.8216456021,98132.9530004788,114460.833819029,95979.4843727524,62200.1676339281,46229.8169326814,34250.3956582206,100020.061025323,113022.727632701,95233.6699360432,62069.8402020759,46273.1121872596,34393.373722113,101725.703174961,111404.79160334,94326.5071191749,61844.6685414534,46261.1921274943,34494.5572784374,103295.589536142,109813.206764266,93430.1207733888,61631.4121970716,46264.5964809581,34613.639701304,104935.099594514,108517.477566088,92620.7765418795,61455.0144884579,46302.1192624347,34763.7792141844,106714.518676493,107202.261303187,91872.5234892171,61232.7154564339,46292.2074370652,34879.4872054516,108449.734822754,105676.066898984,90958.1348653111,60926.8026807457,46194.8774837767,34915.5533330508,109960.172396138,104064.367343098,89998.1890586169,60610.3651554735,46094.8125360839,34943.7821166411,111427.885106499,102386.29995804,88952.8961452276,60260.2254634149,45978.5437522276,34963.365885104,112863.483254485,100896.032153239,87938.5388449695,59910.5546362614,45873.2761696788,34998.9782368893,114380.3930485,99508.6475919001,87054.3824337626,59573.6571949612,45768.1885298138,35037.8542457171,115967.830019575,97876.2384456389,86004.4991835282,59136.0949740592,45562.5804216893,34988.539145166,117296.158924688,96110.9294950497,84826.9618339268,58643.0823613238,45317.10329123,34901.4804218862,118483.64648919,94496.5234466826,83697.7532837434,58186.9658335443,45111.2388225965,34849.2785304757,119787.647650417,93611.013203623,82928.7205490824,57903.1158809993,45042.8614488081,34909.5913673058,121523.33297147,92992.8899532358,82523.1736165477,57698.1252367455,44996.8217138064,34980.1596412341,123358.387252371,92087.9393709829,81912.2299931587,57386.9565565945,44810.4806096781,34905.3010202963,124635.55233194,91067.120281009,81256.0164368518,57088.5658900631,44636.4874565997,34819.2921307339,125708.296432017,90065.8660806648,80628.4311525897,56860.2468777804,44534.1900921375,34791.2591908928,126842.577648738,88973.6450475274,79881.7416482502,56564.2161263109,44400.2830351437,34751.0116417521,127859.25470815,87806.0772165578,79059.8320031904,56197.3333457206,44219.0612779834,34685.5080175365,128783.069895886,86648.555059183,78250.3253820132,55831.9406467021,44035.9176095705,34622.1669985772,129751.30928664
141,358655.249806163,82231.1478124852,16426.4365276002,6809.04647478651,2936.04280891062,8153.64590805835,333264.424044417,74819.194897825,15177.4742354601,6436.59814084509,2812.16288986419,7943.34619642004,335359.305607014,74425.5952165189,13584.7276267171,5842.00932734883,2644.36645405926,8019.33386571105,336650.972011823,75785.8203065049,13335.8703937892,5396.77507678327,2368.67017589324,7947.69306865906,337266.891922446,76644.9009629396,13514.389943957,5380.36814428477,2286.57145763605,7902.12869634879,337408.637526387,77370.3609026102,13693.6365695567,5439.94233404219,2291.96460035309,7944.72507532694,337477.280389232,78047.1580248036,13868.9065666207,5509.22245167777,2316.35221637577,8035.33250746834,337543.900398701,78704.9819907519,14038.5367503541,5577.92532109288,2343.4217667199,8142.50879150174,338128.610887399,79389.4729071557,14208.3092013839,5646.66217311172,2370.89666902842,8257.85754789883,338345.333360639,80034.2562538955,14362.5222637041,5708.14320961068,2395.14953187097,8367.44937096304,338335.027552918,80653.3785172339,14525.2610897177,5772.74710333036,2420.18711257018,8475.18612459995,338081.251290003,81225.7748374991,14685.0465571613,5838.36136878811,2446.22724099239,8581.09922719939,337755.346201916,81777.1798970671,14844.2597675819,5904.55779863747,2472.96842106475,8686.69167469885,337961.175925087,82346.0899080338,15002.2211895921,5970.82318768647,2500.03856825309,8795.66508992265,337696.267040125,82867.0565654551,15139.6396042585,6027.50852504376,2522.92887817611,8895.94742485168,337087.089878369,83350.9328761648,15286.9597224037,6087.5462506893,2546.49488156667,8992.93043146132,336259.570681814,83783.5873627196,15432.2082628395,6149.52537967752,2571.57560668341,9088.48303965138,335334.699750616,84186.4272196467,15573.1479479513,6210.71394697089,2596.9165817713,9183.06846688084,334999.529179332,84605.6028988524,15712.2854365008,6271.4370967163,2622.26510394362,9281.05701519961,334244.790698867,84984.1850516964,15828.1811614213,6321.23053531558,2642.79954484409,9369.81801882723,333262.67402545,85338.8026623656,15956.4237028429,6374.8868537829,2664.02607113507,9455.68384649731,331921.171424951,85628.5308499156,16078.9405884404,6429.10563385593,2686.19224269247,9537.92193134802,330417.073597535,85882.9283524651,16201.0538886635,6484.22878504929,2709.30691622139,9619.05436941738,329353.065915541,86129.3365719634,16318.7027767408,6538.6951486637,2732.63552330784,9702.49212909559,328092.239251913,86350.1178306607,16415.0335358729,6583.14258852166,2751.7022869216,9779.05898213931,326370.758493261,86531.1385467425,16515.0222400996,6627.49273812717,2769.78482477937,9849.1667576625,324455.803679346,86659.5906159927,16619.4146581207,6676.22212577199,2790.11567153182,9917.71431431117,322755.784305728,86780.979892401,16721.3897487868,6725.98114427198,2811.84607330893,9987.90170312877,322553.197778019,86977.8245524624,16818.9802925292,6773.69249232502,2833.05112673358,10067.4809160072,322216.362331668,87218.6910408878,16878.4666689743,6800.70303920621,2844.60510496641,10134.8950311563,321698.711144846,87490.8570254185,16970.0762105968,6836.16324329406,2857.09096215091,10198.1422722394,320896.897385098,87717.0356320616,17067.8570665826,6879.33310061196,2873.89826402838,10259.6764379116,319842.533919666,87896.7376682326,17163.9254613642,6924.3358177259,2892.93019504768,10320.377867087,318643.391442414,88031.0727291079,17254.552560742,6968.57980292147,2912.46894411325,10379.7877265008,317326.79275365,88130.4276907251,17337.3901559893,7010.07472706378,2931.22834184824,10436.7357905869,315879.985082316,88195.4575620911,17413.5293511877,7048.77747710037,2948.82796914964,10490.3526322762
142,359567.581540645,71846.8152145353,15545.8917838315,6852.21314904898,3239.86031759084,21483.1179339932,344485.873669975,64896.2243742917,14361.8101429573,6571.49589964491,3159.6007598995,21187.8883261048,343802.012624595,65518.9073521851,12325.7091100499,5604.88811097544,2832.64826622636,21291.5964956516,343739.05654607,66399.4093189586,12264.3447820442,5253.75666731726,2548.26338031954,21330.6923499308,343632.365453273,67055.5180983753,12423.9745445192,5260.01106486557,2487.71289912678,21467.2269393986,343256.114315638,67647.0023941408,12582.65297818,5316.96440366823,2497.00935596077,21696.7279149709,342815.235155285,68194.1398878896,12735.0837796455,5378.62769476293,2519.11882315128,21966.5059113328,342394.888460395,68720.8834722035,12882.3866326345,5438.94172059483,2542.54630488979,22247.2785415873,342417.874950024,69251.2572695914,13023.4664920907,5496.96261457518,2565.37082171108,22538.4074842363,342200.333268367,69802.1404692988,13164.4274744315,5553.09457844281,2586.8533168977,22820.5796079493,341762.902590141,70319.7422633936,13311.7877394403,5612.62167559215,2609.40536247829,23095.2607717931,341066.743136578,70802.5289023008,13456.1628201625,5672.68453687396,2632.76771126306,23361.7247624135,340325.20624026,71249.3447233983,13598.1447613274,5732.48382195312,2656.40758185012,23623.2504355226,340013.628246591,71696.3656991685,13730.846083684,5789.21477384126,2679.24441545069,23891.6047198194,339341.125046552,72157.1448357667,13861.6829549697,5842.75585019702,2700.0710302372,24145.5692936698,338341.371980989,72571.1103226546,13999.3522332442,5899.97656568822,2721.98512767295,24388.4772805715,337094.13915831,72938.5746061404,14132.2917173242,5957.48207448533,2744.75309708171,24622.9857549371,335820.809080076,73269.2538964776,14260.6676751627,6013.67207683191,2767.3785511555,24852.0682938455,335048.185375091,73605.5307607822,14378.8370805461,6066.16287600561,2788.82118512251,25090.3088009408,333929.978026051,73956.2216601287,14494.2045966708,6114.53643570622,2807.65866089429,25311.5026196991,332582.242744559,74264.5002739923,14616.4039458781,6166.74777765957,2827.61381332165,25523.252929257,330887.498741173,74528.1780580386,14734.2517518457,6219.1202464939,2848.30563992299,25722.3399457822,329082.725864493,74743.8471010845,14849.1405251011,6271.35998810113,2869.40286564085,25913.9564498999,327686.966774099,74954.5395483667,14953.9681667842,6320.4172038128,2889.75519214528,26112.8940126188,326085.098527176,75175.623778764,15051.6144024361,6364.00202945249,2907.19461095041,26297.874235671,324067.431213165,75352.8437555725,15155.0785685227,6409.86605026913,2924.82783060642,26465.2958852502,321850.535838039,75475.7319132596,15256.1916406524,6457.54184996982,2943.91810407961,26623.9407398609,320062.24511033,75575.6831190789,15352.5053380405,6504.40863804416,2963.48596043884,26787.6335761426,319711.276678189,75767.6035800412,15433.3716723305,6544.60204169397,2980.85511195342,26988.8229369037,319197.181138043,76044.0453914708,15508.6926658986,6574.75173027597,2991.80089830013,27166.7535638749,318501.183132081,76302.8154895066,15605.9535011671,6614.31938593978,3005.25812585115,27333.3777486019,317516.230301213,76522.8811939009,15704.1761126507,6658.46947938994,3022.11121573329,27488.3635806407,316275.485408363,76698.5974069956,15800.0605584733,6703.71922195368,3040.69038931715,27633.3321080872,314908.936968464,76838.3077129153,15890.5607124493,6748.06754092766,3059.75022253801,27771.9073051284,313427.492906127,76950.7730251778,15974.7940970583,6789.97482142463,3078.11729050416,27902.8115616019,311829.645462211,77037.8069616066,16054.3131476629,6829.84627236616,3095.61131322573,28025.464473359
143,225652.383793729,138702.085144478,62299.7458689659,36942.349892022,21709.2200845991,34750.3246806401,202516.470570696,123851.744344715,52461.7249124013,31025.8446827497,18260.5457364178,29729.4041869405,204351.218950662,128223.301156201,52266.3355715067,30793.14481417,18143.9016154884,29675.4432521055,200877.167409224,127771.386381398,52414.9743804639,30317.4530813302,17727.982121997,29314.1342372652,199679.812548568,128617.966616015,53266.127299255,30792.7343012649,17857.7688859463,29354.6890500309,197972.219674425,128775.568255021,54055.8744415847,31363.6946277344,18197.5792041836,29713.3157836687,196157.465476462,128732.799114592,54592.2124159504,31875.3460814207,18577.7830465098,30276.5412253489,194493.238358742,128765.968743287,55161.8590056463,32380.5468047068,18976.0645477969,31048.8195857797,193083.707043369,128738.615891738,55654.9841957321,32845.6730813982,19351.0647479407,31881.1350670144,191707.531452278,128806.35413637,56131.6609620363,33283.8909468089,19708.5200974473,32747.7740591721,190054.624392772,128699.476112306,56551.6101251596,33678.514741397,20031.7864302194,33576.0731953912,188331.215160764,128555.329221981,56979.4182893048,34084.0231228265,20361.9809135855,34421.8089449155,186412.425262089,128250.158833949,57346.2664824009,34462.1096852986,20680.4543164016,35258.1103106139,184940.968897957,128065.723956348,57755.625934703,34872.0582680934,21023.5174702904,36158.0493070782,183321.98221476,127840.702185255,58079.4572923855,35224.8093771347,21334.0206895643,37028.8545937411,181402.955653405,127470.742132197,58369.030413276,35543.2530916257,21617.1699590583,37859.9079238442,179361.227001139,127002.512937002,58651.0667185645,35868.527431192,21905.5427478693,38698.8921446295,177174.319789904,126398.191944391,58876.5250828511,36171.0408773779,22187.3505711071,39538.912920239,175434.137556222,125913.339220407,59137.9487855235,36501.3784886148,22492.3441522098,40447.6226112068,173617.576686961,125428.747221383,59324.5991713413,36777.1649038824,22764.9564045419,41329.9049623597,171570.213652162,124813.708562596,59473.7806792555,37013.5108916295,23004.8324207132,42161.216457097,169382.345673516,124119.71648491,59613.2978014418,37252.0346989283,23245.3077395002,42989.6552787583,166975.106660247,123245.736046485,59686.4524212961,37459.21558785,23471.6770462127,43798.5173986837,164924.552214222,122461.911972138,59793.198263144,37696.8660502001,23724.0943495621,44679.1700066505,162918.739501083,121711.626509677,59844.9020140861,37895.169823834,23955.1377221289,45554.2194550991,160577.222766244,120802.094574776,59823.0988968396,38029.3860921838,24138.4929923045,46354.2721032317,158119.952324263,119791.979034951,59799.6456000445,38167.3871992562,24321.2163819742,47149.2296039489,155725.291133981,118719.445300911,59748.3948327386,38302.4566181391,24509.0242565563,47962.7112312133,154436.401827663,118062.567044311,59828.07161129,38525.3627742794,24759.9803266289,48934.6294679038,153425.153773997,117704.171114109,59868.7298034352,38690.1208222376,24968.0439989958,49863.3395115776,152148.019430277,117218.073538338,59863.7585478745,38774.6851189035,25095.5202245434,50609.0735761181,150844.297441599,116772.760433577,59930.3263500264,38908.4123941881,25241.4626141177,51325.6633924319,149302.472639775,116134.013023504,59932.7754500161,39016.4564762152,25374.7723033673,51970.9912384973,147699.141633836,115448.308199211,59918.6652084108,39125.836918644,25517.6895925767,52627.2821114224,146027.806498177,114687.593545497,59868.5664659168,39217.2572306654,25655.0426569076,53287.4826059302,144310.474212991,113881.840154438,59786.3588220649,39289.8160665106,25783.5054990133,53952.1839080801
144,164349.53590931,125839.45453504,68130.6287521104,44829.405252563,29261.0207793592,58292.4164102813,136480.476747125,106701.154570255,56753.8597380913,37365.9181632921,24459.9370530865,49176.8335853524,138468.122216904,110594.981703204,58424.2006436465,38883.6758474337,25685.5086545534,52130.26896073,137631.365948106,110348.212142222,58843.4351233229,39035.2014957478,25924.5042252958,53774.9872081235,133985.058382399,108142.09713291,57885.3031903501,38489.5139609858,25580.9071608654,53892.340735217,134689.275693517,109991.231525283,59437.9355745738,39601.6984491271,26364.6678542997,56149.5858749202,131972.241430117,108087.675085539,59037.0403348618,39544.9371920903,26413.7523548401,56756.8056961754,131058.546070156,108272.03578505,59528.1508481942,40076.9516565297,26904.2460537592,58395.710596523,129899.800929246,107768.529404182,59778.4269027095,40425.6620470667,27260.5865908918,59845.9887201047,128595.674186145,107286.670745243,59870.5652348819,40673.8145276911,27554.8920224245,61217.161167493,127440.112330961,106976.430993639,60111.3768876543,40988.7947379163,27880.8588959906,62694.6234029217,125970.354593094,106353.557602536,60199.0492296617,41212.6661340967,28141.0209866735,64023.1856085742,124485.188567956,105732.176471672,60286.4457506715,41442.6943898405,28411.1849472353,65386.0697139748,123324.359422118,105209.518998087,60419.5383347186,41710.6161615459,28712.1516423319,66851.5731096004,122081.3250095,104691.7287783,60476.7396246421,41917.456248232,28973.1928370473,68266.1235649034,120564.54244424,103983.436657549,60457.0870458983,42052.2031996617,29174.354162241,69555.3613618154,119025.075598711,103245.87018697,60452.9338831963,42208.2458155347,29388.8533417299,70872.2133226938,117377.104022225,102377.400894701,60377.4396623708,42326.2814390759,29584.1728132053,72158.6130185669,116050.628055967,101624.627290177,60337.9998378265,42475.0700801018,29807.6215783266,73553.776916111,114736.469123355,100962.82767706,60273.7926946844,42592.3274935183,30009.051818913,74944.4568202494,113170.636311212,100085.063855789,60110.3616274224,42619.3581275992,30134.6992270955,76160.6511777753,111553.639803096,99201.3454245027,59962.0892082878,42664.0425311398,30269.6911558565,77389.3480955139,109805.973706738,98165.0727418345,59747.6818699157,42671.3993158142,30382.6981053117,78565.6268357318,108278.915152063,97188.1859910052,59544.176519008,42696.9910613441,30516.5595709091,79826.0506846841,106858.080267434,96336.6177727764,59345.8588544522,42716.2752919713,30648.5044628865,81132.7380152236,105148.39952065,95281.9621538413,59032.1476273888,42632.293712764,30696.2773576582,82241.4533603919,103351.081412058,94139.8932493968,58701.7180232715,42539.4556385711,30732.2763438531,83310.170366979,101665.090318872,93007.6775842849,58381.1932738305,42466.8247576583,30788.4389945277,84439.528878204,100714.310802068,92222.7309819493,58193.3233948824,42494.2479552637,30923.9974118146,85830.2405505839,100055.113130073,91830.8237471309,58072.6256436195,42531.2972223211,31059.189350073,87274.2138078957,99106.7269273118,91219.2923592581,57849.1550189953,42438.071889764,31064.7018257235,88317.4511650211,98119.1465088403,90638.4690408266,57689.5155020466,42394.7573742754,31089.0384245437,89294.2232844713,97064.8345231726,89994.3687012765,57538.1283123456,42374.5032517249,31133.3365788914,90231.6018001506,95882.5006630841,89202.2480889455,57299.9019181128,42308.6910073285,31155.7192702866,91066.8057318991,94707.0672542162,88412.4771602502,57051.5240015612,42240.9185658201,31185.844314554,91937.2549151101,93517.7797154744,87600.4661978555,56783.5580694744,42157.4626685194,31207.3692127608,92815.9360302257
145,295260.301194848,118333.540599802,39141.709845406,20038.8281382976,10367.6924752156,37479.8704537348,273617.469429454,111555.742035355,36547.4579797226,18816.3573165748,9764.26932958483,35642.9494579304,272650.328055074,112404.438033838,35516.984205352,18520.6116211086,9792.6327204,36150.4553475055,271718.818951069,113869.040705442,35742.3438300937,18259.2596334659,9583.60411390391,36343.7727971421,270279.382788922,114704.215396448,36390.4530532657,18510.3616761602,9607.96170868254,36512.8617447272,268842.699156415,115433.947189575,37003.8530404902,18889.2185495395,9795.39461960624,36844.4489913536,267265.877483411,116020.961786657,37560.9679224334,19258.3106738127,10015.5923827548,37278.603201946,265637.746817391,116548.807251305,38086.3961800448,19614.3607847031,10237.9031197426,37763.1246666387,264503.953157855,117113.238910218,38613.3760281146,19971.729549093,10463.1419982406,38300.9681294312,263175.497529922,117651.111172561,39091.4536363155,20299.0666020211,10672.6173702036,38817.3837772747,261648.377915246,118129.246014837,39576.4217517578,20625.1361465132,10878.4165891853,39316.2365156689,259884.921334848,118512.254256383,40046.7845263848,20951.0740561589,11086.0504082599,39799.3981572293,257978.921605624,118816.528952032,40504.3218898645,21275.7786538375,11296.5096300344,40275.0354039549,256561.983906029,119157.86471581,40969.5281431286,21610.4596478225,11516.0016499092,40793.0554658713,254870.776958,119456.644426151,41375.5189001145,21909.6197384358,11717.7122086329,41276.0296017471,252860.142426293,119665.29595969,41785.336626012,22205.2613393539,11914.1931295869,41729.7662134297,250644.938617255,119767.955011939,42183.9965774427,22505.0685859451,12115.4702640922,42172.3510148899,248258.710729107,119779.140418618,42558.0980202462,22798.6550400865,12318.1043228084,42605.099920498,246437.282948278,119849.239631232,42948.0002839109,23105.813574742,12531.8250234518,43091.5356643838,244381.887915347,119882.334693021,43269.5707166252,23371.2044127554,12723.9266276015,43539.6997418062,242129.641363916,119850.829104187,43599.1172230968,23632.8901533905,12909.5663636107,43963.2702395413,239572.455616745,119699.004346844,43904.7335116199,23890.0833771072,13094.3719462836,44359.96423896,236810.440052471,119439.757799666,44191.268222706,24143.6399744602,13281.218534865,44743.1627450927,234494.113886793,119214.970151049,44488.4192610826,24410.874376997,13480.3937626997,45175.7270726234,232110.586255049,118977.139980724,44727.0445496907,24642.6846213534,13662.2023545564,45587.9922616768,229332.228817294,118634.444714471,44943.5987310711,24852.3994411747,13827.4263560774,45948.8219779076,226383.26814511,118185.597854396,45158.9896075254,25069.3358013258,13997.0970545842,46297.1519713788,223577.9386485,117691.528761389,45360.5964626365,25288.6874782926,14173.8087278878,46658.2349866532,222233.373829019,117509.288746073,45627.0098691982,25547.8441072508,14377.5986144165,47165.548941243,220968.603255109,117446.583908102,45794.3200340478,25728.1654195572,14533.0314418976,47616.095427886,219588.889094102,117398.567599718,45995.1594747643,25897.3476121168,14665.1519973211,48005.7130337986,217979.71019218,117263.173840008,46196.7212933334,26074.1724332339,14797.316359512,48349.9348143931,216144.2210487,117028.592092037,46380.6818387478,26250.681569481,14933.5708547181,48668.2106318513,214187.525116485,116719.704852296,46548.1663998735,26425.4190799855,15073.8558727505,48982.5945295103,212139.674194921,116350.421858734,46692.2961624516,26591.3288954616,15212.9950784187,49293.503927107,210013.854659858,115930.645193,46815.9903849498,26746.895438662,15348.2120463391,49598.5853673383
146,325461.179891121,89454.4073522454,19300.4695540564,8277.49965413921,3754.11639601836,19438.6157056418,303126.727545542,82127.0737718703,18199.1077700703,8066.85897306111,3711.71330131013,18906.4958822043,305512.85385093,83678.5708291692,16895.4141725641,7380.76640813404,3488.17400545411,19242.3499343666,306875.754339254,85147.3980239546,17067.3340695421,7165.36057459118,3270.96848952787,19348.4232060726,307574.844601775,86204.1451209588,17397.1265050989,7258.84372267579,3250.67632605924,19495.773200988,307923.270371254,87147.9547274445,17708.9475363721,7394.48289186501,3296.96758771136,19728.0358922854,308172.979681475,88041.3585379283,18012.5910042227,7534.02850575413,3356.21987190598,20002.6059368534,308429.036999463,88901.0950374947,18310.5743557697,7672.48130637835,3417.18029831134,20288.7476108261,309077.807586924,89789.1353334756,18604.047513568,7809.81965818822,3478.34869356242,20589.105677734,309361.838083781,90642.2418980798,18886.046287166,7939.93621527862,3535.76909936542,20870.2159744439,309452.611716462,91456.119271213,19177.0860478055,8075.33373115777,3595.24939555095,21145.3729302806,309296.989610491,92221.6756800221,19464.4902194656,8212.19462284518,3656.44319544277,21412.6667851803,309089.375648106,92946.63574795,19752.3572904419,8351.03118998506,3719.32601573166,21676.6655502163,309325.8504674,93710.3174332443,20037.274164249,8490.35756606284,3783.41850340641,21954.9818104972,309045.783148966,94408.9153094509,20301.4815721785,8617.88334801288,3841.73874921466,22204.3421815478,308494.416431227,95059.7882728743,20577.8017616046,8752.05441916711,3902.57290432453,22446.1705905964,307702.472017824,95652.5372479088,20850.7147180037,8888.76097513673,3965.91340560308,22680.7869992657,306870.669988523,96202.801960992,21121.1152887322,9026.38876252371,4030.74491030426,22912.0569787578,306542.126293358,96805.0696451167,21390.2681591175,9164.92885522742,4096.91286045622,23160.4785438543,305759.202099387,97332.9734772274,21631.975323512,9288.23012897438,4155.66545686723,23378.259319588,304741.791979152,97824.1765149407,21884.9156035597,9416.98247791818,4216.14513526856,23588.050848452,303362.654244861,98237.1650099038,22132.3138693454,9547.12132172531,4278.44826790088,23784.0170592864,301899.755776759,98603.3269434941,22380.3672725959,9680.52990617623,4343.54641581102,23977.0391391457,300886.74766988,99012.1194819506,22628.1902462984,9816.06966374062,4410.93383047474,24186.6436414803,299524.446850022,99349.9971826797,22844.7116528114,9935.06743008324,4470.64182727862,24369.5547145639,297725.537839941,99615.844897753,23063.2281590178,10054.2040370898,4529.44152266019,24532.2801340171,295784.712942892,99835.6052555885,23288.4572737563,10181.0449329833,4592.93617791852,24692.5797276534,294213.971436495,100051.443802667,23514.9941833134,10311.7018367294,4659.99121241162,24862.5295968647,294158.08298443,100492.146326007,23748.6446816022,10445.3845519863,4729.55421531418,25088.6688252415,293603.387632729,100826.411134903,23908.5266319343,10534.5501715318,4776.18028269819,25256.8720194637,292963.246659743,101193.215469412,24102.3051320887,10634.0234904569,4823.71121567192,25419.3412368251,292021.039416082,101484.98203203,24294.5654007149,10738.4887807197,4874.77845920792,25567.2960126719,290845.921757947,101723.373738118,24484.8936800345,10845.7449310218,4929.16077340129,25707.9585306843,289550.83441558,101920.856068159,24671.8118913659,10954.2927590624,4985.70894894169,25845.0952608632,288131.540358881,102076.374629316,24849.6787462163,11060.1901472444,5042.08473909996,25975.5538856676,286593.026037063,102194.231224059,25020.4626917523,11163.4978937812,5097.73808159747,26098.6546024508
147,174680.118041825,122145.565316893,67496.1170628548,45205.1458943756,30053.9178639739,60966.8358619972,149014.817860984,105394.942508328,57361.8069227715,38430.2595968594,25625.3154668268,52508.0453073448,152144.479456702,110475.109018487,59458.2704740005,40075.3436410652,26882.1352755331,55584.0901866244,151412.957291178,110344.614509379,60262.0957297751,40450.5164132765,27203.4791336738,57233.1112001609,147085.904133142,107767.646872286,59119.626792304,39876.139095372,26849.4638419344,57148.3995935927,148077.413277774,109892.782412867,60765.1345628978,41075.6758249331,27735.5937398131,59651.4677147873,145182.931829804,108030.274047026,60429.3471133824,41055.5910565658,27814.221207039,60394.0274627065,143956.500576998,108021.442781086,60770.907128288,41510.4612748676,28266.5947162366,62037.7796970665,143001.208244069,107837.061556814,61189.5322681399,41967.5756354952,28705.8411376962,63779.5444878808,141368.448042734,107156.0895529,61179.8488297139,42153.5370980218,28961.4009932419,65162.9094893132,140133.994681584,106926.83350492,61437.6661679663,42486.7504011822,29308.9985843236,66792.5460898763,138557.579000247,106339.391388819,61551.5325944674,42729.1290985329,29586.5409582548,68266.4144846819,136895.231345461,105683.781969372,61603.5380208661,42942.0799624229,29851.3977725249,69721.9946171164,135698.788170535,105251.318247108,61771.1504875526,43236.6447414307,30177.7875627526,71359.1140313402,134272.35465239,104692.22980492,61801.3395445607,43426.1909208472,30431.3516133119,72866.0961886143,132609.882268896,103998.095782981,61775.3539538851,43560.0358731903,30636.7661643491,74272.7266814923,130926.082653977,103286.305441534,61772.5048651263,43718.6776737442,30857.9802962124,75716.7809359799,129126.531370737,102422.680414222,61688.1640970399,43832.0663150776,31054.1933406754,77116.6521578731,127697.549366517,101709.776896713,61656.0197713249,43988.5285246183,31288.1454781412,78653.0866351716,126222.784754581,101027.510999789,61570.9484561175,44091.9096782756,31483.9774207865,80145.726497793,124503.193728386,100164.2246591,61399.8428259833,44114.5438024307,31610.0919297886,81476.5271002377,122709.826346608,99279.360328218,61236.26074846,44148.2300112465,31740.4886479433,82808.5549873841,120803.668376192,98256.9450485939,61014.7301171307,44150.2793197559,31852.5141990023,84096.9370260016,119156.637289946,97311.7310367069,60813.5212204275,44177.9160902132,31991.160674482,85487.954569446,117573.844296111,96451.4437558636,60594.9379180985,44182.0768108192,32115.2714419226,86893.5579101492,115681.179215385,95393.6586517408,60262.684836796,44082.9498251727,32153.9048646541,88093.1896284486,113709.274631553,94263.7750100583,59921.19120467,43980.4077471034,32184.4523990248,89262.6786003785,111912.625332871,93160.0378323921,59601.2257285891,43906.567261666,32241.5246791896,90513.1446163723,110935.27929272,92438.5253874169,59433.5906719378,43948.4723962531,32390.6348916645,92067.8869444412,110175.044791651,92011.5266505292,59284.3942660365,43962.52561971,32510.8392421686,93593.1243933215,109121.304556487,91400.75392476,59047.3281967328,43857.589536418,32508.2971887119,94722.2833176842,108028.771128647,90819.1185097081,58877.4932336338,43804.5861888313,32525.7415796318,95782.8668474242,106867.36971315,90176.8285547016,58715.7183060203,43775.3419528418,32563.9012287367,96800.4674252659,105573.74368677,89394.1953894932,58470.9347027153,43702.8405450936,32581.6802814089,97714.5574815493,104269.390889052,88602.0266532432,58208.2806821861,43622.7835614713,32603.29850437,98651.3994053873,102949.119337435,87784.8154543646,57926.79622527,43527.5584111489,32616.7527281736,99597.6278257026
148,124757.514769002,101138.158116573,68208.5689590998,51332.3593148664,38418.4049980041,115398.083604659,122793.969722779,102652.185435702,66574.5730757238,50145.6333119028,37625.1013681475,114319.230193764,104178.964810572,86683.0947089372,56354.5461544028,42264.6807080958,31649.3010897153,96719.5101349093,111480.330241659,96101.0816601985,62494.1944743733,46745.3182603163,35020.3249943502,107677.326551482,113450.905705097,97062.5270233291,64824.4150573305,48658.8716544998,36431.9664055885,112707.001864682,105464.619067849,90049.2826591506,60052.8577160265,45523.6502354338,34301.8876312476,106888.320384624,106226.704451042,92223.0045229675,61595.3227894927,46734.3017132124,35378.3809736459,111548.273554588,107341.816117673,93357.8929381448,63251.8349417623,48135.1615664877,36517.1045635347,116527.476817375,103798.472752048,90140.5324884854,61331.6032295285,46974.083351661,35803.9980444048,115649.432431211,102703.657430281,89917.4663613012,61249.7174112185,47040.2214858766,36011.89046096,117951.73630927,102883.191603571,90501.6425519027,62128.8042747202,47812.65501489,36695.2666192048,121865.164475652,100978.210740118,88989.1744113105,61449.1636690783,47481.0226702326,36554.2883858036,122987.843504193,99172.3940322418,87857.0417879923,60895.8555398161,47208.8825614445,36473.1204545334,124342.08263947,98625.8912686341,87709.0538760318,61155.2352504346,47543.6539178831,36842.2751533889,127277.55840215,97624.4597811657,87058.3685409517,61001.526302625,47587.3989848598,36992.6303207199,129492.98854309,95973.4826562951,85925.1663874999,60450.9541876043,47297.4286079062,36883.1141625695,130830.467917186,94651.691860362,85149.3690201068,60205.3694427651,47231.5516186778,36935.2182746152,132736.029936505,93412.024309506,84370.522504351,60005.0315246994,47220.500206966,37031.992413361,134799.349887625,92115.2720553096,83372.9225203982,59599.3149661164,47063.8703258845,37026.9763069507,136532.399846592,90935.3173280088,82596.6713276081,59250.3504702994,46931.586836162,37042.6549307723,138417.188385952,89714.3904557811,81794.467994737,58931.4477483091,46793.0409277266,37035.4431337545,140247.724548349,88284.4596270374,80800.0497981507,58492.5498749831,46570.0098067061,36954.7727138443,141769.004204988,86758.9321921886,79717.8022243074,57998.7565801017,46310.806540051,36849.7229276216,143179.592560505,85454.5485291949,78726.2647076607,57564.8497964995,46106.6070385478,36794.0791561617,144804.853001712,84287.0229060879,77878.9546011284,57166.2071382431,45925.8876648065,36760.8753207304,146578.898421029,82902.522753683,76882.7104063414,56658.3967896819,45633.8965261777,36628.9129568906,148000.59347733,81339.8616072144,75715.4402224627,56057.604579656,45265.437747618,36426.2217261221,149117.691471435,79886.5901725876,74595.0112559806,55497.6928893224,44940.8186735597,36261.1760394789,150370.303302734,79047.3535673451,73785.9625251071,55111.9683477666,44762.1607220418,36219.9683799069,152170.999954157,78557.3676236947,73408.8505874461,54874.6238859158,44672.8942181648,36246.8714922171,154327.916205958,77845.3406746147,72879.185721766,54551.966770417,44453.1154087209,36133.0893419351,155851.155036333,76913.1304057177,72184.4585087072,54151.1337480314,44169.089964054,35942.8936496848,156849.202728249,76006.6937993327,71543.7887984757,53835.437324898,43970.2178440082,35822.0739748385,157948.818207652,75120.9382115898,70890.8192451857,53539.4491595356,43808.9734458942,35743.5019926872,159117.879544885,74140.2143648584,70125.5968640045,53144.4573097999,43580.0865678433,35623.6608404318,160080.884009555,73103.709658073,69311.6798581986,52695.4154742085,43304.5103822203,35471.7119359533,160933.889916385
149,378621.031700707,84854.7200511825,18328.6350891854,7744.90673467348,3357.73753060149,8501.10460951543,366641.941756921,81666.1871288512,17678.6614280098,7564.86395026051,3300.02630423291,8466.20535738694,366784.620824034,81197.096880845,15950.1999065914,6938.73313452018,3134.59781063706,8505.6474791914,366717.02594373,82388.4829543575,15767.5997389575,6490.67913276184,2839.28099618557,8390.37166829319,366484.851028199,83221.590656233,16007.5696953932,6507.99634218992,2765.95732223248,8314.82418217785,365897.84656873,83961.6859001972,16245.0330997995,6601.90461003356,2787.24667616153,8342.68487048411,365206.624810739,84638.9616832943,16476.3073064223,6704.25067753759,2827.94137706927,8423.62875896781,364474.340640156,85285.4579144038,16697.7588718524,6804.6844881664,2871.04560391711,8522.24354100664,364217.493344324,85915.2559887816,16912.8783341693,6902.56196496057,2913.55541881759,8628.00945821557,363733.792183925,86567.1652431942,17118.2333704553,6994.90300390439,2953.53053793015,8730.90522383024,362997.641755599,87181.1522354493,17333.3190615152,7091.14465880426,2994.52997417893,8831.19771634664,362001.259054716,87744.8343552016,17545.0443959667,7188.86861020511,3037.07252776551,8929.47657991055,360808.582483032,88269.3262328511,17753.9573710076,7286.77660110845,3080.40649530701,9026.02143031512,360096.417586319,88762.9739621578,17955.9005031043,7383.21598726661,3123.71461493516,9124.87788214407,359091.226754359,89274.519872268,18142.2625604459,7471.44088835387,3163.50044824829,9218.34588153987,357683.413446093,89739.828399892,18340.6397660147,7563.84912445116,3204.13777452569,9307.25649074446,356001.096416702,90134.9207255105,18535.3303742142,7658.71338666431,3246.9452346584,9393.9896595996,354132.912991121,90484.8574109327,18723.0111675311,7752.29743300909,3290.21714812036,9478.8220528762,352818.093208668,90807.833722899,18902.9020489118,7843.65832139036,3333.05105048052,9566.47604256885,351240.679464326,91159.088376963,19065.4240867383,7925.46170668243,3371.61308882536,9648.16434920284,349395.280937999,91465.5121285838,19240.9284996261,8011.57202115812,3410.88044408785,9725.67692323958,347187.781049928,91709.4335514159,19410.3914740041,8098.97432729954,3451.85462101079,9799.74866319884,344715.766480024,91893.3336086256,19576.1363671673,8186.6016152093,3493.8645274546,9871.32049111248,342657.053499281,92040.2013156497,19733.7351537459,8272.85666406019,3536.19218781737,9945.40700136705,340529.252574128,92205.0482514504,19872.3006541828,8349.3498813221,3574.42308187427,10015.3140627694,337931.834147716,92335.0245482588,20017.142517906,8426.37328660347,3611.68988364121,10078.1575477071,335070.227577777,92382.9944548584,20163.2147080892,8507.81650015009,3651.67143312824,10138.2851079574,332369.055624099,92398.3159679138,20302.7100424049,8589.37445281412,3693.26154436907,10199.6663989566,331248.981062989,92463.9765476806,20429.9917340121,8666.12474787489,3733.48477303268,10273.3973541286,330298.387792385,92693.9840224834,20529.9437413031,8722.36366966138,3763.09331646449,10340.3908901559,329205.46128235,92933.8461210292,20662.3235437475,8786.44767824792,3792.29949554462,10400.9951394521,327818.170828919,93125.2255424268,20797.3985828949,8857.42707421825,3825.80094023839,10459.0572734173,326137.492270533,93259.1258413925,20929.4095333119,8930.03801005546,3861.72297684719,10515.8412761974,324276.351818547,93338.3795410775,21054.5571078093,9001.94926547406,3898.53344985749,10571.4799798479,322275.323301223,93377.8348391713,21171.0639559409,9071.08230033492,3934.82669865204,10625.053036157,320147.934494408,93382.1962536657,21280.8345046274,9137.63204434676,3970.23415536531,10675.8997890556
150,178688.037042265,86126.9073906444,31394.2320651282,16660.1372882418,8763.02437273371,13397.3298600629,156019.090082311,73242.2055575972,26229.6025777958,14022.4474609056,7381.91956068424,11368.7713071057,167862.792869703,83271.0237429993,28689.4878528924,15398.5501311259,8299.74477319428,13078.5815451047,157064.869737185,76601.4121905277,26294.128330381,13896.7028887321,7395.2521100034,11940.7322199182,165031.38356302,83849.0085261232,29206.2036938298,15323.3413077655,8097.39607872631,13038.2239719357,157198.280290522,78853.82662633,27803.8346810177,14723.0745096132,7769.26033549945,12371.327985745,162533.345524981,84084.7981803125,29997.6881808117,15928.6916500803,8465.34629651579,13434.877759558,156585.402091041,80420.5330697815,29003.5329872635,15531.7290093854,8288.18907405985,13145.8633032113,160630.133518527,84483.3056912258,30772.3553862724,16535.528044969,8886.74806603928,14142.1901781031,156042.08822833,81757.5631933455,30052.0743067955,16259.3353439265,8773.96203660255,14009.9666345573,158755.877238085,84950.0895075298,31511.7418317883,17103.6833179314,9284.29370631035,14889.5252322947,154785.191207206,82786.7416820271,31020.0342254482,16941.8426929353,9232.31022060465,14855.8675867002,156538.028250383,85277.3169080621,32256.8892892331,17687.7608447961,9695.21429723799,15666.0645436494,153467.124972429,83606.6059605839,31937.1021262355,17620.2014243863,9700.8893775472,15740.1743177799,154671.190071009,85613.3010443115,32957.6620692419,18255.2194306783,10107.2793955796,16484.779039568,151704.573018388,84218.3790133966,32733.4477252876,18224.1508617017,10130.1166874866,16596.8712946993,152181.20580973,85759.838243956,33632.4439232786,18804.6095828156,10507.1976239502,17295.2122368392,149366.267547696,84497.5996002439,33477.6305182823,18820.9989414524,10563.0850967695,17466.003300204,149836.207214194,85803.3350889866,34286.3475678353,19367.3615471403,10929.8760468327,18171.4087247638,147379.402423378,84728.7236115289,34141.6552747974,19381.8544632416,10987.4440334114,18373.0556733397,147293.526630063,85748.3592530703,34832.6474995217,19853.2209825641,11308.5916450093,19020.1980388838,144761.816306176,84724.5834611986,34744.8631373046,19899.5531717245,11381.9596259919,19245.2192576409,144172.613588399,85393.4581151707,35332.0322908232,20328.5092364069,11685.2810500226,19867.200221931,142062.432359568,84525.8845791291,35306.4341014848,20420.4926371286,11792.9425310577,20168.4756310268,141394.090778032,85002.4667265806,35768.9020641246,20781.4319889858,12062.7623869365,20766.9083989536,139148.961327762,84185.2006580477,35737.6830563637,20855.1072016905,12156.8004243329,21064.7638265931,137991.37779285,84374.9330349657,36130.1279171374,21178.0922211517,12402.0446291888,21624.2877384188,135937.979675337,83574.937524086,36132.0720636006,21284.6162111045,12521.1950978757,21970.7150902241,135771.234478875,83926.5906055199,36536.4755079517,21627.9582477321,12787.9962346738,22603.842222299,134578.311248249,83456.9906149504,36498.9543228627,21684.8385156378,12875.322051056,22941.2686443397,134172.819253593,83783.5659394563,36816.3760068643,21927.2407116494,13060.1815616382,23437.2015960926,132887.775127524,83358.2409382799,36855.4262494138,22012.9966581274,13145.2187713601,23723.8574516611,132086.216908408,83443.2253333476,37114.006302412,22236.4410200316,13319.2768036324,24157.9066842298,130708.11769226,82992.4257034079,37164.6342537158,22343.2087128163,13425.4184859289,24470.1443807867,129687.647259587,82896.0523290722,37354.7805473997,22536.4926229055,13589.2178006894,24897.8524084237,128276.281768802,82433.4528583473,37395.8547215683,22641.4097772646,13699.5936209565,25239.0894753943
151,351521.91870857,71135.9115030142,15003.238945473,6615.31758354382,3193.29514519084,25684.5382795161,341801.081417954,69571.4350418196,14614.1168145191,6534.52063968999,3171.93944385316,25789.8958686897,340768.746792148,69659.9518697619,13291.466798145,5985.91214162462,3007.04090978581,25972.5160985525,339939.77737675,70338.2731788822,13294.9578815263,5729.65296451973,2805.86444241938,26098.2436998909,339115.497463865,70807.4663848869,13445.0050254401,5754.62825181524,2768.98361644818,26285.2414766967,338030.687156655,71230.9590425076,13578.9339936754,5806.30604344278,2780.30277823804,26533.3145170749,336845.05675939,71604.267145567,13706.4284655542,5858.64896669565,2798.65014544634,26802.8962465882,335600.459036017,71952.9022569326,13826.482988568,5908.52396442894,2817.06225742443,27074.1887340001,334832.740619891,72292.3424567168,13942.3448502977,5956.78351251652,2835.02983641052,27355.1650591873,333930.171951695,72667.5945369623,14053.0804684555,6001.54737949205,2851.22212500326,27628.8949456753,332775.665373902,73009.7887850581,14171.8008177697,6049.19932061853,2867.88222263879,27889.8834413303,331376.647935242,73304.5096890187,14286.6061041947,6097.53453024095,2885.41299318347,28138.0248472087,329806.495302285,73558.6302630305,14396.4640227428,6144.68086569219,2902.94071369143,28374.5584223401,328713.093024619,73792.9345441081,14499.44420839,6189.93733752048,2920.22279690124,28618.662804711,327378.038507358,74062.7042480419,14594.5802906192,6230.06873261124,2935.05661664384,28851.3310930626,325670.789755057,74282.6305224623,14698.4908377083,6273.23121144965,2950.20902899117,29066.0744283141,323718.099133706,74439.9706446671,14796.3950227821,6316.83367789818,2966.29546805202,29266.670799227,321580.240031537,74554.4319450972,14886.2978916444,6357.87569633134,2981.85026671661,29454.0772753091,319988.38517388,74650.8693866454,14969.3034869084,6396.72206941737,2996.88726126465,29651.6963124244,318202.543375453,74792.904508203,15043.5590600934,6429.6725412692,3009.02603941142,29838.4794642319,316183.787287498,74891.5498464983,15127.8383577686,6466.00378114644,3021.50803259854,30010.4967971792,313811.384621367,74938.8341078241,15205.7518741023,6502.40498098757,3034.70623289778,30164.5010630532,311222.641685085,74926.5371226593,15278.9882595344,6537.89159604415,3048.00610894864,30303.0272913165,309029.947426307,74889.6998480461,15342.7994133241,6570.87456613007,3060.97403309858,30447.3940507029,306801.964585687,74886.7886237836,15397.368955728,6597.94270839372,3071.19021105118,30585.156602394,304166.353922958,74851.6858088043,15457.7992704395,6626.09182221406,3080.74157252182,30701.274465265,301282.750182187,74745.5471592238,15516.2178955635,6656.20584188413,3091.59606782844,30800.6817022995,298559.372420895,74605.5677963341,15566.9436474904,6684.87516167082,3102.8326291496,30896.0743201253,297339.150812296,74528.6114820005,15609.8672637369,6710.68085999769,3113.73401881076,31039.3256653861,296324.075694652,74630.1811845889,15646.1658991566,6726.94696573342,3119.24511715276,31187.6979681403,295170.743274119,74735.1690607418,15712.0465589901,6752.6902186106,3126.26594884553,31324.4213831745,293758.701557962,74801.1694028777,15780.0932333742,6784.37865302845,3137.17965182462,31446.9291454185,292086.900659875,74817.5593526124,15844.3422042909,6816.79396403692,3149.86523658199,31554.7689069661,290249.889049128,74787.9534567053,15901.9376380164,6847.85284425102,3162.92853420053,31650.6332853165,288298.591277059,74726.3848445515,15952.2426500175,6876.29292562341,3175.34982361468,31736.3629132933,286240.740545,74638.3357667338,15997.0710880419,6902.33823224935,3186.79767124893,31811.9732353905
152,281842.470392515,109879.976264226,31874.3635270597,15243.0088675009,7365.10591728192,23374.4269491639,262417.906476038,101298.456856029,29339.1803387474,14168.4807006905,6869.93430121065,22164.2529788367,261149.6286861,101497.573577275,27397.7362706362,13457.2085761448,6734.30963618212,22381.0143771773,260395.790855971,103027.148911164,27404.9844833955,12987.7090865806,6381.42423621203,22336.9847111798,259466.556243208,103981.745801956,27962.6515248049,13140.6449819438,6328.36817702194,22304.0668632588,258371.758221232,104748.037336704,28482.3828668625,13425.6942046154,6445.09983794665,22443.7767380865,257193.442480154,105407.573736991,28960.0684687468,13712.2264251583,6598.86752548143,22697.8253376421,255957.219553807,106014.502803137,29414.6910311496,13989.8680330671,6756.09233839867,22997.8784733675,255157.90389945,106643.733411536,29866.4921408972,14267.3716003922,6915.12995210182,23332.8244257265,254193.601302198,107271.798336093,30287.6797052176,14526.1098466057,7064.94048111935,23657.9939312692,253018.674227072,107836.66528331,30715.9894632531,14786.2773472061,7213.71909913975,23972.7923700796,251641.11522297,108329.045300085,31136.8568804015,15048.9405287725,7365.72510669441,24282.0278532051,250116.048795103,108750.797770329,31549.0668095502,15311.2861343439,7520.05551391478,24586.8213295228,249016.60565232,109193.419531413,31963.4672322373,15579.1567773996,7679.67840410302,24914.2203997675,247706.524903721,109626.736447251,32339.7845659382,15824.9102981695,7828.94641284235,25224.9554787947,246051.395010056,109964.368072243,32720.5702493357,16069.5625001804,7975.48043112488,25515.5669632932,244224.447886224,110220.093945324,33097.2362423601,16320.9631251663,8127.95416420921,25804.7188300837,242206.17981766,110391.508391758,33455.869782519,16567.9794224856,8281.57079732542,26086.687597127,240706.694594877,110601.697147782,33822.8270161577,16823.5496385931,8442.13373402109,26399.6688206744,239001.688146521,110800.515259298,34141.2755254405,17050.3091519364,8588.66900528908,26690.5990474374,237089.289333882,110929.169679685,34468.6035340491,17276.9185207343,8732.14983907333,26966.7999823849,234913.696206938,110962.306559697,34781.8281922125,17503.5209511409,8877.58638010142,27230.8887559355,232512.912573273,110899.079659645,35081.2057721094,17728.3077402866,9025.14406361587,27487.4039612264,230502.123205335,110850.324612303,35385.3258519829,17961.4818216722,9180.38020447318,27771.3719173166,228444.479379471,110800.935569999,35646.8454375586,18170.0465354875,9324.34517022976,28043.6358559475,226013.270942352,110661.908307203,35896.2667756657,18366.308715047,9459.11320452843,28287.7577990706,223398.814313984,110420.303157363,36145.6333313094,18569.2001297735,9598.36361710363,28524.7172079558,220901.207394117,110131.833754267,36383.3867864489,18773.8949159144,9742.91416337579,28769.4367157172,219779.384074305,110095.633781751,36655.0392676212,18999.0495583606,9901.49426992822,29096.5596449889,218717.328327458,110178.462049296,36845.2271212218,19161.4409952353,10023.2923444394,29382.7344953663,217541.877188544,110254.441769833,37067.8014592375,19320.471895502,10131.1589552497,29633.2282927218,216149.900803446,110257.324202899,37288.0377902134,19486.1975184905,10241.4854639338,29860.7220475536,214528.358332087,110168.491347831,37496.2137081401,19651.7715635025,10355.058311266,30075.4414645085,212804.717356311,110019.034029021,37694.6473784673,19818.256831239,10472.6690080996,30292.0464820077,210975.199179947,109810.523167514,37873.7515276672,19977.5313798897,10589.116658208,30505.0813645791,209061.209274408,109558.615574395,38039.7354416349,20131.1865513132,10703.9274550546,30715.7890981965
153,269641.085120707,128144.919530168,46981.3146102833,25169.6986049474,13443.1181301781,29591.2863730107,240024.434068173,112579.458754751,40346.9694723706,21706.9283402046,11616.3339582177,26160.9898567969,244716.514948355,117779.926723492,40179.2114381592,21753.4451186856,11847.8151147673,27226.8634007059,241246.736711965,117620.731368657,39986.6273254879,21169.8041294559,11400.1460880979,26880.4211638939,240552.376206092,119030.941078191,40914.2961279065,21553.7539220509,11473.7488900713,27030.5156370102,238880.124713367,119484.292503698,41572.1685484662,21995.8529895539,11697.8960094775,27240.4597737777,237369.175069503,120011.670636683,42200.0416879875,22445.5055063902,11985.8649763787,27668.2558631236,235766.996365195,120407.365391104,42766.7101081403,22865.5960004325,12268.9435488684,28169.0235689075,234655.314643791,120891.929533771,43341.8878809047,23288.0903128394,12556.0450543826,28739.364699656,233302.82024348,121299.193173385,43848.8670557532,23666.7067645662,12818.15518947,29288.6812166603,231792.640486928,121657.642153418,44364.4262492695,24044.8085804549,13076.420830514,29833.1164424686,230068.532358522,121906.310949743,44858.4786219994,24419.2471531162,13334.6929841966,30370.1872954336,228220.582501733,122066.373440606,45333.8646535785,24789.6578665096,13594.8754159342,30909.4977775374,226876.258105588,122313.86482868,45829.7457070247,25177.9423359454,13869.1764673161,31494.9846577766,225191.398055258,122457.579397188,46240.4951031139,25513.0915874737,14115.0525429297,32038.8464262693,223267.87673526,122529.591574355,46661.6263646733,25848.3593011415,14357.1586907245,32570.7580310793,221134.314478255,122475.57478816,47061.1662153743,26182.8521587371,14601.8003510884,33097.2496108306,218876.550269196,122324.220390679,47433.1807707303,26509.7386115643,14847.7368417062,33626.9959673365,217193.024087631,122289.719922282,47834.0229977787,26858.9468650391,15110.8047996227,34214.7056739093,215203.193330826,122154.988691749,48138.8451410533,27145.9674567362,15339.3151361621,34753.1197528798,213075.532940749,121982.542838787,48461.6162682405,27434.7893471087,15563.5127034663,35281.6682148888,210650.355857647,121656.90022795,48746.542319386,27711.4994199731,15782.5995109964,35787.6719116732,208087.834927954,121232.890948448,49011.5227240979,27984.8581070964,16004.7362419884,36297.0581291757,205941.336173944,120875.908029181,49292.5717063191,28275.731031032,16242.413528688,36857.2926795133,203686.229148633,120473.367204968,49500.9112242712,28519.3104344297,16454.7413591936,37390.5243264677,201101.558380047,119964.664864249,49683.2711423642,28737.6492055095,16647.5757103715,37885.5959337751,198360.693143931,119345.574593418,49859.023045368,28960.2636959875,16843.2316550648,38375.0944447712,195799.542473173,118688.662070772,50022.3780624538,29186.7760141859,17047.4900284433,38886.8392611153,194633.98347484,118454.245429479,50285.2711771024,29474.8279261816,17293.0878342892,39535.8087351505,193402.575137673,118255.99427295,50413.9723716224,29653.3214202826,17467.9855601487,40084.3590304702,192108.348618811,118111.735436772,50595.0757017742,29829.872993477,17621.3274735181,40575.5980125619,190591.226409695,117851.329488425,50767.511666535,30008.8174692293,17770.3999062111,41013.4855920961,188879.207354461,117497.188145908,50920.0446109562,30187.1685185793,17923.9932801335,41433.0636579244,187064.058430072,117063.380311073,51052.9955631221,30362.2058547276,18081.3257382662,41855.2582480399,185172.544509668,116570.599134195,51158.6448171414,30526.1592257047,18236.692272764,42281.681076465,183208.382234635,116023.414323479,51239.5095475607,30676.373946059,18386.0865238832,42707.4324401051
154,383745.821412865,73128.2768782127,14863.2864353361,6300.05831711456,2803.02452113414,11685.0810997191,369299.462736899,71602.1471355103,14796.9457298385,6384.44945722443,2860.43412770486,11737.5120501719,369480.740091108,72435.7880359385,13790.9847890751,5959.88139246675,2738.54984652364,11843.959241695,369605.690867453,73366.333126688,13990.6841643247,5827.80356499522,2596.65065854234,11863.0632811161,369526.468331589,74046.2040766545,14211.8043388517,5906.80296000934,2596.27418063546,11933.8268237469,369123.243427601,74678.5843607069,14399.2072498871,5988.73943951593,2626.90671239295,12058.1500630322,368621.135413563,75265.8356267672,14578.8650721448,6067.25715264489,2659.60412139248,12201.1616163067,368095.510190805,75835.766182425,14752.8030287779,6143.30652944553,2691.58237154104,12347.7400671858,368030.844415963,76396.8909752183,14921.2688182998,6217.0853995002,2722.59527228291,12498.1369223589,367684.83304459,76971.4995614027,15081.8782802847,6286.03314002657,2751.20990192181,12641.9810957276,367062.675415699,77510.580398552,15250.9018626058,6358.42204075675,2780.69544482562,12780.9046370462,366157.334676303,78002.693788942,15415.9471287712,6431.60674673666,2811.26994679892,12915.3265650161,365137.456254436,78464.4741719157,15578.7282128785,6504.75111358098,2842.37668034078,13047.1145708548,364590.568557148,78907.1297426867,15733.1396303713,6575.30026458665,2872.82822589536,13181.9031862687,363651.079292034,79359.4675488447,15875.8342169975,6638.87083040604,2899.98672278209,13307.757555261,362347.071094889,79765.684980417,16028.8665274107,6706.49971339368,2928.08228207136,13427.2480173477,360738.106466888,80112.1517090457,16175.9674399984,6774.80354941788,2957.40744175099,13541.6785069836,359032.892504744,80423.9592233484,16318.7039546043,6842.14067308288,2986.96086672583,13653.2939722649,357862.305045883,80718.9167379797,16451.507646673,6906.01599671373,3015.42250962161,13768.4185529674,356367.417816757,81032.4415503036,16571.8760637327,6962.06807825849,3040.06611867887,13874.5761548191,354605.124334313,81302.9585231644,16702.5929520257,7022.01505728315,3065.43722474541,13974.7393858818,352439.557838212,81517.6985269713,16827.2262921151,7082.3636737648,3091.87756681903,14067.9592577938,350104.015108551,81681.8334141985,16948.8739682659,7142.77581713111,3119.0170578107,14157.3139293175,348181.112193118,81823.3149242938,17060.7019499079,7200.29976134652,3145.58267513363,14249.2746617587,346106.12474981,81973.666696019,17157.7644925103,7249.50282654176,3168.32013194856,14334.1505951616,343572.976272724,82087.0142078786,17260.6912485081,7299.86781409073,3190.54507229866,14409.3896133123,340772.884088489,82132.5352838912,17363.0425253239,7353.11871593586,3214.67289056296,14479.1943707571,338298.770758685,82160.6212937481,17461.3685232108,7406.6642656106,3240.04963605967,14551.5782267968,337385.413484748,82245.7805709196,17546.1047838495,7454.24002969809,3263.36753366284,14641.2669519144,336510.120684059,82458.3585108814,17612.6158038253,7486.49923101783,3278.38420041602,14722.8847390076,335458.794164758,82673.3424241916,17709.5850792797,7528.37641715985,3294.80538732142,14798.3460220404,334109.448327052,82843.5339387796,17809.0887098265,7576.75663773777,3315.45793139221,14869.3192065303,332477.211726888,82964.2368702082,17905.2115589816,7626.13961409717,3338.05954262466,14936.3437957926,330677.994010647,83038.9822531772,17994.6507933559,7674.23222483972,3361.02580024215,14999.8494310349,328737.722184187,83079.3063723767,18075.9308356544,7719.27267083497,3383.11243015729,15059.0501600111,326666.354110261,83088.5365634935,18151.1433395671,7761.7009083158,3404.12244501298,15113.5295857525
155,146105.660397406,128449.400908263,72830.0422350922,49544.735555239,33509.9596328768,78092.7034343466,126830.351971013,115787.967227783,64671.0886706444,44050.0838400886,29908.7698279241,70591.0074954014,118915.378242005,109103.044021635,61509.5929815398,42196.0075327159,28764.9908341167,68118.8102016222,126488.763222515,117634.872023443,67167.5675327416,46162.0924216115,31700.5526592764,76262.1675574744,119137.418943533,109959.757430803,63191.9893619898,43720.9023494323,30144.3336682508,73665.0411260067,119794.141548792,112402.823662679,64664.5065654407,44816.0227019242,31028.7304555957,76878.9787043947,119087.59388105,111979.710301026,65333.1241530154,45422.0303113157,31514.1793782598,79031.9354031149,116326.117964185,109898.238978701,64431.1987753404,45062.1206850882,31409.4783347723,79608.9513183968,116164.790465804,110476.061033727,65234.4452074566,45782.0390273363,32049.0463739698,82180.2175196053,114870.833389335,109589.060350025,65179.6790609506,45940.1570994907,32286.0307517963,83768.5647072245,113409.333956925,108793.564180784,65047.3685957937,46022.2451354523,32473.8361397258,85243.4997240002,112397.358761032,108419.809717293,65281.0414299801,46345.0538904495,32817.1299148006,87138.5574852911,110873.941342273,107452.293851109,65153.3932850106,46439.6004750333,33004.6927643566,88619.744858052,109680.699558249,106723.995315381,65123.1889664842,46603.6794862986,33250.3007735588,90287.0491391081,108658.550369816,106208.535840793,65173.080789958,46812.6390164937,33526.859572391,92094.3831020493,107213.228172549,105293.76120714,64997.1528441418,46844.2010447431,33666.9858021528,93547.2662316246,105764.294033967,104401.761325431,64858.8610211735,46908.3037517065,33827.7434988583,95048.6391880058,104293.404847463,103451.773816171,64704.2100378073,46972.2014712532,33993.8644576096,96578.2116417607,102973.577953078,102481.040246675,64502.5201346706,47010.199534564,34148.9719223735,98117.3803526733,101795.093452107,101729.993678026,64349.7524295136,47069.3279766699,34320.4397204523,99765.8544842106,100394.913811626,100766.637751595,64092.1135521962,47027.5174317113,34404.6063690444,101186.003102947,98876.3301662359,99714.8112860067,63796.5544041236,46963.7164715824,34467.4012255185,102525.446339364,97306.7302729215,98593.2422480272,63482.284655301,46895.4916549845,34530.8475773643,103863.219749302,95866.5861514806,97465.6299693327,63144.8375018506,46821.2637343041,34597.7151746988,105239.605837934,94572.3306619653,96504.5628275373,62835.8707188598,46759.6303811305,34677.4472001366,106714.264744393,93067.7619373527,95395.8431696979,62435.9233728765,46606.4840557582,34678.6774171153,107983.436651269,91411.2013381711,94114.5350050702,61964.0818575986,46401.1741738963,34633.4191455145,109094.5091728,89854.7761043929,92875.2929773942,61520.628283468,46230.4777063724,34619.0160852994,110300.275816048,88878.8420825533,91924.3403465021,61195.1787247011,46151.6925874751,34680.0127893299,111789.77374838,88297.1076706417,91481.0946925824,61014.9596397896,46146.6388678266,34790.5059440571,113508.535804653,87479.8549908374,90852.3843509139,60739.6303339207,46007.4921852816,34764.013427998,114755.137114164,86548.3226892802,90156.9163059278,60466.1562207996,45870.0669945553,34716.5885415545,115785.575727272,85614.1363027929,89479.3601178458,60254.6575398101,45796.0816779373,34718.7126742465,116848.004330997,84574.1060950624,88653.166889843,59961.4056387999,45680.9777317803,34701.4759711641,117780.29810233,83487.4363641725,87772.7716713624,59614.5861081906,45533.5586004754,34671.1288483772,118669.167645298,82405.5319070974,86897.6297741051,59266.9744034566,45383.1681898303,34642.2891860583,119598.339724364
156,304164.44835999,78719.9673006718,17811.4626210463,7957.96892035675,3844.17036227817,29448.2658684764,287405.58428826,74453.4201785983,16983.8859139735,7715.7399933351,3750.38848266902,28997.6624021326,285016.238281006,74129.4145832857,15188.9466959048,6944.67925231889,3509.76790830457,29044.2042130576,283722.081453348,74649.4021724928,15162.2118931113,6626.65502975178,3250.5675570651,29095.7114509518,282603.814555544,75018.0908679805,15323.3907504516,6650.76408770181,3201.56168931979,29245.1052917391,281275.235950328,75333.6781092668,15472.3435588693,6713.40456809678,3215.74093876577,29478.8441828981,279895.674081019,75597.3768113923,15613.415967458,6778.41407802911,3240.5065825368,29746.4997051355,278476.418100166,75838.381199127,15747.0606847268,6841.08055643836,3266.00690721745,30019.6718577363,277510.843196619,76090.5354954511,15878.6898838158,6903.40550398286,3291.85459263761,30309.7612978351,276443.602581856,76385.9094427232,16006.9166348664,6962.3006928164,3315.87464227596,30593.2805005526,275181.080769588,76642.5667893932,16143.3301276169,7024.66798566121,3340.65283205942,30862.9581039203,273717.07986908,76854.0449648451,16275.5327107783,7087.95849187295,3366.66067828297,31119.2930329173,272107.721945352,77020.0789958157,16403.2601273497,7150.51371760006,3392.99716449777,31362.5263346412,270960.228343215,77190.0321740505,16526.8211936181,7212.81577280403,3420.08867254262,31620.6326355568,269616.677793488,77400.5363375538,16643.6127227371,7269.63214348457,3444.44905934275,31866.5366876375,267961.771016315,77551.613680359,16768.8153554248,7329.88945872571,3469.31023195378,32091.7198156796,266110.550778314,77642.7627249446,16888.0876768692,7391.16184394954,3495.68469095502,32302.7384964644,264116.66221736,77689.4160482995,17000.2099755025,7450.48958970215,3521.98572575844,32499.9816862829,262638.537148325,77746.1878128643,17108.6645077668,7509.49036191192,3548.87665937981,32715.7028243356,260998.409855406,77850.4191703839,17209.0754937029,7561.87612317345,3572.36080153803,32918.9177872741,259152.627692944,77905.3849618574,17319.0061323453,7618.01504761339,3596.3437124875,33105.0726758746,257028.379482622,77906.759282928,17422.9120881866,7674.71471204576,3621.53313277596,33272.3312893228,254732.796662558,77849.4616384529,17521.9517676717,7731.00436135008,3647.34058895079,33423.6917814756,252814.934898953,77790.0580379181,17615.3363835401,7786.68936197532,3673.92138018645,33587.6844647862,250866.596045799,77769.9121141233,17699.5462756733,7835.86787602837,3697.41002355918,33744.6406679113,248569.936062825,77705.6898079478,17788.6034513873,7885.77111909768,3719.96791054631,33875.7420688104,246085.677973445,77572.4184067796,17876.041915792,7938.57806596813,3744.58536833167,33990.3903158903,243763.061500775,77411.2362187336,17956.9934396988,7990.85203120668,3770.3333859024,34103.098948511,242763.70770754,77366.122181456,18036.4205415597,8043.01998168527,3797.21435861453,34280.5766006101,241894.323931011,77487.4296602701,18105.2407715397,8081.11967425323,3815.83471577643,34456.5637375134,240888.875169899,77594.2280509796,18200.3284812766,8127.18933762496,3834.71832431457,34614.9671391922,239674.058753461,77659.865025632,18296.2345166725,8178.96606402342,3857.60999882201,34757.7394766526,238230.007131257,77672.374304993,18388.1334027859,8231.64959377301,3882.57670044449,34883.5682045319,236674.580111149,77641.3397980047,18474.0933072368,8283.85943255456,3908.61911747241,34998.9627339257,235027.193744143,77582.7931289612,18552.8487530805,8333.56575511987,3934.26696942882,35104.3077082111,233292.999750428,77497.8658777384,18626.569763697,8381.17701941175,3959.14660497071,35199.2373830453
157,347051.092278877,83015.9641543382,17688.9045344018,7451.36884749341,3197.24827906408,6491.19796298271,325430.384484089,79098.3248556352,17504.2766287356,7577.73760459504,3291.3124730203,6495.42275478383,324533.715405118,80485.609393304,16543.645628861,7083.2387235195,3143.36601330575,6539.18550797079,324439.837610694,81465.0644377338,16921.4769712936,7053.6740741284,3027.03112440465,6473.60593938561,324208.689928739,82238.3293376835,17226.3332125369,7190.64030217392,3059.05277662527,6478.87742587926,323667.668706796,82957.5025696643,17491.3855948057,7319.06974691798,3115.53116527631,6545.94019506324,323049.733565326,83631.1106827971,17748.5091480818,7443.07050083321,3172.57417072212,6634.52075291951,322406.176494782,84280.7941487861,17999.7369108929,7564.57793640349,3228.79695484896,6728.0990476686,322215.586796575,84936.6482754418,18244.864348967,7683.95465661514,3284.2409044238,6824.8865613399,321777.962000959,85605.7065067248,18483.0040778117,7797.88365538953,3336.87784982058,6917.63268890158,321114.196415026,86232.0584865776,18729.8853034293,7916.35003875715,3391.04760947103,7008.76031319867,320193.745612309,86810.0263398703,18972.4462091769,8036.08080541636,3446.93420464955,7099.33958223267,319189.552518163,87345.137002644,19212.6883085136,8156.33650013507,3503.89777963157,7190.12734623533,318647.036610141,87885.0470626757,19444.1137889793,8274.26166882465,3560.59583465531,7283.82575091394,317726.051443883,88427.5806160032,19664.4111532647,8384.20715539798,3613.31380959433,7371.4915010296,316466.200944337,88907.3233287453,19894.9776894008,8499.56457415506,3667.82950119218,7456.71322233266,314974.03217074,89327.0261017215,20119.1108454743,8616.36993987602,3724.54697088494,7541.97210274141,313392.844309564,89701.6110480242,20337.9707352515,8732.23582573239,3781.86142732694,7627.28465288677,312308.846247574,90085.3974548558,20547.8551270444,8845.50219370059,3838.69459173566,7715.83678333562,310934.65744372,90473.6801086516,20744.0834196972,8949.11317310075,3890.65498542525,7797.7798528138,309297.054748981,90808.5070981938,20948.9529356102,9056.95177121582,3943.6959427642,7876.8832780699,307318.321189529,91078.8244475268,21147.3102191468,9165.65132815822,3998.48599493282,7954.48108509031,305188.480677846,91288.9777616193,21342.2593569855,9275.12751323765,4054.79008136948,8032.30793344897,303474.276274058,91499.1813080044,21527.7723148521,9382.62103019786,4111.33629440525,8113.90189184618,301606.447138438,91712.2962484209,21696.8194205499,9479.52516031034,4162.79911924633,8189.96507752447,299287.51353624,91863.6761619149,21868.5862214385,9576.84093152874,4213.44749332609,8260.08782462129,296755.136362181,91942.3513436388,22040.2823363133,9678.61977394091,4267.32916449326,8330.40927937299,294574.737803666,91999.8669800164,22207.4010190546,9781.23347657513,4323.31050904676,8404.89818944944,293864.289976498,92193.7538620023,22363.9928190793,9878.66854836002,4377.56381762935,8490.15531321933,293060.04125813,92474.68737869,22493.1970501101,9951.4855638664,4417.62397050351,8560.40353440981,292087.759654933,92735.9960336958,22649.5704778349,10033.1092114057,4458.03012372893,8624.18313486639,290836.739433539,92942.1837567223,22805.3806094895,10120.2842502227,4502.59085511134,8686.88690937673,289328.885872479,93089.9914850589,22956.6961745832,10208.5781950577,4549.49215126945,8750.32028097254,287689.843015298,93191.0830183402,23101.4886875865,10296.2920396089,4597.43995845889,8814.74814995632,285927.807907748,93254.8585997241,23236.8731176935,10380.6870515936,4644.64762390945,8878.26805826419,284059.266344714,93284.6573230284,23365.4604620667,10462.3712364147,4690.90301844001,8940.20202920293
158,342161.206964928,91580.3852608071,22287.1943747668,9907.729449633,4570.37186247123,20758.1864841069,334315.710532913,87352.1716135172,21003.9215951316,9435.00038815258,4379.80329670996,20682.6203377356,333868.024128319,86093.1101626634,18607.1459461902,8556.90445320359,4133.80276991816,20738.770375107,333022.678964575,87236.782800289,18133.0579844362,7849.35813668248,3698.7042484775,20636.1128369924,332270.176060178,87970.5122846657,18365.8363708774,7813.72344634715,3563.17496419776,20595.3489571949,331306.662730897,88598.7098527469,18615.2754473866,7910.11730200063,3574.32023993769,20703.6240236231,330272.655727589,89154.6768862201,18854.5740754574,8021.56542064499,3617.92046657985,20891.5572944652,329157.28517579,89679.1006781311,19082.5232428261,8131.34605100208,3666.18074080929,21104.832473234,328508.622006888,90191.6117032471,19306.7251772205,8240.14988165234,3715.03301559828,21333.9704566045,327723.795601813,90736.8696233161,19518.7747679167,8342.27371256099,3760.97254202962,21558.4232198332,326710.464041009,91246.5369579299,19742.2428949731,8448.28789360691,3807.64056853528,21773.9588039005,325439.219299044,91699.6275654628,19961.4345490972,8556.12103524631,3856.12027721356,21980.2914952198,323988.211401321,92104.5232986236,20177.2863408888,8664.26780068229,3905.68767233462,22178.6033438234,322994.067812041,92488.1414765533,20386.8210406723,8771.76413313784,3955.95761182539,22384.2637806896,321783.915285849,92902.3882444163,20580.5303949581,8870.30803726282,4002.28990533875,22580.2253460804,320209.3596891,93263.2197095437,20786.5207341838,8972.80587242932,4049.09961835792,22761.8529958844,318386.550648356,93548.3201079035,20987.0954925563,9077.81185044173,4098.33303468612,22933.8200232438,316350.193748568,93782.4860215751,21179.7343452939,9181.29372106288,4148.13017218922,23096.2579641285,314849.901575149,93996.1942074012,21366.9888804108,9284.23368123913,4198.56880253308,23268.9173075549,313174.723360676,94253.4411679867,21535.7533321152,9376.42569702303,4244.16450087943,23431.6592296208,311252.432010093,94461.1339836432,21716.66008447,9472.10482648158,4289.75802406311,23581.7823605964,308980.681412795,94601.1613874503,21891.1534727563,9569.23350971932,4337.18219183277,23718.5214683766,306466.283885103,94671.1415551111,22060.5538867207,9666.67621744634,4385.97893570489,23844.5078129783,304346.637688248,94713.788104359,22222.9200634296,9763.6976649372,4435.94386753718,23977.9190602145,302192.790871786,94787.1060124804,22365.7696278934,9850.14324962617,4481.40232049364,24105.4136081597,299632.282631856,94817.0003150474,22513.8579415232,9935.99372882027,4525.00896675543,24213.9014875221,296824.022270288,94760.5395582395,22661.7051719903,10026.2360259915,4571.46015925654,24310.6076657791,294099.359943141,94665.3703771254,22801.6261558693,10116.5561930839,4619.8688691057,24405.154814751,292868.443501636,94653.6168096788,22938.5906482,10206.6011265527,4669.45391177674,24542.6291000444,291875.723067982,94832.0559832201,23045.5311627388,10273.1933281869,4706.69691700957,24678.7474189514,290745.401875119,95014.6474653203,23184.6415190509,10345.4859140419,4741.43155995349,24799.4349827344,289350.724690147,95143.9677822935,23326.0405872916,10425.2841436099,4780.70018820314,24908.5976063529,287684.95192674,95209.6564636516,23463.2540099091,10506.767421871,4822.83234418193,25007.5599169324,285850.785734348,95218.0397570678,23592.7380343463,10587.7294519657,4866.3684483781,25099.4974738054,283908.15216955,95186.2479763865,23712.9017130653,10665.8284601621,4909.64380068797,25185.2522316302,281859.048029592,95120.7071598741,23825.0800443933,10740.6750773523,4951.8342713688,25263.8324343326
159,373786.587208565,76265.7165858522,16287.7015438258,6934.20348716033,3049.02325038886,9392.3507460128,358810.946106069,72717.5045239181,15777.1000880345,6846.76298520709,3038.63651288333,9364.93607134456,359402.947273817,72774.14993779,14280.9981112029,6272.07155625706,2877.29393492228,9427.38160059496,359798.056660841,73863.5637861966,14227.3457066391,5941.32674123898,2640.70177107246,9364.949199897,359908.118651935,74608.504654026,14437.3659554583,5972.43065423816,2592.66445345894,9347.7966532576,359651.179721074,75273.0198536736,14631.8414425375,6050.05821901171,2612.75569213689,9412.67782079698,359293.719710971,75887.3589156717,14819.6114322242,6131.28283862552,2645.03038053259,9516.26387150599,358916.375928967,76480.689560663,15000.7472781422,6210.76924177899,2678.49678348031,9631.84273366919,359010.831873655,77072.8294070874,15177.565645492,6288.44697163956,2711.4468703025,9753.50448238817,358813.575165966,77665.6386805362,15343.5930705542,6360.21766335151,2741.60633804613,9869.9104548855,358336.816191796,78228.7553135527,15518.8978197495,6435.51552919705,2772.64991000973,9982.97210521503,357596.629827568,78742.6054112542,15690.6707261263,6512.01712640915,2804.96171167568,10093.2958273673,356754.520699188,79228.987907983,15860.127201155,6588.47557556763,2837.86036658846,10202.2708222024,356376.53299842,79702.8943794704,16022.8942855598,6662.92997407244,2870.29821531135,10313.7531685008,355621.563153879,80175.4307660537,16171.9467499838,6729.80014758665,2899.23745409767,10417.6529388344,354467.437104898,80602.7600513682,16330.0424361165,6800.03032472778,2928.83953674805,10516.3593353541,353051.001466529,80972.8607163218,16484.9056285535,6872.03215404896,2960.08622663306,10612.384768238,351531.054534784,81308.9826967786,16634.1891024099,6942.88065525409,2991.59662979153,10706.6309485474,350557.39262853,81635.3661771813,16775.9850612405,7011.04109266105,3022.27867331853,10803.9632962227,349244.371166754,81966.9832362997,16901.6845267262,7070.135019888,3048.68318349127,10892.9747444605,347659.773195175,82260.0651228388,17038.2149821086,7133.00095016596,3075.72784084648,10977.4585569267,345692.352555044,82495.5629409773,17169.3461306195,7196.69542316544,3104.02018098369,11057.2794205666,343547.610190139,82683.4172236692,17297.5867265384,7260.60279731068,3133.14282906571,11134.7355582496,341832.12111557,82852.6448276375,17417.9201456658,7322.42380503351,3162.01332301714,11214.7798911565,339943.594494996,83020.7017196805,17520.1568549466,7374.7008491752,3186.60752252762,11288.048370945,337599.127756839,83152.5959045436,17628.2328056133,7427.86099294833,3210.53129352401,11353.771185038,335001.703412708,83219.1729310316,17736.8777271421,7484.46910798299,3236.59130637209,11416.1406972932,332705.696704244,83272.2826591178,17842.4203565791,7541.88872539578,3264.15963024148,11481.077042056,331960.076601005,83386.7970674084,17936.9482957715,7594.3924006744,3290.06960855239,11558.9161795123,331195.426042913,83606.0752532425,18005.7356486402,7628.69561494432,3306.54113003736,11626.9034586989,330259.139395768,83835.7143807404,18106.1563308426,7672.30143251219,3324.10327653565,11689.7579588823,329028.732093119,84019.5102648234,18209.9922414997,7722.95266479559,3346.05906643024,11749.9126921067,327518.342502505,84154.1647854483,18310.665445391,7774.8238479236,3370.11448795421,11808.090539199,325851.950909122,84243.1786054295,18405.1035044756,7825.65806247403,3394.65885218004,11864.3579747125,324052.299984132,84297.0623091989,18490.8385362483,7873.2862328828,3418.28249682215,11917.5346488698,322117.665565134,84320.0554778407,18570.310147916,7918.14948568911,3440.75080179259,11966.9482026974
160,229536.923753589,117459.799232098,46929.4733162571,26261.3656483829,14596.9752939868,27850.0179575815,195267.356403112,99636.6459898069,37769.8306285744,21024.9115831513,11660.3054647146,22809.5115292035,209370.335717389,111913.477609106,41135.8740454862,22828.5965217503,12752.8489576224,25222.3153999564,197937.71369397,105187.504694406,38915.7785591138,21312.1453673177,11777.4360942804,23605.9738483319,203432.73211711,110983.151125559,41407.0412139275,22610.3228830854,12426.7360498379,24800.1537847065,197614.605176819,107911.177646434,40848.8277342706,22436.721434426,12328.7202083556,24383.9077041812,199239.19505441,110606.787232855,42237.4509594354,23313.8243556677,12881.6725534442,25351.1179336551,195744.436932908,109212.313026415,42183.1194274371,23419.6137323401,12999.9829616418,25549.408928419,196185.425051837,110699.884669947,43118.2245217594,24056.7721173065,13428.2564169296,26413.5928802482,193950.326520974,110139.599307128,43284.1785827953,24266.9707716583,13607.6015410732,26825.0741959844,193321.526072989,110939.965992995,43958.5167764878,24749.2497405647,13941.7766854171,27545.7979283277,191293.890411045,110637.535940861,44251.6101972451,25029.6174872169,14159.4242910211,28035.7042053538,190007.012980747,110956.671195099,44776.9293789086,25444.141049837,14460.5363359248,28692.6646499806,188594.629263436,110881.898095381,45151.9180443493,25782.2077448015,14720.2392274819,29284.8816830824,187263.705427605,111035.54523291,45554.1234889716,26127.1908167519,14986.431197851,29911.4627036801,185474.19799681,110899.037727063,45886.6396100122,26426.211834539,15220.4743978969,30474.4984039315,183703.667389397,110807.697986305,46254.2048605043,26756.6427689636,15476.3329173031,31074.9604091173,181668.432311129,110495.099211738,46544.0115080646,27049.6174367219,15715.6143381519,31648.5990597662,180275.283708126,110414.704818519,46909.8648854954,27393.2475037498,15989.5778694346,32312.5180628808,178494.714606079,110140.441461892,47136.8192558504,27646.6479859591,16210.9187116546,32898.0662079796,176690.409167449,109914.832106203,47414.4871864815,27919.9325589412,16438.0604558504,33496.8971283917,174566.896109959,109479.065063093,47627.6329905221,28164.9142406193,16649.7075919379,34057.2058141926,172383.21825385,109004.099826897,47836.6364553516,28415.6300712982,16870.2209639407,34637.7244622946,170536.654714317,108569.423747105,48054.2644949556,28679.1730464018,17103.6912946834,35263.857310965,168607.908479614,108108.95272694,48202.3893200444,28895.1925752468,17310.6956336568,35864.528629499,166382.887197921,107539.489693402,48319.8631239959,29081.2943406233,17494.1042281497,36424.0723098573,164039.113635836,106875.517070822,48433.5049627108,29273.0700845138,17680.8528879632,36982.748263967,161847.812351226,106169.700431858,48529.8497099413,29465.7957790214,17874.688355142,37563.1339101947,160887.282187509,105906.025557989,48746.8243509338,29734.7701320059,18120.3315283314,38291.3012687087,159786.713105305,105626.296423905,48811.7124158407,29877.9422550388,18282.0217835456,38888.9405749816,158695.604440498,105446.383461497,48953.0937046884,30034.4202058724,18430.1651892989,39441.2957335846,157376.415867186,105125.772937054,49070.7931961753,30183.8066050005,18567.4102433487,39924.0847117902,155923.376898669,104741.071546094,49177.8349314392,30338.1603268625,18712.6659810176,40395.3932241105,154361.758668053,104268.32581446,49257.3498520775,30484.0575954589,18858.6681405733,40864.8554592934,152756.822768896,103752.50406368,49314.7243983698,30621.3369181253,19004.1863033942,41344.7114380875,151086.463954614,103182.963048305,49343.2434898609,30741.5766414953,19141.4720213584,41823.1163195001
161,374246.81190932,72619.1684008063,16176.7861239493,7874.63766882894,4447.97781013048,64333.3784939228,354202.141243356,66602.2189831099,15285.8984178487,7657.88005960311,4364.34466913003,63557.6095809104,352915.284169409,67115.7809742384,13470.9413528408,6826.75963934697,4086.53186282911,64028.2637889593,352478.976240694,67804.2120132898,13483.6876228242,6553.6774008998,3850.28774121711,64634.1270877031,352058.294010466,68306.7856695362,13612.9230154076,6565.97271662078,3804.81267785354,65351.2543349292,351327.502572566,68757.5634274568,13729.9783249645,6605.72609685521,3808.47121385665,66125.3350159099,350516.875959364,69160.8724453365,13840.0906602617,6646.40848318467,3819.34619335132,66916.8150217625,349691.71160679,69541.2791407346,13943.1875892666,6684.34284643101,3830.05022150308,67703.1063534839,349323.616647325,69924.4009331818,14040.793001908,6720.15193713334,3840.21006757224,68509.6698579831,348745.130198892,70336.0193892753,14137.9429131556,6753.57006725321,3848.49705839191,69293.120163989,347906.472681999,70710.8676831056,14241.4713892811,6789.86597561012,3857.14187699114,70047.0035260207,346800.725546706,71042.6465542213,14340.5975591306,6826.25108828396,3866.24674993194,70769.8282552538,345577.844181286,71333.7633079276,14434.7706168232,6861.19065047999,3875.16560677542,71468.5046609065,344836.016740074,71619.4588409729,14520.0744460588,6893.40027310173,3883.77198065768,72187.1687461896,343772.162553198,71933.6295427626,14602.5323497848,6921.49778043054,3889.75273276045,72872.8675581721,342331.447145637,72194.4504538337,14691.7700461412,6952.39616934454,3895.77211513359,73517.9464775715,340629.415625385,72399.5216828514,14774.0790520913,6982.77681567007,3902.090286099,74130.0156803783,338822.086039576,72562.6541437177,14848.8937327751,7010.32397851653,3907.56356907821,74716.034275016,337569.941943827,72725.3868172985,14914.0865805573,7034.47295794338,3912.24600176345,75328.9206009866,336004.136756943,72921.8032412462,14976.4688618998,7053.92734982354,3913.74257354524,75905.0480286802,334208.86197419,73070.3049156535,15046.4373176853,7076.81687205367,3915.55616445567,76449.2365306931,332045.054790296,73171.2151763905,15109.9471008341,7098.96743698188,3917.42266639789,76950.0619764124,329725.128057755,73217.0217892456,15168.0218747815,7119.6074623716,3918.96914794679,77419.3099059077,327826.021180691,73251.4064942611,15215.2767121307,7136.74574184284,3919.84441829351,77904.5804101584,325793.260700316,73313.8072276737,15256.7455153272,7148.58967621794,3917.70436605811,78364.8489432965,323327.778289677,73335.2633787502,15304.0999684902,7161.89460928797,3914.72707263014,78773.4644951466,320647.083108389,73292.4510951929,15347.5754382101,7176.15836190557,3912.47060698564,79146.4987234775,318282.851248462,73221.667618951,15383.3056375272,7188.4095253581,3910.29767288169,79518.5617348479,317440.425998499,73235.0054993916,15407.7475973734,7196.63977738296,3907.98267828756,80001.8721338246,316607.942021101,73393.0631435911,15435.8988972983,7199.01360859017,3901.18590835933,80470.0556586571,315620.206619838,73538.5447726691,15491.3819731714,7212.89786544268,3897.36342849448,80909.5065616287,314353.041719676,73647.0009137569,15548.7304093246,7232.75145371231,3897.75838538552,81310.7365536842,312808.604713593,73707.7347960111,15602.2677822635,7253.58395064307,3900.3688148083,81673.6713897887,311134.470795524,73726.1696484141,15648.8909902806,7272.93359978238,3903.68387743152,82010.956198672,309331.830290701,73718.0009504763,15687.6090813057,7288.9274884232,3906.11445076727,82322.6373367376,307419.278289157,73683.575140433,15721.3457138384,7302.30637848637,3907.29912240939,82610.4064227771
162,110664.640526698,93821.2102323028,59843.8977777103,43672.0063529852,31669.3190431331,86216.1102480286,92121.2436581726,80805.4749544471,51095.8836093712,37300.893061707,27135.1424833712,74577.0666189373,90351.3082561293,80323.3551401482,51286.3677195038,37743.2849882682,27584.4253389015,76452.6380025107,95411.9277523284,85386.0218838302,55249.5523678849,40818.8686488838,30041.8033370965,84687.2939938573,90127.644177562,79906.8120954543,51949.7805260129,38635.4169548986,28588.0784328662,82100.4828606753,89049.4351793421,80182.3634304922,51980.9038144775,38723.8923000986,28779.2277958738,84166.4334125913,90256.9964585243,81709.0152959133,53664.1329818781,40026.9526707279,29787.056758589,88486.6833338447,87728.299045266,79348.7640886948,52466.7438329995,39364.1242988175,29400.4205405816,88517.1458050375,86661.6363873508,78924.9270887251,52312.0150429523,39391.7377299054,29552.0997282647,90229.8719489437,86766.6070175288,79408.5014070921,53006.9485046273,40018.6771461648,30115.2789525946,93253.4209390086,85341.3545308117,78263.3357417902,52546.9720179617,39824.7314448618,30068.3650609555,94364.0843738372,84068.2870603399,77527.1937214034,52267.6725075493,39742.8847320362,30111.5638168022,95760.5719291006,83392.4206199164,77286.0970658187,52448.4489640833,39998.8122832152,30398.0152383127,97941.7229749558,82451.2165208998,76567.8258115039,52270.1194392208,40014.7911377664,30512.1349657794,99582.4977091261,81407.4116048751,75910.4488336263,52017.2209364544,39955.2961349485,30575.0717100384,101108.023343078,80450.9329895469,75369.3950362689,51913.2239857093,39982.0156600752,30687.1209827195,102817.52590817,79341.5800396411,74629.4159249393,51701.6960154025,39944.3070544396,30747.479209593,104336.030295231,78120.232857145,73775.1279978142,51392.2702634241,39840.4344160586,30765.5046953918,105720.979536421,77198.8177474273,73103.1528292548,51187.5997995779,39816.9761543155,30849.3415612508,107376.809346422,76300.0608411542,72512.6230858574,50983.1354302957,39781.335365901,30922.3965636148,109050.733386716,75186.8716241824,71712.0966796737,50652.5877479498,39630.5746531899,30894.7023384151,110385.615217292,74001.2539309153,70880.0763300734,50308.7190900947,39472.6176357806,30857.0316426556,111665.074398102,72815.948854132,70025.5895482324,49975.7087855049,39329.7091083876,30833.0691346081,112986.266885203,71752.3635719379,69177.888902847,49627.6167923321,39185.7100495574,30815.0413816655,114353.526928917,70748.304972193,68426.9086377638,49282.2385481161,39034.1719916781,30793.8092756266,115764.044136554,69595.8981232326,67575.7715349388,48878.6995627699,38815.7989551399,30709.2057549228,116965.137065993,68326.728158462,66596.3769863271,48412.5463771264,38550.7479477915,30581.1539913743,117982.616717374,67152.0170610654,65642.2054706522,47963.7935043427,38309.6952961366,30476.1107712818,119081.325391152,66522.6103100443,65006.9752976825,47677.039845926,38199.9522950972,30480.6470017952,120647.721988189,66108.6325191381,64696.7400069019,47490.4020188845,38134.8627784918,30513.4571394172,122382.835231899,65477.335373466,64205.3298546123,47210.4775628654,37948.330040226,30417.4476833659,123551.607679582,64711.4799926268,63624.475228261,46900.8811504131,37741.9661549638,30288.7236162559,124422.476306803,63989.9921238643,63100.2345332515,46673.3372344056,37616.2797432397,30226.9864816852,125419.006550101,63241.5960544778,62522.0564016705,46421.3473131499,37489.1548047064,30175.0295925487,126380.180188873,62403.9091596763,61840.6943950515,46078.8833040476,37296.8621825518,30081.2192716669,127161.417943779,61554.8598680777,61154.2197829375,45721.4406879378,37089.6343536016,29978.9559227827,127938.641583725
163,194014.723941985,141415.114931508,76580.3059684948,50822.4568963865,33461.936626739,66749.1800624991,164675.400986096,118444.065744988,61882.0070883785,41030.2834859525,27105.7408531258,54898.4681331731,172556.639827018,129787.569500841,66012.3458351329,43373.9788026335,28552.9072110249,57701.4193647342,168878.871313354,126695.310207225,66381.2401832111,43332.4492259526,28457.8129828996,58069.611525741,166108.832894034,125743.45753264,65773.4735757178,43303.3323344636,28439.5475701042,57901.8612138361,167383.840243273,128048.92286464,68023.6543480836,44806.4485391538,29532.5658719191,60555.2693595342,163052.147923105,124978.035136826,66978.3268731916,44464.3864660894,29416.4394866262,60611.9843503988,163336.306807664,126557.67881282,68321.6316164854,45543.6094458932,30305.4204412021,63064.3099856697,160952.412237047,125036.081691334,68164.5588546628,45672.8951045717,30526.3985611838,64229.4655598579,159992.000734673,125193.494122203,68614.8520867645,46189.5110141037,31026.7408290527,66069.6390508139,158449.16206339,124688.56566746,68883.7332217551,46542.8334437242,31391.5492353015,67685.8653047581,156658.46453452,124040.207723965,69007.7563200998,46827.3601648664,31711.0805991874,69193.3543536073,155078.948299959,123565.141349554,69271.3592212358,47198.6376156235,32093.9307744334,70871.0557461182,153570.464641229,122930.57536266,69425.4241024713,47512.1278580966,32442.2285753825,72503.183490302,152124.969092685,122437.431276006,69570.7310478469,47807.7329794156,32782.4129296745,74167.0063435482,150338.625193233,121707.993519508,69617.509557384,48015.324539916,33051.131960523,75690.7624361274,148476.949345086,120921.583725601,69663.0514765055,48232.5795247507,33324.6630487688,77223.8729380443,146535.099518629,120019.120336125,69655.5432940305,48425.7867187754,33589.1446654553,78755.4155083104,144925.685373731,119225.240753954,69675.8146308524,48646.1441202514,33880.365924099,80393.4477607659,143308.916079409,118472.431072367,69639.51866014,48813.6285488812,34135.8961077366,82004.0810616186,141438.915203907,117542.653330049,69514.6034304467,48896.641607705,34320.2460617505,83464.2161941084,139484.365761699,116578.155501854,69397.6584015503,48989.6221613673,34506.7001789537,84922.6535812177,137372.528102797,115441.76827197,69206.3892547939,49042.0431043525,34669.3169137786,86327.283269519,135521.744032328,114384.210915761,69038.4350832463,49122.6641892313,34860.6915230326,87836.6258877958,133777.154450768,113420.229725227,68851.1915633563,49181.2994785286,35040.2331223499,89374.2740220353,131696.108078794,112242.227930319,68532.3547598791,49123.0064190347,35126.5534966404,90705.3581580465,129524.164187041,110991.219906871,68211.9845619007,49064.3206747255,35205.4096783998,92011.643713007,127499.752695446,109741.901330612,67904.1219473419,49029.8887288518,35307.2764016565,93385.8592597481,126311.942399932,108880.844643179,67740.0056515172,49104.6124267983,35496.1917346044,95037.5910766164,125477.368352148,108392.288462024,67614.4738358057,49166.5046021426,35668.6151138185,96707.4371184319,124324.514414408,107717.260608959,67380.3453667091,49086.4359137991,35701.4976354668,97965.0178142457,123132.84889096,107082.354396313,67230.5074382894,49063.9052066117,35752.7521231144,99145.1997557648,121837.384044521,106355.040229388,67079.0823817236,49060.2857302234,35819.7364243595,100258.796058734,120393.820824477,105471.43176623,66838.6708858135,49012.8330903218,35867.6071448178,101271.418455391,118952.632878543,104586.350252801,66588.4503234349,48965.085871103,35925.8765606084,102325.13491328,117474.7440575,103653.533259959,66303.5278508276,48892.0771852919,35969.7713209123,103375.03156163
164,126598.006517524,112256.621022123,72172.7204500007,52773.0866340902,38352.1610004808,105239.611860292,113832.786273734,104175.741540466,65696.0797117224,48157.3474975025,35129.318884602,97512.5452730054,100447.285129642,91770.3991212965,58313.9597236434,42925.3711175299,31402.5230864701,87765.1880696393,109776.071043841,102760.822708358,65706.3245052681,48415.2327471041,35626.4878588047,101024.198548789,106631.568311528,98492.4725745111,64037.9684908185,47455.3685372318,35020.4629430492,100920.880985916,101276.228098079,94370.8494081462,60942.7968358611,45399.7591901362,33693.532580824,98589.5907969609,103737.40656726,97874.1913756407,63817.2876854054,47514.7939197528,35331.364291321,104950.573184714,102209.81079444,96226.5729590504,63473.0664118301,47511.7497890102,35421.2084148491,106570.623133257,99394.7899788407,93942.7834536651,62048.2858703027,46684.6243291638,34977.3258610312,106613.971925629,99650.8972527919,94874.7143290564,63000.317213829,47498.8880168703,35710.4356111585,110376.327631276,98719.4734672814,94176.2962179486,63010.8013141894,47671.6837166825,35944.5849104358,112587.471930967,96729.1962997999,92648.5042761378,62236.9721186263,47267.5051377389,35768.4406385898,113492.767407711,95807.7561712312,92296.8781224082,62347.0610529494,47484.4337023106,36048.3613288059,115874.088979553,94974.8042002706,91718.0752305942,62368.5200256428,47667.4418408635,36301.1189864654,118186.843196873,93670.1435999268,90753.0278946806,61963.7805560387,47530.8760653378,36325.4319807332,119802.504540986,92451.5541051679,89994.6127010982,61730.2116268192,47480.4395661099,36400.7355640321,121624.081302153,91264.5941871926,89213.8239241807,61552.261996212,47483.8651459742,36507.0892971841,123534.079669405,89849.4909927253,88166.2414296746,61175.4239665193,47353.9901917906,36520.9169266313,125132.48666447,88644.9658077197,87225.1295871252,60834.747205256,47251.7226526915,36563.0303163911,126873.309110637,87641.6464440855,86537.3035047269,60606.5475051248,47222.0261573199,36659.5549086117,128869.526686466,86401.5370037808,85616.3083556819,60237.0642003422,47061.5571399376,36641.9241797391,130491.61834467,84996.7575595969,84560.8810679172,59781.8302718272,46837.5725571766,36568.6774457771,131892.42941439,83607.3816635978,83519.8643621246,59363.0041224986,46647.6617494087,36523.7245038675,133382.163250676,82351.6782089305,82484.2881891722,58940.2904161144,46466.6986846779,36492.4271254059,134943.49083659,81183.6668825337,81555.8442238696,58513.9660466435,46277.2132270466,36459.2334482752,136557.630755705,79866.4598951633,80537.7848431797,58027.0334140194,46013.8962889859,36357.254161364,137955.285240564,78405.6058988405,79361.3621605348,57463.5103796114,45690.0033142149,36198.0570972606,139118.851947175,77011.4929763999,78195.2585602354,56909.1426937806,45385.1778913365,36057.4062865642,140339.870191821,76158.8404607122,77326.499172378,56505.7268042247,45203.9475149493,36020.8193710806,142001.865002414,75675.0496931729,76925.8887213178,56274.4934053148,45127.1193267528,36061.7953385781,144036.103609775,74998.1624055385,76382.7846828046,55966.132214061,44929.328804719,35971.5647142054,145511.551085625,74121.5717726242,75679.1168800837,55583.6220135683,44671.4344888703,35809.9005010231,146515.86792331,73267.2143947928,75024.7348185398,55284.0024339435,44495.2686269531,35713.9277478847,147605.868333954,72409.167060206,74337.6577075515,54985.8309243921,44341.9916956927,35647.8895572589,148716.746595047,71458.7400632998,73532.9702979692,54586.9842230762,44119.427137336,35539.3957887073,149634.514297259,70474.2198538255,72700.1971969293,54151.5115182323,43864.9698059562,35410.6923442401,150500.806290537
165,176921.395174048,122277.679997772,64623.4856751122,42387.2200767597,27615.0425279749,55257.8173971099,147803.782244225,103009.660321489,53595.9936913593,35101.0210631783,22919.2448920011,46392.3988336665,158139.423070114,114669.411232973,59135.6952355317,38823.8768168574,25438.2060588054,51698.5511573036,151267.263000471,108511.551806617,57238.4437680007,37513.0434039408,24619.7091873961,50740.3711112858,151632.440955689,110614.991657021,58199.8952863295,38390.1045082242,25274.0721573835,52502.4203256311,150570.197137855,110440.68799209,58961.3093395243,38938.7360401124,25701.809305941,53930.9572324089,148107.154948573,109293.95572005,58780.7904897894,39077.9413749198,25901.0475999705,54789.4873492512,147574.136508235,109845.265932459,59555.2515816338,39760.480097559,26485.4141598799,56608.8974611858,145869.540822461,108998.071549866,59611.727207122,39994.515597058,26762.0458341243,57842.9648500326,144890.488559574,109017.459675317,59968.7569925471,40414.4786286788,27171.1225719444,59421.3158667009,143476.598677205,108597.040006794,60187.3255418849,40713.1695114972,27481.7848855587,60821.3888862893,141938.739051471,108125.419099526,60354.8912815318,40996.5448728144,27782.8200436422,62194.1184726468,140455.575536564,107661.73418892,60552.595057885,41300.7372441602,28102.5168534814,63628.7024511923,139208.449790308,107216.880600287,60734.7651837734,41605.1185670427,28427.8304977579,65108.1075161315,137853.697352984,106770.231204367,60846.9882142895,41849.3882871916,28713.5965329638,66539.8118778993,136241.629049286,106163.35944846,60902.5761567994,42039.0031669531,28952.2069160307,67876.7655534861,134566.755542461,105504.371098729,60958.6917702346,42239.9333306967,29198.1669066372,69229.0529366237,132815.92314883,104725.745580542,60954.1965232729,42410.5319590073,29430.5800484546,70567.7936404734,131424.964265105,104094.11358331,60996.6593676745,42619.7373155026,29696.788580618,72029.9582402078,129942.843847126,103440.320318027,60959.877883879,42758.6462951589,29913.5404825106,73422.7600979274,128255.547801126,102656.760888454,60865.6071024043,42839.7051460052,30078.765565404,74703.4784182722,126483.308718479,101829.656465542,60773.2529332464,42927.4993193447,30245.4680563277,75980.0901057285,124586.071824774,100855.806365612,60614.5327934453,42979.8075798004,30392.2455116254,77212.4124707931,122959.885566663,99979.4189777643,60487.2237817142,43063.7394600877,30569.2693280395,78554.3696133759,121364.817280314,99146.0958334667,60321.9532442883,43110.6693712449,30722.1331421651,79886.011705647,119467.571612495,98127.8591612458,60050.5255484864,43062.980793887,30798.2558698743,81042.1478382136,117515.596533105,97059.6888397534,59786.5910152715,43023.8859660036,30875.4976826369,82195.173805873,115716.783731516,95987.7991988788,59525.4466559991,43000.0525234699,30969.5085877425,83402.6193010309,114749.328268167,95316.2837567923,59415.7036490982,43088.9281781624,31151.8039378266,84894.8155497654,113960.821413355,94885.3456870229,59293.1039849205,43126.856999583,31288.5194298452,86317.3931049602,112913.165598661,94306.7982275797,59100.6238347003,43062.8670325778,31318.1001496862,87405.6755408381,111843.032660409,93774.6014419567,58987.2299094278,43057.2018820469,31372.3937360531,88448.244089509,110653.275979135,93131.7508904379,58851.7785477974,43053.3638984046,31431.1024526024,89410.4200092189,109352.038677971,92374.9076749188,58649.228558372,43018.3610499322,31478.6200299563,90304.3307043317,108050.864977689,91614.8912877552,58437.4422610093,42981.6166082103,31533.6325656031,91233.4033263634,106709.877036585,90805.3756085282,58190.5470808564,42919.1829397279,31573.0577207544,92150.5734023077
166,284104.710827659,148956.957072316,49691.3531070395,25335.1290086161,12803.9546364523,16872.9451768354,257619.096711788,130363.73784728,41960.5056053825,21467.4257892176,10869.2443447841,14657.6750947455,259955.481560493,133633.85360807,40145.5702364058,20724.7561991957,10691.5335397125,14778.3340384406,257833.089464401,135006.233350286,39918.8328806448,19886.408231165,10098.1174312894,14412.0269084165,256242.970835777,135979.804541256,40710.2629326652,20085.01231266,9988.46969023631,14124.0745416173,254840.73162249,136792.752010885,41464.8058282279,20529.8181038038,10176.1002649028,14125.9769109058,253247.572139512,137347.695034933,42107.3002748309,20959.3927943216,10427.7657657998,14339.4665718809,251568.314919696,137828.211740158,42698.5090560108,21365.9917495894,10683.9598922877,14660.0482931952,250365.242808155,138371.266171903,43294.963276097,21773.8632791201,10943.1120421088,15036.0830598322,249015.724481912,138866.415353298,43832.4946734284,22146.8167312542,11184.4238986221,15413.2453754663,247491.880498401,139300.631937384,44373.3508894872,22516.1329695352,11420.8078864962,15789.1322082585,245756.875419039,139620.031846405,44896.9859077299,22883.6672894552,11658.0601988273,16166.2677965753,243835.177112449,139832.907289001,45400.8573599393,23246.9583740512,11896.7457660078,16548.9439658107,242366.996954282,140107.317222631,45918.6986400645,23623.5837631465,12145.9656530369,16954.9500502191,240693.347588351,140324.027120507,46371.3590935674,23962.5688501091,12377.0571782791,17347.878394751,238736.933614197,140442.161944559,46823.8795233787,24295.9275643172,12602.0887765294,17732.7117434633,236537.889100641,140419.566650244,47258.2355237142,24629.5990065684,12829.885064771,18119.423016332,234189.074049037,140289.130358952,47668.6326358276,24958.7057745563,13060.2869134629,18515.0575322137,232359.525732333,140244.249823808,48095.5229960776,25302.0862526525,13302.3019492923,18939.0402666303,230369.861701944,140163.280174766,48449.9099108582,25601.400200423,13521.9121021316,19346.3019855109,228145.030172026,139993.389682762,48807.179504382,25893.1735141227,13732.6765614664,19740.9484270408,225663.149196197,139678.144881138,49139.0655442572,26181.5923485044,13943.7124240387,20132.7110928588,222981.573614904,139239.33337112,49444.4760000575,26463.2684259121,14155.9119160874,20530.3592797866,220685.628959392,138846.843563287,49761.238129787,26758.2487437701,14379.8629219792,20956.5437611466,218365.523385561,138446.451334653,50019.5936149571,27018.1784861868,14586.8930725534,21374.6050926416,215698.274227641,137922.400002592,50250.5291690238,27253.6368977564,14776.4497437418,21770.8789173456,212850.837002236,137267.065873227,50473.6614261177,27492.7768792432,14968.7131597084,22167.5753855318,210066.227255295,136546.583196943,50676.3864014007,27731.1751303995,15166.4155792595,22578.3252091062,208648.726462428,136220.430350531,50958.6596815692,28016.4279575399,15394.2338875339,23053.895589427,207431.30387385,136071.33252692,51146.9979516416,28224.3396365023,15574.7650777744,23482.7655033837,206096.226982582,135933.757281356,51360.8374511838,28413.5517001235,15726.4654663893,23855.3464987695,204549.504677849,135690.290017414,51574.5292057325,28608.7916078798,15876.4022353819,24197.0839920008,202782.385074146,135328.540450656,51766.5030895977,28802.1266466917,16029.4593225768,24530.3557870338,200916.208888066,134884.761567037,51941.0284766325,28993.9273517482,16186.8544489191,24872.5301861673,198945.007482537,134367.07434716,52086.631324494,29173.8410754471,16341.547821459,25220.224232353,196882.047188626,133783.39902565,52209.5299429987,29342.5595123883,16491.8668043111,25571.1520274872
167,223665.695207629,143233.364049629,62996.1241059178,37383.7866963296,22068.2259536598,38937.6215044297,185097.938024691,118474.580425082,51303.4994765813,30480.6788387214,18054.9563886738,32511.4484856669,202355.191368308,134674.110503761,57194.2966791068,34059.8756000718,20268.7533997723,36401.0034274291,188106.056378445,123904.101530372,53839.6978795101,31875.9664455382,18981.5309431463,34729.2195508261,195311.093510785,131910.198993951,57029.5121517135,33907.6228906266,20189.3545363742,36929.0126923521,188094.108164416,126893.562845072,56061.6885544606,33381.3378194223,19905.888741815,36634.0651556224,190269.797120388,130338.025298622,57737.0093329165,34641.6290184604,20759.30480264,38204.6575576385,186197.329224061,128007.94037188,57555.3133307127,34662.3295856123,20873.3568011147,38706.9115471995,186519.575391801,129506.057298122,58544.3939138962,35480.8151875676,21479.9281275623,40053.6144805738,184163.386656857,128537.499376501,58714.3858413939,35724.1535147209,21731.9295960306,40894.0697057309,183246.877065428,129027.264940916,59320.201394408,36269.2356644629,22163.164078148,42017.1737163856,181229.960042482,128478.942845713,59639.861230179,36611.2043223109,22468.307989803,42954.4748887443,179614.993846845,128353.073617283,60056.9817015438,37046.5105091741,22836.5673572145,43987.4845237341,178140.185402744,128058.853801297,60452.4423725519,37458.7131914787,23196.1279397979,45050.0941551009,176594.194760231,127806.571398283,60757.0030479132,37820.2548432059,23526.6967157223,46077.2341509251,174770.363797902,127408.499069321,61044.9617554688,38149.1248394282,23830.0289117881,47069.0104298642,172805.200539583,126895.987871215,61304.7554019753,38476.3304019928,24132.5742783943,48052.3814903968,170723.906983393,126263.970150673,61519.3738567632,38784.8285470126,24431.2900825273,49043.456914006,169075.976118028,125766.129516227,61773.9520880471,39126.1593185939,24757.0626816661,50118.1723653007,167311.775125658,125216.914351521,61930.3474045511,39395.7495116759,25039.0871365007,51147.2262978416,165354.357528725,124581.846269337,62060.5087746084,39631.3154341237,25290.4636003588,52123.7503419567,163246.203384248,123839.396242992,62173.4258397059,39862.8242424,25537.4985025815,53087.0949160772,160947.514708867,122936.645271656,62220.9110721469,40064.2948037817,25771.1936288548,54027.3452131425,158976.578660721,122129.156912628,62306.7792474532,40299.0412656071,26033.4651610781,55052.9106260491,157021.611665101,121319.978299643,62323.0975831252,40484.8303272634,26267.8015258175,56062.3186819308,154773.605438424,120372.732498242,62267.171982817,40605.5646007462,26452.8446693794,56986.9433568582,152418.119286955,119333.97102311,62210.5857338352,40729.0507003366,26635.7417465736,57903.349399265,150137.941850107,118235.962292296,62128.4005115228,40850.5993816098,26823.8862056201,58839.2951593028,148901.991540382,117579.104499861,62194.4357490247,41073.5737908516,27085.8828420251,59976.2025499878,147906.04518677,117152.531839824,62198.3318957114,41222.1537080354,27293.2542795805,61049.6728546073,146686.111505571,116654.234335764,62166.9287915141,41293.9350054143,27420.0317495752,61922.7074649332,145421.48159572,116173.734729467,62205.1848495099,41411.2747720369,27560.6632355864,62750.8218643992,143930.318934172,115509.547415482,62182.2578589403,41505.8217254368,27689.7960206327,63492.7509884005,142379.544718631,114792.280413936,62140.1325303468,41601.1283541067,27829.034015934,64240.585940875,140775.306270808,114012.071182767,62064.5160724913,41680.3159236708,27964.6797201239,64995.794867357,139103.232536377,113167.287884146,61946.3620053007,41732.5782152771,28085.8921970089,65743.309595103
168,122163.024095579,101928.815121848,67685.8397642802,50309.0998308133,37150.9155310337,104734.663630103,107754.51856016,94175.7608116961,60986.3784582857,45376.7597903914,33604.5560964032,95626.3708115136,96352.685965604,83953.6954451522,55001.1531101271,41082.1051158739,30477.7135466369,87315.3504668293,104181.007949123,93010.6968928916,61166.85497995,45769.7985440547,34157.4154197587,99215.1471873532,102226.238928246,90240.3653284275,60370.0980297964,45390.00270148,33965.5567352301,100176.118581695,96762.9852960459,85901.9900544634,57185.0218692777,43246.5187913523,32541.1897421475,97446.9205588837,98439.836243599,88577.8121057897,59357.4474188392,44883.0445954679,33856.11022385,102972.738996511,97866.6183936395,87996.975491849,59690.6410638615,45329.5639233248,34270.2913619989,105634.640767408,94975.7662595214,85534.3173361455,58154.7426217232,44405.3556530029,33729.2167158549,105372.349106398,94708.8140308062,85956.7331027668,58639.3037430322,44876.0858821442,34213.2645212065,108445.968517706,94301.5820137443,85850.4191429174,59014.1878819564,45288.1583565076,34618.5036030692,111264.924441439,92414.1184203991,84373.5540131399,58270.5297540437,44892.1467851951,34430.6626963288,112142.949621612,91170.6414785366,83707.4825191109,58072.7154178446,44872.58529446,34529.9082740329,113985.926607648,90576.8102900367,83407.7375618557,58229.209736718,45133.9636895025,34835.8678977541,116537.222147767,89453.1319255203,82612.0539377261,57923.2334486234,45054.8678799574,34890.6340355885,118286.081881535,88086.6436001635,81706.9042823184,57526.7989420611,44870.3753411857,34855.5706977279,119762.961414106,86947.3225436197,81011.9000125173,57345.2616429428,44851.9842327366,34937.833869316,121631.080900348,85705.2788335478,80156.2275792531,57062.9353894988,44775.9175724894,34981.6892298482,123364.244624669,84515.9676074845,79227.1931054093,56681.3112821241,44628.3009497458,34979.222490129,124976.733899329,83496.6133931673,78549.6229772429,56403.8059591469,44543.8993471106,35025.2168332088,126828.464097414,82359.0493573854,77759.125336297,56084.015456988,44403.2599523462,35012.0205679756,128489.700437255,81016.171974811,76786.416643866,55643.2432101154,44174.7730546362,34924.3386553169,129850.984280055,79641.0404792697,75782.4347301376,55194.7891097054,43945.8900014479,34839.3277268621,131208.725935953,78469.0130373099,74856.9092976534,54796.2978286058,43765.5035027166,34798.3910461131,132754.705289604,77379.8673074806,74033.7236040848,54401.8133786342,43582.559539426,34759.1464372817,134363.686240183,76098.6913250118,73080.8109713835,53915.4858440313,43302.8303832872,34632.5915946351,135670.251495111,74676.5619508552,71982.4408820788,53357.8010420419,42965.479409376,34451.2474888219,136742.499137446,73353.5143061553,70919.7220040334,52829.4502181344,42663.717372872,34301.7374243511,137926.019943658,72588.3637795765,70151.8924661202,52457.8744289594,42491.9956857169,34262.8344284443,139590.307695461,72128.329375332,69791.652819512,52227.9000009462,42401.9013027581,34284.1917096555,141562.489271667,71471.981098089,69286.4420722419,51925.1327050431,42196.2093179059,34177.9507606425,142965.061991371,70625.6751336565,68634.9977767886,51554.2744565512,41937.2226737281,34007.086162214,143912.267404816,69799.9505683162,68030.1695646365,51259.6002019917,41755.3659225433,33899.8609650178,144947.690296409,68981.6143652337,67402.4915525173,50973.3690668982,41600.2284227139,33825.4779175579,146022.065195941,68079.2685813401,66672.2807386064,50595.4971117551,41382.1752000406,33712.675643461,146914.29254822,67132.9713251087,65904.5592535148,50173.8063197913,41125.7269971044,33573.8836120964,147726.73518049
169,334313.423085634,102762.649389604,27946.5391197994,12801.1490634039,5849.00001380744,9610.93613957049,316199.697432466,96850.1062886406,25747.5958699314,11867.410785007,5443.29095720185,9185.22496786299,317984.451582997,97353.9005412737,24287.5362949863,11334.4939654914,5308.78042539213,9245.24893378892,318133.647761953,99109.1498162028,24171.984699467,10841.0198947857,4984.19603897631,9109.37035802042,317672.043223852,100179.958261907,24643.2250575751,10942.4657763696,4915.54063361523,8978.9030430675,316998.812520436,101112.988390583,25098.0327997809,11167.0782243496,4996.21637832787,8996.3734913559,316220.68936718,101966.52943088,25531.4122757141,11401.418195871,5111.00716870738,9108.0832236789,315375.629575891,102770.903934489,25948.4220635179,11631.8084838827,5230.55704830834,9257.76431243229,314985.803220883,103577.516554332,26361.2374045952,11861.0759978432,5351.07656510125,9424.66431270254,314320.394116104,104352.253650229,26741.0261213924,12073.2867807678,5463.93385052465,9587.30656038663,313454.720260786,105103.075333009,27135.8453917677,12290.1116359731,5577.59983917258,9748.84433031844,312312.771631179,105775.962079373,27523.9173318959,12509.3409962876,5693.98677097078,9910.14770236406,310994.705458141,106400.10585964,27908.8766527629,12730.3164497051,5813.15350614475,10073.7931770597,310134.600911287,107013.711628272,28292.3062279299,12953.8955464957,5935.23019780787,10245.1511766428,308963.103299136,107595.392511381,28636.6171558616,13157.5048348549,6048.65702770318,10408.200291056,307438.838395125,108130.566805704,28993.7231048127,13364.0449238804,6161.77578004855,10566.8687588411,305648.238713725,108575.196748882,29348.3138111863,13576.1804171279,6279.37222875258,10726.4568353166,303702.00981341,108959.599209923,29692.8770245381,13788.2386463628,6399.70821441055,10889.186821838,302260.786625559,109344.070560829,30035.0221295049,14001.7483689776,6522.47664625307,11060.7308264309,300545.830051626,109703.523284637,30334.6762564487,14192.503324923,6634.82110801146,11222.5434346563,298613.91047258,110025.895756058,30648.7944775244,14386.0964255541,6746.33179989014,11379.9876937996,296325.216615526,110249.339645716,30950.917197738,14580.2831395748,6859.81498880126,11534.9671231365,293823.535450459,110406.06431282,31249.3016002906,14776.8075953128,6976.83819952819,11692.8579821687,291699.531380401,110538.567359606,31542.5632100172,14975.7141565097,7097.47019707977,11860.1251913679,289483.338098101,110656.748434561,31796.7206477505,15153.9460323375,7209.17444071569,12021.4539458153,286856.512287367,110719.189373157,32048.5747353768,15326.0872191973,7315.78863417963,12173.3538013685,284010.986608635,110687.690768874,32303.6252592905,15505.4251850642,7426.87274200086,12325.6364658804,281284.837312475,110622.244747971,32551.8722522827,15687.8847103312,7542.91037304185,12485.4054876727,280044.373815789,110692.808852038,32810.1951014762,15876.89558072,7664.16565361768,12667.7907087446,278915.755915632,110874.340872163,32994.2083283156,16016.220168058,7758.75508585639,12827.9756957653,277710.460573886,111095.171508199,33214.6213313025,16155.3245796547,7843.92969232653,12969.3674864456,276214.407376917,111235.454009677,33436.4590413253,16301.9064162948,7932.14680602075,13101.6284659848,274457.587897225,111302.015782209,33651.393184619,16451.0999004865,8024.70867484437,13234.6723872118,272547.607020469,111302.306755316,33857.1059308127,16600.2256176415,8119.93907362503,13371.5612293189,270513.900715123,111248.941759768,34047.6579518803,16744.671504901,8214.86947842985,13510.4046899429,268373.317817155,111151.077288441,34226.3567304664,16884.0919115659,8308.27555268502,13649.2335888098
170,130888.808569536,109730.126746512,73908.6188061269,55278.0329853092,41117.6555320101,123056.623283716,128715.779330464,112428.433076184,72742.5972938313,54595.5945462923,40750.7480950669,123400.848925661,106442.414889253,91609.6883735631,59832.6987574121,44770.3471818229,33390.6775715286,101738.790263245,115758.445047175,103634.23602172,67447.2072401533,50447.0961098737,37746.0722321938,116005.6542179,118028.417179089,104567.093600851,69963.2414230365,52498.1495298282,39280.6893566741,121965.525810303,108434.987372196,95794.640676672,63815.4081203872,48337.9205879992,36401.668906932,114177.247991094,110164.508125082,99188.2780392255,66189.7283273478,50123.1155807806,37895.0136991673,120451.618101643,111470.538608373,100396.610357414,68064.363412458,51710.2516385532,39159.3194474093,126026.030515664,107065.702931336,96235.8251815779,65443.9930028728,50053.9924875456,38091.6995391756,124095.883664091,106341.252355346,96469.652390963,65676.6899508801,50349.7302552509,38481.6111649157,127124.777445645,106748.915336756,97236.8946764315,66773.8153499331,51301.4243878954,39302.1427201255,131626.08689124,104422.730416951,95238.777116298,65752.6198042492,50733.9212365297,38994.9320345744,132287.181716856,102630.689726691,94157.6526881928,65234.2370399204,50489.6415524805,38944.7561285091,133853.521153187,102224.048796159,94134.5256294226,65647.720740999,50951.9282409131,39415.3241925447,137250.993160019,101069.957607899,93280.4107321536,65371.2760212781,50924.0964965809,39521.8963957406,139418.155908556,99339.0477559759,92058.720365933,64756.0794994862,50592.589806502,39391.9727639546,140795.083067181,98088.9769836357,91337.1594189202,64582.7427939107,50588.2642343257,39497.379151197,143005.854900705,96785.1515964233,90472.4550680482,64352.5637519931,50568.2873964464,39594.4534693212,145176.698776451,95354.4902429619,89317.7631073027,63857.347633074,50354.6047758416,39554.5541234577,146886.581375306,94185.2497986625,88532.3691198963,63519.9246298386,50243.5107597263,39596.226944416,148981.864025208,92976.9360660889,87712.5184189212,63210.4997900578,50122.6852407016,39611.4801865332,151017.791099192,91476.8878437622,86615.7564592817,62714.0615100912,49864.6764022138,39511.2175610389,152581.42424953,89879.9979667591,85447.4831973109,62176.9269693424,49579.7595630409,39393.1208516571,154053.9475101,88534.9680331176,84389.7679097802,61725.8632345735,49372.6212431493,39342.2483918649,155808.067892241,87340.3831139974,83480.023983627,61301.975872003,49186.0684527989,39313.6601471363,157716.262335893,85918.1923526933,82417.7440930361,60756.4248576129,48874.4187635522,39175.5034471719,159237.393805101,84300.1474931247,81166.4282545136,60112.7768097486,48478.9859070288,38958.418624243,160418.915537199,82778.7785797531,79961.2835448763,59513.1249841272,48132.5725153335,38782.6984548928,161745.098328688,81841.7347546344,79035.7086048324,59070.8700804884,47919.6734973022,38721.8779405837,163584.866762949,81336.540685984,78616.7993155513,58810.8139294192,47826.6255914105,38755.4479392721,165904.869348229,80631.213207403,78077.6027943799,58479.7738888797,47605.1909719801,38648.6838343191,167606.160044447,79677.1716304028,77335.289243769,58049.771810927,47299.6628722039,38444.7243370226,168680.588446675,78737.1092783942,76643.5253513127,57704.6679174904,47080.2135007357,38309.7706269183,169834.0115537,77824.2269938875,75949.2838614103,57391.8743845831,46910.23426956,38227.1179620961,171085.308735015,76819.8087869246,75135.6545623005,56975.946426785,46671.6227970015,38103.7989622839,172124.340999488,75746.6996844823,74263.0426415316,56494.8026104049,46377.6127944061,37942.5372975151,173026.929606997
171,183395.741800092,127333.042709031,67028.092716721,43958.5211482828,28632.4033820105,54428.4749654202,153671.555925967,107093.838533172,55046.8073239485,35978.5413979201,23466.9895630059,45001.9274527548,164969.294774058,120153.327043376,61105.9229999525,39908.5048611671,26071.9733012465,50280.1644942895,157101.511192499,113083.397999669,58884.0449337117,38372.9895087246,25051.9569074702,48783.2576183694,157999.530738601,115842.752570262,60213.8921998737,39485.8467987623,25857.8469944212,50683.5024558198,156419.329526736,115208.507595497,60796.2962695553,39941.5070113612,26221.4225593545,51829.2654525983,154125.659719817,114305.989711544,60756.6610389135,40182.4045505323,26500.4169239879,52810.5998218108,153404.768575452,114708.904073584,61495.3612751604,40849.1900444764,27076.4577962815,54548.7840478309,151690.062466381,113895.924175465,61581.0219067952,41112.6370415263,27379.2966098303,55818.4940856773,150653.214425174,113906.51580402,61959.317185459,41549.7889714702,27802.8194690893,57404.4754024577,149142.65375981,113436.844841992,62174.2990575565,41853.2982677727,28119.6379897688,58801.2230145631,147572.169912688,112973.881294584,62369.7819701914,42161.4163164641,28441.0652075739,60208.3989518817,146002.819230908,112466.583047833,62567.4781756277,42471.9640692616,28768.2524357508,61649.2606800365,144704.707561795,112011.100113361,62763.6206608823,42791.7332146448,29107.3771322609,63148.5553798441,143280.598227958,111539.366055106,62884.6876803431,43047.3774271329,29403.9166205125,64595.9435098386,141592.009284949,110897.323217495,62945.3551625187,43247.0717340067,29652.7603951922,65952.6192993208,139853.681099572,110213.327774708,63010.6343679214,43461.1081914059,29911.4828764234,67332.3143771504,138011.889002755,109388.064905636,63004.4053971033,43636.9580439062,30151.2313924773,68689.7448181424,136578.232049205,108739.709814417,63059.6292033408,43861.8658038104,30431.9391318101,70183.1819575139,135021.726885207,108052.938639623,63023.3833513258,44007.0643581697,30656.765899669,71595.6212346421,133252.486912936,107224.600097431,62928.3293033021,44093.6017986313,30829.1753368358,72898.7458088409,131405.569887517,106363.313231884,62839.9387749937,44191.4152081821,31006.7423517656,74207.4467824518,129417.719429653,105332.859387491,62675.1036438069,44246.6002681559,31159.6921680383,75465.3406197125,127735.022163881,104426.804196629,62551.9929123027,44341.287328921,31348.6676081041,76845.2005503119,126063.078218933,103551.432180728,62382.6720397912,44391.512416146,31507.949861054,78202.5769743308,124082.160425858,102481.860515205,62105.3042473212,44346.3136413519,31589.7018861116,79389.425002187,122050.269225147,101367.960031238,61838.1403630018,44312.3317231739,31674.7976951578,80580.1260445703,120174.601555407,100239.690651805,61568.6844161913,44289.8898128719,31774.1032810234,81818.1168537978,119196.191742847,99561.9902524364,61468.5131305828,44392.8539274357,31970.7894387345,83353.5255288525,118369.47676238,99113.4711830447,61344.3169480753,44433.0435919739,32112.3666365678,84792.8794138394,117262.549780139,98499.0650271175,61145.2872038268,44367.8269552583,32143.2095279012,85894.0262925366,116154.343355598,97947.1423864114,61036.6518402802,44370.4140801316,32205.970481639,86965.392293093,114917.191425292,97273.7904093189,60898.4155718445,44369.9948052108,32270.3036843887,87951.3976791251,113559.863011508,96481.3402344889,60689.4517067473,44335.4546895634,32321.4568530383,88868.9944170529,112201.327134865,95686.8005672624,60473.6291717457,44300.6957006779,32380.9715540072,89824.7062185963,110799.842499941,94835.8275178091,60219.5959361513,44238.6320680833,32423.8786526886,90767.2478425285
172,134852.464157837,106392.21885526,67253.2216956941,48484.6389251967,34703.5403414853,91709.0745965358,119918.620717824,98620.5743314088,60132.3650283012,43361.9394357491,31145.3726137599,83199.6073074292,111089.559107682,91775.515946629,56311.3478750967,40647.4495382393,29216.1097625238,78512.1408957099,118011.715664753,99615.1986462395,61531.4943712797,44406.7251139613,32040.2664717735,87091.118037272,113180.334180913,94674.1538575222,59348.6807153123,43036.1336137877,31105.7226727498,85532.7476945128,110750.022330632,93747.6789236994,58660.5023161449,42742.8717364843,31043.9281711982,86322.7605566149,111970.860180911,95567.4681456601,60466.9876908128,44134.1592335361,32139.0873607533,90438.2769511749,109306.135465127,93313.5123106304,59553.0433770142,43712.9863993319,31952.6191813788,90930.3505629007,107986.937258452,92757.0443058338,59396.294080935,43788.1616538043,32161.2966687376,92661.6353601902,107809.751312864,93094.6846970534,60012.7027101731,44374.3253415762,32708.8307976901,95484.158455486,106122.688544123,91916.8374405338,59615.1102949556,44247.9184836826,32728.8442854896,96770.5834172041,104734.74588364,91236.3873448057,59461.560349898,44285.4761433066,32873.6281060452,98431.1048112178,103720.797932392,90814.2874304716,59584.9009405253,44521.9577459944,33157.1342750106,100524.717664631,102481.77914682,89968.602331371,59391.4347292677,44550.1818417427,33295.173721489,102199.484905412,101338.025895637,89365.7618625424,59245.918708368,44596.2812545214,33451.596960989,103987.698632008,100108.42888596,88701.8748907318,59126.971475075,44635.299645802,33586.5085052608,105735.44931651,98665.9103371314,87814.3689451611,58879.8468259781,44594.2845066863,33658.9182723739,107270.291547559,97203.1858631321,86911.2407248333,58615.6512256298,44548.4837901578,33735.1474366703,108828.094340026,96045.9092617363,86127.309793,58417.6614819344,44556.5567717453,33857.0129431351,110578.317212555,94899.0814878514,85424.8634390195,58190.8763744275,44532.0726904218,33955.2495775107,112313.620947301,93531.2267863455,84532.7276861842,57860.1877618889,44403.5893358857,33960.9610122298,113767.189388504,92086.5117494215,83605.5492003979,57522.4594489531,44274.3636417886,33959.9299053601,115177.285811875,90591.4376032534,82608.1453690423,57163.6795907966,44137.4650597294,33956.0132258064,116568.955112236,89249.7920264395,81620.7747151267,56792.5967917021,44002.6696094112,33961.3915463183,118018.772999836,88022.218675455,80778.1378440848,56445.399166373,43877.1930939672,33977.4670837482,119566.608343705,86585.5446483074,79792.9526903398,56011.5296114601,43660.4807007397,33911.5807924492,120860.985232337,85002.3595546177,78659.8004439735,55506.7733619735,43391.2645032516,33797.385535246,121965.837350762,83530.7357657675,77566.7718354204,55032.6906365973,43157.1423341063,33714.7121030329,123177.561385519,82707.2935781235,76796.8913167426,54721.3942682161,43054.5112990021,33740.8405740124,124829.376192225,82177.5969892875,76423.8910593625,54518.5081454475,43002.3188186582,33800.8167370891,126674.333224492,81392.9642275645,75856.9716455852,54214.5309911313,42812.4422911217,33717.4113074439,127944.772799166,80470.1487863268,75213.2684854349,53897.0801308501,42614.1210603153,33606.3486114299,128942.273975637,79583.7840485606,74620.1511908142,53663.0377293977,42497.481653717,33561.1673748146,130036.046698981,78625.8921438719,73926.5176694528,53376.5494165231,42359.9480958098,33511.2669094664,131030.116222101,77586.4291284068,73142.1679967462,53007.7929961502,42166.899252236,33429.3890225405,131893.053842991,76548.6206436338,72366.9876252051,52635.9735820266,41968.0278886263,33347.1001558545,132789.393218672
173,250520.680697556,129815.966124211,52977.9509162054,29900.2087757889,16750.7883688843,24204.5294321719,224325.577496994,119449.844968017,48146.1314636318,27250.4556207113,15314.1929639236,22280.4094730802,227176.201870766,122836.477955122,48939.6021949174,28035.1616710313,15961.7348046622,23510.9009218126,223351.04546814,121957.724149133,48617.2695319072,27618.1370502205,15753.5784987646,23708.2902475337,222862.92941959,123373.62733091,49648.8487618865,28180.0206796776,16018.2119620776,24276.4528698733,220616.140142452,123237.977451204,50169.9633160781,28602.1885648617,16280.2516875174,24692.718324948,219152.788771321,123690.137387567,50861.2026329559,29152.9906946805,16671.9898597077,25369.5080153554,217179.347754212,123672.154987169,51358.421418943,29597.6187802436,17014.2808154581,26049.5562146804,215938.338106148,123960.01418299,51949.5505904832,30092.953319384,17390.8191912739,26841.9341427744,214389.636730489,124072.24162209,52415.7882025259,30508.87676063,17719.3315865821,27594.2956358597,212754.858186738,124193.114568307,52904.2050151168,30926.2524568408,18043.4413876486,28351.5990757838,210898.991558973,124170.83739138,53356.417397537,31330.8602161543,18360.3746651603,29099.292602452,208913.069702409,124061.201101477,53782.4168169222,31727.4392871706,18677.6530376735,29857.0307714125,207385.431492204,124027.666503859,54234.5761553115,32147.0516178282,19013.6239479917,30663.8024188194,205649.039731027,123937.912386802,54598.4778592724,32508.9998807649,19317.6137205221,31441.9693792109,203613.766449717,123731.876164644,54943.1063265536,32847.7183719578,19601.980413121,32195.1401739636,201436.738892706,123425.31918142,55277.9221552536,33191.7693041198,19891.0117538677,32955.9568410971,199094.821687579,122990.71785266,55562.4582691349,33516.3418299923,20175.249636358,33721.235150212,197287.905197418,122676.203324223,55887.7521292841,33871.7838101618,20483.8684619174,34552.2071878077,195303.643976937,122315.748247476,56117.7327085429,34161.9465916889,20754.4508689474,35346.3914986822,193122.366418761,121867.926743131,56334.8417773513,34429.0932884397,21003.3603822268,36111.0101174007,190736.6036795,121315.768827794,56529.9292208764,34691.4718552172,21249.1572063435,36867.1357176345,188138.970699203,120610.168936545,56674.4230707548,34932.4288530186,21487.2079213782,37617.0191350616,185953.378431368,119988.73220529,56851.871029845,35203.2558853632,21750.4284291193,38433.1925394957,183756.695212788,119365.103020916,56958.9201347702,35426.4437964552,21987.5673771493,39234.0511432877,181208.866422667,118605.161930398,57007.6725550139,35596.7380674752,22185.2013379594,39978.0123164251,178527.88238277,117749.747050305,57056.403583051,35772.6132128363,22383.9220126296,40721.1381568524,175940.916710534,116830.407218077,57081.0018899714,35947.3817174925,22588.7387877981,41484.4070724894,174636.876117402,116330.036804763,57237.6489681757,36210.2924595168,22856.0048295218,42395.538458824,173484.660977332,116013.711464088,57300.6080720391,36382.4708437128,23060.7461455258,43225.8679738793,172126.108705132,115643.737090278,57356.6924600759,36502.306394092,23205.3343379938,43922.3938787744,170693.295902031,115276.74761602,57462.4414161609,36657.4875594517,23360.3963240284,44580.3351130656,168997.362895796,114732.640594524,57511.9214743389,36791.2868381343,23505.915692256,45182.1300869742,167248.680092184,114148.318583104,57552.222380179,36930.6636821809,23663.0069799611,45800.9402797128,165411.367923626,113484.935955152,57553.3100415176,37050.7862599286,23813.7568269875,46422.8499850676,163515.708628656,112770.619528408,57524.1032299083,37152.879778798,23956.0499485085,47049.5567720804
174,138091.276914364,110120.680891888,71103.5954222721,51571.8159293585,37063.8872233335,94790.8315530484,122228.098321374,99767.2511291558,61889.0788041709,44915.9357211673,32391.2942771033,83681.3524500542,110794.185312315,91228.1807613628,56036.4676961352,40766.7923182934,29484.5927405911,76795.5395756277,119406.614787399,101133.367737127,62467.402602086,45169.9277889351,32734.8960927921,86545.1022528824,114187.71939816,95577.9951048129,60160.092746396,43664.534816063,31611.103035586,84488.0550124168,111078.152333912,94120.1149009722,59062.2188584275,43113.7875799384,31357.1394917289,84632.3254773686,112946.054324861,96635.6725481985,61342.8323217347,44842.950550406,32701.2689731941,89258.2258096542,110119.647357615,94118.2791115421,60322.7173094467,44360.5269296065,32472.6212399607,89605.1576525613,108552.622185909,93360.5753589044,59991.2411822595,44322.6978077723,32611.4078963041,91134.0450688637,108607.782106302,93950.2438713194,60778.1051605853,45028.1016975541,33250.5433791753,94203.9676089448,106869.219529068,92681.8673099151,60343.1895504043,44878.4406951505,33253.7610607252,95473.1834390679,105359.830192797,91896.7330379537,60104.3629594203,44858.0151091625,33360.1530376848,97051.5240320966,104418.616375873,91560.2341563505,60286.1124450123,45136.1644552811,33676.4622579021,99263.5581911362,103175.816336703,90689.9373192856,60086.8928502871,45162.6636784554,33814.2175845407,100968.032462422,101970.177463842,90031.0625447663,59896.2118489866,45178.2516649104,33950.7723396815,102725.677764844,100756.278685702,89389.2602688833,59791.3417623452,45227.2518785211,34094.6900305552,104532.71345007,99302.5975185161,88487.7449141096,59539.9766527051,45184.054349007,34166.3408600933,106100.922857701,97798.1045497374,87543.9016301717,59247.9522344571,45119.7917445088,34230.5099912065,107657.113459698,96644.6086405972,86762.2832508977,59050.4207029579,45129.7110987026,34355.8889207313,109452.928555608,95492.667165054,86054.3178592899,58820.0350738412,45103.3413521508,34454.3137219651,111224.001784939,94099.0591141022,85135.3941478193,58470.5263613057,44961.3890288157,34450.9565372596,112688.700512127,92642.1725558004,84195.9621080869,58123.1133491563,44825.459922386,34446.0094123176,114127.683559489,91140.5352617783,83193.1129034103,57759.8634494552,44685.8469056504,34441.1090872019,115558.949904105,89792.3582315311,82192.1709971508,57379.0719708491,44544.399120654,34442.530358323,117037.700159489,88545.2891667443,81335.5393673181,57019.0782662671,44409.5289996962,34452.5818336463,118604.831381588,87092.2233176031,80333.9067798491,56574.967461885,44185.0005793266,34381.2586498723,119924.088469367,85501.8766627305,79189.2801587754,56061.3098517195,43909.844364444,34263.4227599498,121064.311248087,84025.6934909645,78088.9205975698,55578.7439787957,43669.6982846944,34177.211068295,122311.916037973,83195.9161254312,77312.1733138159,55260.5154606394,43561.5874617676,34199.9584787561,123990.691235618,82658.8785341051,76930.5793651304,55050.8440924913,43504.1094641048,34256.4135780677,125852.089856783,81872.678296777,76361.4015147485,54743.380478964,43311.4605903903,34171.1506752754,127149.873625137,80936.1754314324,75705.4433612002,54416.5832499143,43105.3058482995,34054.0487713509,128160.910810854,80031.5315006348,75095.390431902,54171.016095841,42979.9256620936,34002.2314294105,129261.080264022,79077.8781279118,74401.3710692232,53883.4324095177,42842.3581109309,33952.9668442458,130290.436485632,78029.9974435247,73611.4328367368,53508.4674401496,42644.2895100436,33867.7939641391,131177.967369315,76979.5941783944,72819.6347328986,53124.5603870181,42435.8865959627,33778.2266270732,132082.985526761
175,333559.241892056,111120.235407172,29188.2132198394,13219.2361580879,5967.33569616713,8209.64316549745,304063.421503329,99396.3526701872,26704.4415707032,12310.242396761,5605.34762318517,7760.80113841726,305189.266245725,99889.8731108324,24655.2776611976,11598.9623762601,5468.23168816616,7888.06360050937,305647.967112571,101995.935393729,24547.5999160344,11026.8895376342,5077.836551058,7710.28941114424,305131.217311551,103146.081298984,25057.2212637504,11123.333334366,4985.75271389076,7514.62556704727,304277.986747519,104084.576445155,25533.8695238632,11358.8504280309,5066.87085660153,7491.56584466522,303413.678433359,104950.744600893,25987.036084318,11606.3790606973,5188.7333508211,7583.57171585533,302453.944906046,105758.372669757,26418.2098554941,11847.0081858322,5315.05089612779,7721.43995140104,301995.812906686,106596.841105414,26850.6939000612,12088.7974810657,5443.35280387467,7880.30526166154,301232.83532811,107377.012441314,27246.5601911188,12311.5531576774,5563.03459631438,8035.54302949479,300258.80369832,108121.593765667,27653.3999576668,12537.897477797,5683.2752925315,8190.66370150159,299037.647792236,108792.817815331,28054.924823555,12766.8178953009,5806.3104059508,8347.18246006285,297665.07626503,109408.972671732,28452.5477653712,12997.3458381949,5932.0882787161,8507.10707649046,296793.927440353,110052.213145617,28853.7797127829,13232.7584138308,6061.87221216438,8675.84539037068,295531.814797219,110622.815140823,29210.0747917917,13444.8161463599,6181.20615141997,8834.87279632762,293959.557989922,111143.08860064,29579.3873519606,13661.0690955636,6301.09021580344,8991.80813769188,292141.659693627,111576.965445593,29944.6045494544,13882.0717151766,6425.25190974079,9151.16313249885,290167.712533969,111944.975798448,30300.2368478342,14102.82488078,6551.94644513493,9314.48469371872,288774.412353697,112354.603189663,30661.4253303822,14329.1423767222,6683.09211710352,9488.51937896605,287025.617290394,112693.218324377,30970.1060485986,14527.2680306661,6801.13537619435,9650.59848896829,285084.759742786,113000.232846389,31294.8365235659,14729.7418412155,6919.15821435144,9810.29552236941,282793.103900722,113201.616954927,31606.6845665917,14932.2339198706,7038.96285406118,9968.85818205563,280305.954373154,113328.523822719,31913.1200854751,15136.6690533966,7162.25360468516,10131.8059301863,278260.571827683,113472.60741326,32222.3833822129,15346.9430798341,7290.83232661331,10306.1105791418,276045.539790345,113565.876340311,32484.3469344729,15532.2192833163,7408.2293238763,10472.2149182719,273441.470064415,113593.496218081,32743.4655638374,15711.670099418,7520.75593404951,10630.7639093061,270637.752033656,113534.344216922,33006.0242983675,15898.7023513013,7638.1392181466,10791.6459483058,268010.132322564,113446.427575787,33264.4340570436,16089.9716562559,7761.01759335109,10961.5459995884,266893.011984089,113570.004280574,33543.5345249702,16292.7014614521,7891.5062720747,11153.5839396322,265747.168561419,113727.701308735,33734.1123615051,16436.9824115323,7990.32394837492,11316.274226671,264552.026756587,113939.544234077,33963.3216608923,16583.9835545645,8081.40614468744,11462.2237645977,263061.809324537,114054.990903578,34189.0095233189,16735.57914007,8174.15558023715,11598.8199864885,261328.749389906,114098.647881785,34408.5171208619,16889.8680946179,8271.19147797086,11737.4196789793,259460.363804304,114077.242156011,34618.9844598507,17044.3070478888,8370.99328761604,11880.9879511318,257462.775150974,113999.305857744,34813.7701667708,17193.6197908325,8470.26517573217,12027.0893344553,255366.290563927,113875.057974873,34997.0415561774,17338.2921787491,8568.23799388697,12174.2584778548
176,319364.93386861,115889.605148601,33973.5866488703,16417.3545518667,7995.45301362403,23852.8712424147,292761.375847541,104730.74187583,30558.5191394426,14941.5809426786,7316.24874101309,22259.0273136795,293151.017107498,106521.171377021,28941.5788723922,14219.1336021209,7129.27112243138,22530.2065176141,293152.060891306,108452.186799328,29245.9950898848,13909.8739551896,6828.8539622465,22523.7890137115,292098.966993089,109452.508018942,29826.3444219764,14104.29863255,6808.7205123868,22501.9793462089,290927.82704073,110332.199752921,30372.7296836675,14406.2255734677,6940.12843349917,22664.5038189659,289689.483100946,111119.502392817,30887.0612608029,14711.4289484884,7104.70264685985,22937.5588360411,288403.218391718,111841.432953718,31376.1308627305,15006.8601596603,7271.66941986739,23253.1360069248,287620.074882395,112608.499160048,31864.6362672243,15302.9193861039,7440.69309896912,23603.9609863971,286551.961303098,113321.965848082,32314.2133166613,15575.7839725305,7598.02691200382,23937.2576473258,285265.940635339,113981.31936448,32772.2407861627,15851.6284104961,7755.32970378334,24262.7257435933,283740.961127474,114559.687489929,33221.911519998,16129.4258239199,7915.61416414004,24581.7698961782,282090.470212829,115068.343401398,33663.5777575496,16407.6404227692,8078.7364167396,24898.7065273463,280970.459827609,115629.969480377,34111.3691674119,16693.1360567129,8248.05311052782,25242.0008081241,279441.723341297,116110.731574966,34506.7658596625,16948.3761398512,8402.57534513965,25555.5942495185,277601.647977806,116519.26840922,34914.0552803116,17207.8710798501,8557.33121883639,25857.0519072119,275540.257626512,116834.662554573,35312.95600265,17471.6867024995,8716.97927235818,26154.2094468154,273333.42907066,117068.362800796,35696.8959330876,17732.9095014526,8878.7221243083,26448.455146466,271742.231632977,117378.16084687,36091.7977470348,18003.8649586089,9048.07146029999,26776.2644833569,269776.442898286,117602.915801415,36424.5957197581,18237.853706798,9198.74017594422,27069.8597967477,267641.060061203,117785.896395643,36774.0207006442,18477.1850898909,9349.43561917498,27355.6017976397,265147.334155487,117846.904754388,37101.7510514402,18712.7064143695,9500.34086859768,27625.0424503638,262492.421552199,117823.208738949,37422.0303422047,18949.8420132874,9655.21496753427,27892.8637623989,260306.430693932,117842.819696145,37748.3167868552,19196.1148730825,9818.31830709117,28190.3327305254,257949.811354603,117809.696628608,38019.9693344571,19410.4170855264,9965.9074149604,28466.0780424126,255188.105305636,117683.707471371,38282.3236624501,19614.6240073927,10105.4793466448,28715.6477282736,252252.014272149,117465.698682023,38545.9081340572,19827.0790292199,10250.7637608983,28961.481427681,249551.142565793,117216.661306996,38803.6295700987,20043.9375761706,10402.7744742372,29221.0414129867,248432.744323226,117285.220316313,39104.7340405535,20285.5154459976,10570.8530942161,29566.6361376224,247177.450121617,117354.316660605,39297.4826750139,20448.562549884,10693.1297378674,29849.5741810819,245861.370292704,117471.858693922,39536.5051338271,20617.4824351591,10806.6573446189,30107.9103964088,244256.894963636,117477.061695184,39765.95273571,20789.0334074116,10920.527834302,30337.2707072551,242432.642246163,117405.968410293,39986.4324663631,20962.9876279233,11039.4091148403,30559.2911500268,240474.458256887,117263.68606315,40193.85657399,21135.709265291,11161.1847985876,30780.6226700124,238413.435453014,117065.612947308,40383.6338436065,21302.3738748131,11282.4399666249,31000.8809609563,236251.387678462,116815.416230219,40557.2643973588,21461.7161878071,11401.1969177665,31216.9849864753
177,215052.086722588,146504.002126248,72971.2426022554,46120.0811191755,28874.7703391807,50829.0023867735,201810.39327608,147482.635335209,73365.33255548,46513.3594712927,29412.5230330533,52885.3633308894,181193.378150961,127856.540421741,63736.7987746008,40932.1153738179,25984.0581281741,46672.6814725606,202697.528832479,150498.313612132,75950.5421431104,48674.7750176056,31346.0898165216,58154.0505219668,180029.600268314,128596.291147501,65256.6717502676,42149.6325373547,27079.9346773636,50824.1670227876,197045.739223643,147380.597361359,75306.7122084546,48571.348252908,31440.9093271641,60276.9928541213,181057.269380423,131968.973771563,68517.271470052,44551.5112592382,28824.8349956303,55644.6875916235,189835.409088661,142655.954999693,74259.9520105773,48448.4104228461,31605.6301799672,61931.7297501047,181244.017651015,134664.042370651,71125.0840616429,46674.1468642039,30521.9797685004,60448.5327042839,184246.041099563,139217.976277494,73700.0784558389,48579.7122113329,31977.3650560482,64205.3619007888,180120.682428885,136076.421702485,72827.4994573644,48197.3760844179,31828.5777106069,64698.9725520146,179447.192615356,136917.218213188,73656.6955435813,48962.0399771617,32488.5602953728,66852.8791902002,177179.996953726,135880.80167514,73789.2267611451,49249.897658551,32805.8270682554,68317.4896978674,175462.313277988,135299.338558162,73991.966765877,49619.8425812271,33200.8880320055,69959.2385116114,174115.806819369,135036.112539081,74356.1718589923,50074.7774968114,33652.6381221491,71787.6770034069,171914.525525646,134089.789593283,74335.6945774909,50258.40437893,33912.3395500105,73220.2147959217,170023.681349137,133497.35639457,74549.5100095431,50600.4016218656,34276.7719779045,74886.3038081907,167758.964455149,132498.655705902,74572.0148943672,50831.6733311498,34571.391491659,76412.663460961,165890.632210885,131652.519759001,74641.2867299224,51103.7456508043,34904.870160054,78067.4512576923,164191.022310295,130968.898821705,74715.4008566526,51370.4279225778,35237.3505966157,79782.5445300011,162043.642448475,129954.541700614,74603.3775365117,51481.370501514,35451.0369496746,81254.2559284407,159920.145301247,129023.966096476,74572.4016252929,51650.5839128132,35698.148224251,82798.0579579362,157527.379090586,127833.614150861,74426.884163345,51754.0104085152,35904.088493898,84248.8157584983,155377.113707385,126682.79921585,74289.6556187603,51876.4232649956,36133.0825159004,85785.0969008812,153468.030614566,125715.361350502,74175.4579339145,52011.7548867602,36377.0742310616,87418.1614973974,151146.767387231,124480.87667652,73887.4263631186,51998.5478938854,36507.9472893724,88817.3922028958,148695.440203687,123168.959217934,73601.6115518466,51983.205927289,36628.072772021,90187.7999353399,146337.895258802,121836.492084319,73326.8541996663,51994.0364099549,36771.5373684054,91619.9048037804,144807.723875251,120777.659670435,73145.8502168082,52080.2437664655,36978.6757970451,93255.6873122601,143959.733313566,120333.463813779,73097.7901010742,52230.5196505273,37229.3703587773,95074.7614066247,142638.933194078,119589.012931142,72853.3926255947,52161.0158841864,37285.2838141118,96381.7271516784,141318.388398018,118941.819942577,72731.5147697841,52169.4570647808,37367.1212718522,97630.4342509097,139888.641381925,118204.726259498,72621.9960952558,52207.5137930405,37469.9636831181,98817.4551518746,138252.759395601,117258.176016966,72396.8421472628,52186.239561111,37543.6812240523,99873.8214377284,136638.466737549,116336.104944832,72177.5283445325,52177.5621198698,37638.2987532251,100996.016684639,134963.749363087,115339.134814335,71911.4896878587,52136.1851615226,37714.1140951461,102104.775876163
178,255438.416874638,70595.1946457041,16980.3158599523,7402.65338285974,3265.18513088037,7164.70247144649,242660.287691956,65394.3097779735,15754.7741289835,7013.11705344597,3120.78532877778,6986.43004367441,241164.231869953,65410.9996899366,13822.8995351634,6125.77177599327,2836.71434687779,6941.99001874108,240620.094606516,66175.9056410404,13800.5477062672,5777.66110349885,2545.93059806495,6763.53311673212,240095.022846839,66735.7968480839,14030.1642622872,5819.86851140914,2493.1231129021,6665.2335476765,239390.474177783,67224.2267480658,14251.8762095765,5920.22339277246,2523.46294247387,6679.85653405789,238659.726505138,67671.8856580845,14465.7760301003,6026.37363236658,2570.36750126657,6749.43978639978,237940.60452191,68107.547400565,14675.2078439513,6131.99154795889,2619.82744313051,6838.10797678274,237598.799471731,68557.4683333274,14882.0457853157,6237.21881148323,2669.75275487163,6935.51716294545,237130.22123751,69038.0593158162,15085.2168506558,6338.81391851734,2717.86908047752,7031.62004716755,236499.364760417,69489.8733268949,15297.0882845558,6444.72866623167,2767.50007267137,7126.53183384138,235697.818802563,69909.3458192141,15508.4868861382,6553.2254737741,2819.29518414051,7221.28435861812,234842.701085269,70299.6395593762,15719.8205978114,6663.43706924959,2872.72133949693,7316.5647137651,234341.262277557,70696.7151691558,15926.1324018151,6773.10169820595,2926.72906710465,7415.58148485378,233615.631740037,71114.9057844978,16125.5870849641,6877.1930323796,2978.0035916773,7510.15624982145,232648.351816822,71487.7913701721,16334.8476309149,6986.33429330781,3031.03983572158,7602.29253481334,231517.283818729,71818.1294758045,16542.1287442915,7098.42042773024,3086.77677302069,7694.71933537522,230320.210783583,72116.1549318474,16747.2458732574,7211.24931281216,3143.90068948976,7787.49922967499,229522.976219765,72421.412824457,16946.3078529542,7323.14430939293,3201.4543963745,7884.78688861231,228512.827221261,72747.6946737154,17134.8814158979,7427.04783833774,3255.03814843679,7976.28184867557,227335.178700773,73033.2150919192,17333.4843037489,7535.89356787215,3310.13471073823,8065.52329096953,225919.191941784,73276.6905806339,17528.8039733998,7646.7176378555,3367.46686106943,8153.64414991561,224394.372632536,73474.3780870679,17723.6813887142,7759.64080278718,3426.87675474595,8242.14602143787,223176.119607697,73668.1329855158,17911.8567006691,7872.04170872559,3487.29876624998,8335.15508270318,221852.055245478,73876.2430164447,18086.3992832692,7975.71560855931,3543.68802542661,8423.71256794858,220216.382571646,74042.4519128148,18266.7499902631,8081.08273783388,3599.9561037096,8507.00776400628,218435.675920432,74152.8266570866,18448.8152363828,8191.64975483492,3659.85447774348,8590.81420147251,216874.289214837,74240.4485804489,18626.5065578127,8303.09337523587,3721.87995712801,8678.25228027722,216376.93920292,74411.7892292119,18790.9621108845,8408.86456557259,3782.17589982152,8777.28910332292,215839.570303491,74675.5838633598,18927.8926680907,8490.54541979649,3828.75023382083,8862.18492854215,215191.272979934,74924.8584308455,19088.0984347321,8578.62297970815,3874.54559846838,8939.88903685207,214342.25654396,75135.1405739095,19248.6266073325,8671.68068482857,3923.8915943667,9015.49150057832,213308.67004293,75301.783213772,19407.6744990134,8766.95297511447,3975.87700434144,9091.50470525989,212178.877185673,75431.023035763,19562.6686299619,8862.8516732684,4029.49256494289,9168.64806303901,210959.419504374,75532.8712792092,19710.9992163568,8956.89454415295,4083.14493789348,9245.51809662018,209659.231619562,75607.2886428907,19854.6984730558,9049.35980475591,4136.48163755206,9321.24032441341
179,203610.503378075,129742.288053086,62795.7492609933,38990.8122390565,24060.5334755479,42552.3671583529,178479.804742612,119284.213923825,56715.8139132214,35251.8481433532,21832.3997713099,38980.2447029203,179096.845387655,120853.879519185,57881.8434484648,36241.9505595797,22565.0990141881,40515.4306588465,178159.716470788,121306.861416135,58592.5349243648,36683.8509216495,22980.6818716056,41964.6957398159,175111.472437671,120009.971199726,58322.7970538485,36648.776948623,22996.5954425814,42479.9894889664,174903.579202305,121215.911385756,59475.5010814151,37482.8774082568,23593.7050528843,44000.0885178549,172181.433954386,119996.15963888,59464.1314816404,37678.8128914064,23808.4748987417,44759.1340169414,171140.223049149,120355.903311174,60126.4639878197,38285.9258299321,24315.6709396065,46148.7374509076,169432.753555084,119788.453529464,60376.9821016675,38633.8152500334,24652.4593724493,47273.6583684629,168234.67622361,119785.39396281,60785.6533305564,39074.4076874951,25053.8972998256,48573.1656256317,166587.504488414,119410.583618169,61058.356158814,39407.6665979518,25374.2994888454,49736.8066620656,164930.451611538,119068.080871382,61352.3488050769,39764.0753847852,25709.4894069498,50929.5785972775,163130.109702974,118580.808783586,61592.7987790472,40092.9697289266,26031.1953859913,52108.1230365169,161673.922981959,118175.36763398,61856.009436744,40444.8278739983,26374.0532647064,53355.7964288,160171.357283196,117796.199811923,62063.9134952914,40752.9196111113,26690.5401609055,54587.359235976,158329.085004223,117220.242190438,62192.9927877705,40992.9615686838,26954.2696482462,55724.8406423903,156437.521342836,116601.503026357,62336.5919904043,41251.6475394162,27229.3696715114,56884.603469389,154392.242883575,115834.644988251,62408.1513947776,41475.7438714332,27488.9135600716,58026.3941945297,152738.322185014,115173.388779405,62515.6320961205,41729.6279637451,27775.0699164259,59259.2627178544,151084.376815598,114573.510882051,62573.8993362185,41941.4854000496,28034.952404994,60480.4321019906,149150.87249082,113787.515453562,62551.8047828629,42078.580524679,28234.3879084634,61586.5981357407,147148.644933939,112981.958576896,62544.8885263211,42232.2946024472,28441.8642139793,62703.9898775418,144935.301720809,111986.269416198,62456.7123178433,42341.77303896,28624.4928434606,63771.7138358924,143028.939195655,111069.792386566,62398.178226628,42481.7399901136,28835.4898961846,64930.2125328093,141212.675603273,110233.718867601,62311.2206511169,42596.4020033508,29033.1283740117,66104.7519268726,139068.618589103,109212.644569967,62120.2798245661,42619.8411934837,29160.0539875384,67142.2461787864,136822.305875009,108115.253038529,61928.3359897379,42644.3797762566,29282.4485988433,68165.0507353712,134655.627778776,106970.585382899,61720.390401524,42672.5354608154,29413.0585904562,69213.6992640007,133440.417629268,106200.380441886,61649.3060858713,42800.9653877808,29620.7306392961,70484.0930848182,132565.640458109,105801.645582802,61598.1234654623,42908.2669541495,29808.5053789693,71760.8411768978,131364.492382414,105208.810482169,61453.6325583139,42892.3119048708,29877.6560177249,72726.865479727,130167.807588114,104692.8217139,61403.2996908828,42942.4543775631,29974.521870067,73664.2620737762,128793.233298513,104025.75232053,61311.8753347851,42980.9745458763,30066.0256105412,74512.1378151554,127307.26732538,103252.489076561,61164.7926860874,42997.2457656436,30152.7024551911,75320.8591465564,125816.704521849,102467.99893155,61007.7720627771,43012.2494136601,30246.7428157656,76162.6428856713,124264.514784667,101614.665563339,60804.5491136823,42995.9658649244,30322.3697003693,76987.7828877321
180,231046.457985777,133847.237127338,60795.3355903646,36494.1516587387,21775.8806356909,41720.4850706688,198368.812712666,115535.614678102,51734.6522785589,31108.2782319188,18620.7794027188,36261.2317138585,208893.411070174,125184.95916305,54813.3714716092,33173.8536299681,20028.6191160618,39146.6776307195,199882.619807402,120024.750558756,53149.6557800723,31866.4962106165,19234.2283565301,38299.868007071,202493.700351808,123724.253234404,54984.0538719482,33026.8371536855,19883.9940299482,39681.3409148231,198463.955511113,121960.462974987,55016.5802839465,33136.8661137971,19975.2635189049,39928.5459388454,197977.292371081,122989.729075653,55903.2428529846,33886.9518182295,20519.6112366624,41028.9646784532,195565.029053057,122372.565299628,56221.6929860306,34239.2656554317,20837.0008863861,41856.241790395,194565.590212492,122683.764483001,56810.5412264246,34785.4036398818,21276.9186392469,42974.5355815897,192899.268266524,122504.975528255,57185.4046235684,35168.6073089113,21614.2009074017,43969.3021926321,191336.111098072,122477.565372398,57610.2622878587,35582.9255413865,21963.2983689638,44991.6202768418,189492.080167659,122248.649078238,57985.1463617361,35965.8356757008,22292.82259547,45984.3720063266,187593.928745227,121954.378373118,58330.8190254822,36343.7982239559,22624.0876834882,46984.2172072747,186137.212224642,121777.230984225,58718.167327934,36752.386271949,22980.4974988369,48064.1532478625,184392.841256657,121477.49769795,58984.8741858146,37078.7460584266,23286.7735362752,49073.9334075883,182457.897707208,121109.713047717,59249.5977112402,37391.2489986791,23577.671433984,50058.8366682278,180352.86191749,120615.593464569,59486.1044594248,37697.1750803761,23865.5247705,51035.1434265548,178153.170846352,120012.111970127,59676.3482596311,37984.8403672687,24148.9739606852,52013.4373258639,176449.879441057,119560.526705376,59916.349410457,38310.6068480649,24463.0910343132,53090.3429181943,174522.699668987,119018.102981989,60040.4046518047,38551.5282917824,24723.807151538,54094.3633059275,172458.022005683,118418.713692742,60160.1891079146,38774.0044545789,24963.7420672837,55061.6618696043,170189.755989292,117699.768746315,60247.1423898645,38983.3062979184,25194.3100268288,56003.0650741999,167776.687153032,116844.593200527,60283.7716643191,39170.5808448232,25416.1775771283,56928.8244826544,165735.950846792,116094.591726184,60358.0427793994,39391.4679370351,25667.1570866782,57946.7385822579,163652.327679316,115322.320848348,60354.5107842251,39555.1818900933,25883.6973445041,58931.3984410582,161249.004874674,114411.007314739,60284.6826641154,39658.1667642438,26052.941972879,59826.7245860424,158764.803662253,113423.989430328,60219.611630436,39769.5435534973,26224.5670437428,60721.3702285897,156411.244563556,112392.628563986,60133.7133289986,39881.2252488443,26403.3129615057,61641.5929750251,155219.667361717,111820.892003531,60205.4936350124,40100.9573892509,26660.5611606306,62789.8952081522,154132.992511968,111405.764913518,60186.4800364555,40223.6145622372,26846.3352516988,63831.7582844349,152839.830106583,110933.591515766,60153.4238496032,40287.506338979,26963.1029490039,64686.8239146592,151495.093047356,110475.305580035,60182.5643152969,40395.1491925238,27094.8009983448,65498.8004237248,149912.736467873,109839.749230033,60150.8598825831,40479.0887664547,27214.8063083705,66222.5403502191,148274.170982602,109155.513481592,60100.9307594038,40564.0037298783,27344.9028417133,66953.0839229348,146585.689269623,108415.851858825,60019.8608738319,40633.7392346033,27471.7536071861,67691.5178050175,144826.773160122,107612.92450693,59896.7978774859,40676.2671615747,27583.5756496156,68419.0666819523
181,234551.875684866,138741.841927722,63340.0682973715,38108.1114264573,22690.3423822911,36490.0898452202,199106.790422834,118447.823702176,53116.9087645789,32051.7637205252,19256.8096101011,31911.7773404035,215578.203130838,129691.994018328,55397.1657311498,33325.7931656649,19965.2586064776,32721.4175284539,201983.33757728,124350.694208039,54840.3068853925,32544.3091656673,19554.9715704812,32973.7801014285,209267.391861628,128478.950667809,55908.0959900554,33385.1354199935,19880.4861508524,33024.3036149404,202644.326569347,127252.769731567,57209.1251592491,34086.1619431657,20412.6867009173,34416.2843667994,204463.291964596,127540.48854102,57035.6710027438,34397.5381174133,20618.1763191935,34394.0120855438,201603.697713398,128540.577115808,58846.0673823374,35505.9595292772,21473.4196746751,36462.6602661983,200638.413558374,127007.268607481,58096.2320923993,35406.7469650197,21466.2148640442,36447.6633135525,200176.739270777,129221.984346263,60088.7748470268,36665.3606338991,22406.5425185925,38738.1398485122,197363.279754084,126833.77403725,59110.0858065619,36347.8894766057,22264.105646135,38656.9765976346,197522.47809135,129262.783895571,61036.7027838385,37602.3756862008,23184.4820903045,40881.0362789423,193758.798201265,126555.429230771,60105.9868739586,37285.6593149166,23053.637698361,40893.8698316626,194329.728750104,128787.897828244,61818.1374484924,38465.3186944742,23931.1682782161,43026.7258765103,190865.604393636,126444.940702721,61081.2647742698,38237.1199139439,23872.5198219065,43271.4269946034,190709.432846488,128015.549565414,62343.4217688621,39149.0917678283,24573.4676303428,45095.6851236958,187223.663798236,126025.587296179,61886.0303905246,39058.9384383297,24600.1968210802,45543.2191730087,186274.548677717,126779.656674609,62772.1734642359,39779.9643130094,25180.9910639212,47134.0962180422,183549.242181066,125313.609420357,62584.4187661663,39862.5586383986,25337.4584340261,47888.8686133278,182466.20320597,125622.784307438,63153.03925335,40399.0917540197,25806.7742599151,49327.0779081794,179867.591711878,124482.476190775,63053.3025031421,40500.5162214383,25973.6513793533,50169.5436032705,178044.777928198,124229.547012759,63391.0098409711,40881.1400310861,26327.9510274363,51393.5142175815,175369.64096115,123145.212846598,63365.0042602006,41042.7699306269,26538.5694178071,52330.374655898,173414.134220368,122549.794914919,63555.8979359392,41353.7477319392,26858.9328636419,53517.1637750502,171289.721619384,121724.31263481,63580.3334728903,41555.3787478107,27110.0053280809,54606.3339030929,168946.152382695,120877.36117923,63564.4011530832,41710.8929126386,27326.2195283697,55650.1093257954,166435.97748106,119900.87573216,63540.6529153784,41860.4833481423,27532.0081065723,56672.9749446912,163995.398877405,118870.870114217,63496.0684019345,42013.9758979722,27746.8715393816,57721.5493969942,162608.689731381,118196.61458316,63577.9866360609,42256.7754913451,28029.1529102829,58949.5855416717,161615.157076464,117832.093253948,63624.5770571219,42449.4271607849,28275.5366404313,60156.2574868258,160279.251547437,117320.538213424,63575.6519912689,42515.4945822489,28406.8270087403,61101.0261730084,158980.08244407,116921.026809672,63651.0940376925,42659.5703843751,28569.802674541,62036.2673947955,157380.385752619,116282.883181196,63642.6425368013,42766.3570144361,28709.7313178493,62853.6659385017,155732.546486981,115612.212605427,63625.5370407193,42882.8052989397,28866.7952044858,63688.3524218377,154028.727293486,114876.287380464,63575.73255437,42984.7533374005,29022.0941348712,64535.059401295,152237.985148917,114064.296381651,63474.8036687682,43054.1494600198,29159.74130697,65370.4215193253
182,165575.659339596,121773.378753262,73877.9019533346,51870.5638612732,36175.2417023858,87669.2301344116,157130.51790161,121827.993771675,70561.6648182173,49642.8095353428,34780.7878701153,85259.2927303678,141471.729676348,108831.516272594,63846.8763704643,44793.0599560491,31340.2426073542,77235.0127993288,151732.69239,120354.010840466,70667.631712907,49607.9596879309,34852.4401219151,86752.7347858429,144776.619737608,113564.725236415,67959.0468649029,47885.6576318083,33662.9558270395,84604.1717068865,142842.180967539,113562.343750958,67825.8314607512,48062.591740653,33963.2241055968,86164.0395202985,143896.528419923,115306.914065492,69711.1306253286,49503.6676556394,35085.7724656116,90001.7447097753,140039.163879926,112336.56963837,68478.3589167645,48919.1176626663,34816.2500713721,90257.6581892314,139382.92693241,112662.285068918,68983.4115774653,49491.3405009588,35398.412193306,92885.7767923718,138601.643564412,112509.020539613,69416.4172404515,49981.152325406,35885.7318012887,95385.3971073322,136380.823162813,111164.56856386,68967.5447735974,49858.5032828291,35937.1319921206,96737.1048010452,135183.750253998,110910.882585732,69207.234264929,50200.6578969103,36315.9250029418,98993.8127277248,133570.720983992,110123.889166355,69219.2772906929,50393.3345694502,36581.0695693208,100948.302130126,131960.761432771,109180.957441707,69051.7234392017,50477.2714609529,36781.9217573204,102750.9790994,130799.004261764,108757.789576998,69128.4719845852,50717.8870790753,37098.6020653023,104947.487193251,129119.432612187,107872.096919717,68966.8180565786,50761.4291188387,37256.2713050275,106722.71904446,127292.589037634,106891.949923045,68750.8671568975,50776.5151136815,37390.7642281044,108418.790895596,125553.394698335,105980.934828586,68602.0093845356,50849.3680301374,37573.1425103427,110267.824915274,124008.214743406,105010.701308612,68402.004954865,50895.1880326926,37743.3266793737,112126.878710473,122570.811266517,104226.645490659,68205.7733197565,50933.9546963582,37912.2683937493,114053.131921529,120887.948102863,103254.133402676,67918.041838712,50870.7386684213,37989.6166657302,115739.121171721,119079.897479836,102198.626099544,67598.3967006878,50790.2103912379,38045.9621943222,117341.23057224,117171.015768134,101056.776893328,67246.7358892617,50695.1698470286,38095.3369351143,118914.380712738,115447.627999082,99904.2042424275,66883.9472665054,50604.3783239442,38155.9609330086,120550.575483465,113916.969752478,98946.1222137578,66555.4896317905,50535.3456138859,38239.1075605646,122324.662016724,112100.688583045,97807.79162116,66107.3439451184,50345.6303442996,38219.5699548674,123816.711840015,110088.261058262,96494.233462818,65583.8366142114,50097.8337035908,38145.6347685995,125119.047034486,108202.735162251,95232.5712566269,65104.9503253648,49898.8849068001,38113.0881994283,126549.867828114,107084.347569292,94277.0631063575,64776.889072756,49822.1904935118,38182.1717536393,128364.64338964,106419.251944949,93842.2999593304,64580.2251363205,49814.5969628206,38301.3078193638,130428.285377332,105418.966972609,93181.1962633672,64253.9420421998,49631.2077731913,38245.6751948621,131875.523894328,104272.440974482,92452.9847422287,63934.6381151004,49451.4236234256,38164.7878200241,133063.671885882,103156.756184585,91778.7472876777,63709.3403937068,49362.6826599108,38154.5685879264,134332.338953127,101920.569336048,90949.9620162963,63402.031686138,49234.8160888964,38127.3509029517,135453.951118552,100599.927445882,90037.2535355866,63015.7450228409,49056.8441060909,38075.1960440947,136481.427602062,99297.553341451,89145.2859904592,62636.5627427626,48881.2616100096,38029.6639843674,137571.602730819
183,254543.828709461,139222.524022091,52881.7528495628,28928.944503124,15734.8447884198,23132.3387013349,222480.51464327,123724.254814006,46540.540942826,25535.415268461,13926.3403733509,20633.4865863557,227444.652039578,129141.937877088,47809.3179561697,26520.5101358981,14669.5149359056,21995.4337658402,223135.194225238,127749.613978896,47383.178772235,26038.0232873638,14393.4753885215,22008.6372385269,222681.646750702,129249.391179996,48428.4087917954,26582.1488594284,14636.0094016801,22470.1417299201,220582.248104809,129229.585332592,48983.3267086249,27014.6129634783,14893.9820416504,22820.3008855133,219028.546215353,129620.881900293,49650.7145326561,27527.8238686199,15248.8499997296,23389.4440071226,217158.755263293,129702.032437467,50184.7904347399,27975.5929687898,15577.5346154646,23989.9313259326,215899.555256519,129984.440957029,50772.8259588613,28449.5070738996,15924.8531347084,24672.1101183626,214408.468572,130165.079193539,51265.4133094708,28863.057011121,16236.867061382,25330.0370939877,212772.419742173,130295.346023791,51766.4521438917,29271.6569028529,16540.9728266273,25983.6912742845,210964.722311465,130310.803071721,52241.719697166,29675.135350788,16843.690190889,26635.6433228606,208998.821115128,130218.865575446,52684.7161653121,30066.8455419996,17144.4889590713,27292.6796014468,207494.976946588,130216.613098205,53156.360376055,30481.6494520041,17463.0729106968,27994.3194605391,205791.39735714,130156.845993988,53543.9864283874,30843.1488068561,17752.9011655918,28670.5721494125,203771.597183219,129966.427199291,53913.5424428228,31184.0505134532,18025.6402468364,29323.5365204343,201625.411570883,129672.493123569,54273.8904661658,31531.7316477256,18304.5340043256,29985.14482535,199318.795591122,129252.150290395,54585.6840736267,31860.9624306522,18579.4582418708,30651.3180731769,197521.285119922,128951.533982745,54933.5755373495,32216.5826199664,18874.8061718878,31372.7628205699,195571.056129877,128610.639334536,55194.9281424638,32514.1716146114,19137.2140867316,32063.9533786527,193413.180996116,128173.855220704,55443.5087778252,32791.26893651,19380.7519058249,32728.5585881568,191046.11497621,127620.089129385,55667.8182269555,33063.0390075194,19621.6991872543,33385.2429813514,188485.414817399,126914.881386532,55847.1788816449,33317.3705890433,19857.675076394,34039.5729855491,186321.108043479,126299.807544662,56054.166661171,33597.4895693557,20115.4778641294,34751.1476571838,184120.508201571,125670.732774991,56191.0924807834,33830.1429712464,20347.3991203145,35445.7181537514,181591.351483491,124902.516074754,56280.0306005225,34020.0908022368,20547.537998069,36095.0038512698,178949.831049343,124038.211926375,56365.9844617393,34215.8318793311,20750.3851439857,36746.1225106484,176378.140815926,123103.516386368,56422.3056005103,34405.3495959796,20956.0476052447,37411.6547186136,175090.627511563,122621.015716058,56608.8497619414,34678.0572007849,21218.2471985541,38208.6789401867,173942.169032342,122313.856468079,56699.2727737815,34860.0065267532,21419.0277337463,38929.1601390529,172618.653640189,121969.954928245,56795.7985067157,35002.718040716,21570.6526660349,39540.6207350189,171182.240330399,121587.849864668,56922.1028794358,35168.8129782275,21727.0633372172,40110.2441437461,169507.450620124,121047.282304502,57001.432302754,35319.7628646521,21878.7086251365,40640.8511663589,167765.352845666,120451.249824295,57067.5580840899,35472.6301645701,22038.744847371,41184.845810178,165941.435928342,119777.081048432,57096.637478015,35608.164473209,22193.4881766332,41733.3083219036,164061.35150222,119053.066792112,57097.8299814138,35727.6599984927,22341.059302459,42286.9449452989
184,183536.216828329,125819.163479722,68414.5602366259,45283.4567359292,29788.654594447,59523.2277543667,165748.346073048,117792.572425627,63095.3280592503,41890.8052125722,27679.0173187707,55898.7481152078,159340.163932255,113265.614211106,60950.8627187914,40832.5993338803,27153.8401704239,55347.1194241775,163971.563474579,118693.67986747,64021.7357920995,42854.5323806762,28712.2100697677,59746.3975464921,157436.989456252,113728.915472291,61995.0266428033,41610.2907672309,27896.7214781847,58974.6841934813,158425.239671385,116144.813368642,63572.0849212333,42804.3616735822,28792.9656424446,61629.3712466307,156027.348992889,114790.129221895,63618.9369262358,43009.337125949,29014.8686337527,62783.6937068355,154052.885395998,114160.607532476,63659.9193760139,43279.0253669594,29339.7993399058,64184.1087494988,153269.7715153,114261.094825385,64235.0061745046,43850.5230809638,29863.3836288734,66137.6140687408,151529.829491282,113509.18528504,64242.4543748314,44055.4099675669,30134.6275429376,67579.7510614752,150113.567970667,113196.984807979,64462.6760708451,44374.5123001781,30478.8122056507,69220.8729187249,148513.605840832,112666.885289042,64635.7714109466,44662.5363983638,30791.8897096249,70796.0056301856,146685.167388527,111948.669369483,64683.7988870592,44881.1276148732,31064.2987791862,72283.9933823692,145324.530526552,111440.987939593,64842.07833341,45177.6551196297,31396.5457346084,73946.9330714638,143885.809348446,110918.327016426,64920.0360855546,45412.5913009543,31687.6807475852,75558.3774652345,142085.193068792,110170.405839701,64884.3651859856,45547.8755341314,31900.1345716681,77002.1088285305,140279.734028704,109423.012741669,64886.5102487122,45716.8547946664,32132.9233021142,78492.5991597044,138349.696887298,108534.943882721,64817.0426247723,45849.2737496077,32346.9260148703,79951.809096367,136747.686266829,107723.534713893,64765.9331284033,46001.4780179517,32582.6758956804,81506.4693033015,135218.428157449,107048.090251535,64707.5887785943,46137.1272571344,32808.2714230806,83091.9984364199,133373.50481334,106130.694100323,64528.8192424057,46162.4296397342,32942.739087353,84468.6793218749,131472.951408065,105209.766478624,64366.1695635733,46205.0266585357,33084.6259746743,85853.9193470354,129424.688117541,104147.917285386,64146.2126858984,46215.7821783072,33207.6165421646,87192.3823639209,127597.353958692,103102.780809011,63922.6692805246,46236.0162593905,33345.4453245823,88598.5854751763,125934.33568732,102218.049132043,63716.0921273186,46262.0676155913,33492.1040279121,90084.0005492698,123943.754407504,101123.51476486,63383.0434435944,46172.3805361394,33544.8843047776,91349.8906535578,121820.73998434,99927.4409713026,63022.190444002,46063.3168188533,33576.326086477,92550.7347078731,119814.430318778,98740.6139092924,62680.975010094,45981.6345815749,33632.2029597618,93821.8793260711,118646.493583895,97877.5128514974,62474.9183349366,46006.2988114137,33773.8715669841,95374.6543376498,117892.486951384,97467.0617472988,62350.9181649698,46057.2163111852,33930.7859957996,97033.9654910125,116773.255190062,96821.878486215,62099.0087318574,45947.8685112678,33933.4834077475,98226.3218261042,115599.780675034,96199.7047932138,61911.4134030224,45884.8928043187,33947.3088423887,99320.7709131169,114377.962833875,95548.4299939419,61758.2447406123,45864.7715183332,33994.2605442732,100397.446073797,112991.452493065,94720.4766375862,61506.6088344816,45792.4284675647,34014.4643323365,101342.058900584,111595.524423868,93884.7254543871,61234.9335342496,45713.1232211774,34040.4897951393,102311.240152712,110188.532151002,93029.6740692218,60948.4978745825,45621.3293715602,34060.9924976983,103299.233444142
185,260968.120231918,127700.775336787,45391.5525860837,23927.4415509919,12493.8948059542,13888.2975135566,223852.878270823,110404.18229621,39528.9158844225,20976.2836280871,10992.0416819428,12274.0228429474,234638.720942594,119057.058165967,41519.0370637853,22293.6819926195,11910.2870322239,13622.2877084105,228098.122413628,116252.07719035,40756.9882494188,21625.8665891313,11512.9948733181,13486.5638674243,229182.488190384,118732.875200986,41946.408305642,22242.1175018716,11789.6936449562,13849.1407115157,226813.057511139,118541.944412847,42414.4157650836,22588.9317514505,11987.5742974358,14062.2602240085,225790.227819943,119325.614124696,43116.6833405256,23090.7384194766,12315.4316753227,14499.93805767,224102.423847538,119550.994738628,43646.009386047,23498.8169097218,12599.3974323424,14948.0013330618,223170.171479287,120093.041539493,44250.5911211942,23948.7633068019,12909.8843153141,15464.4718542843,221831.032465307,120418.292862629,44744.9799246118,24330.9882356526,13182.0175845887,15953.8379537424,220445.893679398,120778.385338353,45271.3496265709,24725.8153840551,13457.8329380358,16452.7482754668,218794.221964241,120980.318715253,45761.6773091669,25108.550638447,13728.7900180893,16948.8000940151,217062.967363882,121119.643376298,46239.8636071548,25491.3155255213,14004.2130132771,17459.4826343886,215803.951509372,121350.247743008,46740.0644077478,25892.5737146827,14294.049483239,18001.7972467574,214191.682209842,121445.984911643,47143.0054502793,26233.3463498028,14551.1776974663,18515.6713276434,212372.316190679,121497.906579337,47563.052559142,26577.7510191029,14806.433690389,19029.9075912855,210335.28129008,121405.025969158,47956.9043411256,26918.5991105488,15062.5283696677,19547.7585983582,208203.885596287,121226.484919427,48324.4851713584,27253.2195158554,15321.10784886,20080.7596505516,206618.073775932,121178.02621412,48724.7909807069,27611.9165292664,15597.8283885383,20654.8980181549,204688.954908984,120986.62376368,49013.9535702367,27898.8498805138,15834.082839966,21190.4137342226,202697.525415243,120805.031329073,49336.1035907052,28196.4580924036,16071.1024418452,21729.0901159273,200365.732355282,120432.337301502,49604.2725823551,28471.9754357698,16297.1278433609,22253.1446256508,197941.672223506,119989.632046506,49862.6829256318,28750.0586863643,16529.6244693032,22795.1295134887,195906.787613404,119609.727295505,50135.7846769093,29045.0628540968,16777.4634384761,23375.4026793768,193745.011799358,119167.929968928,50327.8517181893,29287.2024664604,16996.5182633519,23934.0416088942,191277.805928754,118631.176400287,50496.5020178114,29505.0152834444,17196.2859462423,24471.3153614978,188674.64305268,117987.257159349,50659.9337398468,29727.8795253378,17399.2425294748,25013.1968246947,186236.208876623,117303.051229517,50807.8565211379,29952.9161059894,17609.9895491758,25577.3285932417,185137.494829595,117066.933370515,51068.8600765438,30247.4933233991,17866.7675045159,26230.6692557098,183927.738990469,116813.2594094,51176.1665357309,30419.3967781788,18044.0882160356,26781.6009182958,182719.090230471,116669.52927044,51353.6794193119,30599.4852995908,18205.3556661386,27285.439002102,181245.458463006,116369.460389849,51508.5023366767,30772.308467437,18355.693142701,27736.2917693286,179621.707594236,116002.281088692,51653.3444094076,30951.1975839831,18514.5514308488,28183.9040969138,177879.774206368,115541.022177944,51771.3404580391,31122.4618669965,18674.7640822307,28637.8377719571,176078.919682553,115029.501770135,51864.780283894,31284.1123096479,18833.9204380664,29104.1029936859,174206.35091095,114462.071826652,51930.8661907727,31430.2396316212,18985.9806520007,29574.8496568097
186,366955.981053174,105226.987549748,19956.4841912186,8313.20376982476,3677.47879819984,16806.7718164588,353977.460437174,96419.0936773986,18649.5666981393,7925.95620141921,3546.30571438885,16746.4179952097,352293.740321552,93816.7435576617,15299.9276317659,6746.21243670797,3218.47241595057,16745.7597440296,351220.873786619,94877.8917602797,14606.1541297926,5896.98225880002,2709.53590381221,16575.0934687088,350326.91376116,95576.9400827006,14714.4503026614,5785.55078865775,2538.62556018963,16489.0882404131,349178.738718424,96150.3252352696,14864.863414602,5820.02971635928,2518.54685691847,16557.5816108141,347958.953383431,96639.6141107807,15009.7366629892,5873.38113933962,2531.92044345343,16704.465423931,346658.690218457,97091.9859028105,15143.7440387952,5925.48751372671,2549.94453702164,16876.4946287454,345838.524814648,97539.0095874909,15274.371841936,5976.46648789007,2568.25886105943,17060.5362748744,344915.345791388,98019.7639368312,15397.7874268924,6023.42760571225,2584.83532680546,17242.3775713526,343731.985414716,98447.179458296,15528.5926304866,6073.1700856804,2601.95171248048,17417.4920059413,342320.283861538,98810.2586092547,15653.2641399847,6122.83219769734,2619.69533238213,17585.9176830565,340663.007011347,99111.9080748374,15772.2818544297,6170.90670333169,2637.18804221058,17746.8641457592,339528.386914811,99396.6210956897,15883.8092153721,6217.13934199165,2654.38197959592,17911.3747368339,338162.544192275,99719.1646296023,15986.3584017829,6257.70356843258,2668.99997806757,18068.9131759241,336447.214820386,99963.1478084606,16097.0180609684,6301.50740403515,2684.16019541258,18216.6944556467,334460.192613151,100125.952572062,16199.2797807441,6344.73250545379,2699.90755133261,18356.1298348582,332245.660135516,100221.605898428,16292.6550212607,6385.17291197795,2714.97283778139,18487.4072721549,330587.683294819,100302.550080188,16378.2590642702,6423.25927067283,2729.40091262971,18622.5736823454,328786.093458459,100436.769631592,16454.2183638156,6455.17469822434,2740.95701035461,18751.7439982181,326759.675027298,100507.756629602,16539.8823720421,6490.60274679499,2753.03027531745,18872.4147786299,324341.516711751,100504.416019237,16617.0927935962,6525.27408999709,2765.5555959752,18982.325152169,321700.973166349,100412.085624257,16688.1765352726,6558.78972987571,2778.0920196501,19083.427738985,319421.467033528,100294.480218653,16747.9464492121,6588.95764959674,2789.87119244696,19185.3650275636,317181.560557495,100216.116539845,16798.7690910758,6613.52395610273,2799.07346526731,19283.6434829292,314520.890175842,100091.467028428,16853.928225134,6638.86744646421,2807.71355642982,19369.659714968,311603.773083252,99863.2892398394,16906.1367105567,6665.82435927512,2817.51045253766,19445.7261238277,308735.273833544,99586.3152985806,16947.8254073096,6690.27390710924,2827.20567095348,19517.2556184754,307378.848684193,99406.0986851856,16982.2661107141,6711.89036251543,2836.23376630733,19611.1982625423,306353.368864457,99471.9582563685,17012.3956062139,6724.86951582899,2840.45987016173,19709.9545290437,305194.014350014,99541.3688602752,17074.9680146832,6748.40070993616,2846.73768100337,19802.2639905064,303790.398173196,99559.8718384765,17138.5813978307,6777.24742008724,2856.63130726006,19887.7674850794,302107.174055614,99508.6203606775,17197.3125626851,6806.20959294842,2867.83411693677,19965.0736078711,300258.065365195,99392.3726892345,17247.9486471059,6833.36689675265,2879.09889313584,20035.4021672325,298282.940806793,99231.3469751435,17289.875565224,6857.4042520027,2889.45843803134,20099.1497385845,296182.742532445,99030.1577169578,17325.5135677614,6878.90860796903,2898.79170233613,20156.1395352478
187,354982.947908474,97768.2576899533,21389.3613210715,9286.38227012452,4323.98101886241,27841.4946055571,336810.714968074,93950.7072208072,20677.4783677734,9040.43875753116,4224.65135704565,27621.1662493775,338721.131487322,93316.7750944309,19191.9925504863,8605.82943785929,4145.58025444324,27983.095534142,339331.825370174,94804.3967814065,18998.7796681305,8131.78208685077,3855.63458107075,28167.5913008008,339652.900247894,95802.5228887131,19311.5896411104,8173.13854253951,3784.43688755357,28371.0795246839,339636.125729008,96706.8649197898,19615.195493633,8298.61319700373,3817.35116327873,28673.6306934937,339554.489452398,97542.0266221834,19911.2933325693,8433.0372491741,3871.80373365257,29028.6453944275,339313.932312353,98340.3315868875,20195.1714469268,8564.61439554448,3928.61225654581,29394.4109722154,339509.108409883,99119.456473791,20477.4778400898,8696.04006140064,3985.99495636347,29772.0933290511,339497.421109643,99900.286941813,20739.0852910023,8817.96559682391,4039.39385568863,30137.8894384945,339244.271759908,100657.697546797,21014.6894043629,8943.97529683939,4093.38372194888,30491.457471039,338740.693683267,101353.536424422,21288.4893919526,9073.16925174164,4149.63424455846,30832.2486868614,338007.858207357,101998.738459303,21557.7111101731,9202.54259744112,4207.02742113662,31160.6161011765,337697.793141719,102611.626458498,21822.5794360995,9331.98321434657,4265.39839791362,31494.8778462614,337122.589361145,103226.533427158,22062.7012542238,9449.7179787675,4318.92631446976,31813.5716239121,336197.035014276,103806.060374506,22318.526693307,9571.76374244502,4372.84823749994,32114.7716769158,335002.110276758,104303.178526636,22571.4954325936,9697.60288696839,4429.53958450608,32401.1727829856,333560.530390723,104742.503859753,22816.1118964307,9822.32779222719,4487.10157789131,32673.3970256795,332605.696354203,105146.920448289,23054.8405577624,9946.33701601696,4545.29026766158,32953.6583266289,331425.784309891,105568.376692667,23265.9231617251,10056.608065075,4597.59205352611,33218.9894516285,330015.158743033,105957.551815645,23494.1147328756,10171.116194506,4649.90391443549,33468.2208501604,328246.712980427,106268.64390703,23715.4603529406,10287.6445304204,4704.22037114777,33698.4087639924,326189.925880614,106508.507555495,23932.889114006,10404.8847273865,4760.07989263942,33911.6936518366,324461.052229893,106699.30149866,24142.3623785692,10521.7687723846,4817.19069107061,34128.5708845233,322698.682454051,106900.373537454,24326.1923306191,10626.3052137058,4869.36679133279,34336.861217733,320514.086658877,107071.666478369,24514.9407057626,10729.3364494148,4919.16287216658,34520.5651775388,318057.921239699,107149.360888117,24707.5412026856,10838.2128245813,4972.08149285102,34685.8810188928,315594.970988097,107173.376735318,24890.126568965,10947.1337064529,5027.13249953075,34843.1936503204,314546.270512878,107241.360306904,25064.5845550955,11053.8251628123,5082.74048330369,35045.7055741092,313755.314212788,107487.46011209,25195.2721696664,11132.5484236504,5124.70192604598,35251.5067126968,312868.864778261,107775.39828721,25362.3008202758,11216.0111939384,5163.15962394296,35440.4310226608,311711.033638866,108004.632392943,25535.4028823901,11308.6153728851,5206.44422855312,35612.3011546065,310257.338921583,108168.197147295,25705.4110571932,11404.1165930123,5253.36909061849,35768.0103986386,308625.317061118,108263.958637363,25868.0820333565,11499.7750959175,5302.25114117682,35912.1369735458,306857.01755611,108312.249776918,26019.6838389019,11592.1447181725,5350.91957980433,36045.5393832534,304948.768424305,108317.916261871,26162.5959642644,11681.0379702055,5398.45135530143,36167.0769826776
188,201652.761196376,130230.531640298,65324.5304286363,41221.361763415,25802.9518596406,46584.8005500869,175763.584159555,116508.615564612,55583.9317017896,34951.3225379193,21915.0248554978,39984.3631718267,178387.324715492,121348.943542094,57239.7837741199,35925.343143084,22537.1197663115,41290.6178336259,175246.160445035,120083.913503125,57275.2592965026,35697.9589749259,22348.8685605417,41300.9812321191,173669.546210732,120308.306059676,57844.1656057546,36143.3898988809,22594.0245549949,41843.4281939033,172418.586292264,120530.000137343,58618.7649979363,36773.5502139711,23040.2563947828,42747.5762892233,170294.709180053,119900.606985831,58885.5117584172,37155.283397996,23384.8034907174,43571.7816317525,168911.801927861,119914.432603434,59414.2374784413,37685.015773594,23843.501058287,44766.0712100847,167401.410934129,119516.155767493,59733.3729535754,38079.5071732717,24214.5272776958,45902.357062144,166130.461901431,119437.163344111,60112.2884704194,38497.9046078239,24600.1266466625,47136.0268172418,164487.155903314,119061.830708497,60384.7101869636,38830.178341341,24918.648597322,48268.006879801,162843.521730554,118717.710398982,60683.3421933489,39188.2700872808,25253.3524548667,49435.8829482313,161013.582918806,118191.176594919,60907.039425689,39505.5187433193,25566.2217497595,50575.442943159,159629.638215214,117819.807704921,61187.0973565894,39867.3684770701,25914.2516077301,51813.5222519831,158091.900201579,117410.578524689,61376.8589004238,40160.6470198271,26219.1360398757,53001.885147935,156252.091373854,116824.878023847,61508.2919542146,40400.1249847283,26480.1492267656,54113.042973268,154367.228679481,116198.367415134,61652.1323042449,40659.1563718248,26754.1558167926,55249.3829290794,152312.925305951,115403.316940136,61713.4682923512,40875.757041017,27007.7631215428,56359.67900242,150723.689337696,114771.742385042,61835.7089383502,41138.8635908952,27298.9122925887,57584.4766830471,149049.249795884,114147.573275476,61880.005236852,41338.3985411752,27548.7200127976,58764.8484106724,147136.108358513,113362.900778359,61864.3285021598,41478.2762868347,27747.8682372953,59849.7259639776,145132.597444303,112544.404685596,61855.3662505777,41630.1696714562,27952.7663372492,60940.0019487466,142923.265569753,111528.965816561,61762.8245873115,41736.6584380904,28132.4323690205,61981.2449400694,141069.840860037,110632.233082821,61716.0271422729,41884.5303634138,28348.0385629714,63131.0426772988,139254.035910044,109787.400198654,61623.306971087,41993.2346066036,28540.2263399288,64274.2557813769,137098.649970465,108745.149145855,61428.5516920213,42012.3046284527,28662.2608288541,65280.3780087408,134888.682921741,107651.949708058,61246.7749912239,42044.7998529036,28789.1241071917,66292.3698994709,132742.356813624,106497.484566241,61035.0101962406,42070.6531025927,28917.8561706854,67317.8522030852,131614.768514951,105776.596079495,60986.3155715343,42213.1977924005,29134.1319584604,68589.0438636166,130730.471135946,105371.663197645,60927.2949697392,42310.1713957705,29312.2029009545,69819.8697099324,129543.26146095,104781.5194594,60790.1902025789,42297.757690772,29381.0565530052,70759.5529833553,128343.930364361,104262.929521365,60743.7045974164,42350.7191743525,29478.8272304385,71673.1778480846,126954.208392879,103569.023340566,60644.7790893545,42385.0737078177,29567.1792619244,72491.1040258302,125489.435606082,102799.500058454,60503.0464976081,42406.6119021129,29658.0130179099,73293.0906957845,124018.625886655,102014.362665389,60347.2828207423,42422.5390400737,29752.7243048185,74122.9254861041,122472.860180295,101154.724755246,60141.6203827531,42403.6195441627,29825.856231242,74928.6867028475
189,322798.646955124,103118.557233413,24246.610604336,10609.963775191,4745.39953311832,14901.1887950339,296117.435753396,93845.2386216201,22140.8294312164,9883.75401076735,4465.44451832271,14059.909494621,301584.349163437,96709.2079053844,21339.9331522383,9452.89900614924,4356.26864754037,14470.6380117902,303267.834491538,98609.4433977163,21608.4769715974,9259.04669326979,4150.74044638296,14493.3381805158,303956.809588748,99918.9451237612,22082.0600970098,9414.97077344249,4147.27359361981,14537.9797263353,304310.166538744,101099.905726958,22541.2045738338,9633.17344362974,4232.03479998774,14691.0291873021,304570.708136616,102221.451335483,22989.7129072742,9858.36186512927,4336.68684209687,14904.8366500567,304763.13676814,103287.80577899,23426.5586812241,10080.7794458622,4443.88277564747,15137.7316036418,305386.48558175,104398.818164381,23863.5528657057,10304.5472725222,4552.85492851987,15388.4210461414,305566.511381285,105416.547957091,24268.411261225,10511.5935764731,4654.11577132616,15620.6496512315,305543.792316998,106401.097517983,24686.3531214998,10725.1634077477,4757.86565221229,15850.3485572172,305264.738769723,107321.721074898,25100.7574131929,10941.700153825,4864.56308048914,16076.5079499585,304859.70831817,108184.358626964,25513.649013225,11160.4831965757,4973.84136629503,16300.8762644098,304951.011950025,109108.985368002,25932.3554621068,11384.8777076732,5087.24268618871,16541.2864762883,304464.783531843,109901.353407757,26304.3743975844,11585.4932091305,5189.86874946513,16755.2270025749,303706.082750912,110658.002115884,26695.0675872177,11794.7332437938,5295.64271330054,16965.5902579801,302683.92380129,111335.998284033,27082.6724849267,12008.7076703576,5405.62967542197,17172.9527821422,301582.174818105,111959.158560284,27466.7381678872,12224.6942500468,5518.64807820507,17380.6498587127,301002.253608451,112652.928954129,27855.9815182048,12445.6416372941,5635.55849762484,17605.421918415,299905.793807383,113204.552486059,28191.6192240372,12638.6620036132,5739.46040411407,17802.0570474603,298652.121392853,113748.060827936,28546.967844825,12840.0057084243,5846.0909987773,17997.3310433213,296984.401611814,114172.965665266,28888.8155548418,13040.338072469,5953.95718007058,18181.5066151395,295215.823441432,114549.578805558,29234.1105792751,13246.6524666373,6066.76719998701,18367.9091355846,293857.011670584,114969.139373219,29583.6569188672,13458.7890379083,6184.48760106246,18569.7189934532,292195.042900674,115281.999964585,29883.9031105998,13645.8830453627,6291.0153741191,18751.8014342143,290096.117510809,115515.508286837,30179.3222570652,13828.3231001095,6394.0939277973,18918.3360912265,287843.964851121,115697.381638505,30488.1107455582,14022.4969157128,6503.96851034526,19086.1749930482,285878.792848182,115859.231395665,30796.590780175,14222.3370146442,6619.55472308431,19263.6566510266,285478.194024373,116310.815576782,31130.7749138258,14434.844650977,6742.93655475313,19489.9316345761,284605.36698804,116578.870784437,31341.2489962778,14574.6330053898,6828.74629653786,19659.9306391634,283772.047262485,116958.13276662,31601.2525711514,14726.210126799,6913.35501825809,19825.1121105884,282570.591834945,117212.685723793,31853.1128316004,14879.8791563572,6999.18372401856,19973.3376551896,281161.690624708,117417.036568718,32105.3416227749,15039.2556427981,7090.53579511592,20120.9859801882,279601.737667711,117559.703069653,32350.9337880192,15199.5837919487,7184.74600903471,20268.3717653889,277927.789346944,117652.425496992,32585.0551317437,15357.0433941898,7279.36728783983,20414.5391145941,276102.55277672,117688.643449623,32806.345559541,15509.4166773613,7372.49522071791,20555.7130443697
190,269440.849259202,145134.870668754,50480.4980562198,26262.992602471,13553.4434480082,16995.4554537813,242355.064629018,133362.600662664,45623.7634193532,23784.3275586537,12302.8121283411,15568.9951999319,242367.24782863,134455.357330971,45074.7326293212,23852.930376871,12533.2099837483,16058.5148237383,240306.806925997,135237.885532852,45124.0763194981,23505.8618504564,12339.164007046,16207.0884915733,239060.213202158,136136.173903928,45958.9536800625,23873.9445792552,12427.9412493967,16334.2915232005,237483.117118673,136638.429883232,46668.5422594011,24350.9691989804,12685.2528229498,16578.0148661232,235884.504783992,137048.948800903,47332.9899689407,24833.5003756688,12996.4263966103,16972.1915808252,234174.453489396,137360.922112052,47935.4962980878,25288.6006404746,13306.3360379868,17440.0524806276,232886.933963599,137716.154522943,48546.0612164077,25745.9050545858,13619.9774207011,17957.6244682082,231557.356837552,138086.86426085,49101.6302295176,26170.0263432403,13916.2355121611,18477.0382913895,230003.906124805,138357.416137297,49645.1771136322,26577.7275600819,14199.1757567094,18985.5115897469,228277.878318175,138531.419768613,50178.0640440949,26988.0199149096,14484.9358717843,19498.5505572078,226345.469903668,138579.79893263,50677.657271595,27387.7200329918,14769.4607707648,20016.3994008935,224831.868363433,138672.95719807,51194.2572998783,27803.310701232,15067.1085039136,20565.0100377085,223208.557596927,138769.006688186,51647.3764631072,28181.5587045846,15346.7157338819,21104.9017115711,221257.82400926,138720.418501523,52080.199522598,28538.1227069836,15609.7599173473,21625.5888358207,219124.669035295,138558.23363892,52505.0089729755,28901.3809853978,15878.677763302,22153.9048656392,216791.404347586,138257.406246399,52886.9926065053,29250.9414525259,16146.1280244598,22688.9076616908,214920.867059331,138023.59813478,53289.3605962629,29618.0652201265,16428.4039979065,23261.6789270012,213000.907730132,137817.092638487,53627.2788963765,29944.7832692025,16690.0994718039,23824.3864817426,210829.561282668,137482.755409716,53942.4935117549,30245.0449863562,16930.7771361733,24361.2009937459,208464.389533459,137049.783763663,54247.0464236394,30548.2259780465,17173.856234118,24899.0882514286,205820.431972153,136440.104933387,54500.6729426068,30831.7679604008,17410.9117693159,25433.940380486,203529.296063655,135867.907751705,54774.2055241121,31135.4060934534,17665.1963277022,26009.5939353792,201328.520411946,135343.650217777,54996.0931176946,31408.6026848195,17905.8443443557,26586.9864969376,198769.863555999,134680.181906414,55166.0730741661,31636.8965599947,18115.4277685893,27127.4432427608,196021.147938788,133882.266348788,55331.6280925918,31868.2270054562,18325.2879058619,27665.3300904792,193274.819323525,133003.18017195,55468.9858024342,32097.5723898668,18540.7286170135,28218.6830538005,191736.147670667,132452.310007682,55689.1343070849,32379.2854506514,18792.4985729131,28851.0985533143,190639.056050297,132257.270251464,55863.3548844916,32610.3352342746,19011.6827691854,29460.4395687161,189267.216548423,131950.985956809,56001.2452972204,32773.679995253,19167.8646184943,29957.532380705,187843.106374104,131667.540853746,56199.5300133309,32976.0890155531,19337.3026164034,30435.2348532981,186111.672753974,131174.382278174,56332.6811454039,33153.7289918182,19496.2877643407,30873.7584675652,184322.03286627,130646.100791568,56469.3184749622,33342.2982866243,19668.274097225,31333.9367613241,182415.222619284,130008.448725384,56558.6626465982,33509.8612472512,19832.9781953921,31794.8393720844,180460.007852262,129335.702473894,56630.6167919654,33668.227790059,19995.14414565,32267.5390164131
191,328266.487397463,106145.453935156,30726.2050939988,14823.94463172,7365.580162452,38484.1276056011,312906.154398991,98904.6899382045,28497.6718518701,13902.3271208325,6944.80651644507,37335.6342554845,311405.553579244,98588.2273123522,25986.7280699107,12920.7481956131,6668.50671240103,37386.5339272713,310486.665843284,100236.05417063,25780.7867002436,12262.4729826979,6210.99251308779,37369.2058403987,309563.425508557,101280.072678449,26273.1467343888,12343.937119804,6100.20761247278,37416.3347685092,308367.356984135,102114.044213192,26735.8664811517,12574.2753414871,6175.59599656547,37650.2082922109,307084.589936575,102845.267732086,27166.8757169184,12814.6994296061,6293.81509046448,38002.0287055349,305761.23076944,103526.216003577,27575.0346645562,13048.1927082051,6417.14867344196,38396.7575672958,304914.822148634,104213.772794917,27977.6425278881,13279.6170362052,6541.41320630185,38830.9214417104,303876.15812925,104903.264983141,28354.5684059707,13495.7487839995,6658.17940348097,39248.8217453533,302606.792732771,105540.729960879,28740.7857520136,13714.386490367,6774.51466904241,39648.0711947219,301082.143664316,106106.979631932,29120.3320396343,13935.2620394668,6893.52161767918,40029.1846325439,299392.053050676,106612.670124163,29493.7374676924,14156.7757586888,7014.91643248274,40396.6136167479,298187.575640641,107120.602733686,29865.8762284015,14381.5372624358,7140.19420861185,40791.9784546113,296695.199683891,107619.156605712,30203.9472940771,14586.8973677995,7256.45535904997,41158.9313671319,294853.065834087,108043.600860253,30551.789307618,14794.3871994676,7371.71786086161,41497.3171351651,292763.298289236,108380.024801594,30892.6455141136,15005.7601857743,7490.94924348877,41818.049237219,290515.979601103,108651.14949279,31222.1461024488,15215.7865168076,7612.22682786569,42124.8994053734,288818.328281032,108936.768642994,31551.623912835,15429.316838318,7737.5372121246,42466.5370063736,286883.104198325,109218.234541068,31841.9845926444,15619.7278320206,7851.62390245089,42778.7632878856,284710.656402346,109437.385110539,32142.916932619,15811.5255003794,7963.76397848557,43066.6282128394,282198.359088977,109563.375384913,32430.454272727,16003.2495654478,8077.54947746136,43327.050573194,279469.689576906,109605.732558169,32710.0667738703,16195.399406393,8194.02012777212,43569.0164987467,277175.444115743,109647.815498816,32988.0890052408,16392.182823793,8315.84465570259,43841.3342586085,274806.982223854,109689.983098857,33228.9222994499,16567.6641238194,8427.97449554958,44096.5986416456,272013.620016583,109654.328934992,33463.7682722359,16734.7968300989,8533.20978174024,44308.87190421,268993.295520751,109520.131020271,33698.6095052522,16908.2388426086,8642.59981298361,44501.1880622368,266153.028807415,109350.053793371,33926.5033278236,17085.0158132039,8757.44878751816,44700.0855509458,264863.221525059,109373.470889631,34173.198613552,17273.935313413,8881.69426640322,45015.0390668016,263671.273428062,109525.573878232,34352.0474920323,17411.7130679123,8976.83889130752,45300.4182239784,262341.374828456,109676.356585636,34563.0478541868,17548.5413953217,9061.33298350893,45549.0629930539,260740.999821157,109751.416073495,34773.4402388175,17692.7562656712,9149.12883709949,45765.1696839114,258888.473563823,109746.988015565,34975.5531969508,17838.9322764808,9241.2511027626,45959.584202019,256897.718299317,109677.826038678,35166.6685341439,17984.6723394071,9336.3663208434,46144.3564942398,254791.422107326,109557.502359367,35342.5282564748,18125.1786488275,9431.06393826404,46318.5852395239,252585.296077293,109391.417569191,35505.7340655983,18260.2337398461,9524.04171173622,46481.667055729
192,283192.548043613,99903.6147353451,29561.1495178629,14241.4663081547,6892.25232021384,17974.8201001714,265377.926791129,95719.2644791468,28055.0336741594,13620.8953933131,6614.52391205228,17287.8451378031,264795.760170272,96993.3965151828,27318.0636675765,13356.528310637,6620.82398592589,17620.0034098703,264182.218591193,98177.6633119283,27646.1039198835,13242.9486034557,6474.67862067579,17678.5310235076,263227.89599649,99047.1340319363,28185.7623993823,13472.3598053386,6521.50909011275,17749.369274397,262115.959834896,99796.0845575345,28694.4663646618,13771.3338087332,6668.63631808567,17934.9041955592,260927.274585493,100455.394827284,29172.6861400751,14065.8430572263,6835.05901613477,18193.2207317236,259696.298706776,101074.385554859,29631.2892985043,14352.6862091106,7002.49022957952,18481.8891726077,258889.077790658,101709.651644351,30089.1460365653,14639.8575375008,7171.34856715498,18794.8057358103,257911.427863939,102337.636917259,30514.70463613,14907.9698463258,7330.80892174806,19098.1118698606,256710.69844861,102907.705963627,30947.3571392689,15176.9367350857,7488.93051375937,19393.1106307287,255287.689744834,103405.142784302,31372.4788216432,15448.6748744812,7650.41934277037,19685.1435563602,253739.972245937,103836.927128306,31790.0326609471,15720.8801826748,7814.86253571107,19977.4147880627,252654.967045778,104292.960188203,32209.2940007117,15998.62706047,7984.82228652023,20291.5681086384,251261.077829048,104718.507705071,32584.3584780775,16249.8792867754,8141.85387326751,20585.6266612947,249587.723923115,105069.580318261,32970.6123038455,16504.2713991608,8298.30764886505,20870.1935284846,247690.726780554,105331.394511604,33346.7138961144,16761.9667584165,8459.15523567785,21152.2584877198,245667.244533135,105522.589771563,33709.833971786,17018.0808296159,8622.62506519398,21435.4930004034,244150.771406363,105750.138720357,34077.3193439745,17280.7744252234,8792.26929314026,21744.787519329,242390.440720143,105950.805363509,34394.440592836,17512.5633495402,8946.32237780279,22032.2009257264,240436.257228608,106094.589170989,34722.6932098901,17745.7853837097,9098.17454280613,22310.316481463,238183.83320589,106137.72157569,35033.7813291553,17977.3144275384,9251.13966847157,22578.3964547305,235757.810739447,106097.104744004,35334.5512715907,18209.0414712086,9407.45119258982,22846.7080142085,233724.087828018,106072.059186172,35637.4630845981,18447.8861050964,9571.02719860508,23139.8733992168,231600.484141665,106031.426102393,35894.9014536818,18659.61947244,9721.61528193878,23419.8766730314,229105.822602815,105908.794524237,36141.7456441111,18859.8456901674,9863.28870636199,23677.8944897758,226433.09552269,105690.928921493,36388.4160541135,19066.886139591,10009.6870396762,23933.2768559978,223945.487297687,105437.067177224,36626.1687783311,19277.0984347884,10162.26424048,24201.1298955247,222842.557961918,105425.238236835,36897.5747570748,19507.6260597377,10328.907164654,24536.8689976086,221743.464989808,105498.155578382,37080.788719317,19670.4058711422,10455.1840833497,24824.4884878345,220537.885792108,105584.130272076,37301.2366507216,19832.1731541717,10568.3513902274,25080.0630166131,219094.921202313,105585.608505341,37517.394868831,19999.5271359647,10683.0176667861,25312.146048178,217430.485909752,105507.615630902,37723.0738451533,20168.1045180783,10801.9753284432,25537.5760845891,215663.949473908,105367.859118741,37917.6928859098,20336.8241512906,10924.6870989245,25766.9402195979,213795.076839971,105174.848354312,38092.906625277,20498.1330748396,11046.1860147622,25996.5272221569,211841.136103368,104936.836638722,38254.0637671455,20652.9017437696,11165.437721393,26225.0786916027
193,269907.147186983,94523.0791748642,24090.0302824377,10863.4887665686,4945.26317120973,12652.3111194922,243799.859031515,84463.2224761468,21950.9616344814,10130.6617953625,4659.15936099155,11888.7000676726,248511.581651307,87254.2432374166,20960.3903508313,9628.9023147846,4551.60175273905,12271.6117478356,249256.931650663,88839.3856641347,21231.7473985435,9423.53613298817,4322.15350281131,12214.8605184693,249485.492369685,89982.5164352096,21711.7870765615,9589.77542711386,4320.88050083364,12202.7942555843,249530.415813183,91016.5805114617,22179.0309283341,9825.78311940229,4418.42973040217,12320.0209573928,249472.536773363,91973.4929436181,22627.3558494463,10065.8845753216,4537.08538069496,12507.5509910948,249399.496205636,92888.6715502439,23062.5982885094,10302.3262083578,4658.43230874041,12721.6051581102,249646.867343952,93826.9367165848,23493.3733974885,10537.613461176,4780.44252283867,12951.5375118541,249602.605594861,94715.6959542331,23900.3178631836,10759.1339883647,4895.81291877904,13170.4888493102,249394.907711687,95569.8021585486,24319.0411787865,10986.984201617,5013.72888318149,13388.4240639937,248984.225456513,96365.1245107873,24733.8457627232,11217.6724303511,5134.77619871288,13605.066137354,248466.324006182,97103.3859303607,25145.9277259536,11450.2345800061,5258.49450867979,13821.8815319665,248355.307195741,97886.7931690102,25559.0955965502,11686.7253900041,5385.89317685674,14052.6097521914,247797.885670734,98580.7510898529,25934.2159445265,11901.6165400353,5503.00376413735,14262.83734204,247035.275662679,99237.7473668874,26328.2449951663,12126.4071500837,5624.10913312931,14472.4376216874,246057.918357863,99818.1497641239,26716.4523342019,12354.8316869837,5749.36426440918,14681.2232834407,244983.402633584,100337.925504796,27097.604124757,12583.5901995934,5877.11480816381,14890.9306741538,244375.94561845,100920.387833573,27482.8440432418,12817.4162988162,6009.14983732601,15117.9598108193,243364.031535736,101397.967688499,27818.9975561364,13023.2008073344,6127.47691766624,15320.7932051915,242214.477987151,101858.95691172,28175.2833180739,13238.2166877587,6248.97622470342,15523.4760258448,240744.697336914,102219.272582592,28518.6317547886,13452.8747254655,6372.36638158736,15719.6896824967,239154.480742784,102516.133737984,28860.8004106425,13671.4473620675,6500.10924391954,15918.4833926923,237942.947143847,102853.083139871,29205.1354077786,13895.6496195594,6633.16632473459,16134.328311923,236471.689601123,103106.381538259,29501.0384679996,14092.7499734206,6753.37347186615,16331.3595245241,234671.740586155,103298.472007323,29799.9840897866,14288.9915259782,6871.59283007789,16518.0909552732,232714.167247387,103419.494496081,30103.7146333683,14494.2665568984,6996.02322996297,16706.4741491488,231009.146497488,103511.006143363,30403.2390778726,14703.2053321655,7125.63750164171,16905.2257316548,230577.857131514,103856.399416123,30718.2993441225,14920.6119225283,7261.45123338162,17145.6386790242,229823.05454047,104092.250882495,30926.8258747521,15067.2353389472,7357.85900693971,17330.9542848688,229100.685387563,104420.767400648,31188.7057990319,15229.5841145365,7454.5527251958,17511.3669402393,228033.249054805,104614.767863295,31433.2903009164,15389.7992544846,7550.5685605577,17672.5475180035,226830.174125511,104777.631443419,31683.3567509309,15558.304801208,7653.66450237815,17838.3163658254,225502.507027957,104873.73855827,31921.8807232179,15725.5867126763,7758.82932667911,18005.0371215246,224064.055724792,104925.236790085,32147.6759397471,15888.7118715345,7863.7675762411,18171.8273420798,222529.673548043,104932.24209899,32364.3362010512,16048.4318302617,7967.94154157101,18337.3404367971
194,338218.971050852,97889.3025982334,25562.6048278855,11731.7280705936,5486.18959327387,19603.5761446718,316835.587189795,89254.4934625758,23571.7267750665,11037.5027519662,5209.01808769643,18787.6013052338,316452.768409918,90284.7717808765,21648.6541574058,10163.6094663608,4944.19267745326,18907.0712670761,316782.727251744,91984.8791101905,21796.8713349135,9808.11593013719,4629.25237802948,18867.3542713118,316419.734729208,93054.896190522,22247.1870658068,9932.9789993267,4587.88286142355,18862.9822135772,315660.936972521,93946.5236371891,22658.7779534159,10135.5380629892,4663.21512034329,18996.9724222426,314835.60694566,94771.2323570559,23051.9070125804,10343.6613225459,4763.55756827242,19212.6156892134,314006.771260106,95558.0910049917,23432.658765622,10548.2003250446,4866.97057302328,19456.9382038569,313637.229470956,96366.322977585,23809.2158082242,10751.6775239373,4971.08070476981,19722.4803626924,312955.362182423,97141.7965114527,24163.6512348778,10942.2210577533,5068.90865507532,19973.901140509,312046.793469258,97872.5799938911,24527.0711400929,11137.034932834,5167.98514529175,20218.5534618851,310865.077114696,98540.8340916899,24884.7690174346,11333.6400861334,5269.44088751772,20456.2438226132,309619.482733255,99166.2657012137,25242.2146140415,11532.9041130506,5373.72578129356,20692.781291484,308871.571288542,99818.020331413,25596.9826788439,11733.8142578762,5480.43068940661,20945.1271996759,307649.591318111,100412.352917966,25919.5316905266,11916.2312686789,5578.28503496806,21173.2077348013,306111.19463323,100947.794877151,26255.0205469615,12104.7910784116,5677.99520647174,21391.9124446106,304328.853786232,101411.987436546,26584.9609253085,12296.864384986,5781.47331063456,21605.4429790571,302463.694321564,101824.038065984,26909.0828051493,12489.2810218994,5887.15667509501,21816.8109109483,301185.077671888,102278.927821399,27233.1916594332,12684.3362052475,5995.71680436108,22048.5868970161,299480.363050362,102671.850907391,27518.0050996572,12856.4337410432,6093.00290386261,22253.4493518812,297570.994587405,103022.762628057,27816.4506134896,13034.1876709366,6191.48581160274,22451.1411449138,295282.106615163,103283.430054893,28103.1912513305,13211.6602988452,6291.60833845985,22635.9569878953,292871.629203216,103483.400285013,28388.4252310955,13392.3693315142,6395.36856197356,22819.0741667012,290934.77138929,103709.863972522,28672.8401343459,13576.5587039614,6503.05962197116,23020.8907125708,288733.910181338,103884.258072823,28917.6709871684,13738.4183448297,6600.19818227114,23202.1928696276,286104.539731515,103984.2132932,29162.2149253559,13897.6528510971,6694.36692954345,23364.0936217526,283309.820395455,104015.500510572,29409.9819783032,14064.6296984072,6793.82158305229,23523.2574817148,280856.447712586,104036.458833392,29657.7256748287,14236.3647139416,6898.51254850035,23694.2208852798,279982.955711451,104271.027790819,29917.4243902144,14414.7928107516,7008.30652111897,23922.415288305,278883.375885329,104494.008513191,30098.4766496795,14539.0583557292,7088.03265700715,24105.2269634722,277703.987627239,104743.179031847,30315.3769192396,14670.5981046888,7164.26792610014,24274.1882640332,276217.039805152,104910.244154459,30528.1133436075,14806.6060043256,7243.22941674548,24426.1250862972,274480.495093208,105011.833618315,30736.0593932764,14945.1833613589,7326.15533889502,24571.7675075231,272612.484168573,105059.772864354,30936.9296775531,15084.4125299363,7411.81448155534,24716.1233686235,270629.965312952,105060.715061286,31125.1626780856,15219.5979365997,7497.20587408292,24857.0567168187,268532.003084937,105018.520352061,31302.4620336178,15350.2151712293,7581.16458431528,24992.6542219608
195,387848.105672959,70233.3939202636,13869.6166769129,5959.75181867605,2759.37167661159,17434.7875477614,371838.185708008,67497.3216384554,13521.9661018547,5951.63466301941,2780.37712773603,17400.3362300325,371507.647377166,68775.6422853885,12544.0156520847,5457.47876569643,2615.58485937839,17547.8147819727,371581.379203876,69570.8743030351,12795.775787888,5386.96996025674,2496.91988679556,17651.6606122485,371504.537917327,70194.0499955765,12987.0894209394,5462.61235098741,2504.26067492241,17819.6679680713,371124.204092496,70779.4895247308,13148.6788478289,5531.9131028224,2530.68455924255,18030.221300472,370627.719985453,71323.1030736222,13302.5320687383,5596.85770094514,2556.86802951665,18251.8779493664,370131.215172987,71847.595829875,13451.6475430959,5659.43030063923,2581.99513302141,18473.8714652716,370093.401810509,72367.3026205367,13593.7013410732,5719.20534738431,2605.95192556794,18700.437867528,369768.171790036,72909.8294472573,13733.4677033952,5776.13310324886,2628.17705299137,18918.3305578559,369189.909723402,73414.1810313379,13880.5447523911,5836.59817020566,2651.42612485394,19128.9175271659,368317.077988859,73878.0570574006,14023.3065997746,5897.30738744151,2675.45728266093,19331.9005719777,367342.534001457,74305.122741358,14163.2910650312,5957.51558402485,2699.67750713535,19529.662944884,366839.139570872,74719.7643141035,14293.2624222792,6014.39357989628,2722.95329494826,19731.9476225607,365954.846915885,75154.8340042564,14418.3878615944,6066.83210122735,2743.81096297722,19922.7968071931,364692.760564096,75539.0082737961,14551.5766745006,6123.03968730614,2765.63024611438,20103.5321895122,363138.031655606,75868.8319823432,14678.7559120526,6179.31493887884,2788.29838669583,20276.0504877326,361497.972683753,76160.6820924281,14800.8673350433,6234.04980526685,2810.7796091522,20442.9765309268,360380.93215656,76442.5039659947,14911.7908228332,6284.71006476669,2831.88926218014,20615.4554434144,358953.376365391,76749.8329818775,15017.5244516625,6330.3208683976,2850.16858049453,20776.4155083544,357238.761411439,77011.420775879,15130.5596919547,6379.39113049752,2869.21075347484,20927.980224786,355138.57224615,77222.0573662002,15238.9612914797,6428.7409762215,2889.08768781552,21068.6825617258,352885.799517133,77381.5737857065,15342.9100325312,6477.44384920336,2909.23827515784,21202.2632617004,351053.350700194,77524.9248386696,15436.1372023303,6522.53457681592,2928.40831251984,21339.8108076403,349026.343819103,77683.9648315775,15520.2867986953,6561.47264217068,2944.48994328488,21467.4943471025,346541.240110381,77800.3204089282,15610.9037560039,6602.55612321079,2960.61619682588,21580.8370573406,343833.810000418,77852.9612629461,15698.1415083255,6645.18245568412,2978.10694109129,21685.8867276113,341489.640531436,77884.6502767833,15779.8110663235,6686.5995637114,2995.92455440772,21793.0221838305,340720.038457224,77986.486867574,15846.2753871195,6721.45511138965,3011.45522314044,21928.3744863311,339903.675439497,78213.9070812675,15906.7955480002,6746.27249100208,3020.8467952208,22053.4637745116,338921.899348081,78427.6978946605,15993.7238725382,6781.39306798277,3032.72003735653,22170.5653339844,337628.888794602,78601.69062515,16081.1864823298,6821.41187313529,3048.20872365609,22278.8834801543,336050.002775661,78727.3510434623,16165.7536166313,6862.23418080372,3065.31602966704,22378.9655583649,334311.737058856,78810.4437396329,16243.6684581455,6901.61379079818,3082.65124656529,22472.657851402,332441.166245962,78863.0706241929,16314.3454839265,6938.11957335775,3099.10180990411,22559.6422348145,330446.483737719,78887.8535525052,16379.788437044,6972.30074383691,3114.54352167658,22639.6920179642
196,280935.290961578,131725.826136376,50214.9269917539,27246.0125382885,14732.4504465305,34764.1799296011,258078.36953687,120122.200342017,44296.8471063188,24117.0072961963,13096.9027144591,32238.9762455408,263303.562682365,123123.469015609,43353.1255422591,23788.1645814994,13049.8426946671,32441.1802345392,257909.678776497,123067.259010655,42887.2554846931,22949.2161140941,12531.1349107229,32171.0672372744,258273.758501902,124867.858767991,43908.6978258563,23360.909323977,12569.8874286669,32273.8453137687,255816.143528771,125120.612447524,44580.0449423783,23776.9978615277,12768.2566224451,32461.2172376345,254571.59145078,125807.695260131,45282.2399796308,24292.2536718697,13089.1647201932,32921.3614311916,252625.288806302,126127.526423931,45866.8137390011,24729.1941274435,13389.1660076264,33464.5671753001,251437.856593036,126623.165791489,46477.6145449728,25187.2329246176,13702.2327552524,34094.4767734881,249973.277002695,127013.644444506,47012.2430900801,25594.1582264594,13988.2162558441,34718.3567663962,248392.703771728,127387.283692004,47547.9962623243,25994.9671357522,14265.9891103352,35326.1549125525,246541.209240415,127629.839061954,48067.2321733405,26391.9533934386,14542.6206724927,35926.2705871478,244551.870595139,127793.448113783,48565.697485386,26786.5193879341,14822.2141734812,36523.9167580464,242994.152517807,127985.774991594,49078.1040014067,27194.9132166915,15114.3026099258,37166.1363328734,241249.190467426,128135.97318789,49515.1840766378,27559.6706519929,15384.5572524194,37783.9448808869,239193.077612457,128195.037138286,49945.053896102,27909.4914774498,15641.9808411703,38371.3332359573,236917.509095235,128130.684737559,50363.0956401334,28263.2065542236,15903.1750120193,38953.3741855992,234481.572403434,127963.879470959,50749.5084270441,28609.2410135436,16166.1386445009,39534.7556270691,232535.241564674,127851.70461482,51154.011863721,28971.4130646471,16443.3578984028,40168.6683462816,230460.793922305,127714.165948807,51481.4434095849,29286.5302392194,16696.0422519747,40779.655426258,228170.923152316,127503.26616355,51800.1870692252,29582.8999202586,16932.1709714873,41355.5491137473,225610.841588047,127170.880296337,52098.7193656325,29876.0794962169,17166.7213481327,41916.2969323145,222826.908789431,126707.818474299,52363.7943557371,30158.9385257616,17400.1675476191,42463.486135918,220431.856901829,126279.338909823,52646.0004007959,30460.9869844775,17650.8437315883,43066.4349575825,218035.850968954,125842.982497124,52861.6993641312,30723.0842384661,17881.9487506392,43657.6775994569,215299.614459476,125306.178720586,53039.4080085248,30949.1369152094,18087.0793046318,44199.9366037927,212351.980358367,124646.353818583,53210.2182185417,31176.0465469634,18291.1398018532,44725.3040269911,209510.080105849,123937.87991754,53369.9847139276,31410.0468922718,18505.6020710159,45272.1694534414,207980.791776681,123540.009218154,53609.5175820341,31696.1145317738,18757.2058069364,45951.2117738723,206736.738326501,123350.351472341,53763.7867447541,31909.129079283,18962.8043511521,46598.7816241582,205303.542680492,123140.696405344,53914.0516177146,32075.3218819791,19118.3988653437,47131.3833889024,203737.416097887,122901.669070039,54101.461601267,32266.6548502109,19279.0932112375,47631.1611399253,201890.095319878,122506.117940803,54244.5284499516,32444.7046841456,19435.6974009834,48078.5890814116,199956.715843485,122058.271333259,54382.2959377361,32628.7713646101,19602.5899406105,48539.5133640917,197916.766224551,121522.115712605,54481.2292941882,32796.4448915981,19764.9158441697,48995.0372460647,195812.820478468,120943.335320033,54558.5534361093,32952.3360463781,19923.1707489265,49455.4350693942
197,203814.118454298,124337.609209308,57803.3547779759,35295.0719904468,21427.8536297213,41559.8493804787,170029.460922268,105616.356495768,48465.4415205592,29533.4791651875,17952.9735943379,35216.6152842122,184653.149065073,119237.958048075,54324.9776891532,33278.3345648258,20358.9320496988,39997.6608005888,172419.801793098,109942.913839271,50989.6228331324,31170.7952000969,19092.126735295,38032.6397329561,178190.945166627,116523.349192567,53992.0322351713,33127.1936315102,20337.1440316234,40696.9850005045,172192.298484901,112443.549998685,52998.780365254,32609.7753157321,20052.0776045475,40344.5720218592,173471.037669542,114970.303446242,54451.6747490867,33715.8244673883,20839.8854176601,42070.2324985485,170260.546186846,113270.025321655,54300.5406913614,33767.3971941117,20965.504755693,42612.6420686545,170098.26754232,114193.797717643,55096.7080083461,34451.8117879884,21502.4173826671,44004.982723801,168222.413291959,113573.746037908,55267.9993595233,34701.9586680967,21756.8810864425,44902.8743748812,167072.402160296,113724.781958072,55730.5236734126,35145.2437206947,22130.5149985594,46038.4121967479,165349.210778723,113346.762208076,56016.8055868401,35471.5317987332,22427.7273061545,47030.0463556333,163727.991043576,113067.765574937,56328.445300208,35830.1468837042,22751.9237099414,48080.3008284526,162456.171792389,112850.00958477,56665.7425255033,36207.1615201445,23092.7616542879,49196.9795798943,160932.263475688,112528.652273099,56885.9395273777,36502.3454396106,23382.5045294473,50238.0581158813,159225.909659901,112137.857491453,57105.6431601307,36784.3783685045,23656.6808609551,51253.8371914389,157382.812789345,111630.320324452,57298.5499306023,37061.1233437277,23928.5806331134,52261.9881471802,155456.588299549,111016.508294605,57441.5143187105,37316.2362518739,24193.9233293364,53269.7510487442,153986.00631726,110566.598813579,57639.427296884,37612.6886133782,24492.2075622711,54384.6799966385,152289.384094187,110015.627117839,57719.148379172,37819.4286777742,24731.9679227471,55411.6633532452,150476.233171421,109415.443575822,57799.3721333867,38012.1301585418,24953.4162696826,56405.7571313505,148485.761173107,108702.984924986,57846.578026621,38191.1860082527,25165.1920361054,57372.1782844859,146363.179179494,107854.802348565,57839.9832488688,38345.0000960422,25365.9031268404,58318.9143617883,144608.496232137,107135.093260746,57880.2867019161,38538.8209368344,25600.3018600466,59372.0136407265,142769.575490735,106374.055137395,57834.5380898882,38666.4667313122,25792.7294079591,60372.4403736049,140654.677385988,105483.042985103,57730.5102062254,38738.8654752787,25940.1231344634,61283.7570886223,138477.777660243,104527.860459689,57632.2692251214,38821.5333567125,26091.8335081331,62199.1755125378,136431.025231479,103525.598477273,57509.1089691589,38900.5050881526,26247.9635758361,63136.1125906289,135438.964256093,102998.757739904,57552.8534775701,39095.0678002676,26488.7386309454,64323.3192335765,134475.999908636,102584.082570028,57499.8200248913,39183.5231912963,26648.8444014544,65370.8407958725,133337.411334216,102120.362233914,57444.0599071015,39225.0320339244,26747.2370971625,66236.8905621102,132152.569761757,101667.000134422,57447.2606055698,39310.6042775646,26862.6133350273,67061.1551429525,130768.267165254,101049.208277093,57391.0413827869,39372.8374513526,26966.8384203064,67796.9684358361,129329.983525115,100386.085331147,57313.710692681,39433.2658494781,27079.3517476237,68536.9223071019,127851.658137659,99674.4561332573,57208.6966156624,39479.4029898805,27188.5687204645,69284.9165548988,126311.457908203,98903.7066214956,57062.6826253898,39498.4861292432,27282.295298602,70020.0607630062
198,359726.467112757,73138.8215884193,15186.3410887602,6485.18133313034,2903.22466176637,12174.8238097803,345380.523022593,69841.2409899562,14617.7750749087,6392.10565492596,2894.35996646064,12117.8443596698,345645.295890668,70918.7485153711,13571.745653763,5872.92354283191,2719.48112528877,12209.8735188029,345876.263801148,71819.7665307128,13738.201547118,5734.4354997866,2571.60566541862,12231.1051104528,345955.741811825,72483.0371157932,13938.2131340432,5798.57375376396,2564.32362989687,12312.311316439,345714.598877771,73092.0420607045,14110.6769934852,5871.08838635139,2589.67832483167,12447.4439072221,345404.754188605,73661.3306319088,14276.258338883,5941.71590687215,2618.43443462053,12603.3640366518,345100.42255832,74210.2953113223,14436.311491259,6010.0128177687,2646.70399016579,12763.7082086908,345239.219127623,74769.8046018736,14591.6090109735,6076.30778917517,2674.16558303089,12929.3763174352,345079.426088749,75330.1011188225,14741.592505366,6138.63028604147,2699.43079713197,13086.9708767054,344692.497802599,75855.4175590983,14898.4725650511,6204.34320822165,2725.74390522321,13240.3264693097,344019.712344137,76335.5027751525,15050.6279519095,6270.19838614825,2752.80897040257,13388.9239008293,343312.060932072,76783.1149930116,15200.8638693396,6336.03155455341,2780.32118397664,13535.9110820228,343051.676165405,77238.9384711792,15343.1843516581,6399.22619354758,2807.13238826863,13687.2800742995,342358.5969031,77683.8907328885,15477.1532402594,6456.56170982144,2830.8626096686,13827.1226604076,341345.535439473,78078.9266620235,15618.3433261126,6517.57186664729,2855.67319902919,13961.1008545228,340064.204683911,78421.113637831,15752.8275071176,6578.37109283549,2881.26340566826,14090.5044732721,338717.862817716,78728.0295425221,15884.2028973476,6638.40989145795,2906.97960137856,14217.4194155725,337923.823669685,79048.4947985628,16007.6073038969,6695.82610807012,2931.9591903248,14350.4820706924,336742.878509269,79361.4335707694,16119.4884625952,6745.52090425991,2952.95980756883,14470.8854398752,335311.84716462,79632.3067429785,16239.6814297207,6798.98726079416,2974.87405743021,14585.6772522199,333510.429044613,79844.4188882945,16353.4696305027,6852.31906613552,2997.54107659337,14693.246911437,331600.326778404,80012.1215737069,16464.289862347,6905.61448553324,3020.79527093124,14797.9654779387,330126.183229316,80185.9774907419,16568.2025678075,6956.88961892426,3043.72424346117,14907.6588936514,328416.668090622,80349.2294112739,16658.1016591259,7000.03010300828,3062.72145112138,15006.9654897115,326256.836511913,80460.902248301,16751.5842197271,7044.05458681292,3081.28604054706,15095.465629456,323890.626070797,80515.5663721694,16843.8893533913,7090.5427435644,3101.60928708916,15179.9336278907,321965.066952607,80570.8235114564,16935.3754933361,7138.14915874333,3123.33201889212,15269.8307361362,321576.840780378,80748.3927055016,17021.0859575676,7182.69286714745,3144.11142809037,15382.0415860523,320978.452072154,80978.0789712808,17086.1170872396,7211.13395361019,3156.05591636786,15475.9231281583,320182.116744228,81200.018534432,17176.7441353971,7248.78251511699,3169.90857863972,15563.0779235962,319072.019400839,81371.8349403371,17268.7949655773,7291.94428327323,3187.54694976894,15644.7199247162,317712.044995914,81495.289289866,17357.4769119627,7336.08541591675,3207.03372946284,15722.5840527584,316220.526219643,81580.8180390833,17440.2848583892,7379.09370698379,3226.88650142926,15797.6314590472,314602.422970514,81634.2836302341,17515.2437556147,7419.04998440075,3245.77271352273,15868.2063582785,312865.879957044,81658.9672039756,17584.7732746245,7456.60734213466,3263.62512454639,15933.996966813
199,321119.032129234,96728.2462285829,24301.9026281169,11015.5603886893,5107.00212145475,19079.888053516,297351.049606586,88257.2851068027,22298.8405733723,10295.9510607059,4813.24822161786,18188.2637150962,297247.655712085,89432.495282704,20643.4733524068,9503.6261256054,4567.01399805253,18342.6907654275,297609.395033153,90967.5613654635,20861.0611965128,9241.93063509525,4303.85230533394,18338.1064235023,297342.229861715,91980.5907433375,21282.0914075084,9373.99725940055,4283.38101197829,18374.149550946,296719.668989792,92847.3420550934,21670.2087220538,9564.41675567914,4356.89594772803,18529.9262079399,296035.992838114,93653.2127424196,22044.3254961345,9759.43432049059,4449.99295763914,18752.455887952,295325.426653711,94421.6346786719,22407.7382312916,9951.43004824218,4545.42551242335,18996.402422101,295076.809487776,95216.0782802033,22767.9611698856,10143.0518662982,4641.75861588424,19259.8596921365,294545.826805859,95990.3281010996,23109.6611685272,10323.291574695,4732.52277591251,19509.5983281951,293797.804067386,96717.1622228449,23460.6906454486,10508.2610170532,4824.78384347933,19752.5663468953,292812.044006514,97387.4085915213,23807.4207947574,10695.5407080353,4919.66190815155,19989.5921196133,291725.600575383,98006.8975984297,24151.9200654182,10884.4358079742,5016.76128764957,20223.4313049642,291120.855148958,98657.3589080734,24494.3189708517,11075.1336588795,5116.24317853325,20472.9975210213,290115.510161678,99266.131996015,24810.2779644069,11250.0794833659,5208.15042506536,20701.0703408672,288792.30034585,99809.3441098095,25137.0188054575,11430.4429291813,5301.67077771468,20918.7980141809,287247.448955424,100286.364721021,25459.6036293701,11614.6418494836,5399.00118128316,21132.0755691044,285593.554355808,100705.033286408,25775.4976394703,11798.6382856037,5498.11821699482,21341.4511365742,284497.265956526,101169.621356142,26091.3134326513,11985.2487077613,5600.02282960797,21570.8941130586,283028.391767808,101584.879648547,26372.98386438,12151.4061788772,5691.86255596484,21775.4127875475,281347.950018153,101951.156745533,26666.9438634185,12322.9350970625,5784.88775115605,21972.0143465583,279332.50368614,102234.796670419,26951.0946391346,12494.9911649246,5879.93825914108,22157.3789123611,277167.216316669,102450.332780602,27231.9622575297,12669.1511334388,5977.92146388042,22338.8634558336,275439.387824154,102693.547808757,27511.772029301,12846.5892197265,6079.58232780824,22538.20247048,273512.834817867,102899.550970408,27758.010943787,13004.6993568376,6172.14334801121,22719.7744539568,271160.561055823,103024.983824683,28002.311512898,13159.7822314539,6261.7115801217,22881.1227881114,268640.022885585,103081.676521797,28250.1601839105,13322.5082152863,6356.44851046846,23039.52286161,266399.635630359,103114.029637547,28494.4333485819,13488.1668054918,6455.37665674523,23206.401341838,265669.698539495,103370.540285397,28749.647977993,13659.8758700073,6558.98845492319,23430.3472384936,264726.775890714,103621.276584883,28932.2193288233,13780.5364967108,6634.18283569539,23609.2119409492,263694.46620334,103887.25394548,29149.1885240405,13909.109541241,6706.75025499141,23775.1230257279,262368.115775435,104073.037641129,29361.8980419695,14042.1394142317,6782.35750080342,23925.1685067369,260825.746097169,104195.779429906,29570.9195466825,14178.0880115468,6861.9870084482,24070.0390824503,259147.682742688,104265.342327041,29771.5791874715,14313.818282686,6943.78737603759,24212.6460230648,257359.49282634,104290.62493169,29961.6634009308,14446.2241727532,7025.4540252229,24351.7090716069,255463.429211519,104272.244176124,30141.746181829,14574.7370626275,7106.00992884653,24485.3635330051
200,315229.342738641,110098.417756212,31228.7553112453,14669.0607756556,6899.58860931927,14200.0117575123,293711.058406876,106300.602816423,30238.1611072018,14306.9410200574,6758.38204180626,13875.6132937121,295040.223940114,106636.318914848,29579.5291248231,14273.187589822,6886.14287453589,14218.0262445045,294629.681302532,108264.816538961,29656.8988423678,13984.9472504084,6713.18102119045,14301.7799057924,294049.072135581,109377.590038888,30276.7620157416,14208.7885589614,6729.75026127261,14333.6526025809,293290.629384882,110358.745932269,30859.6148824651,14534.1806769611,6878.43872385139,14477.6464438175,292408.924074905,111239.562018414,31412.9136007616,14862.6342365748,7057.35891684842,14707.7534511315,291428.05287974,112062.81254792,31943.9019495503,15184.0735941966,7239.77057115249,14975.8886781136,290874.354560281,112891.399035105,32472.9848123223,15505.6273300299,7424.06886940865,15267.3645613374,290084.548461474,113670.218263387,32956.3183467694,15803.0968079043,7597.23791642192,15551.353126836,289118.289348661,114427.503199121,33451.7333728989,16102.4798337354,7769.46605726458,15831.781168455,287859.912327422,115089.091646712,33938.7558550143,16403.745202984,7944.19450268928,16109.38778019,286433.284008264,115690.086174282,34420.8774154346,16707.8550196894,8123.2504726178,16390.4440416475,285446.146966545,116291.295330101,34905.7831919796,17018.1110353723,8308.15506342133,16687.2621082736,284141.924113973,116828.379837151,35332.8132978633,17298.5226950158,8479.75636922017,16970.5877235298,282562.437788267,117330.94485209,35774.6493115032,17580.8120883116,8649.86946016732,17246.9634720687,280702.19875916,117718.210439156,36209.6292235666,17867.9595169977,8824.43891483053,17522.0879739782,278677.112962372,118035.300506196,36631.1997084946,18155.1406723112,9003.00461463272,17801.7291009367,277134.353270698,118364.113868466,37056.423432476,18448.0631226131,9187.31737971885,18099.6783595281,275339.948881473,118641.751456478,37420.9294077412,18708.3882846075,9356.41288896297,18383.2946015605,273377.234450332,118893.061666574,37798.9273951661,18968.5398159791,9522.31930690077,18659.1411079637,271059.527540263,119021.917412507,38160.1064045978,19227.2074968785,9688.9412226096,18927.9880457783,268514.806335935,119067.550363641,38511.6948975146,19487.2325803625,9859.68194441877,19199.2591109719,266332.09644315,119101.235396027,38866.0733578891,19754.9159264916,10037.9888502532,19489.5755938149,264087.529235752,119102.653266474,39166.2268783499,19994.6414351146,10204.2406795405,19773.2267027772,261496.656706924,119048.911305456,39455.0993573476,20220.2430291665,10360.3520905259,20040.1441984423,258643.735169597,118883.716435649,39744.978996548,20451.6449543432,10519.6706275873,20303.0878356428,255883.960910882,118673.081680579,40028.8831154553,20689.5533742901,10686.9646449633,20578.1782204034,254544.762684359,118650.890824929,40341.6499461721,20946.0615667125,10867.7566995079,20900.7731177252,253359.254933175,118734.586877069,40555.3653825433,21135.4293898449,11011.3520886703,21192.9488510062,252123.849973915,118882.285781682,40803.0537789899,21314.3390453509,11135.8071964507,21448.7595702029,250598.008557233,118927.927228699,41052.9936511039,21500.1496197849,11260.3986377032,21682.6603287967,248835.776330549,118896.705758075,41292.696671419,21689.0934533938,11390.2587802825,21911.4738065873,246914.832871637,118783.554669882,41520.7610849454,21877.7914356699,11523.8819213075,22144.6505399334,244895.693792873,118613.466797383,41729.887971306,22061.1826337311,11657.9258593124,22382.0731140515,242763.018632717,118389.395178933,41920.6954524793,22235.9850668023,11789.0983120041,22619.6364290123
201,184448.554015065,126383.114387751,67993.2349258519,44750.2615827767,29215.4337719435,55393.968270785,162740.917820814,113769.461486047,58387.5861570816,38309.6460620624,25064.4804085702,47948.9199343427,161562.882318301,115816.41242991,58657.3927701806,38331.4690283649,25042.8225091135,48077.4758304178,162608.19151548,117957.470259876,60612.4638954837,39334.7813155486,25637.2051575689,49560.1866819632,157748.566186467,114870.253316326,59581.6145643631,38849.9843128444,25299.1419188001,48989.9968797519,158525.505761088,116977.699241182,61174.4151987157,40036.223925101,26160.1915761201,50853.3796729437,155630.439556869,115274.160912961,60997.600476948,40136.6873363535,26329.8481274581,51500.7043986593,154387.118220386,115350.990110931,61452.3656202752,40659.9525232166,26818.884585176,52943.8983297402,153151.219282134,115011.031658742,61819.5220676186,41088.1876580857,27231.2125613257,54376.9285827125,151642.176190663,114556.293670958,61970.6440213224,41381.9494176747,27555.6706551635,55704.6199873285,150247.607973307,114267.078020549,62249.4769023126,41727.0102894778,27901.9696600609,57118.2622566152,148586.233858482,113707.702967628,62415.4792665446,42008.8723172264,28201.4405264569,58441.2209797215,146870.716645336,113121.355622926,62557.3476904798,42282.8144581008,28502.2070277657,59783.8988405568,145524.578180315,112637.516913905,62748.317617045,42594.4299665693,28832.8351230465,61222.591155639,144071.018938633,112141.365857069,62855.5386368648,42841.6914521771,29121.9141011344,62611.8703745511,142324.070747014,111463.47686828,62890.9531983426,43021.8984591856,29356.0339523135,63898.7957692854,140533.847474669,110748.00735633,62938.229704839,43220.1231446029,29601.1338255558,65208.9800098761,138611.680190391,109885.75414186,62911.423150576,43379.5592370317,29826.8400497879,66493.3608675389,137082.81425044,109159.374775211,62931.6077624299,43578.0960339523,30086.5634955031,67892.8155314458,135521.970835059,108482.060689788,62899.6799536359,43727.2688491148,30312.9307396041,69264.0366390084,133708.837841381,107616.075822947,62784.1225982647,43798.1247197659,30473.2067698463,70499.3729609032,131823.436476537,106731.528395951,62678.8899299819,43882.2861679504,30639.4694672794,71741.2234404282,129776.905408139,105676.750100933,62500.941423376,43925.721905802,30781.8068628855,72932.6538911397,128009.22126499,104701.852098214,62347.1505662156,43997.1555953947,30951.8734931766,74220.2086688937,126346.632223074,103835.1437253,62182.9854218601,44052.3583208811,31113.6382922879,75536.7717983042,124332.417261569,102747.656875737,61894.3840417263,43997.967359755,31188.074139577,76665.343964459,122240.93390956,101591.450063995,61604.815207889,43946.5354323895,31258.9790229879,77778.8601782377,120279.865404938,100428.400744966,61318.1890300988,43910.9521941648,31347.2086680029,78943.7214220322,119207.230067744,99658.8628573866,61180.6089767132,43986.7293381706,31522.4817457373,80370.5990641993,118403.759856014,99238.8875520866,61071.2457480933,44041.86452562,31675.466053503,81789.3974144183,117284.334422257,98611.4141731926,60866.4251235601,43972.1146240103,31703.5447415359,82846.8332007463,116147.887974829,98035.9784391921,60741.3802103181,43962.2609539371,31756.7595726529,83857.1373916661,114903.893307751,97366.7589627272,60605.2592045787,43961.970703389,31820.0435837913,84805.068623742,113521.792506463,96554.8231602598,60388.6826569977,43920.9204703103,31865.1558621583,85671.1795437726,112138.840823797,95742.9714730192,60163.6285214479,43879.5797231056,31918.9866142549,86574.5782239189,110723.155775725,94883.2062615482,59906.4818909794,43814.9419205543,31959.2482272594,87473.6233567783
202,331162.409222567,112589.785370402,32179.8535319633,15092.5619081968,7086.44209518229,15404.9495678205,315169.031076347,105934.049775489,29759.6184717325,14037.0072655722,6613.03508650013,14848.0405765106,317103.654834466,105848.202108607,27802.6860065153,13381.4401147847,6465.07124830581,14937.6397695515,316212.757196228,107592.645083466,27435.0012498914,12650.6464189718,6022.46143646914,14775.4226168372,315548.47800579,108780.965822674,27998.6640869646,12748.0867479212,5911.16061310309,14625.5696728139,314712.930449527,109776.015361741,28543.6209317358,13022.2239749541,6005.83570655804,14661.3713622838,313733.535573431,110649.127060977,29052.2247687427,13309.162555603,6150.22012966824,14826.9178018971,312655.969394332,111462.532964076,29536.4951678021,13589.8357345973,6301.71134648201,15047.767502872,312015.470122764,112265.624936159,30014.3094426138,13868.3508671043,6454.39623680264,15296.0376061059,311208.231187014,113061.592286479,30458.4104675919,14128.9543150718,6599.06015493377,15542.0328805308,310165.746391449,113818.589764535,30912.7007796166,14390.9246807195,6742.65885508551,15782.9489280812,308853.096922032,114491.552644582,31361.5524222767,14656.2350151325,6889.46946832644,16021.3171160265,307331.610191561,115100.502940203,31803.8162953251,14922.8569635303,7039.44945193826,16259.969552924,306251.354400624,115691.640482829,32244.8487285108,15193.0783314587,7193.48225189732,16511.0602556829,304938.347484219,116269.869242109,32644.6302709122,15442.0166969435,7338.39526431007,16752.8860995926,303258.430087327,116787.12297693,33054.3664974521,15691.3242175501,7481.36750919482,16984.5528151858,301306.911968207,117199.383580818,33460.0313575008,15946.5934339238,7629.28571328558,17214.6105568261,299139.639268791,117538.285866097,33851.8928339645,16200.8909020403,7780.17825042895,17445.4974280955,297488.501513482,117870.71105184,34244.4725833418,16459.2774810514,7935.48104577483,17692.0972430286,295649.546372803,118200.749283245,34589.9288338511,16692.407131052,8079.41972260371,17928.2028899099,293576.950476455,118477.798510284,34945.7276332091,16924.4489891009,8219.93435973867,18154.0343799055,291143.511390112,118649.850675092,35289.1949098807,17157.4917182164,8362.58620922743,18373.3599856644,288449.386195548,118729.996181609,35623.438342716,17391.4359355803,8508.70607856181,18592.1512593581,286136.316985826,118787.707882515,35956.058162005,17630.4911294127,8660.62518611682,18826.6213285534,283802.874828841,118846.187656308,36246.2487639657,17847.5085386585,8803.32233992774,19056.5216484084,281060.645888003,118836.914921719,36526.952056273,18052.7523207729,8937.50057263667,19268.8900938789,278055.277342399,118716.638271063,36809.4176228074,18264.6520094208,9075.67728229902,19477.1003598514,275111.131439965,118542.930221734,37081.8593194519,18479.9532478642,9219.77589911967,19693.1661139744,273671.44096782,118529.829583511,37374.0330449653,18708.1792926696,9373.52600506431,19952.8576622725,272487.763192344,118683.725097656,37588.0370402322,18882.1403029512,9497.62480676163,20192.2404552449,271179.827554747,118855.069784046,37828.9276673045,19045.4365035887,9604.40484802387,20398.2123023876,269593.890899457,118947.910322864,38075.1377326543,19218.052539095,9713.92133659564,20588.1107569779,267744.986070896,118954.121713549,38311.4381197908,19393.0163777443,9828.0592139456,20773.3199515307,265731.173658611,118885.024900441,38536.5773945119,19567.7703151184,9945.53940308971,20961.2085359156,263610.806020145,118759.501267965,38745.3227803887,19737.8558071666,10063.2731109793,21151.2844300054,261373.420780033,118582.951733958,38938.4252748333,19901.0452659168,10178.8433868111,21340.0495421928
203,342429.257018746,100121.776330713,25512.0954669462,11267.8629347508,4956.21258015922,5434.2375881525,331532.369563948,95940.1971884836,24175.5606264569,10788.667414886,4761.77918690373,5274.29894546191,330300.574634465,95633.1073398716,21681.3372667166,9770.45872357746,4468.90345889188,5221.05871742372,329507.746388144,96874.6588799956,21548.2010568714,9199.74029395774,4050.03270699301,4944.32894761036,328874.53293364,97747.0599429925,21924.7727686037,9265.29201429039,3963.94228779169,4732.69591991752,327962.798122447,98492.0169969708,22283.8175063092,9434.5355249227,4017.56621080931,4686.53577875226,326955.238839823,99148.1904067217,22625.1797021781,9612.34519602544,4100.14540546398,4730.46714981116,325847.407387297,99763.9196238911,22950.9190499459,9786.28650944439,4186.35846049288,4807.74675311842,325217.777340859,100372.404367813,23271.967594991,9958.85401267302,4272.9887044031,4897.27268953878,324424.896706509,101016.760616669,23577.6107193151,10122.2690592124,4355.55661549572,4986.76204180947,323383.286427147,101609.579772796,23894.0232224506,10289.5771147012,4438.9002620081,5076.03874526822,322079.805092808,102138.176378906,24205.2109458678,10459.2763943711,4524.923703293,5167.23687829889,320541.417623342,102604.941795012,24510.3580770949,10629.0039292072,4612.48317246607,5260.56263658267,319518.397161102,103057.064042036,24811.7597784167,10799.8989262486,4701.88212490427,5358.26033901963,318222.770639608,103540.644136608,25090.6009653825,10957.8302178851,4785.63912689126,5452.09066660209,316554.043629963,103947.423418409,25381.5297495993,11119.9313077357,4869.9400586315,5544.18067984421,314629.808280676,104272.078262457,25665.8066505953,11285.4487910272,4957.91203210749,5638.95339708236,312456.714288415,104529.780032477,25939.3788858254,11449.078895134,5046.97542609921,5736.06777295911,310887.909207502,104783.691298723,26211.1022826377,11614.6267065027,5138.21561850579,5838.61452634576,309075.660727753,105074.46895445,26454.8320447914,11763.7243735096,5222.0201421513,5935.87262256063,307007.084708256,105295.8828522,26711.5931298985,11916.5682069374,5305.69801937111,6030.79518204192,304598.017807724,105438.850441588,26958.4436731459,12070.7339639353,5391.96718186351,6127.03034153256,301908.273002849,105495.942909066,27197.3932421696,12224.6988954558,5480.0589658753,6225.99015407369,299665.678120936,105539.42007828,27432.5346856531,12380.968801173,5571.1536031041,6331.36423628906,297367.267049878,105610.831206012,27641.0464313314,12522.0785703356,5655.67279636172,6433.28379192221,294620.306286279,105612.521208868,27849.7853706579,12659.8226435032,5736.81990818681,6530.03708273723,291640.055015976,105518.602115784,28058.4957329454,12803.5419530158,5822.19635196764,6629.36261272725,288754.13405863,105377.341060819,28256.1486491108,12946.9966067669,5910.2524182037,6733.73197777522,287495.497300119,105388.719626333,28462.522206224,13095.6002145194,6002.04294729455,6849.64219608871,286380.990616803,105579.269544814,28619.6950578292,13206.4082032747,6073.12549713885,6948.4317637434,285109.100734234,105753.784600778,28809.2234144888,13320.1908408659,6138.27294251944,7034.12887848708,283564.562215762,105865.491059036,28998.7666194865,13441.4000521634,6207.92522131033,7118.21889783701,281739.755775077,105900.499079176,29181.2520261335,13563.7406702423,6280.65144645879,7205.49924080048,279762.239426493,105873.429725991,29355.2896451513,13685.9133622151,6355.40046491281,7297.07608004362,277660.248640731,105800.274153915,29517.0984158335,13804.3034345261,6429.82366794712,7390.85451742864,275453.090790267,105684.959237907,29669.5127826629,13918.981182613,6503.1655439287,7485.26492091476
204,239205.032382922,135445.60782393,52619.0218841921,29268.1396747385,16266.1995093361,34546.2672587412,200909.878658081,118868.458529285,47416.4884849874,26523.226909932,14791.1310271445,31147.5124764511,210030.92677446,126570.584171374,50821.8755767172,28987.3287213017,16458.7855638637,34492.0636450921,203533.803962895,122633.094695934,49634.3912230142,28344.3675493197,16223.2882329556,34536.9352481065,204555.2647332,125086.351229751,50892.9718256513,29124.3495747716,16711.8899238532,35861.4349319527,201764.829953548,124253.04503514,51140.6290672867,29378.8982298526,16898.2744831765,36364.3281039116,200706.969686726,124874.532455671,51853.6952328256,29939.0025097678,17298.0493659447,37270.4997111702,198729.468463877,124654.349747283,52272.7290488877,30328.8908586753,17604.4338179179,38005.1646718154,197663.761831974,124943.715616282,52848.0536730477,30813.8663087875,17972.5332042317,38900.8245208365,196159.833521368,124949.921730342,53268.8899811068,31198.2003614566,18279.9506195797,39700.9738144543,194647.199686788,125016.805990321,53732.8951355806,31600.2158120833,18592.9183135803,40514.6323684969,192891.288253994,124903.642791931,54147.9341916383,31981.6782049944,18894.913516041,41299.1118352084,191040.598810404,124716.498748767,54539.2583483173,32357.4671782538,19198.9745941023,42089.9280338796,189643.81257157,124634.896003955,54962.9322580327,32759.3710617543,19523.7274860556,42946.3106284397,187988.392341057,124458.900759358,55284.8742361632,33093.100521693,19809.2737776221,43749.3762120748,186127.960852487,124202.586219366,55606.9796044038,33416.8055150714,20082.7666820376,44528.5200351065,184071.585364063,123805.116857147,55898.0979432544,33733.4148365261,20354.0167249166,45294.7355808063,181916.280073307,123305.05071369,56151.1692054053,34037.6164253513,20624.6228668393,46065.0867796825,180259.114940466,122944.235783922,56444.4592301872,34372.3955954261,20919.6588155606,46916.9283497666,178391.496005264,122506.249654976,56634.2315603971,34633.9482994609,21170.7165091051,47709.8164847379,176376.635640548,122007.301895776,56825.4762538058,34883.3901783023,21406.5558186127,48473.3978934425,174158.127572799,121378.211617907,56982.5834958519,35121.0817204816,21635.6187274241,49212.9291729673,171779.809135538,120615.717199531,57094.926233293,35340.6091146633,21859.0849137509,49940.2227977087,169771.86631468,119947.868908592,57237.8093216349,35587.897047666,22106.212516615,50742.991186315,167725.763222825,119263.049603199,57308.5056947576,35783.976563127,22324.0055065471,51518.8320876091,165361.238082611,118443.860001152,57326.9940625642,35932.600972185,22505.4194869174,52224.4151455083,162889.385280417,117524.379730402,57342.3644705255,36086.4468389676,22688.5629099589,52923.5750155318,160529.134342067,116555.445780738,57333.2638161058,36238.4458870375,22877.8067916946,53643.2118460136,159365.411626445,116053.223074811,57467.0518508594,36483.5423842985,23132.1182280291,54560.4800380416,158267.709775712,115685.763339828,57497.5780885498,36627.5410764258,23315.2638701053,55377.3476549637,157039.672969218,115309.253033323,57548.9942485039,36741.6531501394,23452.6122993546,56070.1689530506,155690.794791255,114883.961503788,57625.8538305207,36877.1594309853,23593.2340506491,56706.6601467139,154129.495174705,114308.126890277,57655.9712914724,36997.8661317208,23729.2749582017,57285.6845811106,152519.305189828,113684.683286011,57672.3907449545,37120.8232648261,23874.7960528222,57876.3789926464,150825.429952356,112983.38683588,57648.0830904559,37222.712549506,24012.6174947293,58462.2964482373,149076.922887317,112233.770990615,57594.8572131557,37307.1448954163,24141.9375003485,59047.8126301632
205,175930.449781949,123585.932245477,66523.1502760912,43833.7310384138,28693.0593445819,56452.0286117493,151173.067870004,110842.665098353,59445.6663576666,39268.3801996322,25805.3767036826,51251.8679593708,150246.57822425,110728.231825016,59973.4664266619,40102.3394001514,26570.2906292431,53254.6082727906,151923.718901717,112934.846426813,61566.1737844373,41256.9204579866,27598.3245594393,56606.8740140193,146771.481449418,109270.598980378,59860.287646982,40263.8141371207,27012.69846313,56498.3686748844,147740.276672478,111465.669612761,61415.7538541804,41383.9401079199,27847.0254462384,59161.9140093595,145129.351250685,109839.120788416,61219.0987210358,41429.2171293788,27953.8507479858,60124.697068504,143628.592354114,109546.975387754,61416.9268799202,41780.2906329208,28323.9104652092,61639.0590792422,142727.542467008,109443.160022583,61871.3484753412,42260.8383311693,28775.0445888811,63412.7541211472,141120.90271644,108752.178616811,61871.657264117,42452.8420013702,29031.9858057957,64789.9212649775,139840.582404576,108468.390976608,62098.6953121468,42766.2156540657,29365.1699282606,66367.3669215699,138295.461665162,107899.343253741,62224.7404194421,43016.5768431028,29647.4157423189,67829.9604857024,136618.006527729,107222.783920069,62271.7176464632,43225.9370020255,29908.6019696389,69251.2796191709,135355.275189915,106728.985511778,62414.3619345623,43503.5606371759,30222.1812348484,70827.8192502514,133981.169072126,106194.044791558,62464.4549218843,43710.2759866484,30487.9656692132,72334.4985728311,132315.058374596,105479.6934429,62429.5151345021,43838.8306440208,30690.2621759817,73707.8364582571,130629.96128482,104747.150001626,62419.0353610085,43992.4032330719,30907.4717146007,75114.6079062869,128832.510979566,103881.326507534,62337.9388909651,44108.8884482894,31105.4575969904,76489.6422576249,127348.184911314,103109.23235339,62283.6554678889,44250.3898917127,31328.1419243554,77965.210712897,125903.901924258,102434.642319158,62209.4176096146,44365.4772698622,31532.9885621372,79448.5322768026,124188.23415029,101556.569071913,62033.8859641727,44386.6868802863,31659.2467319138,80752.6529351307,122404.098126589,100655.254081356,61865.1758523555,44418.0808286877,31788.3103409375,82053.7786924079,120506.422007333,99628.6620300423,61644.9588575504,44422.2193691162,31902.047226488,83318.3190798229,118817.423795109,98635.9465440553,61425.7276662864,44437.7913284099,32031.7135700915,84653.6255937684,117245.286353392,97764.6271377732,61209.3707946166,44447.2474882438,32160.3069888411,86038.0922845725,115381.699878696,96707.8315011263,60882.5640834204,44355.234611666,32205.7917928947,87228.4646527585,113408.238905324,95554.8697736488,60531.2375378236,44247.2648374783,32233.4156437919,88363.3499553827,111571.243539866,94421.1143169477,60199.3054117324,44166.1446587868,32285.5380396734,89570.5058773665,110503.587212499,93616.4237968588,59999.5828547445,44186.5796678823,32418.9366159798,91045.0174796537,109769.257276782,93196.5931237843,59862.5553711539,44217.100984779,32553.6952305187,92579.0057645425,108733.253409446,92586.0544460748,59626.4455512081,44115.8515242853,32557.1810232822,93707.361310716,107641.286747833,91987.9329107555,59446.6050781917,44056.2858624145,32570.9050694619,94741.0691065048,106489.326374057,91345.9081801774,59286.7804373933,44028.524021065,32610.2986458153,95743.6908792918,105200.991075912,90553.2484467808,59042.1484955858,43957.027038897,32628.7406522601,96638.2727992782,103899.84436889,89748.4186825418,58776.4979906612,43876.8430791623,32650.7934112518,97552.4801486276,102583.953072397,88920.9135339713,58493.1565122348,43782.2267337017,32665.5547850138,98478.7902153393
206,337883.643141357,99663.8159422826,26854.4457698263,12408.7532265325,5818.90357095842,19322.1718625644,324674.862292962,93152.1364261384,24918.2391691184,11670.3661345852,5506.9730749887,18812.4893477827,323362.74154548,93184.6998296739,22509.2559788982,10673.8380534951,5208.82235269341,18813.6587516516,322655.152081013,94712.2822487241,22388.1821843941,10106.6741456687,4792.13400910987,18666.3252474968,321903.908367482,95728.9674784462,22818.9547962603,10183.4032304152,4701.70807769689,18583.0078700758,320871.355724566,96571.2873051699,23227.0305580462,10379.199823476,4765.3339546998,18669.5731668358,319755.95337309,97325.1503392878,23611.1492968413,10583.6893901943,4862.62872725037,18855.5766714504,318597.496364481,98040.2220518031,23979.5400223199,10783.8309687176,4964.20493370771,19077.973372335,317900.360537778,98753.3167055954,24341.9139257396,10982.0263753366,5066.24692825756,19322.3200665832,317004.178640339,99472.3568106417,24684.4320239605,11168.6156542463,5162.87191639952,19559.6753329145,315861.785421081,100143.361171717,25036.3225539492,11358.5394784489,5259.94535134943,19789.2327571536,314467.382636774,100750.525542036,25383.3372551935,11550.9178700123,5359.67192990417,20012.6788849976,312921.82712535,101306.58467354,25726.4559069798,11744.3743249284,5461.57033222806,20232.3266334638,311858.779616029,101857.560352963,26064.978649204,11938.7385791227,5565.53121391529,20464.817984086,310481.701693201,102405.441257482,26376.9516083946,12117.8047662608,5662.49133002831,20682.6391759015,308749.879031964,102884.485717968,26700.0620226256,12300.8243107829,5759.87171498507,20888.2665826232,306760.197592037,103283.499494696,27016.9928386112,12487.3079668233,5860.89914217032,21087.9866564782,304630.77975846,103626.47170332,27326.115726042,12673.4164733385,5963.89483167794,21284.2383908948,303050.867273188,103974.529627452,27630.8706547272,12860.2810977466,6068.90628640016,21496.4255678073,301201.469477013,104323.783638888,27904.5563090324,13028.584554456,6165.0488776261,21692.4754611121,299111.563671111,104612.600690025,28189.7879835,13200.2288241953,6260.86383944834,21877.7324282594,296665.389408512,104817.973137977,28463.8454422376,13372.3218999776,6358.68282405029,22051.9787389737,294022.048281211,104949.596497929,28733.1855862327,13545.8351055031,6459.22258045538,22221.4392347269,291806.221571337,105074.167742591,28997.3614584178,13721.1245856202,6562.90862123636,22405.3337982205,289489.048395712,105199.134805266,29230.6056814836,13878.8058105139,6658.64076326786,22578.9879187154,286738.706523084,105253.81281576,29462.5232235419,14032.2086469726,6750.32068779182,22732.6970090274,283766.999378283,105218.371725381,29694.614272972,14191.6201963614,6846.17038897404,22879.9762182068,281022.029480138,105155.087139449,29921.8013944074,14353.9339966178,6946.45779052498,23034.3643056109,279834.830726116,105250.179550324,30153.6443992149,14520.0348621456,7050.62436931262,23239.5461113389,278700.702575254,105466.501068617,30328.94513378,14643.1380283633,7130.63305133926,23420.4598530905,277413.890724402,105673.230366485,30535.2653335522,14768.9434368677,7204.07683041311,23579.9006843999,275856.01680411,105811.23621331,30740.9463589238,14901.6716947127,7281.46036656525,23725.3852200822,274030.79736071,105876.460183351,30939.3967804472,15035.8338135255,7362.33961853299,23863.603836295,272065.204820068,105881.713759759,31129.4934295666,15169.9694608947,7445.61298173247,24000.0814343671,269984.392488284,105840.43878122,31306.5356673153,15299.888961237,7528.54672505659,24133.3650787342,267792.460941798,105756.242389427,31472.9373907736,15425.3303870447,7610.06194647771,24261.7494722564
207,400177.077893315,76434.4152982941,16358.0974766992,7127.72507050079,3294.62918655878,18635.31388177,387432.890567704,70709.3117360488,15322.1043756941,6861.80608100678,3214.28304336524,18456.5280553745,387294.331383796,71084.9666664072,13457.8286904561,6054.46703239506,2957.05560595066,18553.35163336,387433.295296996,72134.5364572119,13380.3740742468,5691.36625106844,2681.94345469035,18560.3802684038,387376.082751506,72904.2291423569,13577.8214558186,5708.02261221577,2621.54861609755,18639.2377151142,386967.958063973,73593.1427833108,13772.2111242498,5781.72855103142,2636.79684257534,18809.0161392109,386468.243251761,74231.3274571192,13959.6579380175,5860.88132994533,2666.53638930773,19021.0614299576,385952.148119205,74848.4988163455,14141.2009834791,5938.64828939584,2697.92994272272,19244.9116927964,385918.278969375,75462.8205584212,14317.1267965944,6014.38002833113,2728.88913727792,19479.0258035568,385568.246230197,76083.960984901,14486.9039177787,6085.93551640237,2757.68621505923,19703.098194428,384951.117035567,76670.5199872484,14664.0459765863,6160.85162539746,2787.42938356902,19919.5325133246,384018.514018321,77214.0122586664,14837.4744460453,6236.3899755739,2818.10228958236,20127.4861658941,382999.67062503,77725.5384808598,15009.7908379343,6312.34002012662,2849.43987261319,20330.8616337109,382483.353068524,78229.6684091464,15173.6945683319,6385.82189285171,2880.30936398419,20541.1560382303,381522.104339717,78734.9754164994,15328.4106441527,6453.19237103049,2908.10489655211,20736.3051827972,380171.006790974,79192.0954992101,15491.7354487107,6524.43835393136,2936.89803642732,20920.5950324812,378516.695840847,79594.99910594,15650.0822358131,6596.40316166877,2966.85522690329,21096.2002338067,376785.548411148,79963.728826616,15804.893471735,6667.72523422613,2997.11725638423,21266.8455290734,375635.299026688,80330.2487134077,15950.963125889,6736.1655646123,3026.63347883066,21446.3407274705,374092.704010077,80700.3085103134,16085.7462978235,6797.1804363967,3052.37547613215,21609.9546008459,372256.631097035,81026.6158867863,16229.1043875343,6861.86437230372,3078.90183762534,21763.643823981,370004.424130374,81297.4176766263,16367.2394674749,6926.97837585348,3106.39950481865,21905.0149842867,367607.812522942,81522.3198088019,16503.1878995347,6992.53125791052,3134.7337444981,22040.0181048256,365683.176314079,81738.4603155763,16630.7730647383,7055.79313218643,3162.79970307806,22182.0654733927,363518.7406884,81951.6802249797,16744.1023021944,7110.83260149621,3186.97889858235,22311.1404025313,360859.814358546,82118.610658146,16862.4969182495,7167.16496770906,3210.78053194398,22423.6787444898,357959.94306282,82224.7083851343,16980.0887704555,7226.27539483617,3236.48313835363,22527.8475415508,355509.494936392,82323.2832742612,17096.0347541802,7286.39310533801,3263.6802664015,22638.2521245808,354736.910723738,82507.8061452676,17199.7094649718,7341.26027896783,3289.32780389749,22784.0138957721,353855.669730945,82775.0116098628,17283.8021653187,7379.99947135615,3306.14001272625,22912.8942187184,352776.298744621,83032.0774875414,17392.7098949602,7427.21058397791,3324.27878329917,23031.7631875789,351368.267163102,83243.249877247,17502.8071591024,7479.71759136196,3346.05694542696,23140.3451659171,349656.537032074,83405.7901421525,17609.9221474225,7533.32159154519,3369.73523736006,23240.0001081177,347795.40817221,83527.9203371485,17712.1364867407,7586.39874268912,3394.14513878316,23333.9205692745,345781.771804466,83616.7552235119,17806.4190246134,7636.59878580306,3417.80653789819,23420.5218327678,343634.427382313,83675.7737481073,17895.6419944661,7684.60455503648,3440.57963042024,23499.9432291525
208,213286.121486149,132542.601059149,64934.7919052415,40502.4635812852,25102.9765445208,45260.7573313609,197480.778086878,128343.951510918,60452.0658686602,37724.4272906292,23480.3026707731,42833.1108809762,191791.453721312,125321.265961033,59153.2408161565,36927.7399068316,23003.9130955447,42153.4454603761,194954.271322583,129817.821486634,61682.3859944953,38379.8169474467,23970.6668978351,44435.913747397,188755.140230948,125813.895869495,60418.3444725031,37722.342256064,23544.244095927,43880.0100424418,190595.246244766,129046.512147727,62484.8556359941,39157.0748404028,24529.8851094919,45970.6768243799,186181.98881661,126400.577280993,61918.1512210137,39020.4357183787,24537.0175354196,46250.5384507719,186093.378996433,127801.130233825,63071.1153172178,39952.2897338249,25264.1922829728,48027.3012412427,183532.5367547,126524.591205967,63059.3947029162,40146.2740567727,25506.0602073514,48960.1537712282,182744.639140346,127024.098946606,63715.0606297983,40756.5656771734,26026.2891944189,50496.9713709009,180679.780348239,126355.391025826,63895.6327407489,41038.9215342863,26317.1297052425,51614.3480105715,179086.137059912,126206.814513222,64303.3095162421,41478.1454916541,26712.1767596089,52938.5544223244,177013.724732121,125606.70034242,64533.9145063963,41808.8207742723,27038.6701989982,54139.2308936993,175503.261457054,125245.382510702,64855.7028685139,42210.4601337094,27419.787518693,55477.0228163968,173896.13751182,124866.105488404,65094.015527312,42549.7287147558,27762.8502051904,56779.9944793204,171893.662635155,124265.223877641,65239.9225316442,42809.4428157409,28045.0965276438,57974.3655106442,169868.47609299,123653.907998229,65422.9785514135,43103.057815372,28348.0371137766,59209.5616720366,167617.021164494,122836.024873797,65507.8244787659,43346.7375655128,28625.9015928764,60406.0737717059,165853.164973797,122165.499725406,65650.5321722586,43635.8698253936,28941.8259155597,61720.827798557,164072.058177107,121551.381591006,65729.8585011288,43873.8812413996,29226.0904376179,63016.8023401083,161984.988564176,120733.07482593,65721.1421069199,44029.2055989392,29443.8332358187,64187.2308883172,159834.182455915,119911.331313925,65738.5661775788,44208.3661333567,29673.7902544642,65377.0955029166,157419.231993091,118863.309283365,65659.1288240742,44334.3759562564,29873.1106076649,66503.142888901,155355.188190187,117907.165995183,65619.1403855851,44498.3042483647,30106.6004684831,67734.2845857437,153406.718589766,117044.684572396,65549.812803418,44637.7555978925,30328.1977650968,68988.4687679326,151078.791109788,115970.62635522,65359.2431499362,44671.8997712098,30469.3492117674,70087.1300741678,148653.736370604,114828.876958708,65177.7902071728,44713.3302894968,30609.2921670946,71178.6985910984,146268.812968946,113619.163705861,64970.0686725607,44753.001606645,30754.0074500975,72287.3116125967,144944.461465204,112795.236401252,64910.934312679,44901.8063287228,30982.5042709727,73636.117063166,144035.652308192,112408.258757375,64880.502346069,45036.7795510344,31197.5573781681,75013.5107916072,142697.53391981,111756.18424525,64717.8528080962,45013.8566221779,31267.7451937411,76020.97883577,141428.207528013,111240.172684112,64687.0580465925,45083.0134408862,31381.4905264734,77032.5581924584,139932.313443138,110536.506095606,64598.2272746395,45129.8937477464,31482.4600846895,77930.8702536221,138314.908155107,109719.609988275,64451.006213353,45153.8439717582,31578.7884388055,78787.6374980387,136716.385230262,108908.367356721,64303.8277150788,45184.2047103135,31688.4718483457,79692.8445421294,135028.27425905,108008.328410426,64097.7251342814,45174.4994558116,31773.9420042197,80568.6102225044
209,363701.122088275,86225.490964852,20589.1136400905,9516.40163198834,4767.40038550017,41474.2587396152,348901.191430441,82534.989293264,19879.7288851523,9354.08296784739,4716.10541129736,41041.2604044381,348165.078649717,83349.5703680742,18449.7872812548,8712.58518324347,4517.7126559816,41359.9317768897,347990.535615212,84492.6626425074,18605.260792436,8481.95350538914,4298.45294852341,41656.8225343162,347688.603934627,85336.1273613098,18909.7694008912,8574.08404442135,4279.10609922822,42021.755743764,347046.723591251,86093.0733859142,19185.3700697775,8698.63100109867,4322.36457758456,42460.1977814922,346322.654265354,86792.6570636859,19450.8007428609,8823.93260112841,4375.83497332001,42931.8758492688,345555.119957991,87465.9549277032,19707.5271865505,8946.28706231242,4429.80885476919,43406.5935235003,345261.000017947,88140.1585452538,19959.3637806841,9067.09029266157,4483.71856979657,43902.7582583524,344677.071391275,88815.4240704359,20197.9859044857,9179.6953457029,4533.39393965848,44373.0493904009,343851.399790927,89450.2754529484,20446.8437874413,9296.59372957717,4584.01990303765,44823.6582028654,342738.630053754,90029.0650276396,20689.5445739698,9414.31710863333,4636.02306918199,45251.852461508,341518.268465167,90569.5297404991,20930.6297496891,9532.80880694717,4689.29808362804,45666.2027948863,340784.171291017,91106.022214785,21164.0099170556,9649.98956961388,4743.23257642757,46101.0543647976,339651.186548162,91636.0642970175,21379.7422684541,9756.11250044586,4791.63919394936,46500.6092751503,338142.732514487,92106.2173226247,21605.6780448429,9866.44957754965,4840.69091719648,46871.3933570593,336365.683947775,92509.6607733602,21825.9064494179,9978.65909510746,4891.86274459001,47220.2911110598,334508.838028677,92870.9835306249,22040.1253163452,10090.0070913543,4943.85214259595,47555.5657429351,333188.931063257,93236.3551765056,22246.009882139,10199.0784310676,4995.89335305467,47915.0944302441,331530.840533181,93598.8617373945,22432.3626522751,10295.5542211356,5041.41212328905,48239.4798628155,329605.564925057,93909.2895668441,22629.1329866894,10396.0532017485,5087.31246355126,48539.4240194132,327296.163684383,94148.6509926921,22817.4631955714,10496.7648620421,5134.39964633723,48807.4129270087,324833.639439005,94331.1394703052,23002.7046394576,10598.3867028914,5183.08201693679,49056.9754532373,322814.621473288,94507.7713310776,23179.5055593987,10698.7406378336,5232.71297313837,49326.5463433163,320608.348392707,94679.1306938697,23333.959800914,10785.8398340904,5275.97465307778,49569.5616884631,317953.131947762,94792.5614448795,23492.2757486461,10872.620447745,5317.37783769303,49772.3137580658,315057.634123137,94830.2486986575,23649.480595152,10963.445901165,5361.54076943906,49951.278556412,312533.800494891,94857.4281687336,23805.2259743856,11056.9067596133,5408.91579437401,50142.2465032369,311587.405337695,95008.7685629442,23953.7116722778,11147.8560098716,5456.94736546259,50430.0699623692,310588.305393719,95255.5563661756,24068.4387690716,11211.4294497619,5489.52513523234,50687.4849150397,309415.030580631,95493.1540741134,24214.5142813732,11283.8765325945,5521.60722864527,50921.4114302183,307943.019761428,95671.749825032,24361.5744949949,11363.5458865343,5558.48746753487,51127.0192915633,306205.726489854,95790.5897015511,24503.8501692493,11444.9487710065,5598.56050528659,51309.1433543679,304313.238157619,95858.8820869164,24638.1752264365,11525.3844849355,5639.99956861236,51474.6630268805,302285.920892897,95886.3994964746,24762.2386382113,11602.1175050266,5680.75413169978,51623.4137990811,300151.118419122,95878.4268836467,24878.5711626496,11675.5263684504,5720.30369458098,51756.5739053026
210,326054.518215561,64182.1704597192,13485.8198880262,5854.65516425928,2713.00893263035,15847.4680254637,310603.374262903,58370.7156096492,12404.7155753905,5556.90610729007,2614.26002447387,15492.2261512528,309872.134455223,58935.224919885,10806.7239677666,4795.01640291147,2355.08810458359,15579.6482926803,309671.995780722,59652.6549284777,10767.5439427732,4517.49294413644,2131.24579288764,15608.0922838396,309405.524876644,60183.4762404383,10899.5477547388,4524.58441774773,2084.39246637637,15708.8816340254,308926.166259701,60662.4126581794,11029.9982330552,4571.05337507027,2092.44184063104,15882.8632539783,308399.368100502,61111.5179083015,11156.3372669299,4621.36625974743,2110.52204491,16089.4140564263,307924.764882901,61544.613715385,11279.5185335731,4670.98195923079,2129.73585702248,16305.8505200856,307918.754245407,61998.0220962572,11398.9327323937,4719.30133645588,2148.71824436383,16532.3135905612,307681.954427409,62467.9911151987,11519.2354337954,4766.29020044041,2166.61193707564,16751.2638841881,307265.225992282,62912.086713159,11645.7098482421,4816.65398866272,2185.68043656211,16966.282420262,306657.252835829,63329.6392613828,11770.4610013514,4867.81443386379,2205.60942310967,17177.2878614533,306018.401706393,63720.5248933862,11893.5760160105,4918.88019544771,2225.81712787796,17385.9860176435,305820.886153158,64125.5918641175,12011.3792111664,4968.33737810796,2245.71885134713,17602.0275497349,305303.133219425,64538.9158569643,12127.2784247462,5015.06695271036,2263.92076257474,17806.4651276402,304499.631743509,64915.1972238765,12249.7667576885,5065.23920149853,2283.21669738503,18004.2377614998,303505.177110015,65257.7063585427,12369.4160371917,5116.19049565111,2303.47093685813,18198.1610379694,302503.424002064,65570.7848627098,12486.3672308445,5166.50408058662,2323.79394501048,18389.8291162864,302003.182769098,65903.4908505583,12596.5982380332,5214.50888741258,2343.46717235052,18590.3563601083,301177.141842772,66241.7542067358,12703.3515426697,5258.62023872784,2360.75991017207,18776.1121673437,300171.949237289,66550.4136382543,12817.2863855411,5306.53735404354,2379.25837673432,18956.9024721094,298866.674064885,66822.0099844884,12928.5938280244,5355.07536874307,2398.58012913323,19129.7011780958,297483.625410364,67057.6391070828,13038.3015117699,5403.96795619253,2418.46925214417,19299.2453309514,296510.119057668,67300.9579687598,13141.8675385503,5451.10536967873,2438.09791955397,19476.6142844794,295321.323329121,67546.46945152,13237.9500605646,5493.14510562423,2455.07419340168,19641.0016271962,293764.518702896,67754.608105834,13339.5384257637,5537.40091671547,2472.37194258566,19793.3468846619,292072.705513535,67924.157578049,13441.1147190453,5584.04596155874,2491.28041777825,19942.3873129651,290757.772032699,68078.9023586525,13539.5496371023,5630.40278579186,2510.73804179483,20096.5118542109,290778.491827989,68329.8700107913,13627.5765844828,5672.12220752182,2528.69388024216,20279.0927958415,290554.416418745,68621.9161041374,13703.2483490202,5702.38300719422,2539.996419666,20433.9111722314,290154.602817977,68902.6129426681,13798.3717340056,5740.6445354889,2553.40323172331,20579.8672461173,289499.257061083,69149.2498776334,13895.4746558353,5783.40075811122,2569.91092651569,20718.1570932124,288635.191182545,69360.8725326873,13991.498805704,5827.58089192744,2588.12296730217,20851.0934512352,287654.736275802,69544.856721904,14083.8032059922,5871.35962931908,2606.88100691367,20980.428716905,286591.586425643,69707.3369049281,14171.7622809373,5913.58450696517,2625.27539333837,21105.5050755929,285424.096456903,69848.7198359295,14255.597115508,5954.09350523325,2642.9630997819,21224.7437564772
211,354347.258486279,82035.025528049,18079.5445512041,8033.17516900973,3848.64445940224,27934.0336336097,331597.231470009,73253.5862273876,17003.5726762953,7817.79570015499,3792.03210170624,27425.2128285308,329441.213571253,72961.697575018,14415.2721772046,6705.96942834365,3442.45478700321,27467.7515580607,328677.164468584,73809.9328815066,14265.8640717938,6237.21066007562,3083.79338406936,27477.4913123525,328091.427678072,74427.7987931425,14441.8198284939,6234.84316064383,3001.60277821754,27611.6169784111,327292.695943646,74974.57182956,14617.8178261889,6300.32158092463,3010.54191283589,27865.3050650658,326430.203229066,75468.3805034591,14785.7227789094,6372.10861247204,3036.53924206918,28170.4197275768,325556.222310593,75940.4775597232,14947.0569031671,6442.30086563935,3064.46909515505,28489.1220342701,325143.852822477,76413.6832701454,15102.3878105831,6510.41824747187,3092.06338423162,28822.1157978357,324529.874944426,76918.311021526,15255.3505676046,6575.41478523459,3117.82673738786,29145.8267469167,323699.891293501,77383.6786637759,15416.4015306687,6644.33405167624,3144.69134161195,29458.6421057661,322624.562697967,77807.4521034786,15573.3291966509,6713.86361508921,3172.58568473705,29759.704732164,321450.273489484,78191.7546959062,15727.3691917125,6783.09657873751,3200.87466244685,30052.0370875205,320731.912134749,78570.8175160361,15872.4480266019,6849.70937770504,3228.72160763795,30353.6059126968,319716.817744757,78977.6429361483,16012.6886359626,6911.5388678427,3253.93899182638,30640.2745822912,318370.22662487,79329.6818335276,16162.0241277459,6977.64445457928,3280.21791347886,30910.7318880657,316777.25607844,79626.5344614322,16305.1856338451,7044.23405526439,3307.67909953667,31168.5991344842,315083.333234375,79881.1966406354,16443.0267290864,7109.33021766218,3335.07859632591,31416.5022734808,313908.690037134,80133.7397409993,16570.9020904943,7171.17233764963,3361.65421976372,31676.1368344301,312478.578876222,80420.4080794993,16692.9944665627,7227.21400736464,3384.96610792884,31920.0945750271,310823.614994012,80658.3980431293,16824.0127176168,7287.45703378497,3409.20434698905,32150.1962504277,308832.497212867,80846.2925465674,16949.7376665453,7348.0687829095,3434.44944515934,32363.1403341489,306688.732423763,80978.4871183925,17071.7788884609,7408.57673487457,3460.28850535642,32563.7960773876,304935.415582323,81098.3062555756,17182.9737200249,7465.9233344302,3485.60894068199,32772.1569888177,303068.250123168,81242.7311746667,17285.5410147656,7516.78161522302,3507.62777029258,32968.8782822988,300798.193292491,81343.8827352179,17394.4134064893,7569.65166177476,3529.45901221032,33143.0648159038,298324.988275915,81377.8952433381,17501.1362122916,7624.95499858151,3553.11309205729,33303.4581833782,296141.923813714,81385.3573154896,17601.2476387495,7679.17041331149,3577.42930113512,33465.0071502715,295378.840306629,81480.006576206,17686.4505223565,7727.09151407602,3599.89617034188,33674.6743906188,294628.023287613,81714.1561602137,17765.1925612274,7762.98863118675,3614.86612813863,33872.8007378459,293719.602157481,81930.3925357141,17870.5752761227,7809.1269167371,3631.87481765574,34056.6532320904,292550.497710591,82105.0954967082,17976.6232848663,7860.64481941408,3652.87774040003,34225.9725432903,291128.967789786,82228.9998804664,18079.5111024356,7913.23713529561,3675.88651065266,34380.8995053113,289568.500451356,82309.7535743669,18175.7915783747,7964.74728657549,3699.5325041739,34525.7315363092,287900.792565561,82359.2740174731,18265.0026079576,8013.57799415742,3722.52939653264,34660.5779981748,286126.512364095,82381.7012147702,18348.4131346243,8059.95115112941,3744.53795716891,34785.1113203101
212,379612.792660279,66469.0647548165,13145.6963459666,5721.85196512429,2720.69115151428,20372.4078362435,366495.792933218,63368.9458138405,12656.2593929542,5673.82783115637,2729.26735285415,20346.8732002239,366080.079812893,64886.4847330031,11733.2939751366,5151.35084664499,2541.38732790436,20522.6739696024,366060.185283207,65609.7718234286,11983.3547293437,5099.28125737382,2431.87575649656,20675.0956464451,365913.608591747,66187.3247056059,12150.7388074908,5165.66360583343,2438.54613013414,20895.871799627,365459.867150276,66730.1591981708,12291.5817976022,5224.13514697462,2460.37482398758,21154.1802300752,364915.590881519,67235.0804573267,12425.0997491902,5278.39169999985,2481.54632299178,21421.7464068267,364388.119921064,67721.4827746218,12554.2075888376,5330.27568007451,2501.57323232593,21688.7453334479,364313.590662934,68208.6008612598,12676.210308642,5379.36016817448,2520.42461186782,21961.0096615194,363970.816666978,68718.8905964771,12799.0165189839,5426.82602757975,2537.98396202376,22224.1490800283,363370.489784155,69193.5201777631,12927.8098308555,5477.51350092154,2556.51671361316,22478.9411844117,362492.812488755,69631.0781732803,13052.6245133223,5528.27217265658,2575.66328217369,22725.2307995362,361561.575375574,70032.9383361098,13174.4786766806,5578.31523357876,2594.85051417811,22966.2891128444,361082.991708889,70429.8070771281,13286.1424302032,5624.80052287862,2612.9585302395,23212.3805702946,360205.931000306,70846.1192206076,13396.7274591431,5668.39388107852,2629.18527745258,23445.466397181,358969.220058179,71212.4636674863,13513.9183148068,5715.50299911107,2646.3945702419,23667.3980950639,357454.847557992,71529.9241690325,13625.2211101986,5762.31667818567,2664.19908026597,23880.2405823994,355910.040668613,71809.5187450581,13731.1535336593,5807.3001788795,2681.59396397965,24087.4321992907,354884.393428997,72089.0091898589,13825.6445264238,5847.89498570509,2697.43091025694,24301.105521389,353525.599754058,72391.568333147,13919.0690193242,5885.14193902528,2711.00957028107,24501.359787503,351898.615622955,72650.4173001117,14018.9166631243,5925.90702605555,2725.5270496631,24691.3783655238,349884.375498819,72862.4972841825,14114.1915911024,5966.67779890416,2740.67827578549,24868.7625206172,347769.303118794,73024.9745758295,14205.2145394154,6006.66986798725,2755.94507511689,25038.7917017421,346073.08731428,73177.9328795161,14284.5896989683,6042.52305488942,2769.95845192864,25213.3596659098,344172.467470354,73347.8460011212,14358.8696389314,6073.76574012966,2781.39234754219,25376.4944984681,341834.785168858,73475.941410169,14439.2840151135,6107.45446036156,2793.10799672789,25523.643939226,339274.962887352,73545.9442635141,14516.0659823257,6142.2220109519,2805.91651710446,25661.0658747479,337174.406802715,73591.533974237,14586.9366033236,6175.506062331,2818.83473499765,25802.4439729868,336571.677489456,73714.7341869739,14640.4157536622,6201.24474984312,2829.08009975187,25974.8743444345,335868.856071971,73949.8988508961,14696.2653689955,6220.77447074712,2834.71007380163,26133.7724788805,334990.571750691,74167.450117208,14774.9417833896,6250.49803096806,2843.33270569564,26283.2636156897,333807.240652237,74348.323039217,14854.3857975916,6284.65561876312,2855.32009378101,26422.1602935876,332351.563581476,74484.0299090959,14930.8477437249,6319.46096172629,2868.76672133049,26551.1059131499,330763.748933453,74581.8711948079,15001.0696991062,6352.79342051125,2882.36049005838,26673.1218685484,329047.781510973,74652.9528452309,15064.6922039814,6383.3849762768,2895.05672974568,26787.2290242701,327203.192735213,74697.7606820573,15123.8443559474,6411.94877636598,2906.82349738341,26893.1461946802
213,305725.984706481,123338.466291059,31320.7372400594,14360.4901535225,6737.89355218426,26170.9900200416,273050.972995133,110401.423338718,28727.9376903676,13392.5984415179,6322.75724471793,24502.5100651323,272066.068497688,110523.247887175,26715.1450278488,12616.4625726353,6159.57745838933,24788.3194442232,271861.289652889,112230.513803035,26849.9185611953,12239.1449194255,5839.89498591568,24833.8488551188,271088.949832528,113202.547889041,27345.7438408922,12382.3731728995,5799.03841854604,24864.4192428565,270015.343988424,113973.704732449,27798.4357087678,12615.7879711373,5890.3626851915,25043.873285487,268900.3306201,114662.448875064,28227.3202993085,12854.7996292655,6010.41032148439,25316.1150043162,267725.070624134,115294.704717538,28636.4381876119,13086.7338381019,6132.73818576612,25618.0983595122,267006.883499904,115970.648617194,29043.8811940099,13318.8966304722,6256.56815749739,25948.5627970515,266104.742417698,116637.868223064,29427.6853859168,13536.0828270293,6372.94361385366,26265.7452670685,265023.924551876,117241.525779758,29819.3997300949,13756.7042477076,6489.75663231936,26572.9316804401,263665.522868843,117758.305767699,30200.6389447361,13977.3602958483,6608.37328646085,26867.6557672266,262192.601710339,118199.337267413,30576.8390847889,14199.4911425454,6729.66598460611,27157.0034445894,261184.898905966,118690.249065918,30952.062046579,14424.753656688,6854.68693739868,27468.0686594463,259904.08396352,119152.957319288,31296.0562257968,14630.4992388519,6970.11926503594,27756.7682099619,258302.950739473,119515.270993262,31646.4967319718,14838.9515547147,7085.33318737778,28027.294248272,256499.925259244,119786.769733705,31988.7580332368,15050.7053484026,7204.59306146655,28290.1847267774,254535.926947437,119973.550766189,32316.5746318985,15259.3514615239,7324.88586477024,28544.385290846,253127.749068992,120229.82040362,32650.0988929196,15473.980388445,7450.08574350826,28827.2482975454,251441.922693752,120453.290057226,32942.3178006703,15663.1514835234,7562.59583710989,29082.6739306582,249568.561311254,120602.158550084,33246.2192574052,15856.5410690078,7675.00160623404,29325.0797616783,247390.733522401,120643.344124356,33533.0576367013,16048.0328830518,7788.67922544633,29550.6979730637,245013.666110051,120583.975742062,33809.1448582702,16238.7738618981,7904.40622009941,29766.5873830897,243061.164363826,120566.000584351,34087.8490672337,16435.5680991307,8025.83913272344,30007.2378695307,241015.505998777,120537.272139241,34329.3153801972,16609.9944137696,8136.65787554954,30231.331266235,238596.179594939,120404.3227856,34563.7149672738,16777.3738307526,8241.66912442397,30427.3795158078,235987.740116445,120166.192030975,34795.6214487616,16950.4010373745,8351.04292077282,30613.6044232057,233537.963648874,119889.035817735,35017.2269291041,17124.4400617944,8464.49088936593,30805.7722761593,232473.532255471,119910.847551538,35266.9799136777,17313.2038751174,8587.50856059329,31075.8610740877,231450.641288906,120034.017520766,35451.3785263762,17450.2887453313,8680.44089583173,31310.2758242676,230300.868278587,120143.178627241,35666.5915317962,17589.7073784051,8765.54007372558,31517.7941996987,228922.657056551,120163.501368626,35877.9427614415,17734.8243946275,8853.93719348208,31704.6580949967,227331.630775451,120096.284777049,36078.2133458526,17880.3073143964,8945.7535808614,31880.5191918367,225605.76610398,119961.122284026,36266.5922246541,18024.2902711359,9039.6093514931,32051.834110297,223777.225846561,119765.421820417,36440.5905253588,18163.4564530014,9132.96355219594,32217.216562473,221880.064794046,119526.136009057,36601.6475259698,18297.6288762035,9224.98390026862,32377.6561666746
214,302375.664174748,107965.595573197,32899.236193728,16176.7921598759,8001.42188408843,23618.0855345302,280517.507082999,98071.9215099544,29641.8608411356,14753.4234763281,7337.79401313612,22127.3292277632,282275.961552899,100705.430631302,28290.02683525,14068.0834411167,7150.28240940478,22476.9497054174,282147.736824844,102473.841025268,28676.0869161309,13824.5460543603,6868.76644256301,22440.9578661322,281294.312752928,103531.705083286,29289.0494524421,14054.0556423501,6874.97565324018,22443.910445613,280410.500965725,104504.09593512,29879.7341871785,14387.1391823384,7027.5721153743,22639.1832120943,279394.155248593,105354.774937474,30427.9427235067,14717.8299981544,7209.92628707796,22940.3190449356,278387.35648966,106153.559448474,30953.5849379454,15039.508832374,7394.97188505624,23288.338497489,277817.66199604,106984.846171116,31473.2456538341,15359.1516135118,7580.78015057545,23670.4194418954,276928.327569218,107755.286860165,31954.4816563397,15655.0977670711,7754.30007790208,24032.9202615846,275841.419545853,108478.887759255,32446.6970164112,15955.9534767911,7928.93743297932,24389.8777349963,274507.196429038,109122.253001686,32929.2972333636,16258.517583022,8106.72238529649,24740.784946253,273097.455846963,109704.549153464,33407.831060859,16563.4852138679,8288.53188025291,25093.0336752685,272155.746380628,110328.644509013,33886.5598924457,16873.4937373427,8475.81231256899,25471.314080789,270788.804235324,110864.618505307,34313.6466565234,17152.4678775252,8647.5326182792,25817.4626801939,269126.594678395,111338.225139321,34753.9572198367,17437.1963240638,8820.47242979381,26153.5471603743,267240.117776574,111720.772467481,35186.6360769014,17726.8569106554,8998.855237581,26486.5425067008,265271.737836406,112031.882786373,35607.321378956,18015.7788184629,9180.60242223778,26820.8629593268,263858.885301749,112409.871629458,36033.7742158185,18312.1601139032,9369.20007158425,27189.0440894605,262033.519120092,112685.284789236,36395.2400067649,18568.8515096889,9537.19178266976,27517.8141796105,260069.376426873,112937.925610011,36777.5500539039,18833.9289974905,9707.00039264591,27843.4591474173,257725.190708286,113059.01009372,37135.5019680573,19093.5668523103,9876.23895020165,28150.364544241,255288.009028049,113113.055086929,37490.9139270741,19358.0333446839,10051.4935267691,28461.7210540202,253271.236059051,113201.392121774,37847.3140721519,19629.3854894136,10234.2554086305,28803.1285475439,251034.238144011,113220.051717207,38145.6882048523,19865.9019028627,10399.5908921735,29118.2097283677,248426.640678213,113158.798190741,38438.1194751509,20094.5525666081,10558.1011611008,29410.10154672,245644.548713215,113006.236798893,38730.7419473154,20331.1357626884,10722.446872032,29699.0248045669,243211.374044499,112841.116471812,39023.5922116997,20575.8418605602,10895.8762863827,30010.5330557747,242256.341387864,112975.904101365,39349.7984177112,20840.2750177855,11083.2894182595,30408.219310813,241035.818843981,113054.337202622,39554.0303976412,21015.3098281091,11217.2765151308,30724.0090038168,239819.032229945,113215.569682233,39816.7613317959,21203.8954202997,11346.3235975279,31022.5746478371,238264.768379994,113238.276949675,40059.845571858,21389.5746546935,11472.6678241544,31283.3036266796,236530.845940294,113208.217664314,40301.100966322,21581.6811758297,11606.3692400942,31541.7827487553,234663.665321729,113102.258704696,40527.2058354962,21771.7498203746,11742.7764034098,31799.6087632878,232693.566935571,112943.657650446,40735.3586897888,21955.4677982424,11878.6862829568,32057.4256686443,230633.419377033,112736.066416723,40928.0803377457,22132.2760344666,12012.3541865005,32312.946140351
215,163437.543889855,113154.804642625,58363.369521069,37630.6272215674,24125.2095557876,50526.589469374,134480.490907864,96432.7896604933,49307.2002368363,31774.4540189839,20419.9238439664,43091.301757109,143887.388871874,106056.358635479,54618.7815977898,35579.0144832929,23053.7566231914,48900.2439914813,136500.026216525,99458.4004489429,51885.9583125951,33897.9994180256,22114.296810784,47751.0010566114,138145.044451397,102603.681815867,53447.3433715524,35025.3185377981,22948.2275285562,50287.3847658684,135818.216044233,101151.605667422,53433.2397822299,35090.8308546423,23027.8129674882,51044.6672045655,134507.619887117,101048.259284171,53722.5617812396,35481.6854820141,23384.344422754,52288.8104416237,133425.764753641,100927.394685939,54157.3391960726,35923.2479323571,23780.7780868993,53686.0085007529,132070.891497012,100385.017705686,54284.9002020651,36188.5899801866,24068.0278082057,54877.7179983477,131160.99469272,100361.17622682,54620.7848079501,36567.39797969,24431.3108225233,56297.2937658983,129763.769874658,99880.1538300558,54759.490336499,36802.6654391268,24686.4813767351,57484.8842667317,128448.505172379,99529.0230786477,54962.0057193923,37089.415537249,24977.468754407,58752.1095110355,126982.769445445,99002.0411903875,55095.4501241937,37334.6263973102,25243.6356139287,59973.2384835568,125861.78111481,98601.0903406697,55268.1513905344,37615.6828726569,25540.4637985208,61295.8812696277,124626.990175143,98191.8373663734,55373.7798208954,37839.0868082582,25799.0531392585,62569.0021693829,123128.650446335,97598.8761246531,55410.2583424739,38001.2133514898,26006.7781900224,63730.5466843858,121613.731824604,97000.8010616199,55468.1202312345,38188.3886649176,26231.7174444501,64930.0336586816,119974.817297249,96250.2839545957,55449.2849062196,38332.8330671517,26433.7573337994,66087.606873109,118703.80452224,95649.9603764544,55483.582375426,38520.026924194,26671.8223605526,67373.3830037516,117367.298736165,95064.3075193269,55457.325643415,38651.676472545,26871.3084561656,68610.5438480047,115815.246524672,94318.9022059678,55363.5529814708,38718.7977569121,27015.1311944857,69719.0965501703,114205.95469004,93560.7428740346,55283.2320938182,38801.9494865922,27167.6611500676,70839.8431731575,112453.882716813,92643.152980018,55131.4511762868,38844.7180551931,27296.5484374667,71902.4198568819,110973.691736476,91820.7656213713,55011.8021052675,38919.4769357337,27455.3836804937,73073.484953533,109536.835804076,91066.3251169671,54866.9306329713,38966.8823078399,27597.0520905499,74248.9940696706,107797.379904198,90115.3773636303,54616.0890025566,38920.5170914849,27662.9688894656,75242.8292027771,106018.131067651,89124.6094525765,54376.389546085,38886.815158789,27733.6879455565,76240.7305856162,104347.766996668,88114.5271572895,54128.4817956301,38859.5209628334,27814.8093111827,77275.0692742112,103466.54340803,87474.1638943103,54020.83107043,38936.0379848621,27976.8319977902,78581.125449806,102771.435221695,87106.5358423059,53920.6636763653,38979.2287608936,28107.0600393588,79855.9666219852,101808.392643321,86562.3807933127,53743.6416571205,38918.5586781184,28130.8263092526,80796.438130813,100837.66885043,86073.3273950676,53644.9957827311,38918.0214073867,28182.865041602,81710.8203080492,99759.8278292859,85480.7126248494,53524.3856274335,38918.0617362515,28238.857252575,82552.4861617022,98570.2779682572,84776.3149636711,53337.0268095187,38885.3728811042,28281.7148576614,83324.0284591023,97393.9325458542,84076.0301213423,53146.5234396115,38854.7340397107,28333.7483038071,84135.5371067377,96175.7649635262,83330.5285552356,52922.1495136251,38799.3797449774,28370.6570486699,84932.6695861233
216,365876.065069994,96731.0106298519,21201.5659588999,9627.705767588,4836.57792249461,46620.9712931974,345825.988233796,87773.2453971885,19732.6630910261,9187.1227987396,4665.21438278521,45721.6341921573,343277.549667494,86506.9893632,16688.0405656813,7949.02462538011,4279.53620869819,45699.763225934,342042.631332202,87292.3254883527,16347.876378118,7320.05748486052,3837.6261749241,45767.0730382141,341114.418242151,87869.7725322217,16512.8684303199,7281.35861123288,3716.62867170157,46004.555783574,339980.347157905,88368.36255235,16693.292972229,7342.42015198184,3714.78325250674,46385.803581171,338785.808859914,88802.6037098075,16864.704607332,7414.29893867265,3737.1453409787,46829.1403215068,337525.917794557,89205.0399014089,17026.6999035376,7484.03890332246,3762.33204162866,47284.3044918668,336738.597534615,89609.7166256467,17184.3247325055,7552.58359625288,3787.8911463745,47762.7981401053,335784.516571535,90045.8329187978,17336.5079082531,7616.82844776189,3811.2005512723,48227.3788394234,334587.656216677,90435.0894229462,17495.8633544266,7684.23713043161,3835.08142735858,48670.1577427175,333115.32224232,90766.3904734887,17650.1109145193,7752.0113298925,3859.80261017658,49088.0935581518,331495.578053319,91042.4673996882,17798.881239894,7818.7758965778,3884.73246641869,49485.980331572,330354.049065803,91318.827294094,17940.0950901684,7883.75830143194,3909.87905063575,49901.8624662372,328954.316788798,91623.7368288331,18074.0606575425,7942.821492276,3931.92332351963,50295.9133665842,327160.058291364,91860.2276530679,18215.077695965,8004.9532038773,3954.23772817443,50656.9275652737,325109.005569996,92021.0568768008,18349.5483950252,8067.60358385561,3977.66648474224,50992.1423094054,322896.200639432,92126.700501323,18475.281625295,8127.7082816737,4000.73035018362,51305.3215734001,321282.806298131,92242.1776384582,18593.4600002474,8185.81064762576,4023.8026626149,51645.2929564745,319410.56190941,92398.3164757459,18703.1429317483,8236.48779426043,4042.82289961562,51961.2835296708,317313.542588959,92494.9341708773,18822.3297340109,8291.37267842778,4062.47498125373,52252.4114561148,314863.73133425,92527.4828160421,18933.6570610563,8345.79268432113,4082.76713811412,52511.1163911653,312149.759067327,92484.8216504325,19038.7551566566,8399.08014975189,4103.17558618809,52739.8585341598,309926.51842947,92434.8160843779,19135.9195917436,8451.04947112281,4124.21307099413,52989.3036858086,307602.169611192,92422.9085249052,19221.3386236727,8494.87397454554,4141.3376257376,53223.1790333566,304870.333019205,92354.6961673319,19312.3270582977,8539.87290224726,4157.49239375767,53418.1256507325,301888.881803261,92205.0742601115,19399.8934541272,8586.89537533398,4175.20642000505,53584.2873314472,299142.257132769,92022.3195136639,19480.3091123775,8633.05163127235,4193.86815462847,53749.0681611564,297978.471760105,91980.3325747103,19554.2364242785,8677.05890772389,4213.19402172019,54013.5408466372,296922.912157825,92120.4210903567,19621.2254150553,8708.04121180534,4224.58624028882,54276.397480341,295710.811531272,92243.8446033196,19717.1922584318,8749.39944788574,4237.53732300472,54516.3331504051,294226.1599908,92314.4507117617,19813.4791159535,8796.45446707767,4254.66278035099,54728.0004587141,292480.262807789,92323.1599281696,19904.5666115604,8844.26384742386,4273.97816643487,54912.5619750819,290584.32108146,92280.3106495138,19988.3186665734,8890.75359392289,4294.06105788929,55077.6793315604,288581.149487062,92202.4684240511,20063.8741021217,8934.27128398988,4313.54162349465,55226.3209653748,286451.756511556,92091.075459426,20133.0589710897,8974.93510163229,4331.85617326208,55356.2287387061
217,181843.387708441,124198.836669272,70895.3400421217,48262.4373554597,32632.1154483109,78649.9021562477,176437.652135927,121752.977420094,65116.1991412776,44275.0328801955,30049.1590317959,74009.7970463518,161206.74474992,112911.836271772,59015.9793063992,39585.6086721164,26677.8025964076,65810.2993497655,172101.992597752,124658.370886031,65871.1402460232,43663.7262776937,29235.8982047688,72215.7360224308,161829.352051619,116036.092799599,62642.414558195,41750.4348513248,27830.9684410276,68298.6633581332,163864.01154651,119812.79490075,64757.6410274228,43413.0245323758,29090.9557934881,71137.0975437699,161559.446345128,118450.484846254,65034.5699763446,43779.0796519147,29440.8579087474,72180.0278954642,158887.718069937,117277.937724123,64758.7286355491,43887.0230259492,29681.127217387,73124.7741180012,158584.957611623,117892.281174883,65624.6181664464,44651.4259914133,30348.6819288731,75408.1781445292,156515.176378431,116838.35467801,65519.3875461513,44788.2998423738,30575.116694156,76700.5724211034,155074.528727734,116582.425421758,65759.525185428,45128.5310750044,30939.0732897398,78392.9909642756,153470.288522782,116084.591074856,65983.2317035627,45450.2467747226,31275.4885017082,80042.8110650731,151492.278365428,115270.62015281,65995.4590906427,45650.7859211685,31536.5838184291,81503.0787567753,150131.454417116,114803.798059752,66188.8816808026,45974.3505223063,31889.1422548829,83242.3600363392,148623.352227721,114251.755086744,66269.3112241599,46213.5348648428,32183.711756548,84887.5812414753,146731.029855778,113466.147354942,66227.5118439468,46348.15102675,32396.6568353542,86337.9001139216,144875.49953547,112714.144296997,66245.8089861341,46531.4891298074,32640.3243813442,87864.9294953599,142862.772322688,111787.601324691,66174.3258054181,46666.3846295782,32857.1413634358,89332.9207500878,141207.48237758,110963.181814436,66130.7375624103,46828.0797105709,33100.9706518936,90917.7991436705,139622.772375771,110266.754040764,66076.977059327,46969.79708747,33331.982969852,92533.8807550301,137712.597826659,109324.778554512,65899.0850045148,46999.645517397,33470.9107113448,93919.6387700835,135725.45436078,108370.482614425,65734.2763675365,47043.6688298278,33614.8885622029,95305.6761183972,133609.755649457,107275.12636977,65516.4891683816,47060.269113449,33743.2667834812,96646.0574228845,131728.357591623,106213.056163618,65298.0827784727,47089.117469237,33889.2688465726,98066.6322990343,129992.454226932,105293.370685179,65087.2254746665,47115.4291446367,34037.636543619,99558.0021431233,127919.409769464,104161.08924502,64749.2123641237,47026.3368652709,34092.4417155225,100812.893326136,125721.212514603,102927.804094384,64386.4180783797,46920.4344782836,34127.9855887206,102000.615280426,123669.474951709,101716.470670868,64047.9961555742,46845.9526919002,34191.3055687617,103273.230757054,122485.8011478,100855.082591588,63851.5081913586,46881.3552896627,34342.8066309362,104862.790023256,121684.672977555,100421.476819302,63722.800843916,46929.8136001963,34498.6671258064,106547.861055888,120524.08491888,99755.9041098918,63469.9627854663,46822.7925593327,34503.8029318353,107748.474467013,119310.315718276,99119.379777556,63284.9064620493,46764.5390085333,34522.3528435691,108854.823986282,118039.520202401,98440.0966687757,63127.4148197516,46744.3682813218,34570.54904319,109933.567621938,116608.798717677,97592.4576752577,62874.6145852118,46674.7818155218,34594.4977514536,110877.937590915,115160.358680236,96730.6477891902,62599.7663967115,46595.9550402955,34622.3572328777,111840.158072069,113704.007309028,95848.3530867387,62309.8023458609,46505.1681048246,34645.1135090221,112821.510337495
218,311120.158551176,94987.1582112083,24655.6085144446,11178.92087843,5067.71504775423,8404.79827603786,290377.000212521,88751.8712307351,23303.0692479983,10746.5562104361,4911.54800898863,8126.94490329567,291095.370853901,90643.449444848,22319.0373837818,10258.3356511677,4790.53481201831,8252.63814542307,291386.549402676,92122.6167707353,22751.4391101755,10181.5670888115,4635.02999180786,8187.77564417289,290954.045416004,93101.948428879,23230.0111252218,10384.5663247586,4672.9647284267,8162.80897908284,290271.026184683,93989.7459680125,23672.7998218786,10621.8372074805,4782.40274830437,8245.47126325688,289523.048411549,94821.533295234,24103.079726034,10860.2255544035,4905.61841788491,8385.95973698439,288760.269667832,95612.9060262667,24521.9073429881,11094.9811452778,5030.18402192115,8547.96720133535,288449.677136292,96431.8682196845,24937.5954521965,11329.3513905554,5155.56156097257,8722.27941983317,287822.575441564,97214.1277131469,25328.012434761,11548.7347070112,5273.67336570125,8889.61270217186,287003.277959957,97954.1151845796,25729.3179074653,11773.4997832501,5393.58765771481,9056.55510719958,285927.519659831,98630.6978333165,26124.56626696,12000.3269587001,5516.34401609261,9224.41719253785,284771.652404243,99256.1783720618,26518.166894842,12229.6283223172,5642.15131969631,9395.9205781235,284080.54263103,99913.4970515747,26910.0743455533,12461.4181011621,5770.95248819496,9576.78474444627,282969.353982088,100511.069800947,27267.6414187998,12673.1334630912,5890.17928839967,9746.28751251679,281554.175672988,101049.07232072,27636.9140698052,12890.6237336937,6011.20149764614,9913.95954063211,279909.05229215,101514.844592263,28002.025790101,13112.7111690748,6136.78843495491,10084.5271507374,278188.954263631,101922.29488176,28359.8613185371,13335.1808323209,6265.06413319442,10259.3250448159,276996.535472557,102376.35754125,28717.7952770597,13560.6226106022,6396.6001247749,10445.4593291568,275422.168095126,102764.104059994,29033.3936196357,13760.8806076353,6515.69961630784,10617.450411521,273654.831541299,103111.743159514,29362.8010689834,13966.9410446005,6636.09383324298,10787.8173392087,271534.336064843,103365.023691682,29679.4973129873,14172.6506707855,6758.3664338827,10956.6310219838,269294.205542116,103552.854499454,29993.7454554759,14381.674665992,6884.7401878669,11130.6145166281,267496.482021559,103770.906805042,30307.8435182486,14595.1048783481,7015.82285726836,11317.3722351583,265454.43569593,103933.541650628,30578.4178952029,14783.4286431905,7134.92302924244,11492.6680990161,263027.535127052,104023.421729385,30848.6722098121,14968.8630887023,7250.82845223112,11660.3643716431,260418.472089669,104037.894456903,31120.8880243839,15162.0229471106,7372.30983327932,11831.5528022324,258133.728903839,104033.128057491,31392.0158579371,15360.2014397089,7499.63094064941,12013.9682770044,257346.184067176,104267.592535835,31678.568675126,15567.0398542438,7633.17914045584,12223.0156952863,256303.437053363,104469.597622767,31874.455159022,15709.8595946731,7730.39453995907,12391.3172378633,255200.537146737,104712.084707647,32112.0866939787,15862.1030370869,7824.13107880292,12546.3568475347,253812.129581267,104862.020399219,32343.1594087595,16017.9855264377,7920.07771723643,12692.4552561222,252188.508689584,104946.43225507,32567.6871729329,16175.8748619049,8020.00089366247,12840.4086298222,250455.314958129,104978.814133867,32785.9653811828,16335.0702657407,8123.14304053763,12993.9065619298,248597.939491261,104958.546531113,32988.7937388959,16488.9299165659,8225.54790387997,13149.2058636905,246644.710855404,104897.810865124,33181.4861616613,16638.7377528724,8326.88256586775,13305.4793669976
219,333862.471144693,91448.0290175818,22151.6569510678,9796.76653824467,4389.97091618531,11110.0789238923,313228.543343752,85278.8024079391,20956.0599947197,9437.10605827473,4266.18623026427,10774.7387740861,313433.955586015,86397.0923432773,19706.2339089348,8888.71673592502,4116.4459084438,10884.4905872492,313869.362958188,87904.7266188033,19932.2579387711,8680.92501856293,3912.32261211985,10840.2529511201,313683.365544532,88899.4548303834,20339.7803804242,8817.99058322921,3907.22781753871,10828.4973221936,313097.468138897,89760.7887229663,20709.2094038769,8999.62210780925,3979.83673406311,10915.3089608868,312462.595730096,90574.8056238595,21068.8526767847,9184.85324523116,4068.19498602833,11057.1179281237,311813.157678449,91357.4252946543,21419.881422159,9367.89612759396,4158.54926498595,11217.8525041042,311646.227179731,92170.1298624667,21770.1955726601,9551.37000828938,4249.90455075787,11391.5701780889,311145.874086877,92940.0732614169,22097.6562005203,9722.39368581788,4335.4519142844,11555.9015498908,310417.009461819,93673.0309773179,22434.0507619109,9897.51341980073,4422.25891685374,11717.2685279221,309435.039253377,94351.0786778498,22767.6809517266,10075.3202565028,4511.63266056302,11876.7590481767,308367.781123639,94990.4288011288,23101.2478346987,10255.7310573584,4603.61726058772,12037.1595304935,307819.345010871,95662.648606927,23435.4504796546,10438.8059286741,4698.12355404275,12207.5428059584,306794.474432681,96267.69948944,23736.6211491955,10604.1818905143,4784.50758926459,12362.9993742007,305454.467505129,96825.2752142121,24050.3624029483,10775.0663289724,4872.52490225185,12514.0930544629,303878.069805466,97318.5788959381,24361.4454591739,10950.1572926613,4964.25939074504,12664.4921778502,302211.227483864,97767.1671585383,24668.6595254165,11126.3630994984,5058.33027064645,12815.792285503,301148.095224237,98260.5733017586,24977.9899832811,11305.8052657629,5155.21417121778,12979.3902088968,299617.769141857,98678.5764035789,25246.2578387214,11462.8018173103,5241.52251219795,13125.2719712553,297895.441548521,99067.0926354996,25530.1683141297,11626.0030434125,5329.37569573979,13268.1821665598,295807.834314453,99370.5974419935,25804.306638832,11789.7132744393,5419.11820395744,13405.9201132664,293596.684318667,99623.3907401927,26078.4538122056,11956.8470894678,5512.31115320105,13545.1952703856,291841.114944637,99899.762484777,26352.7244208606,12127.3534181173,5608.91104169847,13695.6167814378,289836.995574341,100120.04434574,26589.6121465958,12277.8062725926,5696.37225996446,13833.5233236518,287398.517706301,100272.684390968,26824.9849999369,12425.304770589,5781.06986749768,13960.4544816081,284791.854705254,100366.639964585,27066.6714411197,12580.9261304522,5870.8432240544,14088.0290060244,282505.856412387,100456.132533051,27310.8354383344,12742.2938329016,5965.89655369531,14224.8192195728,281789.987819198,100737.41910111,27565.1610552131,12909.1369338567,6065.00649089577,14391.9784696465,280797.619723809,100981.116394782,27737.5408237953,13023.6797282404,6136.31480471928,14525.0498747197,279736.105116843,101263.49398634,27945.6662321356,13145.3694843763,6204.77031097976,14647.9663591174,278378.171043825,101469.295231981,28152.3977616968,13272.4113933094,6276.314349361,14762.3643092251,276773.476594832,101614.776182109,28354.9652924834,13402.0411470098,6351.57732025475,14875.8093285495,275043.026033138,101712.071577146,28552.2310551365,13532.6772490292,6429.3727045617,14990.9778589211,273191.596464572,101763.081290233,28737.7367321052,13659.649445304,6506.87011173064,15105.2766670375,271216.031900263,101772.673700774,28913.5196542798,13782.718616139,6583.19598843974,15217.1945707522
220,191048.569280836,132137.805581551,64194.218986358,40016.4940168713,24800.2746167676,44458.269794822,160144.218466178,114660.915347823,54897.4852985536,34224.6583035195,21270.2330160768,38444.4362239798,167156.209577341,122473.010873724,58922.9363625278,37076.8362636552,23220.8261646732,42293.8729260947,161123.253566763,117664.802863649,57194.1687352197,36019.6883967283,22686.8705717234,42069.7546372581,161764.779974663,119939.068443931,58484.1065223996,36923.5642589626,23318.0084483343,43838.0235703316,159348.436867319,118754.758351046,58630.1573059161,37134.3177919737,23498.7592498064,44608.6118408353,158026.479169408,118804.280000333,59128.3369128565,37654.7362359923,23934.1140899209,45821.7152926354,156401.229280439,118394.558113528,59486.3915893813,38066.2773625508,24310.7690729385,46994.4477492128,155087.137907781,118095.318462183,59820.1522594635,38474.2509023866,24692.8541388717,48235.9753614766,153857.450268407,117923.003723076,60164.5204049724,38869.4011053284,25064.5909261286,49511.3031200806,152308.658670323,117500.118828999,60402.1772509844,39183.4114160318,25374.5137020889,50681.3754002159,150778.151774202,117122.233407265,60679.8350977737,39529.1191853947,25704.2775198301,51893.1387333595,149046.56221695,116541.483127102,60868.7881313779,39825.9563702678,26006.640400089,53061.3717720959,147733.185835093,116124.198960571,61119.1352410726,40170.1776131762,26346.3455260457,54334.1451644888,146292.832887995,115679.039348539,61285.9200617146,40449.9996202774,26645.1596343875,55559.7435584886,144569.487968017,115048.6705125,61387.0102742863,40671.1585010018,26896.7168965812,56698.9423340153,142815.587332929,114393.4626964,61504.8779428798,40914.0246240739,27162.6643318211,57867.4047559022,140880.581513432,113555.66020959,61533.6726603776,41108.7549373921,27403.5985207105,58998.1808942948,139387.129067317,112885.046411335,61626.0422495326,41352.64118398,27684.0861436413,60249.7987603907,137832.246814412,112245.568504848,61651.3297135511,41539.6045455443,27927.4651277527,61465.1879819666,136029.278489458,111411.1188375,61600.7127435969,41655.2311667733,28111.5812842758,62563.1842080997,134174.324385232,110581.10607704,61571.9973841958,41793.8391949441,28309.0824420929,63683.5073941064,132095.442591627,109523.809151413,61445.494061398,41875.7313547578,28472.9988411624,64734.090996187,130361.083307117,108600.305263544,61370.1346885487,42003.7863481715,28676.4650050416,65903.6176461047,128681.523301299,107743.482015941,61258.236942892,42097.8780830365,28859.7294093836,67074.1538839005,126663.642965857,106673.672093807,61034.043200727,42094.6054469782,28966.7210517867,68088.9092171531,124606.816419549,105559.194923412,60826.3894858813,42107.17366851,29080.0835728992,69112.4957018789,122596.048900536,104386.227393001,60587.7622677573,42112.1842414836,29194.6427998126,70147.7199843811,121508.861444464,103624.634194282,60503.3216730591,42228.2493780097,29393.2648583725,71427.0004595424,120703.858034781,103223.725266512,60438.5531583992,42319.5946169163,29567.9580214934,72699.5887191597,119593.426503858,102611.073116383,60279.2487109919,42289.8280816517,29624.5068775133,73651.1886162502,118477.926734507,102077.207733932,60212.5699273479,42326.9278451325,29711.1495259182,74578.5658533457,117208.76648217,101391.541938315,60105.7408936395,42353.2903175178,29793.3757899857,75418.2397528421,115831.990827239,100598.669388336,59938.7148535883,42353.9078889076,29868.7007494027,76214.7689368648,114456.305601608,99803.0423948417,59765.56990299,42355.3107770464,29952.4985512214,77048.7016437415,113023.176892045,98934.4366360794,59545.1467287136,42323.8622083553,30016.3168141149,77861.3486025951
221,337544.697910454,110112.917878035,27440.7799840336,12286.7614628815,5501.81688205835,8204.68391209733,313217.843007455,103194.534800823,26018.8242232533,11816.9929257357,5329.3586251766,7937.63816954949,312200.619420972,104074.051665121,24787.9546629245,11308.8317914496,5218.84664501562,8042.01793414385,312094.498699269,105683.116338815,25106.6613960788,11144.4227525278,5031.52203050522,7966.70919266368,311391.494667293,106723.782067915,25609.0770279409,11336.201380175,5051.01661118676,7915.45412406252,310310.520403059,107605.212439227,26065.0753221574,11576.8576936716,5157.47913966445,7976.6046231643,309178.606731815,108419.763703638,26506.220334595,11820.2056263985,5282.01991959181,8103.7865158287,308009.158743903,109188.298466731,26931.4923591714,12058.333927381,5407.96769353033,8255.77576532401,307324.722954912,109985.435143835,27355.1154990438,12296.2658694717,5534.74229534751,8420.58327543653,306385.583630498,110753.894871708,27751.8243349106,12518.9441097605,5654.29524858987,8580.31846521418,305192.482407936,111462.964403925,28157.0381233561,12745.0367544013,5774.49875009414,8738.44569149116,303760.103166433,112097.843321603,28555.3430421034,12973.3330110578,5897.60562928368,8897.94485270989,302185.879951455,112670.010238363,28948.1395938839,13202.1882429565,6022.92126964924,9060.19927062915,301129.21812538,113274.712369671,29340.9618447242,13434.3042999281,6151.47664446896,9231.24566837048,299713.281967926,113832.764586111,29698.4189013089,13646.1975756885,6270.6050543957,9392.89976659039,297946.881555815,114311.192236206,30064.6483679319,13861.6810655176,6390.19679059531,9551.45291912379,295920.803752185,114700.702427165,30424.3086095554,14080.819807194,6513.83476004946,9712.21541462812,293758.388031098,115018.043392086,30774.3234846603,14299.4718830058,6639.79635418659,9876.61958045181,292203.282767191,115388.525571713,31126.1782683177,14522.1527865067,6769.56278453101,10052.1670436753,290313.774256854,115710.067929693,31435.5876636718,14719.6198870145,6887.07685944284,10215.7209951367,288195.432156219,115969.837067227,31755.7263291128,14920.7239934039,7004.49187314464,10375.9352939562,285718.754345438,116126.309858778,32062.0100344093,15121.2554001164,7123.69136611397,10534.996773638,283065.163590892,116199.01896035,32362.107325395,15323.3203249036,7246.1079584026,10698.0495399645,280877.52457998,116301.760106891,32662.2269983604,15529.9621400442,7373.27952887833,10872.8477507973,278542.981446902,116372.685504693,32922.7615745589,15713.7540630842,7489.77621557192,11039.342651133,275773.195966488,116350.078813961,33176.7978593437,15891.1216233497,7601.21075430477,11196.7438651957,272801.145444827,116236.564722709,33431.9526264293,16075.5606034715,7717.64803758089,11356.7312513857,270066.780629433,116093.510609493,33682.2933155605,16263.5568881469,7839.23545636743,11525.9538483893,268931.558253227,116214.985560364,33954.472152216,16463.2716676299,7968.47793414126,11720.206571949,267745.881762907,116385.274834867,34149.3585738417,16606.6714301395,8065.90446826435,11882.9747812969,266439.727916079,116562.410202501,34376.8786774378,16753.1174011975,8156.1937767646,12028.0508065733,264851.967414788,116651.087405954,34600.0739919375,16904.4340133901,8249.1114270059,12165.2540136413,263019.1322273,116660.013783504,34815.2175947983,17057.215254552,8345.69815844717,12304.1155298752,261058.092905718,116606.593155879,35020.9434074945,17209.8080532469,8444.81498092073,12447.7297783869,258950.51668937,116492.313252981,35210.1015563553,17356.5182012725,8542.87564253339,12592.8129078459,256773.988069237,116336.616457155,35390.1376258581,17500.0249409423,8640.34394932538,12739.6532367168
222,300562.26486697,145792.163763668,45057.4889425797,22181.1032814468,10870.1337263546,16240.5909278288,275104.771594922,137192.953853746,41968.8484460688,20707.963147281,10166.3440645411,15285.5035870783,274688.347843677,138245.946918313,41620.6918467316,20874.8758145351,10445.0579531126,15843.2431207589,273277.256341295,139336.771775642,41750.5956509852,20637.5187784606,10297.3405319912,15967.6215212985,272229.194782711,140475.295260984,42669.4268462509,21041.438107246,10418.1241938674,16127.5364976159,270807.60006077,141169.817083254,43353.5267286723,21494.0016693785,10658.3360849611,16354.5291591446,269347.895702555,141864.055379364,44080.2185652803,21969.2267368376,10946.5871457831,16720.3827817246,267721.825143171,142392.461056294,44718.4436689678,22414.3731367666,11228.499797428,17123.095070184,266584.791475239,142996.955924027,45386.1710554771,22870.2923565576,11518.8601028618,17572.3461770191,265363.781773558,143590.970494127,45987.4539188093,23291.1387218077,11791.6880601526,18013.9041045876,263909.989681716,144102.051783916,46592.1726810752,23704.5249399458,12057.196859414,18448.1527059956,262207.7381563,144498.030565324,47181.6125236378,24119.227866086,12325.3160893413,18882.7567652216,260271.849330636,144774.226386494,47749.2679410537,24529.87180028,12595.7525029093,19323.0528073424,258809.312062849,145073.180144252,48327.5217195317,24953.2077435447,12877.2499352198,19790.5898108422,257220.782195344,145386.724756317,48845.4537986947,25342.4233525858,13143.1883812079,20250.4432225189,255238.846151367,145549.524020982,49347.8198753321,25714.3931011035,13395.9032508961,20691.1221243246,253070.94638558,145602.819116426,49850.3007213517,26097.4940705403,13657.0851956846,21140.3203699306,250613.298813596,145500.826090445,50308.7739211769,26466.9898013464,13916.9383721206,21591.392712334,248693.886401705,145459.463632609,50791.3443480289,26856.0192063924,14191.9363126641,22079.8115894654,246698.592537432,145434.853627758,51202.9006244752,27203.6752440166,14447.0568322171,22556.7490117796,244450.93537699,145292.583823003,51602.6557718338,27532.5935575716,14686.7038143539,23012.9563548136,241925.72902498,145042.378652719,51989.0284782165,27863.4680901304,14928.7098649376,23467.9786300314,239097.993573074,144608.677322531,52335.9143081158,28181.644458699,15168.5633531926,23920.842014236,236675.993092216,144209.250588848,52700.8291208973,28519.2261137945,15424.9296083041,24412.1925613798,234288.495250302,143835.73419096,53004.3682112825,28822.312851619,15665.8981600914,24900.5363297121,231533.81524942,143330.814180971,53271.2639651342,29092.0097387475,15883.7837430088,25359.7844117659,228540.164332871,142684.349817956,53532.2468254296,29365.3236436263,16103.4627426776,25816.5222273499,225518.164804776,141938.015373028,53765.800419165,29636.6163850473,16328.4072993359,26285.6920353522,223947.999255577,141532.611002182,54078.1783249738,29957.3523873974,16586.7169655911,26834.282203989,222752.231040962,141443.434919565,54306.6731814074,30207.4749337221,16802.635130096,27350.1502735636,221295.3087623,141259.139557843,54520.4423056202,30405.5854673327,16967.3549845363,27774.6916164134,219740.933108505,141076.207372695,54782.3266809652,30636.6846113186,17143.4939764268,28183.1883452595,217847.645610339,140685.85625956,54985.2767671572,30847.2558050223,17312.5386347344,28561.1148621719,215894.077492678,140260.582140405,55196.7488795358,31070.4517783645,17494.5867641002,28961.1184465151,213800.430702402,139721.107628803,55360.1517227357,31273.764125352,17670.1672729102,29360.2394652921,211643.67374798,139144.218529834,55510.8052377611,31470.3109120187,17844.4089558126,29769.7612331224
223,272950.965644421,126538.446783952,47888.6978463793,26163.8284647858,14290.3796719687,37223.512847488,246041.414517189,115224.344899885,42380.8732165304,23180.2073273485,12692.0673352522,33982.5761515361,250424.304735376,119656.388526185,42652.6864540709,23412.1750796135,12931.3239230854,34969.0013984027,247132.371730646,119642.031196012,42686.6776980032,23047.2523966519,12644.7070542214,34811.1638446634,246112.037455024,120725.454372252,43509.9931041755,23453.5917138887,12768.5652235333,35087.9960709415,244417.350287614,121201.408165187,44171.3512431116,23903.5467817347,13017.6120809719,35443.0760734898,242729.553263896,121618.493448395,44775.1529635876,24352.7205564535,13313.1986369022,35962.3839900998,241020.747610591,121969.681822485,45335.1338291845,24779.3978153944,13607.9036703218,36554.3692589041,239778.436649947,122380.933772581,45900.2366450474,25207.3401137643,13905.5966858545,37213.8808609204,238314.097650384,122725.872455211,46395.0030010636,25590.3015516281,14177.7886766771,37848.488928161,236687.777104565,123026.304548769,46897.4562142217,25970.536282911,14444.304684179,38471.4035071147,234843.683252355,123210.83587533,47377.6480231939,26346.5668846548,14710.1129060963,39081.1062074138,232892.331740498,123317.083141209,47839.3797647988,26719.2428468563,14978.4981556573,39691.4621412488,231412.624702553,123491.97572561,48318.2981383122,27107.7518964666,15260.1817868359,40351.8043120241,229626.755102164,123575.603207143,48713.3526731766,27444.0183416503,15513.8069866435,40967.9842994466,227587.29883621,123586.795938537,49112.5590431758,27775.4163073084,15760.4824257378,41561.929446037,225344.646108293,123471.949679011,49492.3118770763,28106.5386603759,16009.4076746088,42146.1438423358,222986.568190703,123266.568329143,49843.2628900269,28430.0995901871,16259.9176055867,42730.9661970552,221161.225590552,123155.472695933,50218.9173171546,28773.3397711251,16526.4196805303,43378.1250147642,219078.347418346,122964.132485063,50503.3942339566,29057.5867373885,16760.0377956934,43976.6646222167,216854.719175904,122732.836884982,50798.7171077235,29337.9294551795,16985.7392958143,44555.6423538894,214321.481318749,122350.576267798,51056.3904773797,29605.0430569202,17204.8401694357,45103.9099641504,211640.900366068,121867.502638754,51292.6768867413,29868.3048564743,17426.5868008446,45648.9842539334,209380.567367199,121442.280412735,51545.9674711538,30150.3021162145,17665.2056388216,46253.2754560112,207026.230238437,120979.96030565,51724.4539047664,30384.143007997,17878.1951610728,46829.8446424521,204350.009406781,120418.319305608,51874.4208881329,30589.020870907,18068.7523794328,47356.9803990595,201507.585510288,119744.540273719,52016.6583714678,30796.4864124805,18260.3760257963,47871.0286231105,198845.743599684,119039.075376183,52150.4470701346,31010.7398599597,18462.3482579884,48410.0444029536,197542.450029981,118718.615628509,52380.9004110036,31286.5047189309,18706.7805741227,49109.35006743,196271.057648276,118487.281147461,52494.0118632796,31463.3953759645,18886.8941639088,49724.4120193329,194915.492215101,118296.518605664,52645.4946903821,31626.2912008154,19036.9847819817,50260.4239493413,193343.804013039,118009.078388097,52798.9740108183,31795.8640147668,19183.5282897563,50738.0776820456,191568.105122828,117614.328269656,52928.487665568,31963.5404184079,19333.4952991746,51183.6294052437,189693.806260296,117147.194817025,53038.9572872805,32128.8847609153,19488.5421752228,51630.9304697892,187732.892658906,116613.381838532,53118.572827983,32280.8136827424,19640.3981816175,52077.1560816703,185699.542333876,116027.071969415,53172.8074384944,32418.5466978699,19786.0997949688,52521.0300601817
224,268791.945362527,129506.738448224,50535.43699734,27661.1629590993,14966.0949480799,18867.6059047766,237700.471721285,113303.923605199,43231.3311108615,23735.359266521,12864.3933214577,16331.2032705159,242436.882928403,118193.870693994,42855.3065773494,23749.0561976474,13088.2339882503,16938.7036243693,238780.5597414,118114.618237162,42615.7499773564,23052.7030845993,12588.368995477,16669.3192146048,237821.71182428,119359.589512218,43528.2348361564,23433.5133729188,12641.5695705422,16650.5785311704,236112.015900268,119782.292627801,44218.7950126083,23903.4910460637,12883.922330526,16796.4307591873,234436.115054811,120170.415264968,44830.1908703753,24369.4554142475,13193.292588334,17158.8731837488,232748.908136243,120480.953594699,45388.4968501449,24806.3516108161,13501.3784283345,17630.0388529264,231505.664876406,120852.177878729,45947.0352509641,25239.9342189434,13809.7986508218,18163.9278259022,230061.326408442,121163.050288477,46437.3888601956,25628.2438965599,14091.8020301138,18693.3892203191,228458.124946651,121423.809102081,46932.0003102503,26012.1310170416,14367.0411447364,19222.6768069207,226640.196473438,121572.279010673,47403.4114452357,26390.7166991395,14640.8716189637,19753.1932735366,224710.548129761,121636.320958222,47854.973285518,26765.0077288365,14916.6163054814,20294.9163235623,223277.439430117,121784.458186369,48328.2550378775,27157.8839762989,15207.1335156017,20871.2069653515,221509.257795499,121832.639866928,48711.3108640512,27493.7651849032,15466.6813882113,21419.8044665108,219509.331509076,121809.898444238,49102.9615235685,27827.3863101002,15720.5322551676,21963.1540896245,217303.60511502,121659.538671862,49470.9790809659,28159.0814713148,15976.1006156064,22510.205017544,214985.434905348,121415.754622226,49809.4122047807,28482.151242087,16232.6672356788,23069.9302385643,213222.168089121,121282.666002124,50177.190634462,28827.8955265828,16506.85726038,23672.902939287,211177.281121114,121061.501359726,50448.2960852089,29109.8741004684,16745.0362652875,24241.7713887612,208998.792871623,120801.222323408,50733.462085326,29390.0814658886,16976.2401839097,24803.0526436784,206519.266530907,120388.238442776,50978.8298663236,29656.1074025028,17200.5579712922,25352.9566403764,203917.753378091,119879.317959991,51203.1106632801,29918.6099267318,17427.9472034084,25915.3358269734,201723.516944421,119434.336854315,51443.3675553642,30198.6575700408,17671.3611032837,26519.4288284814,199426.296635115,118950.512188114,51609.7604557241,30429.6981026137,17887.9744239071,27104.0004996521,196804.127589892,118361.226992917,51746.1829185343,30631.5490286361,18081.9759146126,27660.8722930094,194043.580572122,117665.140541361,51876.7082524197,30837.5086188675,18278.2833773862,28220.0598271262,191454.342481669,116936.195146176,51993.6595091505,31047.1536015431,18483.3069157168,28802.9351274921,190216.601380345,116612.253184405,52216.9455218812,31322.9275872262,18732.9009531277,29479.8563273232,188966.462822893,116363.15139442,52317.5796507568,31494.7942259535,18914.0447703893,30068.7246881108,187641.821268347,116155.284726222,52461.6245774881,31656.4575131867,19067.0515499689,30590.7249324799,186113.418853875,115851.735990987,52605.8791206609,31824.1791196603,19216.4320931122,31066.7180076596,184379.369896325,115438.959740018,52723.7584920147,31988.2152386815,19368.1886088395,31526.4386776138,182552.994537902,114955.860510906,52823.1783924661,32150.0402752088,19524.9061402098,31996.6016916594,180653.073122267,114409.627928623,52892.4269515498,32298.7459763611,19678.5418875667,32475.692369631,178681.531857076,113812.821813133,52934.9920677084,32432.1343918092,19825.2226200457,32959.5120849544
225,220592.307029295,125613.476447404,55889.7021698969,33213.7507937704,19599.2392573143,31994.7882777505,187458.229034847,108841.813401863,47854.1601224488,28429.9030879904,16808.8793890254,27677.5772888235,198978.509531537,119186.865395772,51784.1105882094,31005.7841793702,18500.4171621497,30709.114870687,189347.334544069,113012.612742377,49712.1461911559,29609.9012339334,17682.5779326456,29855.2671544549,192770.524183569,117397.365886153,51794.8980683659,30917.9456792265,18465.0335381297,31389.0661779042,188281.467819198,115064.822436668,51525.535647164,30861.1431190023,18459.2960333825,31509.1075785136,188346.922918628,116535.934139843,52557.5915376963,31669.3292675896,19037.8257602882,32645.8601346649,185718.017775954,115636.434679581,52726.0532004282,31923.3798745569,19283.6510994005,33314.6707243963,185055.819315542,116185.459257177,53384.9706983542,32495.4499378425,19732.6501802739,34384.7016419918,183331.761715664,115888.725247336,53685.3457550418,32823.5695046705,20026.9044465357,35235.7742727384,181972.240386852,115980.445049292,54136.3817269835,33242.5559948162,20372.5267057672,36184.726902915,180166.0128023,115722.752100252,54475.6912483467,33594.4135045389,20675.7104260642,37064.3378200656,178408.37427448,115490.717422909,54824.9199977517,33964.19884636,20995.6829259874,37982.3808056559,177056.618381597,115338.317556587,55198.4404795361,34354.5846975859,21333.8374350233,38958.7153227304,175415.769543166,115077.266351275,55458.0291344536,34665.4889109583,21623.6748371489,39874.5294956706,173585.826366625,114747.853555186,55720.4436527219,34967.0223263876,21900.8169288392,40773.6617355515,171608.845194107,114299.150701497,55956.6904867513,35263.9303465555,22176.7422629882,41670.4883532155,169521.937338826,113740.132564833,56143.5397255395,35539.924924218,22446.6259574757,42570.7166016896,167937.791730238,113340.170615338,56385.3645118604,35856.5749747957,22747.9946570438,43560.5089847439,166122.079213617,112842.544470241,56510.925409685,36088.4703403687,22996.0799010224,44481.5964305326,164177.803836522,112298.516121638,56637.9048556858,36306.9329833585,23227.0858772984,45377.3013530836,162019.323933001,111626.852680562,56728.6609181765,36509.9387599637,23447.5212583716,46248.3539314207,159739.662846017,110832.627288553,56776.5250841401,36695.9477824557,23662.6301600002,47116.1381502667,157830.637173634,110146.871688922,56860.4330771095,36914.1853560711,23905.6910916707,48066.2429949381,155861.674696785,109430.728529959,56865.7813797503,37073.7057148429,24112.8753058965,48980.6559738713,153581.080958411,108583.623563071,56812.1680884894,37178.9297895288,24277.2487929405,49822.5115384038,151222.368387689,107659.465714853,56762.7888550391,37292.9342186454,24444.8286115324,50667.1719678995,149011.696464724,106697.492602302,56693.8044413303,37407.7719180657,24620.02156851,51538.7996214512,147943.330599154,106198.881604739,56780.6116361823,37628.0702165649,24871.1692284701,52608.3895491991,146892.001897152,105805.404320317,56759.8075105247,37739.3479002017,25042.3157238699,53548.7414938916,145679.681278571,105380.977141282,56747.4460186199,37811.6548555462,25159.1389242211,54343.1015799047,144397.882429529,104950.088510369,56782.2020945349,37919.6406574334,25287.6291549876,55091.3457909568,142894.592884984,104354.18268451,56759.3677210997,38005.1514758682,25405.7865260391,55768.8707940095,141352.875740857,103721.320488413,56723.7273900248,38094.1245301177,25535.0417199666,56461.2223504296,139748.705670168,103027.1056948,56652.8754388409,38164.4433898058,25658.0615345587,57156.7804618204,138083.177835169,102277.913880304,56546.2405791296,38211.5557656395,25768.3326238218,57848.1288530797
226,187701.028683436,131869.706082052,61304.9472048927,37436.1037375502,22736.9326344869,41738.7262481388,147878.593955394,105333.032811198,48862.5753498471,29842.0084453785,18157.4808516637,33640.3907376425,165147.051206684,122826.274375865,56937.0412916465,35152.4174430941,21616.535084725,40199.0727515398,151126.006883801,109921.875847814,51799.2577679341,32027.5820207033,19797.2254872112,37564.6683591913,158111.882360689,118581.020957742,55673.2066235686,34496.445442459,21402.9533160293,41102.7154448284,151559.895434402,112983.686066981,54036.455192483,33574.1509007834,20846.4301535099,40413.5384953901,153271.314790317,116189.283526184,55775.6514956423,34864.2229737452,21761.9368310042,42449.4143865586,150000.320903704,113922.313020803,55397.9511024456,34778.8325479147,21799.1732562251,42888.9620129242,149909.825432299,114924.96576318,56225.0337886471,35493.1315673295,22366.011259752,44380.5629569951,148190.101137015,114143.541452013,56337.8924417539,35712.8261509919,22605.5094269621,45298.7246862417,147074.592537163,114177.834720803,56743.1749955504,36127.3933296019,22968.7576718745,46459.7465526281,145533.452762016,113717.092642377,57000.5600406928,36440.8037357574,23262.8514473805,47492.9015347678,143998.490758277,113296.438107597,57246.8954163552,36764.8346411226,23571.2291832353,48559.7135647429,142812.768900256,112982.017303127,57541.0438690752,37120.3388660464,23904.4011346724,49707.940825387,141448.228310659,112578.442945531,57725.0815644352,37397.8608166591,24188.3094439642,50786.6540116264,139880.56868096,112079.57304436,57890.0963970678,37649.5331014384,24448.1863953453,51824.5450972635,138207.975876131,111475.781723574,58036.7628351803,37900.2725757637,24707.8611107865,52859.5936842003,136429.070812907,110747.571844939,58122.6839556491,38122.8246273541,24956.6816626836,53885.9055356755,135070.188714359,110194.127288471,58268.5366502881,38390.3231821813,25241.2611671262,55024.1475105424,133563.438461626,109581.282567981,58313.5287712954,38578.0468267192,25473.2822035218,56089.7234932825,131919.520920391,108881.159068863,58338.539225318,38737.0779817465,25676.5193520251,57101.2314092216,130144.936188004,108099.202783656,58343.3864415464,38890.2173102574,25874.6466800258,58095.0270286029,128221.974861909,107156.723401204,58282.2767887537,39009.4659834214,26055.3927947094,59055.4723659287,126613.998358138,106341.031680726,58266.5094227821,39168.1135042608,26269.7734160301,60119.9835617591,124991.603715418,105527.62588188,58187.7355149023,39275.5109599864,26451.838026677,61154.0031531127,123093.463577026,104556.877494759,58032.2807705658,39314.3971388412,26579.4598018073,62079.9024108379,121126.081879502,103513.440783218,57879.1580379784,39360.3436400191,26708.7185641749,63003.7546223662,119257.229507668,102427.633898681,57702.3383726138,39404.0213414036,26843.3202690904,63950.6947717683,118297.852840593,101798.325154781,57684.0256018422,39557.9980917922,27059.7653453983,65136.9314570003,117488.246768253,101388.884355276,57625.889116135,39643.999296754,27220.8276115449,66241.1764366792,116451.082084957,100856.055878194,57524.5450462953,39653.2337928458,27298.4618017452,67111.0125148799,115398.150721284,100365.213850537,57498.2655553314,39717.9544783942,27400.4012913183,67951.7309953607,114169.792420597,99708.3654629737,57414.6201994873,39760.3062759625,27491.4521541884,68701.7438098486,112877.149309189,98985.5382833753,57296.9577606732,39792.8823802192,27585.6978397152,69441.3833944577,111573.259081737,98242.6100000555,57163.7395707082,39819.3054192946,27682.5545302889,70204.3334989547,110190.408709651,97420.3068595746,56979.8393317231,39810.6500097947,27757.8157762272,70939.9686436227
227,259036.299672913,134298.427119882,52036.6517680594,28362.6560324062,15303.6229632226,19653.9833035269,226341.295936232,119544.748344339,46630.2436346038,25577.3040759916,13874.8368113054,18009.0352068361,233797.324356371,123139.461596058,46841.7514506665,26334.7809316296,14574.401613097,19160.4442067573,226653.524438481,121539.529475834,45971.53819949,25429.1588034771,14179.5624766832,19392.4670617333,229594.027352616,124586.888359016,47284.6863026403,26058.1256533943,14385.2864399534,19824.6192581555,225509.28538717,123793.262093539,47813.7003200729,26392.5892796844,14563.7235287157,20078.2544444595,226140.951575095,125268.18115035,48717.5015934165,27089.126730229,15005.6103502284,20656.4941408421,223298.515752919,124985.103922354,49262.3260880212,27514.6711938211,15330.7964211405,21247.9335584006,223246.867003034,125877.578501338,49976.6663342887,28092.6153191889,15735.7394888204,21958.1946133372,221373.81374188,125955.131452606,50524.6093772978,28523.4199068601,16065.888883946,22649.7982991154,220530.299838133,126496.825040231,51104.4608585223,28998.3237086069,16408.5893125938,23333.6285271876,218634.174239815,126593.953900332,51667.524642955,29440.1864893261,16738.6187770398,24034.3251940937,217162.637279935,126790.044227851,52178.9361195035,29886.7278773059,17071.4385040316,24722.0022243189,215691.738923552,126919.920268244,52744.659547307,30351.2136462032,17424.0796371053,25477.6613754111,214291.878563294,127031.450152573,53177.0795257514,30753.4259808561,17740.270440365,26183.9525457458,212478.864169605,127069.116045331,53650.7324938773,31153.0571290848,18052.7470154185,26906.0576808774,210532.872355295,126939.491218539,54059.013649816,31535.8617803377,18354.0354382932,27601.3822057179,208409.894648326,126758.284203196,54479.9814994608,31929.539545018,18670.6645479018,28340.1845105023,206699.78605969,126559.705873759,54869.970747119,32317.8151972813,18988.2732251521,29095.8466296843,204929.417603181,126414.316969844,55224.3980427354,32676.9242604227,19292.8864895883,29862.8218325304,202903.464625974,126115.930511211,55516.5621841561,32986.3064297879,19559.9865402261,30575.0895818006,200693.767790562,125774.734739073,55833.5341158719,33314.7823104454,19838.7241279984,31308.1845794446,198217.996003108,125222.627919688,56069.5168141362,33608.6797933581,20101.36675285,32019.0644827118,196115.321512349,124761.925400012,56355.0932511629,33939.0308538741,20393.4914437827,32800.5458444985,194012.256942517,124253.786918966,56548.3956429313,34215.99527593,20657.2263967234,33562.5669012969,191607.475028898,123675.697910775,56707.132624927,34453.1152065672,20891.8496002274,34293.3280947507,189000.854579401,122951.966642307,56850.3316808337,34685.2919929395,21119.9876713525,35011.1660377187,186461.190763953,122186.630870845,56983.6401585379,34926.4673765107,21360.6475846901,35758.7304165986,185041.592097448,121695.287868402,57192.4512805151,35219.669154564,21640.1086303206,36599.4722013113,184000.744784166,121483.203946912,57341.8928517285,35453.6759624734,21881.1482107743,37409.3432845439,182693.314401498,121192.52662701,57445.5963567434,35606.4719700276,22046.3380354055,38073.4637102256,181338.457391317,120941.762564792,57628.9893255252,35808.0107575836,22227.8386252515,38715.4429594742,179681.852294905,120478.648193899,57740.1337428325,35981.1252026869,22394.9385228678,39295.3754874498,177989.414373831,120004.297230073,57861.9161666742,36171.0438393987,22580.7604746477,39905.8132084193,176169.928753946,119412.147318662,57928.5202426692,36334.3231030216,22755.7376094549,40510.8969570865,174310.476117394,118795.778117535,57978.2517178558,36488.2508340081,22928.5791664456,41133.3466861332
228,387068.249142511,85705.769714614,17297.3264397181,7450.2395617171,3448.00611859398,21603.3489565012,366002.838074128,79690.8162312675,16473.5925879438,7258.11002422648,3394.18497646345,21357.6799101823,366083.422145835,79578.9453310538,14750.9400475599,6579.76439299633,3195.98131030447,21535.9296444904,366301.658316083,80702.2799098362,14671.8847126699,6224.07843282678,2938.61724360229,21616.645362114,366298.73069622,81493.8355621899,14879.1827858934,6247.6025778651,2883.48749368908,21754.0763553832,365917.693378465,82194.8301592331,15075.126355136,6322.42200295348,2899.97483891285,21973.1465522427,365431.498631535,82841.5050749831,15264.5835157638,6401.87874922558,2929.73912666843,22230.4129818225,364899.363438027,83460.8306193517,15446.3909229446,6479.28965200476,2960.71541049828,22496.852427758,364847.004058293,84085.3872151985,15624.3904221867,6555.22260356749,2991.43066575711,22774.115778419,364541.400758798,84709.9226600716,15792.615218679,6625.55929492802,3019.3918682512,23040.2315026635,363954.742115487,85296.8880137152,15968.0302931869,6698.69142133197,3047.88978550729,23296.5667714634,363106.73848649,85835.3546853627,16140.799152455,6773.07516495561,3077.54471503619,23543.973269505,362082.574675944,86332.6449608766,16309.2979633468,6846.78565839534,3107.49032043901,23783.4882195297,361584.077434944,86829.4415463736,16473.2970192529,6919.48504789416,3137.551003672,24031.6712495914,360686.144197424,87318.0212880369,16622.3008655134,6984.00715927419,3163.79666962233,24262.7946179219,359426.959437178,87755.9959597447,16780.9957600825,7052.14877710717,3190.71294489422,24481.6667817665,357858.26921241,88130.273337738,16934.1129784283,7121.02772936748,3218.76964169355,24689.7230882679,356151.991060265,88461.1109343884,17081.9474997156,7188.6817308493,3246.93098630802,24890.1210034145,355050.342433268,88795.09933578,17223.0194766941,7254.27378495379,3274.71821129181,25100.8970481574,353578.82928007,89130.1914900593,17348.2457863838,7310.54978254219,3297.97426689479,25293.8424018994,351858.172436728,89418.0597324686,17484.0511514709,7370.80025984226,3321.90511940537,25476.0817045595,349750.588574615,89642.6453599286,17612.6191855011,7430.92927987429,3346.60625979136,25644.0521318594,347414.356679579,89810.952764247,17737.717437055,7490.8319062793,3371.80751379943,25801.8123935987,345526.438293282,89968.1903128855,17856.324729682,7549.42781515264,3397.17848630755,25966.3780024383,343510.45234017,90125.0262284526,17957.2878515692,7598.67793530359,3418.3605005489,26119.0405752851,341035.941279744,90235.6244298528,18062.1928524222,7647.94789244076,3438.39923746946,26253.2958925535,338285.014079702,90276.5072434756,18167.5096266025,7700.36552882916,3460.28529380544,26375.8415552625,335783.600967909,90295.701315864,18268.5760507865,7753.19491963546,3483.49274368274,26499.627808517,334910.899931277,90413.2914372836,18362.5082130744,7803.05519113799,3506.22978232622,26661.8504083387,334070.105786785,90638.5180304649,18432.3216750469,7835.31587825061,3519.80229000921,26811.6399150519,333038.578908398,90866.1068547172,18532.0177115313,7876.60058679972,3534.44270037029,26950.5331082616,331731.026440941,91042.2324293713,18634.3028104551,7924.50823794249,3553.29099908438,27078.6966330397,330103.478185614,91162.6581673104,18732.1842135978,7973.09222100062,3574.03379936197,27195.265734406,328326.910002393,91233.5441356702,18824.7756908433,8021.13168628821,3595.55862702476,27304.3076266376,326422.343923271,91267.4122294475,18907.8987533754,8065.77700339207,3616.2127267061,27405.071755222,324384.263816477,91268.2797366879,18984.792377648,8107.53257575596,3635.63562128085,27496.8968055857
229,350210.81097417,103593.278021708,27704.2577968701,12946.3440587907,6216.45674462544,28171.6472691057,331723.480125234,96632.4618889535,25779.4319175972,12208.1339155203,5901.09974932857,27251.3959729085,330760.134320882,97266.9186486458,23961.4453458311,11438.5675128779,5675.48960905625,27398.098139117,330544.297904595,98933.1905386187,24047.6544156895,11053.8443307668,5363.26920958039,27440.1798357917,329859.158635445,99998.4231569029,24515.9514453714,11180.2577091826,5318.53953104797,27512.0439599481,328806.029670511,100882.247099889,24946.7060441616,11394.7880545249,5398.66452903069,27719.1026725797,327678.526271301,101689.165656214,25356.055668955,11614.9058700788,5505.87534816307,28009.2662632086,326513.085156445,102454.896923467,25750.4567005935,11830.3604744638,5616.1200511142,28327.0356009885,325838.707913464,103234.010048846,26141.2846361895,12045.1098048864,5727.36859276676,28671.7038800175,324892.534796735,103987.693691672,26506.1541882986,12245.1214482874,5831.54631811668,28998.6611083761,323702.467948454,104693.909338667,26879.7374959805,12448.3227139036,5936.08735586983,29313.3278579758,322238.804051247,105331.143849096,27247.5190960087,12653.5693818943,6043.07380226029,29615.7666774016,320653.434599451,105917.069268995,27612.1417836426,12860.4738523921,6152.63177428855,29911.7299767439,319578.616515798,106517.617367386,27974.9381476728,13069.7083277982,6265.16549386456,30228.4705722282,318110.631118951,107076.202838261,28303.1935558693,13259.5752929014,6368.59629653441,30517.5695435589,316291.005669581,107569.881309576,28642.3675132424,13453.3659782359,6472.40940288922,30788.8613245691,314200.820853716,107980.435204619,28975.4342240716,13650.7173808832,6579.88904206718,31048.4854586877,312000.45122044,108334.307734521,29301.1845195614,13848.2299043598,6689.76488515489,31301.7995591947,310392.024470612,108715.650802257,29625.5969826865,14048.0714261433,6802.66995874842,31581.2153701634,308424.028559479,109057.503196274,29909.9348425774,14224.4822715901,6904.11243218854,31830.3540725256,306234.354827641,109347.998789546,30207.1412575083,14405.0335901175,7005.55140347271,32065.7258034796,303667.376323924,109544.233143304,30491.1095444516,14585.0034456406,7108.43576434122,32280.9792824035,300925.550494806,109669.596212257,30771.2833590549,14767.1005346205,7214.52364397706,32487.6716889752,298648.651502133,109805.317070684,31049.4423901995,14952.7167681153,7324.84979242848,32716.8051008389,296205.641007857,109911.732989751,31289.0077957605,15116.6358945998,7425.13377822585,32926.0930203278,293322.330571358,109943.010569072,31525.5873191399,15275.3394852375,7520.74471929951,33106.0950544614,290225.400345358,109888.268878788,31763.5591795236,15440.7719007342,7620.85564545917,33275.1252463597,287413.728867827,109816.902829394,32000.4079699366,15611.2727588237,7726.6844660354,33455.3706672336,286238.431771377,109947.457651133,32250.8594250088,15790.1188037379,7839.0505061962,33716.938020241,285010.227235039,110137.089016408,32428.2868966977,15917.002823733,7922.42889016133,33939.7605046567,283661.85121412,110341.210072444,32640.3865369705,16047.8303988635,7999.44477336157,34140.0546979381,282015.861702641,110464.435205785,32850.7433913074,16184.93364703,8079.74428970097,34316.6978723374,280103.214457868,110513.094684832,33054.0681360965,16324.0898678533,8164.09437582205,34479.978789977,278051.006831917,110500.97588293,33248.3402966014,16463.2595983236,8251.17325389689,34637.99326198,275874.261097297,110438.219966434,33428.3443435791,16597.5834943548,8337.74705951511,34788.7282181087,273586.412436904,110329.968207769,33596.8894729682,16727.0868232377,8422.79453859595,34931.1958378818
230,135518.949254609,108996.644803705,67970.3201704039,48806.2119143028,34829.179061883,89267.3412948745,113105.557135116,95096.6932557954,60048.7230040045,43290.565917217,31017.0330983807,80236.7618067331,110155.474626296,92249.5148516278,59258.3265641601,43501.5394482647,31509.1079270693,82495.445284032,115375.660314417,97420.7805025391,62699.0335872839,46310.0505056898,33994.645030622,91472.4126766368,110090.350307345,92338.1464654392,59692.0372513182,44238.3259510982,32644.1615410932,90387.0471035194,108446.763887989,92098.5570536811,59391.1759717263,44063.4961534126,32615.9808851916,92468.6639668704,109414.164989006,93530.8691428863,60973.2762581684,45270.6510012156,33539.025400905,96856.0083390828,106826.147604357,91357.5210096682,60005.9058393632,44782.7876091841,33274.7798940495,97518.9226554335,105459.656438984,90709.9773075454,59761.6218683022,44774.4960563243,33407.9297837128,99325.6916020394,105306.999163728,91048.6350985804,60360.587026079,45345.521964953,33943.3833064879,102372.10898605,103747.201717938,89955.0576104877,59991.3784820917,45230.7127616988,33966.1213896668,103840.864647425,102243.419151118,89119.7941466282,59701.6351648125,45162.9505630681,34031.1394715891,105424.935605437,101271.144237058,88720.7629196624,59805.9352135622,45379.8231317493,34301.6376330775,107655.298902374,100135.151794738,87947.2479298426,59639.5406763194,45421.0516186123,34447.2621428584,109509.283420823,98916.391862075,87236.2275247456,59396.7157269946,45390.4606546836,34545.4565362352,111263.603868528,97701.8128181803,86569.4371413764,59241.3547959333,45396.5398167094,34655.771845815,113082.855899305,96331.7722003723,85724.3019667,58997.3298136642,45350.0853684993,34722.0410706414,114741.449587601,94870.8745473386,84782.0674475575,58676.0766765066,45255.3719467317,34759.440623644,116312.486107503,93708.9454230247,83981.7864932459,58430.8617493103,45220.8899645122,34848.2262003677,118100.554044789,92603.7640739176,83295.679787762,58192.4304481952,45179.7134551126,34931.6504273494,119932.193508402,91261.3883589275,82403.5275017991,57832.9841307611,45022.3146247317,34912.4758985163,121434.387108566,89814.1103296152,81449.2898409152,57444.6801411322,44846.5177575758,34872.9326525087,122843.080396721,88360.4025230338,80466.9489881564,57062.6089573502,44683.3433921074,34845.8210970271,124285.303328015,87050.5040816684,79493.2280929124,56669.7931649135,44522.9600431139,34828.1880577198,125786.706241236,85826.0874084386,78631.7945625569,56282.273819407,44358.3088929077,34810.705164881,127347.92290114,84423.2640146691,77659.343018182,55825.2923865015,44115.0181135455,34720.4745745308,128677.954352058,82878.6073031154,76542.3007876434,55298.7025767596,43818.7487030984,34580.5497604379,129805.921311101,81444.9303531111,75453.8579645428,54794.0244007794,43551.0953458358,34467.1699200062,131024.203915154,80637.7035146208,74698.1167157357,54459.8032185218,43421.9024693447,34469.2053397618,132721.460526862,80116.6864263164,74321.3572540376,54241.1453455102,43348.827031703,34509.0694190576,134627.552139549,79359.129439553,73770.0639601272,53929.7578490297,43146.8418123885,34411.8378711858,135954.068019325,78441.7901392237,73118.1451894102,53586.2144338263,42920.93789331,34274.8514377943,136947.564107982,77554.2178835002,72512.8562664428,53322.7098233609,42774.688385563,34202.8419181807,138034.43543841,76632.8897748123,71842.9065922123,53032.404989701,42627.8034418319,34142.0787578304,139078.218424628,75619.2017974823,71071.0809345051,52651.3669779017,42417.9181962092,34043.1480199677,139958.114144376,74591.0481469057,70290.7599957341,52251.8602706482,42190.3422750642,33934.4620348726,140832.54099975
231,296905.35013664,93023.7205406507,20925.9109534904,9137.05324706393,4172.5069243597,19999.1303208548,282474.370000094,85492.7012595292,19332.1593655221,8602.90752184471,3966.03506718424,19675.349222376,279190.976425767,83576.6061285573,16099.0517866897,7310.68123936334,3569.01449374995,19539.7652659409,277434.743912471,84117.6638911204,15636.238501608,6593.41720379416,3085.81710143468,19324.2363225901,276210.547069683,84495.9929722738,15777.0244314912,6533.04217926283,2946.11673237297,19241.1174227133,274871.612097467,84812.7697228718,15939.9756795424,6590.47970610916,2942.47698249115,19319.5135339455,273505.302342695,85070.9556721618,16095.7054627002,6661.87652656251,2967.69537791922,19475.7626122051,272112.360226625,85303.9886563042,16243.0307410759,6732.15904661357,2997.02067066092,19656.6012503414,271165.271836551,85558.4256404527,16388.056663658,6802.02858307232,3027.04954965216,19854.2312543129,270155.588808769,85862.3863097947,16530.6910741438,6868.79992422388,3055.48584176738,20050.4153435101,268949.62743007,86123.322887085,16680.9036412232,6938.97421653886,3084.79171634418,20238.4246661487,267558.239109034,86334.4618782813,16827.1505741348,7010.16763039072,3115.40782649208,20419.1170987244,266016.059839081,86494.8720433803,16968.893240536,7080.72006023104,3146.41412623714,20592.0887544378,264936.126604711,86667.2737300811,17106.4051008976,7150.93849036416,3178.02222221761,20774.4369091128,263670.049511127,86885.1088128109,17238.0143463938,7215.88048446674,3207.00228695364,20949.1121658256,262117.09017086,87033.4182510311,17377.9433474156,7284.68849397037,3236.85142459847,21111.4008907338,260371.924077702,87118.4510230426,17511.3873028204,7354.23325434784,3268.19508093263,21265.5739821512,258479.487245656,87151.8071866553,17638.1016215925,7422.08614065128,3299.5575251447,21411.4941931429,257095.254951504,87203.5147198426,17760.5537799132,7489.38918630515,3331.33777189484,21568.7385795572,255557.774073787,87307.3898400038,17875.8018177448,7550.23794307371,3359.80491540601,21717.8343683623,253817.194510133,87353.2548589237,18000.1047496493,7615.07267459901,3389.04201681939,21856.051073657,251813.28007812,87339.8184692519,18117.9918861884,7680.31858013829,3419.55159294703,21983.5076704516,249633.701681453,87259.1255873661,18230.8328201601,7745.14410540017,3450.68744043832,22101.3427553211,247826.426954816,87181.8738547118,18337.3419502173,7809.08140608262,3482.39830762128,22227.2113322516,245988.926733274,87148.8514476733,18435.2261543061,7866.52907366208,3510.99347784436,22348.0390029998,243814.870321075,87061.9183809712,18537.8632139012,7925.08826441389,3539.01140393423,22452.5730361034,241461.867105355,86898.8341026822,18637.9843436458,7986.28989801011,3569.12442418258,22547.6674386369,239236.040334801,86702.6959299325,18731.0468886509,8046.55356350447,3600.11410599235,22641.0836560524,238300.732758848,86648.5181047712,18821.0305889761,8105.71989784204,3631.4777544645,22773.8520732204,237491.652932706,86777.8034343095,18901.9616369827,8150.72545818582,3654.37758804996,22903.0418231667,236562.724676349,86886.1560315117,19008.0698872193,8203.77708610541,3677.7404885693,23020.152358999,235427.414236484,86950.1987418087,19113.7186450954,8261.50441819249,3704.65668007828,23128.0949616687,234061.500569749,86952.7665489672,19215.3540543325,8320.00096744447,3733.38746480223,23226.1692564222,232580.668742174,86906.1515686879,19310.7620592446,8377.98094224439,3763.08317754895,23318.2823434167,231025.120804989,86829.2032872994,19398.8064339889,8433.48641007969,3792.37350359038,23404.9158058025,229372.098342057,86722.4631126708,19481.3107103489,8486.64123671303,3820.78078689619,23484.3142881954
232,296313.597307354,127145.160788596,42921.8149680345,21927.0825772879,11170.1405929835,22617.0384465479,276066.021183823,121249.874649289,40167.8566593687,20585.1875710168,10514.0875664257,21561.2874780226,275418.834951398,121658.298742644,39255.7244800558,20408.8986910871,10597.6622874657,21914.8154361295,274161.42846894,123132.620672057,39389.3731158416,20089.6265915568,10395.3131130228,22043.3606747013,273013.551887578,124176.318245852,40180.9525698051,20408.7620763045,10447.1952811507,22151.6652202232,271696.551159911,124978.917870232,40892.4317643891,20856.4543634034,10674.5375227251,22397.1633831945,270245.739175676,125651.01726564,41551.4434436477,21301.9437673954,10946.4374244811,22776.9264343106,268714.447510891,126247.698761943,42167.6391540754,21730.6889531676,11220.9324944974,23221.1950222039,267624.56073218,126859.491304093,42782.7440418469,22158.165538496,11497.454528591,23711.1022918685,266426.343169342,127464.93411922,43345.5658965307,22555.0538903073,11758.3609933812,24197.028798274,264975.147101506,127996.827348545,43906.824809265,22943.3073405695,12011.1909165397,24669.7513824454,263321.776183786,128430.632816781,44459.7128650468,23335.2904324289,12267.6396669683,25142.1162385171,261432.850106963,128763.833886972,44988.3919297805,23721.4625431043,12525.2969408213,25613.6749814438,260038.030229639,129119.022111026,45530.5427301908,24121.276956152,12794.2949795278,26118.7943450749,258440.403117835,129453.804598786,46005.3950297323,24482.9236169719,13045.1484524408,26607.3574595177,256480.50876735,129681.618601828,46476.975899685,24833.5283751841,13285.9444989265,27074.7539479087,254321.790893593,129796.592976959,46942.5366801223,25192.1416246486,13533.4163458088,27544.6875932369,251913.56939414,129795.702241985,47372.9552400573,25540.8281695725,13781.2740718889,28014.3459187451,250078.504364833,129839.969657535,47823.5141466309,25906.2830538904,14042.6549750391,28526.2040880581,248070.979790457,129875.561177613,48198.0580837961,26227.0010880757,14281.7426710593,29018.333287885,245831.301796408,129822.173498434,48572.5698499238,26535.2050297583,14508.3763719793,29487.666731887,243316.90689815,129658.538563721,48929.4784090735,26843.6736275497,14736.5653947328,29950.3349450838,240517.098873324,129351.654563921,49253.5329085645,27141.7636084381,14963.6807658576,30406.3585468255,238135.869064342,129067.779950804,49593.0336068196,27457.502756368,15206.0790939326,30904.7969312937,235765.06476006,128788.606834127,49870.2881496404,27737.5055410603,15431.9617074245,31396.2299031824,233005.835909483,128402.638952823,50115.1035597063,27986.4010663096,15635.7883483367,31851.7358152768,230027.716775761,127891.369053135,50357.4349513773,28240.2633314376,15841.7705432141,32300.5634772518,227094.767514191,127310.096907032,50579.7281041362,28495.7017364777,16054.9220585125,32763.5550273191,225600.363289383,127019.126237882,50871.2770283317,28795.0824796536,16298.610234081,33322.2443698712,224383.820241171,126949.381401777,51070.7352144914,29020.4663741818,16497.4339939052,33844.3149403599,222956.855763661,126844.981409466,51274.8341218329,29207.2284609624,16653.6224757402,34279.6937510929,221385.843987102,126707.429997055,51509.9952676271,29417.7689872369,16816.202029705,34690.0709726212,219513.502075321,126415.925744399,51705.087110711,29617.0160925405,16976.6027880785,35069.4627532879,217552.464559726,126069.611696444,51896.1746990468,29822.154306717,17146.1898166413,35462.9380765038,215472.150519132,125637.254817715,52051.1311802571,30012.9052762938,17312.1664571108,35856.4476615235,213317.439487239,125158.031969481,52186.8646137161,30193.4768108299,17474.7387620506,36254.8432725528
233,368603.478546907,99035.0707297785,24844.0197769712,11249.3271503426,5276.14390283668,25201.4483981816,354049.717995404,88970.8452346606,22640.4729672116,10458.6275808613,4955.50193820792,24616.753995976,353480.990240275,87774.3059985918,19280.6119836417,9177.49670226734,4581.61017682157,24624.46050649,353114.152605627,89375.6134573411,18697.9207001668,8286.0544539226,4014.01654423261,24463.5484907281,352618.331676245,90404.4570909624,18993.1098236988,8231.07558400273,3832.40068585371,24382.2157738636,351848.883377083,91247.3642148756,19309.6060650996,8352.05035461579,3843.77392754401,24498.4626404222,350980.885641401,92003.2379212273,19607.9767063974,8492.20453808532,3899.1582814941,24724.7692139988,350072.566042589,92722.0846390862,19893.6664982487,8630.61794701296,3961.11892451089,24989.4023397263,349626.292511325,93431.9295945312,20172.0942030801,8766.62011239706,4023.46294199985,25276.0276204277,348945.602722708,94148.4860567026,20436.2075914544,8894.39076342483,4082.01717166709,25553.6243842443,348013.782765682,94823.5958185202,20710.2480606566,9026.06200503448,4141.44622057054,25820.9274436739,346802.609448951,95440.9695781349,20979.5764995086,9159.30951000149,4202.67112038389,26077.3328872269,345435.40842756,96013.3940063773,21246.3666202654,9293.23544394336,4265.21063398819,26325.5911952162,344533.12593179,96570.1506825536,21505.9417340343,9426.11223070249,4328.38762028496,26583.8080863112,343329.250936251,97130.2214947055,21747.060374781,9548.45325492968,4386.76301934124,26826.2204172735,341737.104049021,97633.2234765787,21998.4496434923,9674.53500922588,4445.66732137042,27052.1015545511,339854.536652325,98061.3631257865,22245.07355449,9803.13760938362,4507.02005001093,27266.0945899719,337818.158452007,98439.0205241181,22485.5479683073,9931.22200762071,4569.4868403477,27471.3349259487,336363.653571697,98809.4336034864,22718.6297862581,10057.9350626494,4632.43913354586,27691.0305576645,334590.530840728,99190.3834747398,22928.8608670843,10171.1473098805,4688.98694497988,27892.0095253859,332565.572345017,99514.792099572,23151.5122521439,10288.7129002505,4746.00220386925,28079.6045379097,330161.536442366,99768.4395277927,23366.3965152121,10407.1725971759,4804.75947868065,28250.7176104234,327550.98301195,99955.0835963827,23577.102874684,10526.4236867437,4865.17627710593,28410.971602881,325368.582963068,100123.547449955,23779.1985881525,10644.5237651202,4926.56501371803,28581.9054054078,323079.169584589,100299.592105077,23959.5857718688,10750.2443276857,4982.36202095763,28741.153702549,320325.776598791,100417.915740165,24142.2403853626,10854.832243831,5036.13553823697,28877.0338841779,317326.395016166,100452.562520581,24325.5984298497,10964.1976832527,5093.03356933713,29000.4297515982,314536.991339767,100457.981906145,24503.3990656836,11074.7817012109,5152.54819653841,29125.7426459473,313358.421199237,100571.299544343,24675.2462111451,11183.6451085942,5212.76510009079,29304.8195467108,312288.246330026,100820.685087297,24808.9120521062,11263.7279892061,5257.50559523968,29471.5713086478,311055.932487765,101068.100290639,24973.9748473963,11350.2119643899,5299.97993965481,29621.3944685757,309535.638739298,101254.40196439,25140.0565849855,11443.7186752219,5346.83379610298,29756.1258520146,307733.187481325,101376.949244373,25301.3564802439,11538.7810918708,5396.63103569294,29878.7729673854,305758.31871691,101442.11037119,25455.0989846779,11633.2905978912,5447.88114859102,29993.0711983684,303651.425684933,101463.227862478,25598.6841907392,11724.5725706848,5498.75917880941,30099.1526368715,301439.417025761,101446.512464493,25733.9026346448,11812.5150578919,5548.56467727686,30197.2751441312
234,263295.256007933,127365.276592217,48703.1260326086,26600.1189085554,14409.7606242905,20601.6782681744,234724.976670997,115658.064311387,43412.2503779649,23749.2954299012,12891.9499671233,18589.3722731112,238384.15324576,119800.057950869,43888.3141528943,24196.3360476754,13296.4987972981,19420.6153518626,235245.80324422,119589.817807495,43881.8180874202,23873.4641322435,13066.1537097532,19425.9045700908,234178.26103416,120623.288013322,44711.1889656791,24297.0208840086,13221.0679815609,19653.9516459367,232474.265301367,120995.500688392,45359.0736837596,24759.2607320959,13488.3343861704,19962.1846247613,230775.872869682,121340.865178188,45956.324694289,25219.3042647086,13802.2045995166,20422.6585456784,229062.158488978,121611.561609402,46508.29029029,25656.9629942743,14114.392681447,20958.0523510377,227790.376544068,121947.351965508,47065.4144088875,26095.4048547964,14429.4981150133,21547.2890284427,226334.158720424,122228.22735711,47554.8910256326,26489.328951997,14718.8442926152,22125.4751718699,224714.193635262,122454.167957809,48046.2845503129,26877.170642119,15000.494428782,22699.1516981952,222890.456628064,122570.586372404,48515.3322009423,27260.1561281918,15280.9016728053,23271.8769314698,220953.70863446,122598.515466649,48962.6012266588,27637.8087143747,15562.7234610469,23853.7626835631,219490.846443767,122708.483743541,49430.4893638529,28033.7821483706,15859.4505635508,24473.7796029957,217727.265753704,122727.910664428,49811.6290255077,28374.1683972877,16125.7721555727,25064.3788438692,215723.657003703,122667.620469568,50195.4254192379,28708.8305922344,16384.3624049608,25645.5436163657,213521.553119681,122483.055426311,50556.7626537291,29041.6898255869,16644.5247861748,26228.7298317337,211201.837695235,122199.993527661,50886.3652040751,29364.9233642698,16905.1277716042,26822.5118895692,209418.832972527,122025.907545694,51245.107749654,29711.0289194412,17183.820762595,27464.5144275351,207380.291290861,121773.271726202,51509.6484641862,29994.3961993757,17426.8881376158,28070.6953823822,205203.195687752,121472.325661297,51783.3845873312,30272.7621170334,17660.9439184714,28665.5159540689,202754.313105324,121031.034545922,52020.219851663,30538.2977019694,17888.6570266637,29247.4910828519,200156.350939847,120480.412233758,52229.7114694505,30796.1219711275,18116.8169828982,29836.3606573242,197954.975218168,119994.707508541,52457.8954065737,31073.5363193098,18362.3457343438,30471.7915033391,195683.605022241,119481.02682725,52615.3676932242,31304.0295694278,18582.4163480941,31088.9577831677,193081.440014202,118854.033651151,52736.2302681043,31500.4235186279,18776.7284323105,31671.1434152085,190342.744975822,118124.048529455,52852.2706316799,31701.1150035159,18973.0638339078,32253.8973080125,187746.36417553,117348.471115965,52951.4184607753,31903.460303206,19176.8505103619,32858.1367924292,186504.673525348,116991.568508185,53164.5316037398,32178.2008521931,19429.8095673984,33575.1446501904,185278.019580973,116729.442466757,53258.5052505266,32349.6734451718,19614.3254571193,34202.9844330313,183947.011886627,116488.918728698,53387.9857038005,32504.3680214673,19765.608566814,34752.6317309879,182440.684944928,116170.611099707,53526.1121337878,32670.4481560614,19915.9382073614,35256.3056360119,180713.928447103,115728.114903089,53631.5233836062,32829.1024543939,20066.4008340811,35735.6193954279,178906.947821097,115222.434161194,53720.9170651914,32987.3951701907,20223.2214529209,36226.2835034829,177024.277422189,114650.365609908,53778.0727498807,33131.2243775069,20376.2593188894,36724.0030301112,175071.223393001,114027.064318536,53807.8872806093,33259.0979068486,20521.9302353856,37225.3345639164
235,314054.700249245,119885.382137078,37256.4995621679,18277.7469622038,8922.23599293261,16046.9104204973,286550.091162034,107632.947709168,32972.1344903797,16299.6101350337,7987.49025679197,14735.2104942479,287857.326608335,109218.495942815,31271.8480915971,15632.7288656765,7832.29305997512,14895.7432979119,287431.086949511,111153.5501547,31302.8002122377,15108.2406681447,7444.21493219804,14743.1989072052,286157.279840101,112118.914530817,31908.555477818,15267.9648133574,7374.50398982378,14582.546630924,284859.171188485,112964.390710353,32488.8586327813,15592.1195828809,7508.88041354639,14632.7785374511,283531.808616797,113698.005570835,33027.487592564,15922.5735735789,7690.87752742112,14827.0204850879,282101.280139195,114349.868477281,33527.1943544894,16237.7084784722,7875.70501875611,15082.578457656,281173.511503785,115047.929047767,34030.0644620974,16553.9911532693,8062.88264324621,15373.9907714788,279994.815322026,115689.395402153,34486.7799326699,16844.0072321941,8237.005705612,15658.1980743638,278623.163083094,116287.780393588,34952.4670732504,17135.6167041566,8410.04065612586,15939.8328742252,277005.664961593,116795.609229816,35407.6566545923,17428.199139986,8585.38475734816,16220.1273543646,275257.867384164,117235.724053333,35854.169145086,17721.2249414828,8763.83360020663,16504.0084302381,274003.659636476,117715.471843448,36306.9800158929,18021.7692074424,8948.71189949764,16806.1997553767,272389.555553545,118119.797832644,36702.9351864549,18290.2975135958,9118.20080520561,17090.5782613473,270483.966522296,118459.677921959,37110.2133700989,18561.3869932077,9286.77977549461,17368.7488385815,268343.116962954,118694.456445034,37507.3164997121,18835.9563071055,9459.69341441637,17647.3263455763,266067.479424138,118851.961869912,37888.4980358103,19108.2185022234,9635.25706710001,17930.24218065,264361.685866171,119068.907610921,38279.8549128602,19389.6508528251,9818.27652287961,18235.9101224867,262335.722224694,119214.874299753,38606.2018049887,19633.1203123959,9982.30460744766,18520.4199050382,260148.900655743,119323.124173289,38948.9625458369,19879.9940801357,10144.9136485449,18799.485923787,257616.113396342,119303.011649072,39268.0670534159,20122.2626291656,10307.1514406935,19070.755574515,254917.067768921,119199.010635794,39577.913790423,20365.5508022736,10473.3527744953,19346.4871415469,252643.895375208,119121.743881378,39892.1398554658,20617.3248914464,10647.6337955091,19644.2411759421,250240.812357652,119003.321251704,40151.1867920879,20837.1452084307,10806.6106585049,19929.2356979815,247472.964579483,118802.337830364,40399.4885113562,21044.8698445135,10956.2350913077,20197.569956213,244512.221704597,118498.184324639,40645.9687222339,21258.624709555,11110.0908484749,20465.1992610454,241733.599506268,118162.405225426,40886.1831863491,21477.3393193415,11271.1939190582,20746.8504680362,240447.003418027,118112.114277886,41172.0631693565,21722.521140811,11449.5473373261,21082.8863354752,239177.054268983,118125.325700048,41356.851760962,21893.7034772888,11584.6711113467,21373.4261352579,237831.360581051,118186.549200434,41582.0917768251,22062.9536626691,11705.3397740407,21631.8598275729,236228.694173577,118142.261387552,41803.4129364196,22236.9375950479,11826.0788607272,21867.6262287103,234389.79224507,118013.363901444,42010.7525204752,22411.5524559135,11951.0310669901,22099.1283766834,232427.314722927,117812.770249228,42206.4964236272,22585.7033302878,12079.4737631216,22335.7157073363,230354.539002373,117550.169989198,42380.6175543855,22752.2371954597,12206.8778019129,22575.216080264,228190.302357418,117237.330309136,42538.1470581221,22910.9658033312,12331.6019898687,22815.5150681158
236,346401.363469059,114047.729196023,30481.4217104373,13943.25183842,6332.56030631903,7109.78173487538,321977.257177893,102215.97053288,27117.0080405566,12574.3269662583,5745.95994949598,6549.63430163007,321079.092686958,102640.709611721,24641.0999430172,11520.6752576128,5422.99122452376,6491.01583314653,321043.322641249,104649.409068474,24566.2957101489,10936.3094318934,4987.48866938847,6210.04866513328,320342.204052186,105816.579725362,25070.4806967754,11029.5645833164,4890.36132807953,5968.45311960395,319243.351095133,106735.339838983,25538.3321481466,11258.0943001333,4967.14177759696,5917.36384204521,318078.679787879,107564.908200028,25978.2201529048,11497.3574083426,5084.1593902797,5985.53542570313,316866.653092018,108342.708571418,26399.5556383193,11731.1429956236,5206.22092941685,6101.81687654244,316170.854192174,109145.784709931,26816.4512774665,11963.723678904,5329.24640682607,6237.49697352813,315199.518259203,109915.840376114,27205.8058482807,12180.4444620304,5444.83431584164,6371.77058891686,314006.866324257,110633.059404692,27603.320435808,12400.5680858027,5561.06749742549,6506.46695718292,312561.977186751,111279.18473655,27993.4529191005,12622.014605175,5679.6227394943,6643.29759121354,310935.268185538,111862.938158039,28379.3996674195,12844.4692462878,5800.39014575981,6783.55949296307,309836.620219607,112474.322666912,28767.8482148957,13071.5250454427,5924.97598876572,6931.31084589175,308386.678912422,113033.753649336,29118.0253162426,13277.9913546889,6040.34367232616,7071.95010906651,306577.245937807,113522.588631525,29477.0546545276,13487.2804573688,6155.74807734939,7210.77871138139,304525.548005256,113926.462217164,29831.4474828803,13700.9600972741,6275.29137542998,7353.00879703986,302317.294644005,114262.108335266,30175.7654884957,13913.7537637861,6396.89412958556,7499.44556777062,300720.592325324,114643.884372707,30524.4436552844,14131.4899173572,6522.50550150409,7654.74935796405,298762.977517696,114967.872213708,30826.6387373703,14323.3985634871,6635.98648858611,7800.16294994478,296598.057948504,115242.837453811,31143.4296589821,14520.0071241062,6749.82984954982,7944.05477309633,294080.784618817,115415.094562303,31444.949423213,14715.6027655915,6865.20672621655,8088.30592860749,291352.763434448,115507.376299412,31741.4274849517,14912.5873897169,6983.52094440285,8237.22196565441,289115.04815255,115624.201699419,32039.3527065111,15115.0282490243,7106.84595727482,8396.20931355575,286718.368803664,115705.616257184,32295.7481120169,15294.3157949853,7219.64166684151,8548.27904409747,283898.140922118,115702.947693612,32547.42509915,15467.8357183502,7327.7226937161,8693.95190288109,280855.723275901,115609.823006072,32799.8793935625,15647.8497861315,7440.35924917941,8842.77480241676,278017.811593912,115486.551876507,33049.0699760126,15832.04244098,7558.25524015126,9000.41009952843,276845.266453492,115611.846582103,33321.2686011571,16028.8338718315,7684.17422395041,9176.67300151375,275621.14225163,115781.840188991,33510.8986930358,16168.5462206802,7778.73539398851,9323.99731705419,274291.268199191,115972.697724839,33735.2508030938,16311.2795965529,7866.12592546541,9455.08658447705,272674.545320119,116075.777587354,33957.4206070907,16459.6611787552,7956.30270322283,9580.16136246698,270806.474041545,116099.402195715,34170.6895790461,16609.326684126,8050.06262684545,9708.15152696156,268797.690202039,116061.062568406,34375.1386300376,16758.7391116593,8146.18765900663,9841.46709354385,266651.733142662,115964.688311316,34564.3569346843,16903.1471020318,8241.65048581681,9977.53309924673,264405.144683284,115821.550651468,34742.8786857411,17043.3987006437,8336.03520344422,10115.1930858554
237,231995.738842847,129766.189451514,55046.0868108581,31744.7085897995,18206.0413068557,33649.0459164118,197191.723538079,110030.363213085,46472.5752186986,26922.096568826,15483.3357867648,28859.8976515781,208435.436817248,120343.683354975,49429.6553671308,29041.1772628933,17013.4737569069,32081.8835400989,197567.082779435,113724.973793346,46866.3213011686,27222.5952471025,15932.0102816427,30764.3572517988,202568.953558181,119509.120729595,49583.2337769866,28722.6302115997,16739.9962994004,32524.3810737801,196332.767243277,115902.212154351,48815.4013572764,28415.9880458975,16554.9982313043,32096.208584253,197937.908387605,118738.975466906,50408.5406015372,29499.4730181351,17278.0123893199,33483.5667567114,193923.737721662,116804.715216414,50172.4831795311,29526.5626283211,17373.6697115365,33752.6277145637,194354.243606339,118349.603421597,51230.0291355955,30303.4929672877,17931.8715558094,34994.2728799248,191752.927793352,117406.48408847,51280.5015324284,30478.2453150921,18118.2670725918,35560.6722439232,191005.347897298,118130.636449852,51989.7259846115,31032.2386512117,18533.337556289,36585.8353106982,188694.007663291,117530.589850727,52208.24902961,31302.4034917076,18772.6492875082,37266.0361868023,187220.746716795,117675.580935654,52716.8594272768,31754.3686523316,19131.142608895,38187.647602828,185581.996843026,117363.230380667,53043.9691010158,32103.7961517154,19429.6299555073,39013.8618976596,184106.80076165,117339.011718498,53412.6131437515,32471.2833903199,19742.96968014,39898.2249598929,182114.721053892,116972.101683113,53677.9421771113,32764.2114924408,20002.9445047172,40681.6360788847,180162.815798908,116661.594043884,53989.6123785036,33097.5908839568,20290.3814380567,41515.300794147,177937.513217033,116115.047564921,54207.0585967324,33383.011365279,20554.6050661047,42311.8078011925,176350.522103209,115805.155808456,54510.8233990547,33728.6857764225,20862.3883276575,43225.7612350656,174460.73449944,115348.171610104,54676.2166654281,33978.6872810101,21111.6799509175,44055.1704731193,172467.773582182,114873.107222616,54859.733791206,34225.634527149,21351.0944822327,44871.3277844199,170241.130074994,114252.470900324,55001.9029833531,34455.6848187343,21579.6918411257,45658.1904277451,167873.363699531,113510.431993715,55103.3851474333,34670.0074473313,21804.1429675324,46440.1352357497,165907.92459725,112876.734923558,55242.6631839176,34917.2097689864,22056.0450739238,47305.0985769549,163873.8556359,112208.516067975,55299.7584252071,35105.6959733263,22273.287255773,48133.6691554102,161527.386009747,111414.06947151,55305.8578841723,35246.2491282085,22453.0222372302,48895.3147910394,159077.303315693,110533.642750454,55312.6051049252,35393.9572027933,22635.3464449512,49655.8286673133,156742.869720191,109595.507385267,55293.9704541692,35538.6736117827,22822.7213083072,50435.6689239893,155658.867297833,109141.37214187,55433.8996069832,35789.3489631334,23085.0156132479,51424.7908475222,154565.564179712,108775.700443238,55446.9955963296,35922.1060843623,23264.2092355318,52282.6269316809,153324.475955411,108393.474792879,55479.6076946218,36022.9029744839,23395.2201769244,53012.0401768033,152001.563222167,107992.139864574,55551.9617390383,36155.0535530067,23535.556726238,53695.9751079717,150443.437834263,107425.255850267,55566.9819145433,36264.9661660185,23666.2765863216,54312.630306978,148844.775627217,106823.431164561,55574.2682527341,36380.599082298,23808.7595141477,54946.3427379895,147176.633694188,106150.915669001,55543.8562949969,36477.2632566879,23944.7772402776,55579.8781513351,145453.986760377,105431.629215148,55482.5861968379,36554.5652998009,24071.0625529165,56213.2105247539
238,297609.093567949,133228.95098284,43771.8908273816,22229.8744392684,11247.0591944103,19797.3815465597,264389.387839616,118944.898953089,38767.2458382973,19805.1510456496,10063.8189917055,18064.5798115545,271241.520397392,123675.9731023,38920.1135561916,20099.4354120929,10371.2528629766,18802.361237116,267804.134662517,123826.447490068,38802.2529069513,19635.7637466461,10074.8987872308,18727.6815286434,267021.832550912,125103.741180576,39599.1481381537,19976.6985901181,10143.0769285519,18818.8235264036,265557.44924193,125816.901594154,40286.5535392276,20399.2429135156,10355.4135181127,19019.030796168,264035.85038648,126443.969272319,40920.1053572735,20828.5757755844,10616.0598537458,19355.5871782491,262477.258576475,127002.590213658,41518.2557000391,21242.268433535,10880.0180974235,19759.489731157,261379.070833388,127614.589961391,42120.1324662748,21657.8056457525,11147.3940289105,20207.8889004838,260043.716140285,128138.645384875,42654.1281334257,22034.0230298109,11394.4524529866,20644.975901798,258563.475254112,128641.434431752,43200.2624478688,22410.8742877635,11638.8734488722,21079.795828918,256816.29824164,129014.083580675,43726.4948782078,22784.446118942,11883.2366033809,21510.303111581,254961.272225041,129318.204941964,44241.5135915727,23158.9211114111,12132.0757454364,21948.6343593464,253554.910990868,129672.375976783,44768.0210278514,23544.8544848992,12390.7242029692,22414.1604696809,251845.517849876,129923.938954301,45216.6219573345,23886.5869671024,12627.4574482746,22857.5139134996,249886.076624888,130125.698783494,45674.5415395456,24226.8998221096,12860.2796421646,23292.4580477789,247668.916363432,130184.446156203,46115.3836471386,24567.6574918493,13095.6009936739,23725.529750268,245306.253580882,130154.598093318,46534.2049092043,24905.2525887191,13334.533618203,24166.4525888094,243500.138246979,130205.338271421,46973.7682064812,25259.4631969099,13586.6239207562,24644.2125887692,241416.071941651,130160.734460246,47322.7776047837,25560.1805815105,13811.1739782565,25094.3599801369,239198.648863279,130097.852700022,47689.725747989,25861.1202749211,14031.0847689326,25536.1576812821,236636.005779092,129864.004612051,48021.383550589,26151.4050337056,14246.6060674285,25964.2724912896,233918.810372408,129546.197424727,48339.6957217231,26442.2598137165,14467.011994603,26399.5770980638,231586.889774363,129255.563968244,48666.9086014335,26745.8616871571,14699.4393046269,26868.2899761555,229175.737639994,128923.695551281,48925.1607513251,27009.0011946891,14912.1004034834,27323.6460337193,226443.09395274,128504.819520491,49160.9506125713,27249.4596733274,15108.0772972451,27754.3020637782,223496.987044753,127960.938382071,49389.6899189408,27492.2649903312,15305.3452393369,28179.9928345835,220688.725946921,127376.983763811,49610.796785259,27742.246295228,15512.3851551208,28625.6599575311,219273.459926914,127137.806373352,49906.1866795944,28037.7722547013,15750.051344059,29154.5833551335,217975.639429509,126988.965530766,50083.4523143164,28243.8774586967,15933.6311406934,29627.7454751723,216619.52932044,126913.86844395,50296.8967376576,28435.0494278361,16090.0998357185,30044.0352989761,215008.26791467,126714.38899673,50508.7549264147,28629.5223155647,16241.7386084858,30419.4866734961,213185.388708791,126425.038689509,50703.0445526663,28825.5193677872,16398.4003975049,30782.3261367709,211229.714706252,126044.126657246,50879.9634827984,29019.1186759198,16558.9797099601,31150.3123196323,209197.569828117,125602.706268098,51031.178559861,29204.1249612412,16719.1444445529,31525.6223391224,207065.852559239,125099.886633061,51157.126253335,29375.5091999359,16873.7580578614,31901.8506834546
239,310768.783971733,123173.243814376,38077.2362894623,18723.7250492648,9187.48682627415,18242.4033487715,282291.758774371,110987.764258458,34489.6192037905,17154.1175411599,8461.93961738994,16962.7399594918,282390.554181352,112430.809668779,32869.8541172635,16567.7794178999,8387.15382349957,17271.5459158942,281976.205220732,114343.427512908,33080.1512755331,16181.1021604778,8071.78152464223,17236.3274665377,280561.142827614,115239.129420908,33707.5518973295,16384.2508676286,8042.01930930482,17148.6655825777,279176.783407856,116052.605192359,34310.4130426807,16735.1512195264,8200.77693874285,17259.7182176442,277721.293646168,116742.303661309,34864.9818165827,17085.6862760841,8400.46120333903,17502.8138447478,276201.482225304,117358.373347858,35384.4774788747,17421.2933905715,8602.12783891617,17804.2948195296,275184.661649843,118025.422078928,35905.7367050911,17757.9689692181,8806.14089671629,18143.4887751311,273919.691888194,118637.027462198,36379.5910378101,18066.331412472,8995.65048081679,18472.3431977122,272452.276910055,119195.290218514,36861.212461945,18375.902308825,9183.68787691327,18796.9593547652,270747.962693552,119660.004377175,37330.6817638039,18686.0357646598,9374.0461658299,19119.315592787,268910.766450956,120050.020336606,37789.4389973105,18995.7640930626,9567.3169313477,19444.6695703499,267590.782323466,120494.379144702,38257.4303887872,19314.9764825145,9768.36979678897,19793.3609329361,265908.662012186,120857.58530575,38664.177967978,19598.7632978046,9951.98480257978,20119.9646911707,263939.825446265,121148.812841281,39081.5687690343,19884.7634333137,10134.3052405487,20438.7494474369,261742.819520121,121331.949030385,39486.4524415132,20173.5588255644,10320.8378143555,20756.9559649947,259395.831190689,121428.409860553,39872.8578665559,20458.7181205117,10509.543436283,21078.2616782042,257648.156284424,121603.326528677,40274.6028688801,20756.5132629176,10707.9332069405,21429.3623071753,255584.378995414,121700.865218478,40605.7233190258,21012.0504838154,10884.7850318615,21754.4379300554,253346.482981354,121753.502361938,40951.8618164007,21270.0921003846,11059.4406808677,22072.3040863093,250775.211769404,121673.814489872,41272.8711477583,21522.9618921337,11233.43082757,22380.1654613963,248033.863952353,121501.646371516,41581.4742496105,21775.5871709985,11411.04030062,22691.4935732784,245733.692942244,121371.334487485,41898.0886783778,22039.0789241351,11598.4042736232,23030.4474842585,243316.397616785,121199.198301842,42156.9992545259,22268.2719602996,11768.9839486946,23354.413967894,240517.265406808,120930.70001942,42399.7933835091,22481.9750903656,11928.0328836069,23656.6979699241,237542.671999836,120560.195913523,42641.5559693827,22702.4989852369,12091.7463078791,23958.1767500454,234759.511225753,120154.687886258,42875.3758261811,22927.4871439151,12262.8424222295,24274.8469624445,233494.83385639,120082.96844308,43166.486701037,23185.8510037047,12455.531321795,24661.858692667,232198.10485294,120058.46194639,43348.2411744002,23361.9284725752,12599.0669021443,24992.2435756164,230836.282423538,120080.938640795,43574.0078089689,23537.8664332873,12728.0516542924,25287.9539040336,229203.83345052,119989.098854331,43790.7781308563,23716.1339858961,12855.6876688235,25554.8449120679,227347.910585269,119811.763083681,43994.6626034473,23895.734429763,12988.0436895278,25816.1367594447,225371.444646607,119559.041731731,44184.3099964409,24074.0363509975,13123.8276666947,26081.8660542577,223302.052193039,119248.002118439,44352.4456344497,24244.5828404701,13258.6617333846,26351.1089881389,221135.206895097,118882.576726547,44501.3152208256,24405.612111502,13389.8636077262,26619.8156552766
240,339359.020287504,125343.110888275,32633.156281223,15037.3924556249,7113.13477199862,30340.7905530496,300310.248431648,108420.741561383,28388.2962372395,13290.813144819,6347.64220705768,27994.9878324839,307572.604749179,111232.126632465,27114.8884541092,12889.5094778852,6323.09520392966,28775.4273218589,308160.536316081,113333.643674242,26932.8630520085,12279.9376718061,5926.58712743793,28811.0789685339,307636.784166695,114493.190791776,27452.8217687065,12369.6236386895,5823.64441126676,28826.0589054734,307010.991568519,115526.066893644,27973.1083944945,12621.6192530209,5906.63372546257,29025.9331936697,306313.713494939,116472.914720349,28470.6907281378,12889.6237124159,6035.18128878837,29341.4374908933,305498.864262312,117340.686363558,28943.4875504843,13151.1608133441,6169.56310469932,29696.579444714,305179.366325802,118260.475583723,29420.9656644585,13415.7919912819,6307.4930132385,30088.8212156531,304531.128655995,119084.184013967,29852.3857856164,13657.2347029497,6434.90147644784,30458.5794266228,303668.55253562,119880.906061924,30294.4117176001,13901.3960633515,6562.25020589948,30817.5081626413,302543.969082063,120591.784724176,30732.6047349625,14148.8905612211,6692.52490358656,31163.8608207832,301247.171844142,121241.016098259,31166.6745140999,14398.6466558534,6826.11953570001,31502.205858578,300483.118792364,121940.054109891,31610.9955326366,14657.0291104924,6966.00630963674,31866.4572106791,299249.412366051,122513.519904493,31994.7704634458,14885.2099845129,7092.42787631738,32194.996683099,297745.240578138,123057.526465003,32396.5445734753,15118.8761852019,7219.63062353323,32509.667594041,296000.713846008,123504.364237893,32795.6360755589,15358.3239148896,7351.47941806213,32812.653943857,294058.209324259,123868.04851591,33180.6034802552,15596.1370144255,7485.50368525733,33105.4935369687,292709.464815387,124301.355414916,33580.2910409697,15844.033094429,7626.50048524257,33429.4409402713,290962.10693821,124612.776538943,33912.2561948951,16057.4951138552,7751.70912964833,33717.8395779641,289064.252992553,124921.503544314,34264.7478486408,16276.0137929087,7876.90063273305,33995.5127214423,286798.118452021,125098.821190696,34602.2920859363,16493.7532853141,8003.17392018497,34250.6998827252,284326.813954877,125200.300450907,34934.2905381777,16713.9612787754,8133.40752519455,34496.4114815161,282266.361459928,125321.845574802,35272.538037815,16942.1986087047,8270.39732505279,34765.1641508072,280040.659809474,125370.907466266,35556.3799100403,17142.9352473373,8395.42158695442,35013.731118613,277435.437977971,125356.29977866,35833.4511379151,17334.9868756286,8513.95609433929,35233.7533227072,274637.847106658,125252.896571724,36118.1265353732,17536.0711071278,8637.61004446198,35441.986988424,271948.936819836,125106.121389037,36395.4556362246,17741.0634452233,8766.98427797274,35655.220939485,270777.002453083,125216.421366724,36707.7720883601,17965.1954617357,8908.6179126137,35952.7875221377,269576.290867337,125318.335082426,36908.7434983509,18121.1324065922,9014.52466152552,36213.6898687546,268407.417453977,125536.169523184,37155.0327923935,18278.8429631336,9111.11652284577,36454.6205833274,266893.872475474,125620.693894629,37395.9016706571,18439.6269100021,9207.5860803516,36662.3149145438,265159.643023745,125641.398468483,37633.2882313213,18605.7783298884,9310.06026553909,36858.0053289928,263259.678672916,125577.548211154,37858.6589105171,18771.2698785941,9415.43782273997,37046.1188713111,261253.019363869,125460.202952778,38069.8054517047,18932.8581541334,9521.32535690503,37228.8829093028,259118.855005436,125282.613448573,38264.9463765161,19087.8483933447,9625.18096053798,37402.381065451
241,391299.283058705,84261.2471967027,16964.6712113505,7245.04231640389,3292.41974129779,17176.1065560822,368997.750368472,77193.2499981478,15908.8403689089,6959.78555081411,3203.73431541138,16967.5567012422,369362.526827156,76297.6413795644,13894.7147716538,6205.26100145432,2985.76249252569,17086.9296221144,369745.074690724,77407.3862828665,13619.050353115,5723.8955326734,2676.48557415763,17087.2793816353,369777.567089023,78147.2407492571,13775.8644765737,5701.01354705996,2589.2429835828,17138.3896758376,369404.75818921,78783.1901760823,13937.1911418332,5754.20161006514,2591.83424005234,17284.2431804149,368870.913852561,79357.3691135524,14092.0249937667,5815.603366705,2612.59346913402,17476.1234913326,368346.606810038,79907.1997045353,14240.2252928623,5875.87637871867,2635.70582726846,17683.1454175772,368278.155569127,80461.3009173074,14383.5847903923,5934.12851521402,2658.39845995566,17899.2009060012,367935.153891161,81012.5644703598,14517.7852946536,5987.22589232214,2678.55219522377,18106.9518504862,367321.506790593,81529.2921221554,14659.4944048706,6043.16190897011,2699.30652338621,18307.9404460405,366427.532446029,81994.7161758993,14796.601314292,6099.40506532671,2720.76847570118,18501.6955865132,365376.828495033,82424.4753464281,14930.2884815228,6154.9314954082,2742.37016100188,18690.2820991462,364826.676706073,82849.6695408675,15059.089940836,6209.12448398949,2763.79707066867,18883.9141210684,363896.825326974,83268.4493187617,15173.9927033164,6255.98837740434,2781.85908513107,19065.2817171646,362588.059830589,83639.7044946697,15297.7177537208,6305.87795290475,2800.37900478751,19237.1694336183,360975.186699955,83944.8763941598,15415.0258358625,6355.87114618321,2819.64161212675,19400.7406424409,359249.542386738,84215.035448234,15527.5971465752,6404.54605742872,2838.85600425283,19559.5302881796,358040.26200597,84478.9304660728,15632.8348087799,6450.68167776322,2857.29787894619,19723.0635742485,356564.6226702,84748.1112134716,15724.7104462488,6489.23992202294,2872.11731423765,19875.53707672,354777.794175652,84974.4535141996,15824.5775760378,6530.32234408657,2887.07940755423,20018.418937723,352631.335562251,85139.3885760164,15919.5623389611,6571.92432799466,2902.8640526489,20151.4569348132,350263.926853497,85252.7158294728,16009.7439018519,6612.68071480348,2918.85644616247,20277.0954287168,348355.691900734,85349.8933228004,16092.86782561,6651.44688952079,2934.51007116187,20406.7939823353,346269.160875149,85450.1649756295,16159.903687474,6681.7733108019,2946.37002566428,20526.4378763736,343751.000610214,85508.9670993764,16233.5721214281,6713.44330444045,2957.74993867604,20633.3458051339,340969.980900015,85497.3893465039,16304.6219266017,6746.91359334623,2970.43614518415,20731.5029944963,338407.618720904,85469.8991276285,16371.9032360267,6780.17190008872,2983.86994983867,20830.1627547414,337458.338478886,85516.2549698148,16431.7420571507,6810.41436887511,2996.55400144307,20953.9989638717,336608.66557483,85691.2097188753,16473.1015807142,6826.95001103226,3002.22286023707,21070.7611139985,335580.0332825,85875.7335274981,16545.57769066,6853.19535277909,3009.56523550452,21180.0857318558,334245.603617814,86010.9827662894,16620.9186275303,6885.86300422878,3020.92490273424,21281.4481416301,332628.988433144,86094.3690599421,16693.3532505558,6919.62389789201,3034.17851886154,21375.5441208066,330829.306179502,86127.2367896556,16758.2375887042,6951.71324950136,3047.60638202147,21462.9576698686,328923.299350871,86125.4511935362,16815.6940221963,6980.93621171438,3060.1862712625,21544.4452781515,326886.809665029,86091.644862929,16865.8051088791,7006.97905552551,3071.42335027935,21618.8675463875
242,165381.945445417,120014.165225451,70457.4345705517,48461.1494647441,33046.1218048933,70078.4143638371,145429.372665798,107183.214424407,61502.6394437063,42375.2484131244,28999.1683402408,62083.1977382858,139078.687860833,103659.656899456,58687.287488651,40784.6139091107,28121.9408533307,60911.0280080125,144406.117164478,109820.496961043,62436.3968315127,43096.792594823,29829.2200644052,66006.2919072854,137733.281826037,104293.720540134,60072.0018558771,41555.4485114496,28717.6938030097,64441.2734933526,138122.021127917,106211.715929291,61325.1580582215,42586.8220029514,29518.752624918,66944.8500111524,137003.818181418,105763.967008681,61878.5198782062,43121.4115586304,29972.0679831999,68676.0858081978,134292.587175517,104170.298977039,61329.8845520581,42999.4341205822,30032.4034760082,69568.1822855746,133936.068921776,104609.104570336,61989.5854805672,43636.2300706153,30622.2100424279,71855.8366343968,132479.594665754,103879.545388417,62001.3124102262,43824.138805389,30879.9520122315,73435.5326770556,130852.451249003,103200.858943245,61935.1180276682,43948.3134587185,31092.9278195824,74939.0144414899,129626.234994238,102862.540765002,62151.8823972719,44256.2779336938,31424.9217125083,76746.4527024061,127908.601953281,102018.558834496,62081.6361286388,44381.6454519965,31630.6302620433,78250.1163043898,126627.285211282,101428.5394008,62112.0662373501,44584.5725247118,31900.8934110259,79948.8673374158,125404.051400359,100953.978816474,62160.3110323043,44784.7214461027,32168.160139873,81689.9075560106,123735.390996145,100129.452690986,62020.68752197,44834.5027667593,32316.998555528,83145.8518992338,122085.190758249,99348.6968081882,61928.0245933761,44925.5471140655,32493.6944654682,84669.6497124474,120386.107416242,98479.3714139119,61801.2041651457,45002.3812650315,32665.623113237,86196.3679659241,118947.089370449,97651.9812268714,61667.1902619951,45082.9414413004,32848.0640796712,87792.7462309348,117564.625453078,96961.0815918105,61532.1729244737,45147.9301781719,33020.1642115845,89418.0648301812,115928.338945458,96063.562038989,61298.1699715846,45116.6850862911,33108.1366592795,90835.6994590059,114194.94303798,95123.5229873299,61052.0624553406,45083.2230205167,33189.7725681089,92222.3356895142,112373.40461781,94082.3933127019,60769.3288029648,45031.0220363827,33261.3353415626,93581.6092020414,110777.124650679,93080.0370586962,60492.5828623237,44995.2911791828,33352.9335102778,95027.0397499231,109288.400498864,92210.8756602532,60221.2495971987,44954.5536256105,33444.5418044936,96528.1214013546,107501.824761807,91143.7908461322,59833.7439974579,44803.1466988795,33442.5882675771,97788.5799631985,105606.254056378,89976.0313658777,59415.0448703209,44631.7703118021,33418.9215545631,98974.8643837071,103857.546012367,88844.157877922,59025.5673909939,44494.4819074498,33425.7804346357,100254.665685551,102893.566329412,88063.4740382982,58791.4970782423,44479.0635260258,33531.1314797915,101873.309789691,102212.952086788,87658.243418967,58621.3804484351,44473.5877330424,33637.5182493682,103550.756293681,101220.712187546,87036.1092368714,58343.0858651832,44326.6125929476,33600.4942729136,104744.827996077,100149.874629415,86410.3650254408,58107.6792127904,44214.5710693284,33569.4965454929,105815.338770997,99067.3309708274,85780.5923301799,57920.0296721781,44156.1010399884,33581.4754746302,106898.793790052,97858.1437787594,85002.2654047362,57645.1726310537,44051.5577157496,33570.6535919704,107853.700150294,96604.895531228,84186.9911675679,57328.4530780333,43922.1183164826,33551.6173644086,108788.986136364,95362.5505429986,83374.6095387261,57011.2682381469,43789.9366881335,33533.7076457452,109763.011367666
243,360350.230340814,71445.4998317271,15327.0351799071,6832.52136966292,3325.21035169588,27015.1440450218,343397.797857758,66584.5568120533,14534.8715565822,6652.47446635369,3270.68905604832,26768.4143361416,341455.927264902,66906.3777821155,12697.4526000859,5824.23646889229,3002.02104051063,26869.3577870373,340467.451680672,67501.3971601927,12703.8029241145,5538.15049024874,2757.58671196484,26952.3768506537,339570.577192342,67923.0568773358,12833.2776021029,5552.43952889798,2712.28824053284,27133.470197197,338414.48846833,68296.2375222998,12949.7632379757,5595.54854533927,2719.24987373977,27389.6863666709,337192.79928043,68621.5370166912,13059.0735024146,5639.5793049221,2733.92695154624,27673.4457806,335930.454913469,68925.4280224031,13162.0774343107,5681.27017494245,2748.74280668993,27960.7412090251,335165.425648348,69229.1258805981,13260.7452959175,5721.45687239162,2763.1863793951,28259.6783292708,334229.197027846,69568.8038213616,13357.4660615342,5759.09434049888,2776.12689804323,28550.6053307393,333044.474697877,69870.9497982243,13461.1909840056,5799.7749569541,2789.72785320237,28829.082907564,331608.123245397,70129.5741293166,13560.5321599439,5840.72294388606,2804.04473108752,29095.0827032634,330034.731274914,70346.883711342,13655.3612779726,5880.46616533406,2818.27163469564,29350.2627298982,328963.643129912,70557.5970665688,13742.6557281902,5918.02490601732,2832.13806690725,29615.0779572082,327601.579558758,70802.5609121887,13826.2484711394,5951.64365192131,2843.83308455652,29866.8111122307,325898.958843483,70993.7199685563,13917.1505452159,5988.48443610167,2856.11421657126,30101.892211319,323941.009688501,71130.3080730696,14001.3572933241,6025.05269047093,2869.0238280627,30323.360247596,321855.178958529,71224.3667543396,14079.1965447961,6059.4441007225,2881.41874436105,30533.2592831588,320333.105513314,71315.8388448213,14148.8224965259,6091.16978783408,2893.13428424003,30755.2906893172,318564.69967058,71449.4186369993,14214.6754053494,6118.43004715469,2902.28755280623,30964.1012679785,316567.111099801,71536.8080432259,14288.6234175934,6149.28913315955,2912.12036254447,31159.047422536,314232.465763945,71576.8096250985,14356.7524314324,6179.94409379749,2922.53688183754,31336.918615544,311720.403154122,71562.3040933098,14420.0215125292,6209.51356279987,2932.92072802912,31500.9424175799,309640.090749304,71535.2732736373,14474.101409525,6236.37396702891,2942.79459843126,31672.8262522269,307466.728983835,71543.1336884292,14522.0756255595,6258.27378328465,2950.12548711974,31835.8444403735,304878.507605686,71512.7341626116,14576.2446236867,6282.02944479093,2957.24114676802,31977.2177726521,302086.646643846,71417.4637042218,14627.3355204547,6307.27613293652,2965.56901637872,32104.2789010294,299571.507123253,71295.7686964668,14671.292726175,6330.79222158184,2974.02970507658,32230.7980359331,298554.706315944,71256.8267576761,14705.636537719,6350.42797621605,2981.60086057136,32405.5074961996,297615.240448587,71377.3025932202,14740.9001937754,6363.20542099683,2984.56037977151,32577.3023094063,296535.532924168,71488.2286416334,14802.614917347,6386.30655801228,2990.01041008317,32737.57403404,295184.984821249,71562.7207694565,14865.592315443,6414.46899252861,2999.1003477667,32883.2882139295,293580.667304617,71590.0560079749,14924.7769952485,6443.21532986721,3009.79098138387,33014.8206675331,291849.329433692,71576.6803122189,14977.7079459075,6470.53627119523,3020.75769879078,33136.2247497914,289985.484713097,71536.7333969357,15023.6791115205,6495.09053191395,3030.90423500052,33246.7962771566,288035.363652597,71471.3169901158,15065.3754148533,6517.74684786496,3040.21704379743,33348.2349995719
244,341964.332794552,84604.9564874189,19016.5823139142,8131.26946738616,3539.70662026342,8210.74462694376,327461.730876521,83326.1440544346,18803.1535377663,8116.83395059388,3550.88277276408,8194.65307141559,328261.575995221,83741.2542375309,18005.5679504695,7861.53307266625,3511.40676371592,8310.93143605916,328788.902388927,85105.462865458,18153.4058088837,7672.82270887368,3359.18461051748,8299.32423309762,328939.024925243,86075.802753362,18513.3366645792,7792.570292899,3358.34010821009,8303.02300753126,328766.5781637,86963.3183093148,18842.5377182937,7947.27031120113,3418.78496772472,8379.65985822723,328513.662453751,87804.7408217869,19164.5174992627,8103.84770738473,3490.08436349446,8494.11854038996,328216.470256877,88622.7861749562,19479.9691581763,8258.96385140024,3562.72798723184,8620.9933809673,328351.987369627,89438.7707171243,19792.5341551601,8413.40457144134,3635.57628297408,8754.54065198805,328196.914036634,90229.3084477324,20083.5257634644,8557.22779267163,3703.78685935537,8882.19734355583,327807.294145316,90996.2481604011,20385.7558883483,8705.01724667219,3772.96784348259,9007.56771658034,327179.47003292,91712.2865929309,20686.9737594149,8856.05737097951,3844.64509657233,9131.96579317748,326394.55132983,92392.2562783556,20986.4974194009,9008.56909331182,3918.16583489301,9256.44541324454,326058.741559836,93064.5037996364,21284.2243592439,9162.12668423089,3993.07336546601,9385.52938442292,325343.2181384,93700.7631594016,21553.2944617268,9301.87365462571,4062.13281034972,9506.30293944167,324289.431579775,94304.8240226257,21835.8975628553,9446.04951515333,4132.11466785038,9623.5192440969,322977.715379521,94841.3324733619,22117.3337638837,9594.54350510875,4205.34665147801,9739.93592172278,321530.147093119,95339.1772941234,22394.8663691858,9744.00833334588,4280.58544322516,9856.97031282088,320599.452212518,95826.7744519796,22667.5553436732,9893.1082809441,4356.64935101336,9979.10812250303,319314.704544913,96287.3672003136,22907.6402970318,10025.5447310118,4425.32914509348,10091.7519493011,317819.840403436,96722.2511250018,23163.631221396,10162.8245860764,4494.72044056934,10201.158820044,315958.638467193,97082.6496383159,23412.6013446467,10301.7613462972,4566.20213081591,10307.4224496381,313901.36184737,97391.9142360235,23660.9572510222,10443.1344766401,4640.27251618214,10414.0225235985,312222.09660991,97678.2362848331,23904.0635211452,10585.1435337074,4716.08485400512,10525.6219882324,310384.422718269,97939.4574448205,24116.1394363748,10711.8073180837,4785.43013317422,10630.5612939909,308130.145125766,98162.0997773584,24331.4211602967,10836.931745757,4852.68661126288,10728.1844498473,305650.394929142,98314.2956585208,24551.9547032828,10968.7528818859,4923.83756511538,10824.8870852868,303357.136538141,98445.1275557787,24770.0406395583,11103.8092614033,4998.6741923092,10926.1836726506,302506.975729697,98649.3615050403,24980.9482996075,11236.3710382794,5073.57409628994,11041.9136669105,301657.29705414,98925.4573449482,25133.0706941996,11332.3161254662,5129.86476583559,11141.5214893257,300714.378150801,99239.7448763737,25319.7940219208,11433.343254033,5182.8148539648,11231.6958204838,299487.119524064,99492.6299125813,25510.125340827,11542.1625094092,5239.93337608978,11317.5331806637,297995.126560547,99688.322230213,25697.3276947946,11653.639264407,5300.54813780676,11403.5089624328,296339.189938481,99829.2290790625,25878.355881259,11765.3679860657,5363.001247132,11490.3492530143,294555.887622946,99925.6611817743,26049.1333285306,11874.1445088851,5425.29236511412,11576.6234930509,292645.803815078,99982.8284174139,26210.9538107549,11979.4137658381,5486.51340007127,11660.9149886189
245,339355.234756841,65625.6091123732,13919.1870194344,6000.7474313777,2716.25790101334,12328.9123905762,325319.708816018,61818.2618953036,13121.2967039976,5819.25498255156,2668.54043670331,12267.8503076475,323771.938436321,62616.6611062735,11583.2210704586,5068.41876117872,2414.89552404062,12286.9325692372,322983.291637248,63171.7388508715,11678.0505616674,4869.29839893483,2217.81102861664,12243.8064956512,322251.175443607,63574.3680076061,11806.7909977347,4899.50176595956,2192.02581504508,12286.9419738277,321259.373789052,63940.8837814896,11917.3806135171,4943.45179962123,2203.88739556826,12396.4189801625,320205.370162294,64263.491444974,12021.9511744996,4986.59727501581,2220.19138966886,12529.5513652161,319154.592643847,64569.7124164042,12120.693901734,5027.46097907481,2236.21771417855,12668.2214021552,318548.750392171,64878.6853242749,12214.7937507674,5066.39080926683,2251.47016767442,12811.732893371,317787.439812172,65222.1584201057,12309.263666175,5103.81823409129,2265.67424890125,12951.9778412932,316806.084530239,65533.636382025,12409.9243260196,5144.2723112883,2280.76252546336,13087.9165997798,315589.330083964,65806.9930891277,12507.4391489037,5185.13202547513,2296.59990639359,13219.5354515835,314296.508806034,66044.4438295151,12600.7254233603,5224.96810451443,2312.40399468673,13348.0044706903,313446.11351571,66278.0353585211,12686.0855564147,5262.04727430886,2327.37274298101,13479.427624489,312314.31350582,66545.0739380733,12770.3335735411,5296.4827342651,2340.74030461467,13605.119584395,310858.482673436,66762.2383088255,12861.6247016043,5334.3726704323,2355.0574392305,13724.5283640433,309191.29944284,66930.3416837829,12946.6983930547,5372.00568018774,2370.05411490343,13839.5548672991,307444.190529229,67064.3112056492,13025.993526241,5407.5615433842,2384.54108388956,13950.8842258503,306192.972621316,67194.6541276152,13096.6774685378,5439.95685904301,2397.8946982613,14065.6964649305,304708.008964629,67365.6963401857,13166.0738441724,5469.245120291,2409.34683056874,14174.5219447114,303012.195179783,67493.9106976677,13242.76690013,5502.12892824575,2421.74589317202,14278.0415244886,301000.576718261,67581.8707409708,13314.8214855275,5535.03981993717,2434.86531289697,14375.4846014486,298860.635676722,67620.7697983907,13382.7033986357,5567.13801542232,2448.05166299952,14468.514977333,297106.002436716,67647.0478283095,13440.6324673197,5595.89875170764,2460.27590935684,14563.7349878525,295238.093674241,67705.658810829,13494.0925376772,5620.55606545575,2470.31306327092,14653.9685133563,293010.228802101,67730.4691626033,13554.5528443993,5647.80005364492,2480.72364478113,14736.1199733714,290581.85450933,67698.8625279778,13611.8009763615,5676.28782341296,2492.31381298772,14813.1719540651,288469.992558685,67639.1612623524,13662.556969506,5703.0583770045,2503.86840351846,14890.802490657,287714.951651683,67648.2602257651,13698.5411681837,5723.46185806359,2513.07726228107,14984.1474907454,286984.854387033,67804.1572183862,13739.018583055,5738.65117175568,2518.31362095716,15072.7806523585,286117.88749765,67948.1901937354,13804.0943191489,5764.2040804719,2526.45823449001,15156.6504000099,284996.110826473,68060.3499806078,13870.2764056066,5794.26691726291,2537.96787856323,15236.2828676616,283653.228170345,68130.1292315517,13933.4812323907,5824.85340312349,2550.785419239,15311.7583647137,282169.538084114,68163.1435781934,13990.5792675739,5853.88393249496,2563.58743402098,15383.2460725913,280595.912776062,68170.9079018237,14041.7661446205,5880.589821664,2575.63320460238,15450.8415693896,278914.806477336,68157.5243199902,14088.5178732249,5905.30613313626,2586.80241700967,15513.9418012733
246,249456.637846309,129778.654572331,52059.3627650727,29382.7784856218,16584.917115266,39611.9564943688,223170.428019878,123021.302107567,49304.8172629081,27916.4799796781,15815.2996305857,37729.671218865,225121.729033144,124838.692229755,50663.64022599,29061.4145917805,16633.9000617327,39396.4636444895,222274.529308952,124423.841772034,50689.2247545007,29083.2789104949,16775.8536064213,40159.2006181729,221341.762760689,125220.744096386,51416.9539100628,29558.8691989137,17064.1393214957,41020.5434985927,219407.312689477,125336.065463587,52005.8725475496,30012.7551346523,17372.5265309656,41775.4940302132,217787.985547806,125574.222850919,52601.3887102066,30512.0257503373,17735.2092509019,42598.9388234541,215942.708517251,125643.436301732,53138.5684150235,30975.7573178267,18090.3716704113,43457.2846270876,214597.75759823,125820.589806463,53688.8671758545,31453.0138397479,18456.6028455595,44371.4699584999,213105.932131642,125947.645103806,54171.6720656594,31881.3578771343,18795.1454756841,45272.2254271871,211476.221225785,126021.054250266,54640.3146442966,32291.9795986523,19117.1880164659,46136.656873596,209630.478389485,125984.190579283,55090.7736416991,32697.2172793681,19436.4621168053,46992.7221154237,207662.134904777,125842.856622852,55508.099180738,33092.4265119176,19754.2676352049,47838.1059790153,206114.631766007,125776.050957951,55951.9611410065,33510.7026266722,20091.9375987403,48753.279568465,204391.376612853,125651.86202851,56306.3893666562,33871.5753102725,20397.6551314161,49628.1712880227,202390.704169132,125428.470385665,56641.8754495597,34207.6139538382,20682.6076903752,50459.9745475922,200215.10190553,125086.647432693,56962.6411585781,34544.9992373402,20968.9620316838,51283.978538227,197894.026228974,124628.358647343,57238.8068484931,34867.2870320316,21253.1601504699,52103.4866205314,196063.364206489,124267.845526088,57547.4668195232,35215.8511519466,21559.6653473789,53004.3012974232,194083.547049708,123875.508501229,57765.6718949714,35502.7750693785,21830.5833285508,53865.6251520401,191912.916368526,123394.099084172,57965.9747228455,35761.9528511603,22076.4353696568,54674.2963303612,189541.39906502,122811.941352398,58147.029819986,36017.5022552708,22319.4210931682,55467.0803581394,186965.615620336,122075.88989501,58275.357089317,36250.4509883354,22553.5909462901,56231.8949154605,184764.34054176,121414.019307344,58433.8658716568,36511.5046946072,22812.2610840932,57078.4378615855,182578.004570216,120753.544726064,58524.7360751684,36727.5753945814,23046.6290644218,57911.0428765764,180052.569739551,119966.788767403,58554.8205508281,36887.9956079191,23239.6061484293,58660.1236924689,177385.871756155,119076.571892742,58583.5212664609,37051.7059880642,23431.4138636414,59394.3767093517,174813.042735216,118133.168200337,58592.9106393239,37218.2317505948,23631.7803142905,60150.0882931485,173419.353237705,117561.604186085,58719.2476108837,37464.0034447807,23889.8075686236,61099.8081182603,172294.353028765,117229.954096284,58779.7928464504,37639.521683955,24099.2119002062,62013.1925816128,170937.923878806,116832.223053696,58813.0255408292,37746.1546769727,24237.3709419795,62743.9297346574,169523.076805117,116453.704102172,58909.7327006034,37894.5498910694,24388.3329149907,63442.0483634628,167836.562105094,115888.092668879,58945.2946755323,38019.4543895275,24527.7571214574,64050.9650389721,166090.052675313,115279.826819634,58972.2035188747,38150.7123380223,24679.8377092458,64672.792319659,164267.117649807,114593.774526748,58960.2679885868,38263.9235950563,24826.8309608703,65291.8947241786,162380.40395854,113856.39181254,58915.0384935805,38356.82567366,24964.2235047269,65907.7733596526
247,249026.630754599,146402.411384658,55082.8413029967,29937.0453419069,16183.3488766763,26883.4878095643,216633.217106489,129135.314879924,47942.5724914748,26124.6534059203,14159.8389715417,23872.4170737359,219624.53354139,132908.928317537,48295.3254828936,26670.4049085192,14670.8108099063,24926.6332715083,216325.162207139,132433.264751557,48033.2482153243,26161.0383535726,14382.3396441446,24992.944178748,215337.777548604,133483.468034629,48926.939676231,26583.1053273863,14513.2315693849,25293.0043576599,213636.316765342,133732.852141603,49589.978175903,27055.5362453198,14777.3519387787,25624.4727545103,212005.676442267,133978.183078942,50219.9966333437,27545.7255850027,15109.912572776,26136.0075972772,210289.073960674,134113.941308562,50778.3756127059,28001.7138101565,15438.7195303721,26725.4108310773,209010.094331218,134329.769767211,51350.1901375625,28461.5703688823,15772.6851565915,27383.3758418056,207628.398211289,134525.594293697,51854.4661613033,28877.3929481127,16081.4765254682,28034.5036421242,206076.219399228,134642.045299863,52353.0024754233,29280.1416858401,16377.653705653,28672.8613648563,204348.62870629,134644.181521192,52829.8728367667,29678.8246206588,16672.7380420512,29307.7101645916,202457.287946969,134531.446501912,53273.9213639617,30066.8061689511,16966.4988824513,29944.7431124082,200985.771608068,134493.368184207,53740.267274611,30474.1054734845,17275.9868196866,30624.4218795969,199382.672704889,134431.127978059,54134.3100748482,30835.7102122165,17561.5635456551,31285.4967101813,197481.059457607,134233.335452859,54507.3413574269,31174.6214104208,17828.8493321857,31917.449116518,195431.027946799,133920.367354931,54867.7761878081,31517.78974615,18100.5640151215,32552.8139924973,193198.520967288,133472.158649651,55180.2793284955,31843.2921287618,18368.5933245982,33188.4568348129,191433.23461152,133124.444886331,55522.9880830185,32192.450502195,18655.5194768453,33877.861747252,189585.287007732,132775.728454216,55791.7983724759,32492.3067263745,18915.5478721108,34546.8656361939,187526.694411979,132317.086964835,56041.4213205125,32767.1000656722,19154.0147991182,35181.8816052805,185275.575190691,131745.984214104,56270.1385627085,33038.4948764954,19390.8953592965,35808.4457225877,182803.430483569,131011.507749487,56449.8011177195,33290.2239525515,19621.3981782781,36425.5252117707,180678.894246927,130340.6125268,56651.2231247537,33564.0557315409,19871.2196102556,37095.4457841864,178590.549306638,129696.675741787,56796.2984417811,33800.8233098617,20102.3092102702,37760.5354257317,176197.128682002,128916.652492211,56891.0997759476,33992.8788178219,20300.7983766824,38376.2223384778,173637.630533965,128010.935819865,56974.2819248173,34184.0927244625,20497.3542987383,38982.3026716179,171128.25666372,127035.368105917,57032.4388444807,34373.4529842007,20699.3059880543,39603.7973536822,169776.192499537,126460.86509485,57197.8298603629,34631.6869454702,20949.0208549369,40348.0771285466,168717.403016525,126171.436388348,57306.8805811769,34826.2560264344,21155.4016987633,41055.0784208182,167440.057525222,125805.231204495,57400.0434904623,34965.9163459503,21303.3642156363,41636.0609339128,166057.010990938,125410.900845487,57531.6927677914,35133.6415716833,21458.3897630466,42180.0665349317,164467.065380401,124857.072491967,57617.5547206486,35288.2371224596,21610.130448349,42684.8113935413,162783.16365076,124237.103611178,57683.5274675902,35440.1133757169,21767.5391794873,43197.2916006919,161036.797525231,123541.690902803,57716.9793355218,35577.663510791,21921.2170386998,43714.7835112655,159231.000810776,122797.938954442,57721.5002633473,35698.918484259,22067.8379555866,44235.952918812
248,217816.114376599,132618.700537433,63782.4664733839,39225.2121193352,23922.8132265666,41836.0322910781,187683.028560171,115115.143016444,53298.9534934399,32737.4453915848,19998.6470337552,35357.7740554758,194155.39577949,122880.867747795,55500.7958038073,34222.2037889581,21059.6971226382,37577.8739199261,187132.840405248,118877.897086156,54106.1252636094,32985.887522424,20238.4510367385,36670.7155276418,188658.324839391,121963.10098521,55934.6816870288,34097.1251688726,20841.3121835305,37887.3272662284,184989.361687231,120194.053356366,55887.1689372393,34214.9533198251,20930.2263219591,38029.9594035778,184454.639377925,121189.720509278,56837.2976858232,35002.3446116218,21518.135968003,39194.68979797,181944.825373273,120302.624905566,57008.8617986517,35295.1130010314,21808.3861389437,39971.023191175,181075.943961898,120653.605575862,57636.3052862937,35870.9327341035,22283.4206971328,41190.9016827817,179340.71030946,120274.500198413,57909.8863956919,36207.4028330644,22600.9204036098,42186.6879668407,177867.300141851,120221.113000511,58323.3174549698,36620.9195584367,22960.7816227024,43282.9912202601,176019.260554991,119849.354329562,58629.3398984702,36971.5252039826,23278.3784832557,44305.5176854986,174166.546434689,119473.415749412,58931.736575578,37330.5495968538,23607.4716571656,45361.2361737855,172736.662628373,119190.351283115,59267.15649063,37716.7664911363,23959.2642085934,46488.9879181774,171078.892374671,118836.55148915,59495.3504999338,38025.9579437915,24263.654688449,47557.6827211192,169183.434096373,118364.902344351,59701.9283409338,38307.2116728679,24542.1427351042,48585.2428609783,167167.689015587,117800.787714404,59893.8998213986,38591.0263425528,24823.2529724147,49616.76644217,165004.656406769,117092.784663638,60020.7986366197,38844.2083155235,25092.0217166339,50638.6709185715,163369.416822556,116561.618678658,60213.3508136507,39146.6643991298,25399.3780876034,51772.7701968402,161547.879461183,115973.187250085,60295.8226887143,39365.8871828804,25653.5608510634,52838.4598319966,159553.469721776,115286.528749719,60356.2560410169,39552.8313333435,25876.4997898865,53850.5388596239,157401.210398419,114516.369871871,60398.80673349,39736.14515481,26095.6484461508,54848.7151802301,155064.647979361,113576.178362744,60373.7924779392,39885.9209252327,26298.254373882,55818.5224547575,153123.829176952,112761.245297803,60397.7644310281,40077.7865256831,26536.3854413895,56892.5014562823,151167.395392345,111954.162313429,60352.439551467,40216.2941889057,26742.0674340694,57939.4234588351,148882.432025411,110982.442149179,60227.0870723926,40282.4607837849,26891.0049267255,58882.0682383426,146520.990997847,109944.45305836,60109.8997614096,40359.1322664503,27043.2808144161,59827.1044368098,144245.100121432,108841.883799898,59962.2885914985,40429.7516137764,27198.2655508361,60787.5198867483,143124.899199204,108220.846037643,59991.3365544201,40623.9129155991,27443.891570348,61993.2646666684,142122.955580628,107807.492734757,59947.8899977034,40730.0229291524,27622.8551771218,63097.1294520302,140871.753671501,107272.838596533,59867.1043144908,40758.7336252362,27717.2447452553,63978.2052731872,139607.932376586,106796.074964056,59868.4873823277,40847.1412877077,27837.6538155118,64833.8300667426,138112.082820575,106125.301146381,59801.9948032219,40906.5108169605,27942.4199984077,65591.1871857453,136561.561586478,105406.516241637,59712.6968152871,40964.5433718959,28056.4559386007,66353.9196108933,134973.415987921,104644.441264204,59597.8823296602,41010.0746380638,28168.9269455924,67130.1280621605,133312.248303403,103810.282269808,59436.2209389371,41024.4942446719,28263.2378367928,67890.3218407638
249,277292.202756575,84878.9267677338,20534.4763607993,8954.79359047692,3938.1404764771,7615.24918015637,257577.961359652,78349.7589168847,19232.6177735948,8527.4215081374,3773.46762716123,7341.47337663186,255083.522373059,77598.8754344392,16979.3890208633,7590.98047152875,3501.85726258872,7295.5973275607,254002.415388083,78283.2788313229,16901.9001183636,7167.91353727695,3169.71897437087,7087.22508932928,253074.800169621,78748.7602122766,17141.9199647929,7208.87275344359,3105.66353559519,6953.15050536393,251938.412574348,79128.3811378835,17366.0821547579,7315.67775853983,3138.45575171439,6946.1455122123,250754.166634027,79449.0414405722,17578.6713610826,7427.70179414907,3189.97697548987,7002.48266512777,249522.260917661,79744.0602600513,17781.8002517739,7537.22502487635,3243.71424780861,7080.33980847224,248719.576392043,80059.3706076796,17984.3753793358,7647.11510434746,3298.28918522942,7168.93472769259,247806.749311137,80413.919542559,18179.3090069717,7751.29076823492,3350.14242949622,7256.29561647786,246702.373091381,80724.0502512598,18382.1500184837,7858.81515567578,3402.79777035468,7341.41187701837,245413.105829287,80986.7807249958,18580.980406845,7968.00556873982,3457.41868947038,7426.04948149621,243985.320484464,81201.9317712253,18775.3451340032,8077.05628444632,3513.0137530794,7510.14931542335,242985.895549069,81431.6822437524,18968.4996546773,8187.45627448606,3570.12425703485,7599.71832904832,241791.221085186,81691.8346449238,19149.2099535585,8289.54578645435,3623.37103755438,7684.75924602894,240303.813277836,81885.4449500733,19337.7466577886,8394.88726377439,3677.1892912613,7765.60451410743,238628.032263041,82017.0422197031,19521.2116275203,8502.57285058367,3733.6491301048,7846.34426260119,236821.435824929,82099.3671690905,19697.1642594227,8608.9765303281,3790.87317939245,7926.75192326368,235492.664816512,82205.6958939938,19872.6132798848,8716.80918309524,3849.6165100611,8013.72873331384,233987.796392507,82342.9729331504,20032.5150753593,8814.11387717168,3903.27261367406,8094.95969272981,232297.462365719,82425.4482435417,20201.375437761,8914.84692846814,3957.33479595535,8172.55834579303,230341.270004621,82449.242272108,20362.8436979133,9016.26793631543,4013.18129737128,8248.37008349647,228215.241489959,82406.5442624364,20519.3054294666,9117.96473986643,4070.46569041698,8323.7380437185,226451.398797878,82373.2388530283,20673.1175892483,9221.17230857687,4129.83215558371,8405.55440854001,224644.28619838,82368.4289650155,20811.1578601059,9314.3517976801,4184.59633824018,8483.74537666767,222494.683462552,82304.5701359289,20950.018557361,9406.03699569007,4237.42304259692,8554.77571443625,220175.848206832,82168.8331517235,21088.5358020508,9502.18544057691,4293.51369212905,8625.65117286674,217991.688088624,82002.496047964,21219.9705811722,9598.42662391198,4351.62432912482,8699.70538830872,217073.135810176,81992.3581551873,21358.8373748104,9698.39138838578,4412.34224540733,8791.68021864464,216216.823753453,82120.243591253,21467.8997829346,9772.27837726946,4458.23286986284,8870.63122640864,215237.011907816,82227.0982803496,21602.4743419616,9851.26139342359,4501.62855392001,8939.75556639702,214063.525552957,82287.0657922566,21736.2370567714,9935.65177394344,4548.80081433949,9006.59956992015,212677.375639054,82287.5132524721,21864.3031635861,10020.4846210109,4598.02672008243,9073.19106118213,211184.797201708,82242.9749270915,21986.6177679842,10105.3916333266,4648.76632373535,9141.2152165944,209606.310383153,82165.1944056263,22100.2671782236,10187.5829540301,4699.24689729585,9209.16579595432,207946.168450311,82057.524371222,22207.3223515933,10267.1788347015,4748.95231785047,9276.00722599768
250,233338.650355274,52726.5639507306,10353.947459224,4219.00831719064,1783.95367888734,3646.47617196679,220710.255110919,49054.0311930795,9797.83812165321,4101.25870397637,1758.82464978915,3595.63681321573,221777.007046517,49808.595149866,9032.21731425237,3710.65959904277,1625.20304202639,3616.95580400281,222446.964207911,50530.1271490786,9091.66269237536,3576.90100501341,1506.075874963,3565.8876273655,222981.078083933,51096.0292681802,9234.90753804424,3609.38477765641,1490.31983126779,3554.67650898342,223342.294157204,51629.259155171,9373.20417106067,3661.96466098654,1505.92142183372,3587.97208252944,223746.482751422,52156.3391227563,9511.3385021536,3717.32608117343,1527.36651971033,3641.69092278468,224220.879486394,52682.2156637266,9648.52991929953,3772.57610720054,1549.51870183355,3701.89759328013,225041.767029317,53238.3376379901,9785.29181130672,3827.63978128919,1571.66737792883,3765.23907497409,225693.106340882,53794.2065306571,9920.22430260421,3880.96684289436,1592.78304685145,3826.07339655784,226238.656265178,54338.7846242913,10061.5477251046,3937.51051700975,1615.11715556403,3886.952266043,226681.598375415,54867.9888338632,10203.1627545111,3995.48805131962,1638.4827287333,3948.21098293234,227131.76171979,55381.7613571366,10345.0687638338,4054.15013719198,1662.39872950405,4010.10080735125,227904.45646975,55917.9678489483,10484.5226141401,4112.16173950914,1686.23760752643,4073.80118765118,228377.172260587,56430.3377277463,10616.5062089686,4165.91650937879,1707.9795209238,4132.69870264554,228666.751577039,56918.2593182151,10755.3576205173,4223.09596847604,1730.94779467516,4191.2675107772,228821.520924357,57378.3437192657,10892.8869513007,4281.45962817688,1754.96419272547,4250.17773429236,228976.654087489,57818.2950487217,11029.3663939202,4339.98198241769,1779.36280766223,4309.77115853527,229493.964047108,58286.4260608137,11163.3148476758,4397.67069906349,1803.56341880472,4371.55422019137,229644.029980488,58708.5834854984,11284.1155760544,4448.54664163757,1824.52933638202,4426.65336109318,229657.756154301,59112.4231099923,11412.5849789384,4503.01939912768,1846.7093081337,4481.56256420188,229430.241567541,59474.4444921977,11537.9858149969,4557.99100631312,1869.65117782279,4535.61023574092,229140.02864894,59812.7651586074,11664.1203828167,4614.20730101146,1893.50454340614,4590.59732756423,229185.128820111,60177.909168045,11790.2766811777,4671.02189175567,1917.90846897247,4648.52692954307,228952.62518528,60496.7404012714,11899.541687041,4719.78677095175,1938.73943925351,4700.26088151533,228373.314247765,60772.0279958712,12011.0309811462,4769.21067400198,1959.40482226003,4748.95398396733,227721.631780334,61029.2695343717,12128.2096432183,4823.084493837,1982.42231444226,4799.4627732498,227379.017369982,61302.8631341891,12248.4097622783,4879.33951543173,2007.04481738743,4853.38829697184,228110.826927769,61701.873344575,12370.7037815543,4935.66527102077,2031.77479136177,4913.55250666365,228327.214193224,62007.6912152333,12451.5624206231,4970.7312628888,2046.53801317482,4957.26719704287,228408.182067988,62321.6878161647,12552.0738073076,5012.33440006919,2062.72254733169,4999.26429577348,228273.932151919,62597.8250304957,12654.9554203557,5058.28153862899,2081.65219738162,5041.26463998065,227990.003482325,62848.9692411753,12758.1583135283,5106.08707579707,2102.30988278505,5084.425520757,227642.206752664,63084.2981668693,12860.9280570145,5154.75045291341,2123.85496136437,5128.59218632746,227208.883649883,63298.7598603623,12959.6200716703,5202.17598776733,2145.13860860428,5172.15444149722,226713.834634862,63498.5163203979,13055.9691613121,5248.74512702536,2166.10535366653,5214.88842169396
251,150003.835577389,112504.845337008,64429.5423903078,44109.8924787487,29993.0685013835,63491.9619779338,127246.691862969,97924.7222452323,55931.0133757731,38349.9545828103,26165.7311565992,55935.1494763792,127959.82718198,100084.179124687,57352.2667853966,39713.5895658331,27288.0356566903,58954.0404878695,130177.072017333,102213.460702583,59316.3244422446,41131.4901516335,28467.2397487336,62812.9521060979,124535.048794608,97732.2291975435,56916.3303884828,39688.8232316928,27575.166520029,62003.9636081786,125771.429432617,100196.690260574,58565.2524037163,40897.4470337916,28511.9698239529,65201.2861080495,123979.641922866,98934.1966732335,58571.2726899136,41050.9417473167,28687.4563198788,66518.6052612871,121930.991434908,97909.4093676671,58242.8781019344,41052.6548174717,28822.0295521193,67697.0221715247,121701.204482875,98329.8664169268,58920.9875091539,41677.777480033,29386.3705933794,69985.1867522134,120209.960287123,97467.306951785,58803.5777379819,41773.0837317022,29571.320880227,71395.1616861882,118904.470336556,96999.5492275723,58827.6669331244,41947.1612742184,29813.272199815,72963.2505170009,117798.341187368,96650.9160108589,59027.1384347467,42233.4795576998,30123.0683833857,74707.2977338411,116241.268453767,95839.6402750467,58937.2297845295,42338.5143677841,30309.7061384228,76146.1096421333,115141.059584095,95346.7701182482,58995.3969500343,42549.9770645479,30580.7197762683,77832.9009982322,114029.987783598,94875.7118977694,59029.9248440995,42730.9034109116,30827.9422265946,79505.9537714869,112537.092180695,94111.402868837,58896.2744073375,42778.1919993278,30970.1712549736,80922.5511432484,111080.952834303,93402.1665020738,58820.0494091346,42871.9136968031,31143.8199053353,82419.3314186526,109571.839226447,92592.713986215,58700.5864130467,42944.671071915,31307.3585760054,83904.5724966273,108282.687855529,91832.0082045041,58574.3689700635,43020.826461141,31480.7435324279,85456.1056762941,107043.573452715,91180.9057729239,58445.5980058471,43079.7615424393,31641.8037602697,87027.8858692677,105578.834110117,90352.3131248209,58227.657325835,43052.8447087777,31727.4113246091,88410.7114645941,104014.95617648,89466.7984264098,57991.6273382991,43017.843917164,31802.5486154937,89751.9667995044,102397.29779361,88503.8978510264,57729.3774365267,42972.218223026,31873.6682141915,91083.3489565742,100970.673975618,87582.3523631686,57471.3852850352,42940.3026480776,31962.3839172005,92495.1692076201,99611.6873846921,86751.5589765497,57204.23730108,42891.634191383,32041.3037417043,93931.3716671951,98013.0407350578,85761.5364456091,56841.9973702059,42751.1748904114,32041.4212150602,95163.3710693097,96312.569321691,84675.6104967912,56448.8298051203,42590.0039448913,32019.9041333291,96322.094835219,94753.6615614945,83621.8072647178,56081.7117381047,42460.0274959363,32026.4358008612,97569.0482426402,93875.7009753599,82899.7806077191,55857.6459651553,42441.9407904899,32123.7710014732,99134.633867423,93251.3530455756,82501.8103087868,55688.9185708053,42428.6288076641,32217.6045097434,100741.233719843,92363.5752545917,81928.1213176779,55428.316939777,42291.8062555356,32184.254748131,101908.84414593,91401.367055614,81342.4527654372,55205.1298429445,42184.2893567538,32153.6683505792,102949.50440551,90424.8894456126,80751.6941629224,55024.3933623348,42125.7065147611,32162.4835184328,103998.216906888,89338.8880732218,80028.6681706154,54766.4394987499,42027.1155277997,32152.1782170698,104930.315406879,88205.0198045062,79263.9239641111,54465.1352002721,41902.0952332625,32131.8385014231,105834.662900306,87076.2175670647,78498.195946072,54161.2070485569,41773.1459343638,32111.7170075808,106772.697012336
252,192212.93913132,127356.862271613,64922.1145973596,41590.6512554605,26531.0224971351,56000.044837914,166864.703462453,115922.838638298,59531.7692595267,38293.2916574668,24532.8923629347,52122.837054049,167710.067262359,116785.307994269,60833.7432009869,39778.2368625454,25772.1708815177,55066.7281252352,167078.728138053,117110.908531594,61243.9451773164,40195.5832232035,26345.8898339941,57596.3154312776,163549.107124653,115250.393881998,60524.0544134643,39831.7316980355,26194.8520071185,58366.9310311391,163656.924814348,116619.733220201,61716.5534871667,40700.0216235128,26837.228420314,60645.431168632,160924.683432563,115205.221346776,61585.5579422008,40801.7928741611,26987.5833039268,61618.7898950437,159693.312702445,115275.43892414,62052.2504901884,41309.9409659633,27449.9919177172,63284.9875019136,158300.122929337,114857.576178265,62354.6710258831,41694.4655816771,27826.6453412558,64810.7353518698,156840.141628659,114488.261131566,62547.8841822972,42011.3549946947,28163.4384568173,66276.8634954267,155379.618718121,114170.607988727,62806.6538198113,42343.4914808907,28500.2060727964,67768.835004687,153664.176861264,113629.973657747,62970.4345399499,42622.6519515666,28797.8365241614,69160.650839981,151916.755981311,113064.004888851,63121.482949691,42901.5631566529,29101.4513548512,70574.0394349692,150498.879618109,112566.89179539,63301.4833976908,43206.4873609078,29428.1620654342,72074.5018429407,149020.061016394,112088.381205994,63414.8459795539,43459.2231425559,29721.9786732882,73541.1898788067,147220.671936618,111420.042284905,63446.5688301719,43636.6551686694,29955.0494037279,74876.1183661529,145368.202923788,110707.967100833,63489.4215469516,43830.6678997249,30197.3469011495,76228.1960216736,143401.532952238,109868.868338795,63468.5943923117,43993.8877517025,30425.6650615033,77557.787082028,141796.592934969,109127.646055183,63478.2913398326,44184.6825922976,30680.398710042,78994.6838275164,140206.160946127,108468.083315884,63451.3928139617,44338.9142228049,30911.1943307915,80427.8409999443,138340.940414214,107610.363795298,63331.4408424874,44405.8505663678,31069.4096355928,81693.1022662076,136390.922560593,106732.341338384,63221.0041508128,44484.8746088621,31231.895275279,82958.592444545,134273.816727816,105686.655758646,63042.1473974145,44526.0738605913,31372.0533310844,84164.9759024267,132442.870852003,104709.784976239,62884.5520620915,44594.6219078783,31540.0357209444,85474.5673908338,130723.093477981,103845.120431105,62715.8551912438,44647.4378018491,31700.9361427733,86824.1850365442,128659.950098519,102771.368287269,62425.9076314383,44591.4338225332,31774.5950512056,87966.3575502816,126509.125884611,101627.901307164,62132.4739520528,44535.0107195208,31841.609333669,89080.4734994875,124469.348875789,100470.871033124,61841.5231900569,44493.9563638077,31924.9405401201,90243.7799182365,123311.375558291,99666.8787080982,61689.4069586273,44558.8661156799,32092.11412404,91690.6719667058,122502.265235381,99254.9180892949,61584.8781874523,44621.9453289494,32252.7085268761,93192.3732860536,121348.625568703,98629.0555526416,61371.0628433921,44545.4770653644,32277.6909155056,94281.2842193567,120168.766490083,98052.1248195388,61236.2735179682,44526.3508300404,32323.8375955264,95311.3720225464,118892.726245608,97394.2441788706,61102.127823863,44525.0271216893,32385.1680845397,96283.7640339867,117470.558753511,96590.1199531584,60884.9088841236,44482.38730017,32428.0705783848,97156.3886915439,116045.47195748,95781.8664221316,60656.2625559791,44437.3810087911,32478.7445879562,98061.6684605967,114586.288726946,94930.7994474228,60398.0126219814,44370.7696495349,32517.1777027262,98963.220153669
253,142257.68217036,113479.471784677,70440.8079722847,50406.6446858894,35831.3311190993,89068.8562651312,126286.915018349,104840.92541346,64194.694935055,46051.8609366184,32864.7630446838,82559.3494914949,117400.985728342,97314.7261650415,60281.833585388,43539.5674744348,31208.8853708032,79088.0074888342,124673.851404095,105237.740449855,65459.4162828572,47408.2324972001,34243.5836089848,88355.9643693113,119659.862415455,100156.144751475,63063.7392571705,45876.4717818,33242.5471858797,87369.1028138678,116958.288582004,99004.7099309484,62174.4424342382,45402.5921619434,33047.3322099606,88302.1609455317,118341.44241288,101018.600199124,64123.549776324,46877.3781530789,34192.9466150588,92762.9993046698,115584.362256601,98688.026299049,63192.2360714453,46450.5443221812,33995.5722460182,93440.0039137225,114054.769243252,97966.7167613938,62929.5794627473,46456.9110920611,34158.3428701474,95169.8487471802,113925.874133356,98379.7845901054,63614.7910158602,47097.9558089522,34751.6384897648,98193.873932403,112196.637403834,97175.8503211369,63222.0358560878,46985.2361418724,34786.9673246839,99628.3037342484,110667.16039834,96389.2105961979,63006.9983280014,46985.9916431175,34911.6150855007,101319.628651614,109627.38834361,95975.099402823,63151.8545424392,47244.4304155342,35217.6556167477,103553.53577347,108320.364815292,95092.6870879339,62956.8146963078,47280.2985985271,35367.2554229036,105344.414634653,107085.282768372,94416.2859905629,62778.2955611699,47312.1690963657,35520.3894009636,107201.087146329,105804.552628303,93733.8978453765,62657.5546177615,47357.5280503153,35667.5058277085,109069.303605852,104292.453640345,92803.9754592464,62399.9195132326,47315.7423512025,35745.2952145321,110710.332167603,102743.050884847,91840.9043481772,62110.7324616463,47259.5602150344,35820.1029346298,112352.629640222,101499.258340064,91004.3263543075,61892.9103403577,47260.6071403489,35943.3129982946,114192.217039231,100292.329133256,90258.4325827094,61654.1080657747,47235.9146888963,36048.1037635846,116034.978072606,98851.4271049854,89318.8375225265,61301.987625711,47099.2059511314,36054.5706424998,117587.596521396,97328.9144243032,88335.9550885603,60939.0433312068,46957.4575294654,36050.0491467243,119085.511666905,95760.0238915995,87292.2131479706,60560.722333842,46812.4352212223,36045.727343008,120575.720352274,94324.4372696175,86240.4581827494,60161.2168077747,46662.8018365499,36045.3895602695,122104.288008577,93015.6200532169,85333.0337712159,59784.9963919503,46523.3747599011,36056.9726772651,123732.507436395,91520.3289174696,84307.7031832539,59332.3666327911,46300.0873146881,35992.7599650833,125138.16933927,89852.4411767982,83116.3165840135,58797.381067538,46013.1993790181,35870.6300660555,126328.303917615,88299.252614143,81957.8181211444,58290.7447304046,45760.0653084509,35778.3750566453,127615.773685921,87387.3935727824,81126.31639669,57947.84285941,45639.5772426906,35796.2340861609,129335.525961876,86824.0983601894,80713.9335514986,57729.6587758541,45583.0885015441,35858.6048978565,131279.742514139,86009.9318501828,80131.0706593019,57413.3160022547,45388.7081665679,35777.4544960035,132661.553208769,85034.7941440474,79445.0763006111,57071.4352863037,45172.9872071613,35655.8359491738,133722.9642408,84091.622688098,78812.6883707953,56815.0518400762,45041.6809325722,35601.6250874848,134872.922412446,83089.4583789698,78088.8367348645,56516.644177303,44898.4018331121,35549.908375599,135944.728149884,81992.6494031012,77261.5665508799,56126.7977024089,44693.4758610207,35462.1214383263,136869.528645124,80898.7147025689,76441.054744698,55730.1992760471,44480.383067391,35372.6444501342,137823.02064205
254,219936.819954288,137762.502151912,59708.5540690858,35010.1150511948,20408.0345684875,28921.4262577822,186481.476491548,122469.197767118,53681.2779804286,31601.1981364099,18493.8243082646,26398.1211429962,191133.261383979,126861.205669203,56217.9819229736,33686.8992944602,19991.4431287598,28978.1111052715,187183.476126924,124659.913643882,55599.052033799,33380.0994486458,20011.9472337055,29844.2187760197,186447.584933454,125587.327050572,56277.6182331424,33871.7990401977,20362.7011700034,30989.6678934569,184637.831417259,125401.139825155,56820.8594813953,34306.9689264484,20678.1307887549,31893.3742102468,182900.93989358,125258.68503316,57273.941169008,34766.3029558106,21045.3464842038,32815.1351194934,181265.463161743,125156.436885235,57770.0309541126,35241.1962005057,21439.1426026701,33815.9911732878,179858.00064996,124998.992344643,58200.5103414582,35685.8819519453,21818.6359084964,34828.5810223989,178511.173728494,124959.442699217,58625.8057746716,36113.0726058417,22188.0962013428,35858.5215199864,176888.342795159,124732.279931116,58983.4278428152,36487.7805769772,22517.2396560853,36832.0557999945,175202.830790293,124480.977917875,59352.2161394942,36875.3274216902,22854.5188846243,37821.1301813251,173328.467317039,124060.801602781,59654.8867699965,37231.4007010992,23177.0453027494,38796.7482051784,171892.271162479,123773.064627479,60005.2409639521,37624.3751923547,23528.7212279335,39845.2539075669,170311.8518207,123448.126881914,60267.8216527345,37955.514253303,23843.7170168231,40859.9463716774,168444.339103265,122968.55184991,60486.1156723436,38243.7027533212,24124.1731015379,41825.4038371655,166493.590915,122418.074322024,60704.7239955022,38543.1693330025,24412.2414210078,42805.3374083307,164376.889078914,121714.827816393,60853.4723855468,38810.0691444754,24686.9410772775,43777.5638149292,162708.510691132,121144.722314937,61049.1150324188,39112.6028357511,24990.6121775981,44831.5991629453,160950.750320535,120578.868191735,61167.344496377,39356.6915459798,25258.3725642781,45854.4202824945,158972.296871998,119868.371137728,61238.6282518905,39552.4836145285,25485.7021269587,46814.0031530525,156890.032365548,119106.754472759,61308.6182194117,39755.3239476544,25716.2768462276,47776.8681906858,154585.171965783,118155.588643078,61300.6777577998,39917.7686873066,25925.9130085405,48709.6978424476,152626.340981035,117298.658691025,61331.141244459,40114.2449542704,26164.7031265642,49723.3906382922,150706.483330411,116488.761455049,61311.8716082394,40273.3954837964,26382.6979625327,50733.7414142835,148471.637706522,115502.389884207,61207.0275824592,40357.3364744379,26543.485798994,51651.4856603383,146151.187272335,114449.039622609,61106.7248315017,40448.7039134337,26705.613452033,52570.3394862457,143879.426363634,113321.367403213,60974.1273808216,40532.0993447891,26868.5976218754,53501.0317052694,142624.694525168,112601.877365012,60981.5344338048,40713.0488410203,27103.3197732346,54608.4576308106,141684.260707793,112210.811701248,60977.6306849488,40852.6595030305,27304.9383680072,55685.1050127834,140455.165681987,111666.19916995,60905.1921702411,40892.6252334255,27409.5149156071,56535.7289797515,139220.378776708,111184.183462469,60917.817569883,40990.4401170816,27536.9479281285,57356.4721936814,137758.143893469,110515.368331151,60869.5125343325,41063.8417255809,27651.2747779306,58093.8837969359,136219.291856018,109773.951719081,60790.2517860038,41130.7862438132,27770.929756483,58828.5826713898,134667.961580748,109004.701443424,60692.7943021365,41191.6667254014,27893.9011418979,59587.392657852,133013.534093097,108148.214749959,60540.3406501594,41215.707050799,27995.2128263136,60326.484556773
255,255525.30721374,138199.988815537,52719.9349229734,28855.9028013156,15726.1113249439,33116.159294688,222972.158710531,119116.36146772,43623.7994967424,23871.3755482398,13014.5512301074,28281.8745097931,229554.95783125,126148.79439117,44261.1598951206,24291.3404499619,13407.0265528085,29619.76507544,224800.066985195,124911.245838861,43701.4103778121,23492.5554275542,12831.7086676203,28998.095529998,224494.768209556,126621.721974195,44800.5982732372,23964.5858845018,12946.4762454395,29220.205784669,222615.234997789,126805.9738136,45425.8944497918,24407.4376253225,13172.6745874502,29403.3498913102,221138.425828324,127264.822578516,46078.9496518997,24889.7464896334,13489.0905049029,29875.7012113165,219457.016160599,127499.642581307,46635.2768930103,25323.4946105822,13791.1549430795,30415.7920792467,218323.397194743,127881.524134471,47216.7876809875,25767.926386424,14102.3741551444,31046.8654589405,216932.970748441,128165.937020876,47714.8297442864,26158.1728641951,14382.1571097441,31651.8378777932,215423.942662236,128404.310719589,48226.2000808493,26549.2456689715,14657.9208157117,32254.0753161538,213718.863211743,128527.706722475,48709.554160579,26933.854495416,14932.2589035271,32848.1495651794,211856.693925862,128540.30743801,49166.9475987674,27309.5953916654,15205.7787351205,33440.036879261,210490.663132423,128663.02269188,49652.8735403435,27708.8911721924,15497.0514723456,34085.157929873,208854.289371786,128692.939428132,50050.6103449987,28052.1050789722,15758.0936886624,34689.9192133007,206958.478264935,128625.178430958,50448.797407958,28388.2519138011,16010.5774285467,35274.3466063343,204891.979033081,128437.546011335,50828.178546386,28725.8180551171,16266.6986333346,35856.3398749597,202657.91667631,128124.444970803,51167.7893681722,29049.068292231,16520.6777099061,36435.4896573855,200978.582009683,127951.017305997,51545.711170606,29400.7682661259,16795.8239017773,37080.7792313809,199070.538504108,127693.555359459,51826.9958626704,29688.7659193651,17035.3072503993,37679.4453475551,197013.663635019,127382.272200468,52117.1595704636,29971.7222796144,17265.8106171338,38260.4992502433,194686.364112831,126918.122986934,52369.4789778153,30242.0139433537,17490.2642664795,38817.8713500331,192209.372260321,126335.137506883,52594.5268243357,30505.3023811889,17715.817597254,39374.635414892,190121.733549142,125832.707496711,52838.6451838901,30788.6027371416,17959.0749038856,39987.3011823339,187953.245555025,125293.409164144,53010.362383987,31023.4365041024,18175.9805455362,40573.907371262,185496.630332935,124642.881340306,53152.2690225031,31229.9049291766,18370.9101186188,41119.5712548301,182885.181454502,123873.716294307,53281.2908196222,31436.5798911869,18566.0598973349,41655.5200087564,180379.056364911,123048.773692946,53390.3809451555,31642.5366971319,18767.0475855601,42207.6486017169,179187.078756819,122684.593699115,53618.1496466113,31922.8003927136,19017.7752521545,42911.8605558131,178022.061161172,122415.666010377,53725.6513946349,32099.2147950843,19200.3309790919,43525.019849116,176770.23259831,122171.790691431,53873.4117725324,32263.1727268649,19352.9937278123,44061.7125249786,175341.103820593,121836.351839611,54022.1346603885,32434.7452606588,19503.3517067166,44545.8663433828,173696.638466209,121373.698776012,54139.686217321,32599.271157198,19654.1633041891,44998.78325106,171971.56435009,120842.170912992,54240.7313002182,32763.5343330017,19811.2152238765,45458.7363868647,170175.661965231,120241.040125448,54309.4799429917,32913.6002060418,19964.7905515668,45921.0657935362,168320.174212257,119592.576598636,54352.3308750391,33049.0347083605,20111.9600749711,46384.2852466379
256,347109.293193539,80882.2876599274,18380.2152303181,9054.55630730005,5262.99801278039,82288.8608462032,337737.420625221,74988.5362339078,17706.2057241327,8866.04258342101,5190.08082897033,82762.6856370039,338663.746735156,72660.7361854464,15060.4525956166,8003.08000218111,4972.65472331862,83888.5617082869,339167.722809014,73816.7666645546,14364.084845941,7226.37246699916,4540.47993922755,84951.8464940275,339543.191662426,74582.3705153176,14460.7296548012,7117.19847323294,4384.49308497947,86084.2525825536,339645.203521528,75253.5618370315,14605.497889511,7148.48607387043,4365.93009344371,87336.0467229248,339688.660406342,75865.8401945999,14749.2743859681,7199.12009779373,4378.62600642045,88647.9449420229,339661.678531263,76453.8875248875,14885.2400535838,7249.35187158027,4395.66205411476,89969.1091833987,340096.448760353,77019.9278119053,15015.7116274179,7297.56089935977,4412.60775548977,91309.1712585159,340376.698807935,77616.5673441023,15138.1622380357,7340.85289500232,4426.78432024718,92623.6437879445,340435.61194587,78188.7227236312,15271.427694917,7387.23866175019,4440.86204300414,93910.0976148689,340281.032828952,78716.1975009402,15402.0722554438,7435.00278217828,4455.7313637035,95166.5763428456,339930.517553447,79205.0769263722,15527.8853265805,7481.56795825444,4470.54772698492,96394.7478105798,340010.706818214,79653.8889699485,15644.9547096176,7525.50720025208,4484.94822389122,97630.0775929526,339852.745554515,80131.6716202588,15750.6844899229,7562.79352518569,4495.99813763488,98830.5401550033,339341.84347993,80573.3851306976,15867.6276689976,7602.82376558953,4506.5468539845,99992.4858046274,338593.008229278,80950.6796013668,15980.1299143177,7643.79212593638,4517.6718212496,101119.292375771,337621.420199035,81283.4757076496,16084.3643158043,7682.02362261114,4528.05453130157,102213.627355059,337136.266492377,81571.4121866114,16178.0630378678,7716.46641298495,4537.27801078121,103316.835705021,336437.16208265,81900.4192696338,16259.1882257692,7743.22147919119,4542.44109570414,104384.068076766,335481.850156921,82196.0243609193,16353.1592550609,7773.13640098444,4547.01682401858,105414.821271866,334210.597316983,82438.32142684,16443.1435842442,7804.11581751141,4552.09732368224,106401.866810261,332674.404886301,82626.9656184574,16528.0537311929,7833.93150622514,4557.03704873742,107349.884912768,331491.446704108,82764.4642842599,16601.6044293726,7860.23863061517,4561.15431736608,108296.094600553,330243.281262581,82929.1184488597,16661.0642279828,7878.71103901521,4561.52117667471,109211.949381608,328598.748163793,83078.6288654983,16729.8587347489,7898.28546686764,4560.39834931748,110077.589413845,326715.021401597,83159.7660965635,16799.7859030531,7920.72277225905,4560.23324731377,110900.512268539,324866.219049231,83199.6269359978,16860.4580026846,7941.27434821532,4560.11628901174,111699.410579385,324393.792968485,83233.2479794236,16903.9347168417,7955.73271435732,4558.75399903939,112563.572034747,324071.807539773,83442.7114635202,16932.6284258346,7958.29868464437,4551.19200093973,113412.060155055,323620.733317488,83686.5869114485,17000.680078568,7972.72381987091,4545.43648378513,114230.048533803,322923.645572304,83898.888228811,17076.9514540294,7997.08561299095,4545.19045860162,115005.512900724,321970.867980078,84067.1415411983,17152.6398772133,8024.76009048339,4548.7101873438,115738.446885934,320862.196827524,84187.6455570041,17221.7728633864,8051.87423891316,4553.87196112696,116435.365019253,319636.541238421,84273.2639891558,17282.4763851792,8075.84733692172,4558.64115989696,117099.091212803,318294.125997982,84331.7207938753,17337.1096143644,8096.70598602215,4562.07436276757,117729.74219481
257,269062.298814788,129220.23381715,47746.74810101,25682.4132903777,13803.7165740699,31694.4788678624,239031.662997527,119956.715190674,44248.7812675524,23884.1556226379,12869.2155393394,29411.9290390964,241148.412999708,122598.74541724,45075.7894142043,24757.634420295,13576.8015864175,31007.8475076285,238134.480382866,122074.995028593,44774.7581391683,24428.6346413327,13440.2071114066,31178.0274628776,237461.25009312,123476.959853936,45765.2239703367,24921.5921522765,13665.2487625232,31831.4851967754,235400.979011571,123499.532655807,46259.3712463187,25314.1602992316,13896.0234454594,32193.9816289184,233978.403500863,124090.600444292,46959.9468452705,25819.5157810498,14235.9600740756,32847.0048520587,232053.2694536,124201.116867125,47457.972602013,26232.3039492173,14531.3829427418,33430.3801503602,230863.701407061,124620.738041895,48063.7091478745,26695.8353222131,14860.4712027897,34146.5684789045,229371.922304239,124861.728995329,48544.8377311446,27089.4263901571,15148.9907951682,34799.5935414231,227781.997646219,125124.451043712,49059.3937809577,27489.5623605523,15437.3954071504,35461.8680052986,225944.298758371,125226.532628415,49534.2926843444,27877.4981899857,15719.6554833488,36099.291523438,223975.704611312,125260.91931775,49993.67379488,28263.2456068709,16005.7631328958,36744.525444121,222468.919949015,125340.292303459,50467.4438805321,28664.5401682015,16305.2760336275,37435.8027247834,220762.42862688,125392.028430458,50867.4992758673,29019.0438339322,16580.2243266334,38099.4317852455,218723.286858212,125316.876948712,51252.5298495108,29354.6750690045,16839.0967001743,38727.3619282743,216533.765741284,125141.226819629,51630.2037846501,29697.8430168883,17104.490132917,39357.7551977161,214149.496407071,124837.814149936,51961.287600586,30024.1182363204,17366.6301646943,39981.481104436,212330.828408686,124638.150159803,52327.8277670154,30376.8360381433,17649.2881914191,40674.7068780761,210322.105007316,124402.799996889,52605.1973252136,30671.445747325,17899.6819566394,41328.6503901917,208111.729942606,124081.874983213,52879.0071096476,30950.2466982176,18133.9646629766,41950.8443191299,205668.740632156,123648.676062243,53129.1133712172,31224.9575311601,18366.6038860276,42557.3203570406,202996.148940564,123066.121159221,53336.3577597152,31483.0908087209,18594.6630867023,43148.8579278041,200755.241958065,122555.357897446,53571.1364233468,31767.0743931708,18844.312317104,43807.4376763166,198491.694648275,122039.168435864,53735.9638139791,32005.8322776391,19070.2722647678,44447.7356354523,195869.604054323,121401.663654608,53857.9956744309,32204.215933184,19266.1416187386,45030.7888416469,193100.174297838,120654.635987973,53977.7303744489,32408.0033889347,19463.9301423806,45605.6641515406,190383.900792666,119835.527944568,54069.2255328535,32608.0288896513,19666.2420373986,46191.7201569856,189048.364025327,119412.824419001,54278.1374214984,32883.8660509182,19920.7153655636,46944.6191499862,187860.842005141,119172.087376249,54384.8426466473,33069.4025886816,20116.159447836,47629.3069100291,186490.658149997,118901.010508423,54502.9125418911,33217.3501874116,20264.2724176724,48201.0618440773,184999.144400341,118597.637039891,54652.7380916855,33390.6698627049,20418.5545889413,48733.1659835668,183249.143828837,118136.626286119,54756.6781887962,33549.3744662834,20568.5672281924,49215.4892006574,181431.554765,117626.981105473,54851.3959374189,33712.2578082358,20728.1966448288,49710.7480468124,179527.242015917,117039.137715056,54909.1735980661,33858.3041186727,20882.803468809,50204.2326193573,177546.314183864,116401.379200584,54939.7724102846,33988.4494053206,21030.3096670641,50697.2229279962
258,299104.090879488,102579.075792329,28287.9450957816,13130.9131365502,6036.51596135821,5465.83016751987,272913.949036155,94345.0661765411,26432.2802753877,12447.117370241,5764.95107759662,5240.34626401646,274932.108087375,96712.1680922536,25737.6785239754,12170.8179582774,5763.35637904488,5425.37751869415,275031.626058748,98230.2864927755,26180.4912160943,12094.5742549891,5624.07001475647,5363.56538328182,274246.670588154,99132.4004028374,26701.704148113,12322.3801664438,5671.68992222522,5312.34903403407,273367.39360552,99990.7200662727,27202.2559125737,12605.6292547481,5809.09964048495,5378.17880963248,272437.463925488,100776.712570721,27684.3337370385,12889.88484559,5964.67398273947,5514.48469018749,271466.959271893,101508.584457686,28146.8932327405,13166.801525344,6121.03007643137,5680.04920586996,270965.73160525,102290.505366907,28611.5761685468,13445.4858266168,6279.30928514374,5859.88965539682,270141.914612832,103003.784165277,29038.1689869933,13702.233813015,6426.80913862198,6034.69061025759,269134.623847847,103679.085349944,29475.6268277009,13963.773082255,6575.6009654473,6211.12960127047,267887.61929664,104279.456708584,29905.3935693418,14227.1419257422,6727.30179091421,6391.76049722344,266558.067324149,104823.652341113,30331.1827035888,14492.5834684868,6882.42790570972,6579.39871866501,265698.035406744,105418.868870856,30761.242613179,14763.8350983838,7042.55092502355,6776.62738236322,264401.468767446,105916.846582456,31141.0005532658,15006.492336827,7188.88261371262,6964.18657437693,262854.028666951,106366.726296844,31535.351531052,15255.7084039107,7337.14832102914,7153.36039742754,261078.066300074,106730.296477771,31921.8310686376,15508.4682293233,7489.77174120915,7348.38205457096,259203.038014091,107026.472739438,32298.1494932038,15760.8156887105,7645.27694515046,7551.22130103018,257896.999898004,107397.876771768,32684.1919788491,16021.6341010285,7807.26784683867,7766.4465814014,256181.400211274,107663.74450724,33007.9446284484,16246.2344468478,7951.21174271305,7968.01476234964,254313.920821276,107908.005648499,33351.1414344733,16478.1929037141,8096.65897409529,8170.36067799889,252100.643414587,108034.410483543,33675.1651137576,16707.3026198198,8242.85220524284,8374.17061437897,249775.687648322,108095.493843365,33995.6059976336,16939.8813764311,8393.88071621836,8587.51718135406,247885.200648241,108199.894145644,34320.6977457581,17179.9505632757,8551.73617206558,8814.63816928435,245779.624651195,108232.722854692,34591.2587317967,17388.4866883134,8694.25769600552,9031.89697592097,243300.638526131,108189.100500234,34855.9773316773,17589.8569130303,8830.87951414562,9243.41351227251,240664.135103472,108067.843554582,35124.8039559066,17800.3593179641,8973.70560508839,9461.73386328427,238291.098780482,107924.543738014,35390.9280605458,18016.396550006,9123.45086784656,9693.17100945152,237392.795532073,108074.187167948,35694.4839976764,18252.9918206094,9286.13816067058,9947.25640312491,236251.42659823,108160.761478761,35881.9404671577,18409.291423587,9402.7825838489,10155.2282695255,235109.572753755,108330.771344402,36121.6239983051,18576.3744919909,9514.48795604191,10346.1085836206,233668.667206633,108379.750104996,36348.8895245656,18743.7535110042,9625.49392416434,10525.0327752041,232019.546873408,108366.509903785,36569.4351565288,18914.154289005,9741.48156206083,10708.6705217321,230258.444590046,108292.560788465,36780.9884266709,19084.9776007116,9860.76950798218,10900.7007957961,228380.605622666,108160.240988061,36974.2066232091,19249.2232052114,9979.05276344868,11097.91403909,226433.924878625,107989.610136645,37155.6713447922,19408.6879391133,10096.1163216374,11299.2073982723
259,360177.135343595,89777.3589937812,20648.944286007,9056.15052356057,4106.42625584549,16464.1481813516,341887.863453789,85650.4003564146,20171.9956332658,9020.28761614012,4123.0695876415,16295.9705138333,341170.027535178,86183.9134291766,18725.1383207029,8434.71215649956,3968.43813851439,16421.7396405104,341009.295612708,87431.1022667691,18862.7239667773,8181.78757307342,3744.91515812875,16421.2089568933,340648.943545747,88320.8420974032,19199.0194362918,8284.74156864307,3726.67847164029,16471.6746093417,339968.699905319,89109.679166408,19503.8221981213,8427.20510383605,3779.46169499145,16614.2745116987,339189.304876437,89839.2472027213,19796.3824508002,8570.44443001715,3844.20171833107,16800.9312330739,338358.365137933,90538.1047837126,20080.122638662,8710.87975378657,3909.86748916853,17000.0604234137,338016.649586695,91242.5051030295,20359.7440011367,8850.04434253853,3975.51988839228,17210.9565065766,337396.996069965,91940.6357416652,20622.9032341954,8979.87365792195,4036.75264788404,17411.6327839495,336530.801126741,92598.7732367973,20896.0800762151,9113.74125272962,4098.96221611058,17605.5162013073,335365.723132842,93196.9763718006,21164.1351110083,9249.07796939679,4162.98623637543,17792.4538717094,334107.135903427,93754.5423472031,21430.3761837942,9385.56320370487,4228.62321250595,17976.5880371259,333331.078405248,94312.7998932305,21689.6764346361,9520.79199637269,4294.72889965222,18169.1609933419,332170.998200156,94856.74309937,21928.6964689388,9644.17421340274,4355.23257614031,18346.9666761344,330630.301238265,95339.8402866087,22177.9336279777,9771.8349995765,4416.65163485559,18514.3882031717,328841.898697129,95753.5680508955,22422.0633862886,9901.99629297462,4480.70935103105,18676.3105007767,326925.845857379,96122.9572603656,22660.0500340924,10031.4136505868,4545.78398232846,18834.1432202507,325570.735745045,96497.302020363,22891.9754463946,10159.7693361208,4611.30679806147,19002.5940822626,323889.876110599,96863.1265989082,23099.4943059716,10273.742549676,4669.94517700164,19155.6113235048,321949.989429519,97178.6687834301,23318.3968068072,10391.8260745156,4729.08326388927,19299.7661635547,319645.895773112,97419.9187755787,23529.0670206369,10510.6354259861,4789.92152296772,19434.0914993958,317147.354744326,97598.9057710194,23735.2761273925,10629.9965685093,4852.38379476509,19562.9142458115,315104.771744166,97774.8352308821,23936.1797354677,10749.5085688595,4916.2890923112,19701.5116335033,312898.958409406,97941.6278210047,24111.2820819113,10854.7181914941,4973.68931982711,19828.6237051309,310239.867813343,98048.0455634591,24288.8890011444,10958.8257164332,5029.10272634795,19939.6768499187,307358.768591743,98077.1044170928,24466.6525927801,11067.79207065,5087.82292822436,20044.6848161391,304761.970002294,98092.0945833782,24642.372560328,11179.2280575527,5149.69065371409,20155.1045602786,303760.734280659,98237.9687400907,24814.5271343285,11289.5833490182,5212.24056691522,20302.5434524738,302719.613326602,98475.9565694419,24943.4365735736,11368.0235594808,5257.43415942241,20429.9403909582,301532.551994805,98713.2311079384,25105.5635245451,11454.5654012185,5301.27956472361,20545.3233241131,300063.496707452,98887.9087857907,25267.1136982857,11547.6237492065,5349.46700739829,20651.4255167658,298321.113531996,99001.4267599406,25423.7388933597,11641.9371127295,5400.42226285825,20751.4680942313,296420.556732952,99060.4600642992,25572.9997969519,11735.7260127193,5452.75848219391,20847.8451341502,294404.494319704,99077.5632438407,25711.5572212652,11825.9343123293,5504.51094462615,20939.8693779963,292255.359964806,99056.4727604412,25841.5389104171,11912.4431187751,5554.92953543242,21025.7940740734
260,237796.75309762,126117.060957566,50094.2680142366,28017.9383560503,15549.9335288059,19552.8531487422,205826.607712481,113384.450734101,45231.2311862641,25367.0724323058,14119.1639437684,17850.6100035944,214045.284010345,120571.132998011,48095.273240342,27319.2223329311,15419.1505673313,19834.4441677495,207502.54863028,116970.678359011,47055.8858610435,26689.966697302,15121.6597944364,19898.7840249619,208835.128315767,119630.67919665,48431.6254356442,27520.6830545601,15614.3445552143,20809.1648631264,205775.273472208,118668.63057711,48623.803450684,27753.2137441143,15785.4518198475,21194.5895542989,204939.039940303,119508.076026877,49405.6398401884,28348.7350939747,16206.3171930406,21948.404387317,202831.836094989,119231.244907041,49793.1455288069,28719.7982603437,16500.9742707641,22574.7466138256,201877.123491624,119645.230247317,50398.9498019882,29218.7812139826,16876.7995170275,23349.6318480695,200317.197119399,119648.787192335,50808.0999594785,29593.3069709347,17177.0433866467,24041.7510672149,198844.055467617,119796.611353745,51289.2270896264,30002.4897311662,17493.5166795822,24762.9806977326,197065.023135539,119721.177585793,51704.9396206675,30381.4162245993,17793.00426447,25462.6104576213,195256.26661803,119616.132526606,52113.6921394169,30763.939033895,18100.0207988764,26184.4566042863,193864.522095219,119583.667122062,52541.0791794756,31163.9013633983,18421.9761619572,26946.7727896831,192190.251612194,119460.660648786,52872.9100320632,31499.4834102724,18706.8799274622,27673.5926465906,190305.144743335,119255.496347144,53205.9744094288,31827.2087004183,18981.6224181163,28390.5942942746,188252.814884194,118929.737827946,53513.1549947909,32151.2223348532,19256.6778716632,29110.9559301866,186095.801414725,118500.368741921,53780.7447112503,32460.4978957775,19529.388028302,29842.73946938,184445.873921482,118207.296412437,54088.4550339916,32799.9314690889,19825.5503269091,30634.0272710556,182553.403173787,117823.503445572,54290.9780841722,33065.5254661782,20077.3636806637,31378.8983247975,180525.566264775,117391.433609387,54500.1771506362,33323.3952886934,20317.2737872087,32109.8902476996,178277.717158664,116828.720947411,54673.5365457187,33568.3151619123,20549.9129364396,32828.3606189422,175857.320024874,116133.621521783,54803.8717248262,33795.6467404428,20777.1743262438,33548.3949815442,173859.627945001,115544.306849193,54971.4891831431,34055.3626805129,21030.7620673944,34333.2492643302,171765.966563255,114912.744867859,55053.9846894838,34255.6281045953,21250.0338997393,35088.6173471573,169375.157464199,114166.948788727,55096.7798001758,34416.6672993044,21438.11358297,35802.4734516142,166871.007107149,113324.37428319,55134.4373071654,34582.0412419473,21627.7293670477,36518.0006708621,164515.042840583,112439.264586483,55152.8209091871,34747.8438081806,21824.5156679253,37257.7470068448,163387.466464819,112008.701475431,55307.8401680213,35002.7005983774,22083.2762057686,38132.6576061263,162261.40868913,111668.195683272,55345.0770721168,35147.3804827753,22264.9277270698,38896.1604602001,161020.482367697,111335.938687544,55413.005149137,35270.6763948615,22407.2426193281,39561.7571454329,159647.945520011,110948.506341496,55501.1582639124,35412.4581387585,22551.6723395067,40176.6713762107,158057.001529879,110417.573873505,55544.7772362832,35540.0693188641,22691.9276027033,40753.4901783888,156418.384800471,109840.54209888,55576.3325180081,35670.5867876743,22841.65398962,41346.9380329521,154701.223787918,109192.069829679,55569.2355922405,35781.5259534984,22984.5120574173,41944.8301650865,152927.62139836,108496.833112329,55533.9413840517,35874.9986999579,23118.7092081471,42547.6505052711
261,298655.0663024,85895.5945422213,19761.5644277615,8723.01724376576,4053.01981784064,22215.1011894292,283726.047087342,77947.2782307086,18250.0806860175,8249.30254327826,3875.67654747193,21827.6387317722,280993.594799371,76575.4672278886,15281.6460747029,7032.97262599391,3499.41559692007,21751.1168054648,279709.345853862,77260.9883681731,14925.1131754772,6399.01260019719,3058.24559773704,21610.6860511279,278762.246531231,77749.829400033,15094.7709942122,6363.24181593502,2937.52607746676,21593.2359824613,277676.061399905,78165.5339031553,15279.7777618189,6432.67521473509,2941.63317444801,21725.5544393555,276545.322319469,78528.0069784635,15456.9025264484,6514.12329889449,2971.97391187277,21929.8482748153,275433.2544726,78872.3326373176,15627.5178531028,6595.04247270513,3006.2820966827,22158.1144990824,274757.61163018,79236.1758484799,15795.0153153772,6675.20201060044,3041.13273039868,22403.7473843096,273970.636476421,79639.7625155745,15960.1555955874,6752.20676662684,3074.27534623856,22645.2716945718,273001.268829808,80007.2175155836,16133.5278148779,6833.14931340361,3108.58335546024,22878.5227710462,271843.927910336,80334.3043967277,16304.3475402074,6915.61768626648,3144.42956144654,23104.0375399849,270573.86438862,80622.4768385611,16473.1105690771,6998.52687982807,3181.14931968405,23322.7989752945,269730.601880143,80915.4244303136,16636.9576022457,7080.87825134455,3218.4338090388,23551.1489791778,268687.755765506,81245.9352219505,16794.2615759716,7157.88232061842,3253.07336010795,23769.9813091686,267351.487159718,81520.5009862634,16961.2838598764,7239.18651125107,3288.77135843636,23975.5845322566,265826.342342902,81738.5864449316,17123.9253863707,7322.25613150059,3326.40090822148,24172.7188502132,264216.024329836,81920.1130177434,17281.7535836993,7404.58367058927,3364.56321312587,24363.4252098677,263064.993526086,82111.5674210739,17434.2069830251,7485.6943667256,3402.84884769999,24565.232312051,261730.49773661,82342.0700395907,17578.7491324542,7560.30326812515,3437.77374662721,24756.0998850439,260197.538352106,82522.5159181159,17732.7189884741,7639.09872248702,3473.627319524,24935.4257002384,258394.161276428,82653.7083333935,17881.7987607684,7718.93441706454,3511.01233185982,25102.8788250151,256448.527141851,82729.7655214795,18028.7699343807,7799.65521321954,3549.62262383789,25261.4991065662,254854.709539361,82801.9431019751,18168.0888608845,7879.09248934564,3588.74490992997,25428.3703627663,253197.90915617,82906.0930987568,18297.0813222197,7951.33496765494,3624.43490055143,25587.6795178447,251181.114091255,82963.0639755891,18431.8440746959,8025.0332645338,3659.66356999425,25728.0308946175,248999.632334073,82952.7198352811,18566.2624520046,8102.58820183351,3697.579709995,25859.19701108,247033.079355004,82920.2395279426,18695.0998725378,8179.9868131138,3736.86377857933,25992.034226134,246296.672092448,82992.3023232658,18813.7228598299,8253.01667991662,3775.1254782181,26164.8900106815,245623.867177925,83211.3862934333,18917.6037802083,8309.34615396117,3803.62060630671,26328.4240046944,244810.275335741,83410.0890326795,19045.7863429544,8373.19274337647,3832.27293826861,26477.6509305102,243771.726421824,83565.7713603932,19174.8545334256,8442.42970045786,3864.77458991101,26615.4763526145,242530.916621757,83670.3527906332,19301.1008916817,8513.3114006754,3899.65809448886,26744.0241697913,241159.698877564,83731.1280552567,19421.770056399,8583.7114506203,3935.55753230221,26865.0643636837,239710.358088433,83761.5840354698,19536.0444583092,8652.25039722262,3971.35528128705,26980.0244117553,238175.191717497,83766.1810657146,19644.5938256106,8718.49220479423,4006.39260392872,27087.6094507859
262,373411.224432271,75940.3372327461,15936.9131655981,6947.94694158649,3250.47656145971,21194.1882246416,356442.651504412,72565.7209546206,15426.2164320227,6877.70312690611,3243.45779980347,21004.0224059513,355285.799195916,73735.2307487572,14223.3485725284,6279.14656889052,3045.91332504517,21139.6760434484,354879.16599476,74530.7325681654,14461.4329528121,6166.13304077432,2891.42238114711,21234.1367956605,354428.906142044,75152.8716142535,14675.2993010337,6245.55517655817,2891.82538470598,21405.4774872524,353666.711430096,75729.6102607878,14860.076617852,6326.66247665611,2921.72871820764,21631.6671170051,352812.089944138,76258.9525625312,15037.4102916139,6404.8496552813,2953.75097381158,21875.1405995816,351926.22401186,76765.174688138,15208.5050111107,6480.43168028401,2985.04677986521,22119.6746612205,351521.55691225,77270.8578749337,15373.7259242523,6553.82762363684,3015.56712070374,22372.5890681691,350880.604945078,77800.7488413377,15534.7849531593,6623.4465541857,3043.9733976228,22615.7894732294,349991.336731592,78290.7461437188,15703.7801700351,6696.78600574735,3073.39916123254,22849.4639661386,348828.80346489,78735.7708023892,15868.2914756754,6770.70033750934,3103.86509149811,23073.5276593053,347540.948293748,79139.3268779043,16029.5245430679,6844.17327589014,3134.68701245884,23290.0840494806,346755.803693609,79536.6893689243,16181.9562110889,6915.13706265503,3165.09506657282,23515.2134737602,345609.051584035,79954.6682285175,16327.6634906478,6980.51174232219,3192.56430261746,23726.1126847603,344093.486223723,80315.1862996213,16481.863786218,7049.96867883157,3221.05366866088,23923.6128860946,342311.630804098,80617.5562350411,16629.764705556,7119.87254803051,3250.75280289362,24111.1456016793,340434.094624659,80877.4704012031,16771.7454521804,7188.13078985507,3280.38086038644,24291.1435694952,339104.256268007,81137.7842747139,16904.3006273632,7253.24766703326,3309.18235416901,24481.3214073682,337472.158077064,81422.1960658217,17029.3270482257,7311.93746112719,3334.49270546729,24656.9825763548,335584.622007824,81656.5853786718,17162.7832090536,7374.61245653774,3360.70434759357,24821.2361338942,333324.513382951,81836.143186855,17290.0925100429,7437.40606101911,3387.87697778471,24971.5353707148,330890.559033511,81958.4544193367,17413.2741217835,7499.90994140489,3415.60311769269,25112.0339325173,328906.178207041,82071.08440788,17526.7321089753,7559.75565925621,3443.01674517194,25260.7636330071,326766.982349761,82203.2001299105,17629.1469038701,7612.1331694097,3466.755366875,25398.4745499677,324176.733370118,82286.3685808444,17737.3468966732,7666.18642698305,3490.16586739471,25517.2450091078,321357.651131314,82300.778228818,17843.209079505,7722.73899901666,3515.50294620098,25625.302637383,318883.280301486,82290.6459765825,17942.9556119341,7778.52369784864,3541.69193871469,25736.2555481905,317994.976598918,82383.0260668759,18030.9573112692,7829.1690128908,3566.42721202586,25890.3030111405,317087.403952138,82603.9265656733,18108.8450676939,7866.11572514914,3582.89723316344,26031.6138385433,316003.949493373,82807.0658654929,18213.4586448653,7913.03803864433,3601.20435721285,26161.3305301602,314628.656871763,82964.6775761434,18318.4255131997,7965.27625511889,3623.45572747427,26279.556571575,312974.25131316,83069.6924678796,18419.4506699727,8018.31191649501,3647.59271894664,26386.9478444821,311178.842176602,83130.6707994805,18514.0186329646,8070.26438838282,3672.31341406089,26487.18652696,309265.879527166,83160.9399770288,18600.7145916177,8119.2407650273,3696.25180574226,26579.8212627884,307225.380634245,83161.5388247299,18681.8492907249,8165.75598309669,3719.16387317123,26663.9022489974
263,295071.729365306,130709.684610169,44951.1045653787,23089.7163696894,11792.2769675523,22054.9231455157,276008.958403917,119082.447490519,39757.7757858166,20502.6969444495,10501.7631859763,20397.033565155,277331.385480131,120061.449556796,37542.8030118127,19634.6731127125,10244.3596073572,20354.0983466228,274534.786544253,121365.834340133,37153.8289581279,18748.1168182214,9678.48131400361,20061.7595725684,273423.554510423,122604.603035628,37959.9172178086,18957.971597775,9579.46981365699,19879.7928630507,271851.774209051,123344.588108963,38655.8179460707,19361.9830752545,9745.4369497119,19923.8974955513,270231.432698121,123960.294419322,39278.7926359776,19777.4112488439,9987.20378654948,20179.7516616313,268542.167641468,124495.056550124,39852.0918038458,20171.21401406,10234.7710075616,20536.3342460208,267313.11677222,125055.516827243,40422.3714999911,20562.0325651121,10483.6255979004,20949.4781748982,265972.453627009,125598.469143873,40941.4924006718,20922.7335793689,10717.0858811234,21364.0319634112,264409.646164936,126081.72030288,41461.0300412147,21276.7561793148,10943.8310993729,21770.2654911459,262623.100277797,126462.493132337,41969.7764510455,21632.2151285895,11172.7405138052,22174.6694067293,260644.223338024,126754.693980608,42460.8147482615,21984.9576969008,11404.0402738927,22581.1216400771,259132.208501657,127072.859921903,42962.6409919516,22348.9824814778,11644.8816468354,23014.6005662533,257427.091228475,127361.89932578,43403.6606527905,22679.1335938377,11869.844157014,23434.5267262026,255392.2000702,127558.170482073,43842.3383517666,23000.3777534477,12086.6776000414,23837.4670643633,253124.812511303,127635.37425689,44271.7115057297,23326.3553962552,12308.1286715391,24240.0144344566,250667.980702906,127613.153770065,44675.6180758362,23647.1959365797,12531.9392477949,24645.9745421131,248743.221656027,127636.883646986,45093.9746283045,23981.0256576379,12766.7056145443,25085.4720388894,246671.543403298,127646.193049068,45445.6145437042,24275.8111923959,12982.210200129,25509.3152292479,244371.89725807,127578.268172586,45796.2867713664,24559.6848415774,13187.1221978872,25913.8600285132,241783.925337036,127389.658281731,46128.3037707634,24841.9684085211,13392.4300911243,26310.5634933857,238961.36512461,127080.403333878,46435.9989592376,25118.7175988843,13599.0827881558,26705.9513391131,236528.195104129,126789.441806345,46753.3196097873,25408.5537018267,13817.7588570273,27134.5159732628,234111.612682103,126503.795813652,47016.5459679012,25667.4556437464,14022.3069762161,27558.2670689103,231315.349213782,126113.010180588,47249.093475338,25898.497171903,14207.5042510047,27950.7790394246,228308.738960331,125601.974336226,47479.5013965662,26134.3804963962,14395.0743596704,28338.1324085865,225370.18163771,125031.834305216,47694.2758550617,26373.1719937775,14589.9656365294,28739.4944592448,223828.613087595,124750.555471178,47972.610083356,26651.2989292122,14811.638058224,29221.5682994431,222579.876013765,124671.900866545,48166.1358196979,26861.9611736497,14992.886740425,29672.304600587,221158.403861774,124580.645723294,48367.6638511815,27040.6921272705,15138.0238955939,30051.6276127558,219548.791714821,124429.810217031,48587.5820228213,27234.79553358,15285.4791098232,30403.304045011,217684.268407871,124152.943101084,48780.0497128223,27424.0352113217,15434.1002360162,30734.767416356,215697.88498743,123805.332270742,48960.6704193228,27614.2417343667,15588.5087194724,31074.0838626783,213616.753074521,123385.798149818,49114.1273041464,27794.556013154,15741.4333956422,31416.8125989572,211453.197885843,122915.214534355,49246.5521495736,27964.3184850482,15890.6714848965,31762.2956271764
264,153993.964713759,134468.304948436,79339.3227551047,54876.5510051305,37685.0803779091,84761.3661786431,139738.250237656,125946.637873372,73646.6756981881,51177.1539081334,35322.8677443064,80463.6114477222,121739.369618102,108137.005671537,63792.503500609,44858.0742753893,31192.9347797267,71643.6462392724,135971.268416875,124394.017030667,73585.633617607,51802.5087281002,36427.7830264569,85780.518946505,126649.533065473,113797.442684806,68236.62362803,48277.91812687,34028.4514869261,81993.6882398724,125481.373543469,114779.292752154,68401.3623865715,48503.9618509237,34343.4620777142,84324.0194561928,127307.097011085,117128.628193244,70915.6529665159,50332.4081171277,35673.9578344988,88982.2686881044,122865.978934868,113028.209879613,68858.1914183589,49205.6591489903,35013.3482832263,88418.9778764604,122718.960757565,113891.58199698,69693.2690974078,49972.9517255941,35727.835401212,91451.6824339863,122079.996299776,113623.655786559,70134.0411032069,50477.1115989709,36215.5935789148,93969.8009299285,119853.015656294,111991.52590294,69448.0873836528,50196.640804765,36160.4315494134,95067.6837565772,118958.773586276,111881.382951641,69801.8679107875,50607.783645585,36587.2129917879,97462.3352318613,117513.391086134,110978.232096697,69760.9267052949,50770.1690671791,36829.7315274013,99359.3820831538,115956.543275354,109894.270465227,69485.9894082555,50778.2903882802,36978.754392328,101026.706819201,115001.214739868,109489.245601327,69593.8011477556,51038.3450152537,37308.8469625626,103257.250834746,113533.750881156,108557.97275966,69404.6940432989,51066.9443444147,37456.925844915,105008.228825222,111881.73116879,107491.961860379,69130.0751111707,51038.7083279194,37560.9877663019,106623.830089497,110375.440995319,106560.016855033,68974.0470390087,51105.107832427,37738.3444507064,108459.282279495,108957.228152134,105513.621632113,68726.0315411187,51116.5523120402,37883.1992945146,110241.331371044,107676.231715801,104671.653013539,68498.8439800194,51132.8849990868,38035.7514536148,112112.306715935,106215.509894214,103683.061466131,68203.0974905977,51065.4120123543,38110.9755662153,113790.265743218,104610.260118537,102569.007252961,67848.4336146828,50959.6105582274,38149.2942371902,115339.543158869,102933.119793966,101385.235883266,67470.287347304,50845.6218226908,38185.2223658932,116874.397355253,101383.501980504,100184.88177407,67073.348301387,50728.9520257706,38226.7629949178,118452.902178608,100012.1209284,99165.5456771836,66711.9497124743,50634.3432174418,38290.1785681226,120160.572189065,98433.110925603,98010.8472631467,66254.8850885606,50440.0205015718,38267.8757239544,121643.009775675,96665.1928863615,96660.2345750742,65708.0204717563,50175.4327327061,38182.1542546989,122912.891714021,94998.4226014969,95356.3417252156,65198.9229246645,49953.5943153692,38132.7412881264,124293.082780982,93897.992110574,94310.2933463013,64806.0262299773,49825.7029697751,38162.2768485419,125970.553703141,93296.538424624,93826.9537954331,64591.5585776914,49804.5938913347,38270.0278351866,127976.128044059,92460.7790114957,93194.6153025086,64282.0545482642,49638.3097483201,38229.5342014082,129466.276821041,91442.1879476135,92429.2833430447,63937.3890812344,49439.0009063511,38134.8066250591,130609.091496395,90451.2991053931,91718.4723030456,63685.3610709053,49329.2433914714,38108.6222748976,131822.453864335,89379.0770828532,90889.9401216256,63376.0403701312,49199.0558264973,38079.3963695807,132937.887581159,88215.1671178414,89951.9215278343,62974.5053624209,49008.5142045028,38016.9155766553,133929.031725154,87057.3733894334,89026.945894911,62572.4277886269,48815.3966404919,37957.6297099615,134967.234657137
265,358970.795618058,90706.1081024105,19985.7527745291,8687.8707183191,3951.39456968084,18602.4447110229,334348.047202846,83620.4672746206,19214.0089818168,8590.13745710433,3950.44865467489,18210.8911277556,333594.500012929,84129.6099713167,17460.5211848385,7837.07771634428,3730.97775075338,18337.3451019906,333609.156545495,85376.6279783167,17541.1017420882,7535.82021969635,3471.82197007577,18340.4226448879,333375.04827344,86251.4556234772,17840.5272724166,7611.10062667622,3436.30353393229,18407.3658954998,332817.440778895,87014.5940465717,18114.7061780362,7732.34618121291,3476.06575231287,18571.6331610341,332182.020168729,87721.3440777208,18376.8098533656,7855.67986175285,3529.09558468157,18782.2147144776,331485.744187224,88396.8182518147,18630.770048841,7976.3862309646,3583.19897478371,19004.7314057404,331283.957342007,89087.9972775058,18881.3946079147,8096.26497632645,3637.49453327456,19241.0313346636,330805.05896098,89772.9517910198,19119.7519178097,8208.6392473868,3688.11333647965,19465.6290260497,330081.250486447,90414.2869113737,19366.2304832445,8324.81561809918,3739.78319746477,19682.433149557,329097.404512208,91002.4409032511,19608.2802421031,8442.20909736167,3793.0147739577,19891.8741910949,327993.546427641,91547.145088986,19847.7600761235,8560.04732380627,3847.30068543776,20096.2650626624,327402.416523935,92108.0961871973,20082.4991682397,8677.45163331698,3902.29113626317,20311.7293021492,326407.926112973,92648.9366297698,20299.719301176,8784.34674029384,3952.21641774003,20509.4933893053,325056.003812455,93128.2643430787,20526.3160640385,8895.61263459513,4003.25691767091,20696.0197666811,323461.629842893,93544.3962202498,20747.735315975,9008.76643263623,4056.48207769316,20875.7913805178,321741.915590544,93912.6307491196,20963.0028982917,9120.82542918807,4110.28012234125,21049.726509159,320616.742981264,94307.9664368778,21174.6989938347,9232.66066878006,4164.77863028924,21237.5721488409,319120.162236076,94682.1290952817,21364.4738129075,9331.4098431379,4212.88524968032,21405.8842618165,317382.588342835,95006.6088869357,21564.8375840271,9434.61073591591,4261.903821484,21565.0384636195,315273.299022268,95257.9684534819,21756.844750482,9537.94437319634,4312.21127975195,21711.9785204227,313010.239598497,95451.4829301,21946.0353558903,9642.26905013019,4364.08240160523,21853.0401746895,311198.132308089,95656.6618847309,22129.8752731751,9746.36168295674,4417.04733688643,22004.9243905868,309195.016944457,95845.6387635569,22291.8384462779,9837.91908583276,4464.138812683,22142.6155094411,306739.529093368,95967.3348387055,22455.2474493842,9928.80377420468,4509.73311987985,22262.0762272128,304087.253596674,96021.575747685,22619.369256793,10024.2850765594,4558.43058817308,22375.0785880033,301729.680446653,96061.5367001169,22780.5943518318,10121.3249528566,4609.51391605379,22493.0581869838,300983.3484825,96267.7567685825,22942.7782043644,10218.8023372526,4661.76956575278,22655.6656546673,300090.868867344,96525.6753151819,23063.6466752697,10286.6358773192,4698.01345941423,22791.8946824679,299049.597764207,96777.0746961437,23214.2750009822,10363.0012498483,4734.14621805671,22917.0369841945,297704.993991711,96965.4634380831,23363.7946565083,10444.9361895092,4774.23986979415,23030.9197815454,296117.597640245,97096.1579975376,23509.842636679,10528.6292480238,4817.09701574636,23138.0097202935,294377.840781454,97177.6936553716,23648.546090821,10611.4747724044,4861.02999474134,23240.034414135,292523.986814037,97220.4483340186,23778.4582437599,10691.306774224,4904.41760329056,23336.3288513227,290540.694092698,97224.5728255128,23900.0520755348,10767.7393999792,4946.57553217073,23425.2844971288
266,205238.324076077,132857.427868839,68762.2115274368,44230.8950997988,28218.5264011946,58259.0098810096,173429.350182822,110686.532882555,54341.2803277776,34826.2205453422,22248.9839138851,46907.6837522406,182247.967476472,121813.982428212,57494.7058358933,36646.5779104874,23418.2204441722,49500.4409701261,175356.574099661,117405.171211526,56467.741636459,35453.4663695883,22482.7272249532,47990.1188198934,175486.067135341,119422.815827672,57705.0159761908,36342.2061846317,22945.9465734175,48742.3532258966,173595.812880089,118999.508190879,58375.1739838837,36869.8624461053,23306.1667834531,49365.0801621789,171575.955096352,118556.684148841,58675.7150159074,37315.6147055379,23696.4883775076,50159.7650092525,170278.120120288,118625.818750213,59258.259667717,37874.1959226105,24181.4430151358,51417.5777283584,168694.990794493,118184.941115471,59545.3958962987,38256.9812529148,24549.1565034468,52568.6875121653,167439.144693142,118147.052917179,59938.1007551912,38683.6752985175,24943.7050125159,53875.0986962501,165774.477789151,117765.755163556,60208.1648780876,39015.0502009944,25263.0170108023,55057.6429723777,164117.866857462,117428.973206734,60500.8127114732,39370.6441412132,25598.1071827675,56280.1666201397,162305.641128314,116929.893429569,60731.0991649693,39691.2098650263,25914.3234543521,57478.1539082832,160913.224410398,116574.80684902,61009.6999766933,40051.7638186582,26262.5636607391,58776.3876915559,159351.810287656,116160.141624898,61193.8617020973,40340.1489883742,26564.8334786768,60014.3321466516,157502.224691751,115589.392636044,61324.8212519165,40579.427733085,26826.5129481225,61172.3313307673,155595.827098691,114969.426711868,61463.7345614279,40834.2528243331,27098.4736560796,62350.664006279,153544.57934357,114191.107922951,61526.8829929552,41050.6489521023,27352.3002025178,63501.9534948118,151971.463861441,113594.869289548,61655.465075223,41317.3604252827,27646.631359309,64784.7508581882,150259.469356023,112956.927723711,61687.3985557366,41506.1130061649,27889.2572134416,65996.6578956344,148330.929432836,112192.03479083,61673.1574411344,41646.0228063779,28088.4154471926,67118.4965066193,146286.23902736,111364.785525683,61654.6149277928,41789.7511961681,28287.8333408617,68232.3263055267,144092.36004279,110376.36576121,61567.7974040606,41899.3037914777,28469.790802218,69308.4906823303,142242.193531555,109507.362241605,61521.9077897207,42045.8714397789,28684.9034889983,70496.5112374372,140396.255765355,108660.638332256,61420.5693998559,42145.287976714,28870.0793031574,71661.8895627184,138218.119041756,107629.873983238,61224.0766481931,42160.9113509614,28988.8529634615,72684.1398984437,135987.288048799,106546.282273143,61038.827692762,42188.9611097277,29112.1275971442,73710.0791772381,133871.922983804,105424.247655444,60835.0630916238,42218.0030465014,29242.643695483,74763.7214048022,132771.555147841,104750.423990521,60796.8231275559,42365.426626637,29462.329363795,76093.0360558227,131852.635645454,104323.116409004,60723.9042260479,42448.8534132855,29629.8168150889,77351.1033077751,130656.222358712,103744.679075752,60587.8597502058,42436.1456689431,29697.6065586881,78320.9188089336,129450.449758811,103228.104598323,60537.1502645306,42484.9935331552,29792.1969208735,79261.5314315264,128053.969802386,102548.281474465,60436.6303884172,42516.2580612068,29877.9336365793,80100.7141880785,126565.203941924,101779.210754269,60289.2639058068,42531.0136462211,29962.9324398589,80909.4799971753,125078.455153581,101001.566272455,60131.9227693139,42544.1598021746,30054.9100615093,81752.5934415067,123519.662753845,100150.542914035,59925.1304939177,42522.7532768007,30125.7782549418,82569.5141064108
267,374562.390320713,84696.0059456566,18764.95509493,8050.44927422805,3543.74625666031,10337.8811796043,359282.447470426,80431.2941031722,17950.9334080296,7826.52289901486,3473.082149674,10241.5071615563,359195.010672802,80327.2199703005,16218.1294854122,7165.82124176669,3289.95881003493,10289.6437240257,359211.532025216,81536.0620048594,16124.9785097506,6768.38219065662,3008.80423634359,10194.9363731399,359047.022885526,82384.7179890441,16384.8666768178,6805.83357687638,2948.73207250138,10148.5408495893,358545.734847369,83137.933130855,16633.3764142845,6908.99093626047,2976.61265467322,10204.0044794789,357932.316536807,83830.6178827142,16873.1778520568,7017.97297451097,3021.56328033135,10310.1616790424,357263.058331661,84496.5310317518,17105.1519862852,7125.27306927686,3068.62669279413,10432.7131670354,357072.45383399,85152.5035200638,17331.5330708647,7230.59707857607,3115.3641798289,10563.3986545597,356636.359431229,85817.0295932581,17545.3517693813,7328.96400628732,3158.93022410477,10689.4453286291,355936.043370603,86447.4568820453,17769.1993614628,7431.16249052493,3203.43078077922,10811.9126443105,354932.180870862,87024.2139323271,17989.2434515847,7534.85317842985,3249.4996097862,10930.9930067567,353802.087492167,87561.3426291466,18206.9438563859,7639.01733224528,3296.57965715813,11048.5080261784,353149.661268454,88084.6735391899,18417.5879380952,7741.44648237708,3343.57402721706,11169.4799688325,352145.77837952,88609.3404634773,18611.3433034135,7834.70307923402,3386.42776221228,11282.5773777336,350762.247844529,89085.4834250566,18816.4368566913,7932.10669013356,3430.16355450305,11390.1499486655,349076.29284345,89495.606925591,19017.3327940022,8031.68524589054,3476.00120980116,11494.3801823834,347261.88542852,89860.8965714869,19212.3590178912,8130.46517193049,3522.52241408971,11596.6696406286,345995.105260361,90213.5477854559,19399.0406547805,8226.66575184464,3568.52586354374,11703.0963008401,344423.298817568,90577.1932245231,19567.0376267923,8312.19871087903,3609.55003848119,11801.10704813,342592.074463622,90896.8959776123,19747.3313954561,8402.02100364724,3651.2990692821,11894.1175688801,340393.205875139,91152.173861135,19920.7034430105,8492.67991423422,3694.57322756809,11982.2175214285,337964.044683289,91352.0492992094,20091.1036729697,8583.81532521023,3739.01452673889,12067.2972997617,335962.558506154,91524.7516696588,20252.9741237027,8673.37766775421,3783.73308418008,12156.0321424631,333832.491057233,91704.8447812584,20394.8117764432,8752.10504308142,3823.70185449551,12238.5488008546,331245.812735658,91840.963036628,20541.7820470806,8831.19677082147,3862.61400902342,12312.3300985659,328407.37985877,91902.4920266748,20689.6506267896,8914.53247897506,3904.23860202923,12382.6331814585,325801.252586778,91939.4744699918,20832.3184561821,8998.47749145451,3947.68557333644,12455.2170771335,324770.714085869,92048.8244926848,20964.2906185156,9077.84848163979,3989.83160853158,12544.3337278788,323811.545102255,92288.4883129361,21065.9764221977,9134.80620598717,4020.15876028433,12623.6165643334,322702.621449113,92533.1346770962,21199.7126863571,9200.08002059373,4050.29762028148,12695.7848015863,321307.326494437,92727.1734860917,21335.6888250946,9272.23902014146,4084.8144967972,12764.2700590092,319624.065047381,92864.7263096872,21467.7653713704,9345.68615379852,4121.68672289763,12830.4099883077,317771.214336114,92950.330765679,21593.2685730732,9418.40494620669,4159.44153250787,12894.746296432,315774.697800197,92995.6636337762,21709.3109312501,9487.94288782507,4196.51313464363,12956.1474170945,313662.775119163,93005.9965938624,21818.5095808319,9554.68059840167,4232.56987038461,13014.1841124105
268,344311.835025137,101945.810896787,25797.8933966304,11588.110723103,5230.98938183509,10978.1454003528,320374.697035951,92528.9018388666,23402.9473391459,10693.0319222102,4865.73704972757,10422.5751601331,319108.187694562,92942.0380386669,21170.9341876117,9699.96161748118,4551.20653197217,10394.3507041735,319054.886603575,94530.3851047354,21185.3284058515,9254.56035764308,4191.57703643427,10205.5254457441,318637.215827827,95565.0494859088,21591.3698296106,9343.00450366562,4126.86914127643,10081.3934125453,317825.44359771,96413.3723296015,21965.5543545807,9519.31106112399,4186.03604204076,10106.4866983581,316920.146089785,97184.9564417914,22320.7508822275,9702.18100838981,4271.333461285,10214.6970558794,315989.807557937,97917.2907858471,22663.9024795505,9881.89112355226,4359.98912438124,10353.2710785766,315539.10519993,98670.9564225798,23002.6928968617,10060.3557562413,4449.12239415376,10506.8622725871,314838.683835442,99409.8328524563,23322.960691285,10227.8204242825,4533.02191842369,10655.2879963731,313893.360939592,100099.323869885,23651.5773238248,10399.0217056028,4617.88599649412,10800.7358884192,312680.787262434,100725.096384758,23975.0379638224,10572.1235762255,4705.06729583389,10944.6878024689,311333.855017694,101297.574413802,24295.1633506243,10746.2121231246,4794.1109520334,11088.637127826,310495.316714239,101893.426715289,24613.0991368193,10921.7742703047,4885.11096038404,11240.8089418692,309292.629419256,102458.007089328,24904.5365442694,11082.1372398842,4969.04818392581,11382.3104223759,307736.443903504,102953.960064446,25205.7683080003,11246.7384483663,5053.91662364297,11518.6008597703,305914.221613548,103373.229673569,25501.1600907996,11414.2889723294,5142.01240598145,11653.8768689818,304002.835288284,103738.674350192,25790.4048277322,11581.8926866288,5231.94537743613,11790.0978312296,302654.631026479,104140.401584105,26076.8846430162,11750.2414909858,5323.47355745437,11935.609206847,300968.628796201,104508.224432864,26332.9345493829,11900.4385972733,5406.17862438592,12068.5285240675,299045.812042245,104820.240912082,26599.5362817181,12054.877188072,5489.52963229769,12196.8548554308,296767.819500658,105047.050586914,26855.4375348771,12209.3952004698,5574.64754939639,12321.2560734019,294317.215691749,105204.312519118,27107.5503154702,12365.4092880089,5662.23095868642,12445.9478510177,292320.205725043,105380.352841676,27357.2510029399,12523.6974520678,5752.68458941934,12580.2127008147,290164.381806136,105532.938337179,27575.9807146248,12664.4299029907,5835.04933279701,12705.458173537,287564.736070888,105606.157585282,27792.5012816263,12801.7877507093,5914.31398562368,12819.986211745,284771.656776918,105603.400208936,28010.7042002862,12945.4721622671,5997.90597351025,12934.4576660277,282214.5641316,105573.664055503,28225.5160606785,13091.7960187358,6085.24644459909,13054.9417958395,281287.927700208,105759.108063924,28450.4173778518,13243.7257039528,6176.61986099043,13203.297004326,280246.754432694,105990.971773129,28614.230728012,13351.4087988059,6243.59948144836,13325.0008880939,279053.862709953,106218.197986985,28809.4350961691,13465.3561744295,6307.26595721044,13433.8953815744,277597.781999471,106374.462285804,29003.7432459918,13585.7784146285,6375.10728574607,13537.3286518147,275884.803383705,106460.76252124,29190.8184124254,13707.0999212665,6445.90435151592,13640.0227537409,274029.140497907,106490.837624421,29370.3971078601,13828.1827136856,6518.51555263127,13743.9862936755,272059.609197639,106474.79277628,29538.0701926467,13945.4562301023,6590.67004766931,13847.4500723867,269981.402533,106417.140018435,29696.1999839027,14058.7928550532,6661.57024472764,13948.9455259703
269,345255.665527406,104109.111027717,27619.9026609939,12640.9696380886,5784.01119435352,10044.3479047978,328829.950187561,99110.2183134664,26085.5208044159,12068.0820559011,5552.11073790827,9745.05764061049,327419.557739593,99804.6879213317,24568.1021116475,11421.528767974,5371.71106091333,9780.29356366947,326971.201914716,101354.645081538,24770.4198390878,11144.401128012,5119.92531434381,9665.48088822959,326200.738695744,102395.039388522,25264.4491838495,11311.000259177,5111.31785357639,9589.50093687188,325092.665692357,103277.495117079,25716.87240935,11546.8509091359,5210.51007457138,9644.54397508459,323896.928477737,104079.979078325,26147.2421039505,11785.0102280632,5331.83204383849,9776.70747436948,322667.793516854,104844.494166004,26564.3637529166,12018.8337781698,5455.62865179374,9938.75301438722,321924.959545732,105615.747199449,26976.0085852175,12251.2204447781,5579.88745559399,10115.7346339,320919.795561182,106369.785138993,27361.0647798396,12468.3402061781,5696.96103567544,10287.4809162825,319653.926905236,107071.65565232,27756.2163168538,12689.1846344295,5814.6372399814,10456.7910170378,318136.647316243,107700.479716945,28144.8831998107,12912.4879486273,5935.29160768788,10626.4026658454,316495.321510015,108277.207582132,28528.9922453519,13136.8325073318,6058.42543420323,10798.500825826,315355.737431847,108862.588567104,28910.0089312754,13362.7534180755,6183.97132100209,10979.2415267734,313853.998593176,109416.656791538,29256.4847841033,13569.2357119077,6300.51952988841,11149.9127424999,311977.266038244,109898.945603947,29614.179365152,13779.6720515102,6417.49776998286,11316.0138838013,309864.100351076,110294.707757767,29965.523251091,13994.3365849554,6538.80917695963,11483.691034849,307608.182904182,110630.570696425,30307.0799400345,14208.0051493086,6662.21327620268,11654.0359088958,305927.756912633,110986.076736112,30647.1310942451,14423.9420773107,6788.4256947371,11835.1972427086,303933.412829962,111315.67964513,30947.7373192121,14616.8028001519,6903.59250153636,12004.6081515267,301713.037139561,111587.291733078,31260.0047467965,14813.0307511822,7018.39238563009,12169.6602404779,299107.785051464,111761.3728214,31557.9921380001,15008.4521630519,7134.7655526481,12331.6197112273,296339.560732449,111861.061073719,31852.4214004944,15206.4592337461,7254.77513336491,12497.0631438,294022.572948625,111966.409580701,32142.0558469231,15406.8583594054,7378.54300800316,12673.8586508488,291548.882193908,112051.54425518,32393.9110493717,15585.4109098341,7492.15670192759,12842.1593117608,288636.444540754,112055.685732351,32642.8361686415,15758.910081335,7601.23700720516,13000.2414365062,285513.839839586,111967.413671626,32891.430898672,15938.9096582682,7715.05464178199,13159.5199499097,282674.702593879,111861.201096273,33137.5904799008,16123.4254659816,7834.48012442225,13328.9538763561,281450.479429169,111958.060554519,33395.7736406094,16315.005763853,7959.31031515085,13525.3023709116,280211.597455459,112141.562297197,33583.709628912,16454.3271536244,8054.4741122089,13692.2970503574,278835.529757889,112327.283588378,33805.2797493207,16596.4359817309,8142.10392371328,13840.3000268838,277179.228572702,112433.186116557,34024.7889469718,16744.9043407137,8233.12229716239,13979.7548894376,275250.846738577,112460.222316158,34235.0825240628,16894.3092800637,8327.64681393311,14119.3340551487,273182.489183354,112424.30073535,34436.5717825434,17043.7295467084,8424.79202330343,14262.938249211,270992.033326349,112335.510836304,34622.8663753355,17188.1543346804,8521.40597494078,14408.1513437403,268700.18996629,112201.498139341,34797.2161748739,17327.5806278844,8616.48419005331,14553.3660254605
270,243767.60115549,133799.036368764,59328.8218964779,34978.8087622786,20492.758253749,40519.1143405659,221329.473221757,120312.207240257,50710.8573328867,29870.8661404349,17532.6567163127,35600.2167287696,223066.079044001,124392.785502878,50271.9451223258,29605.5943412003,17476.4850286569,35898.3938981141,219338.052900263,124167.983037367,50238.1602119023,29002.9738236358,16979.8734714345,35447.2740864978,218439.280010729,125389.177730614,51327.6888330652,29558.1238862242,17141.4581118011,35657.28292608,216311.650552838,125386.422846372,51987.0295446116,30069.5858124068,17437.1911215392,35952.9308370091,214663.838615613,125667.556300211,52655.8199257201,30636.0265293664,17845.2600852804,36613.0095857313,212703.197930007,125645.907605955,53175.2608133037,31108.8780101813,18216.4665602467,37361.6810125602,211376.755051829,125832.526543147,53747.0429707889,31607.4653564923,18605.2143430899,38254.8919903057,209815.509817621,125906.751198845,54210.4425992399,32031.5169072344,18947.3727044417,39118.9989605341,208101.745315514,125938.770937082,54676.0905094685,32444.3767974472,19275.8226064985,39975.5325723544,206221.917409775,125855.625276786,55118.0130085331,32851.189792906,19600.6516746828,40824.7122503828,204195.282359625,125665.540436522,55521.925760092,33243.6768876514,19922.1298785398,41673.0571344524,202660.310831975,125581.439305682,55962.4410093064,33665.012649933,20266.1905467217,42590.8660136766,200881.957219777,125421.509466142,56304.710720278,34021.0192894782,20572.8425122325,43462.3343470632,198821.806970945,125144.747581695,56628.8413204208,34354.2378459281,20859.4867083703,44297.6052728408,196621.750446348,124766.64908573,56941.0007980017,34691.8205577084,21150.3675169533,45135.8676082302,194260.986099949,124254.368397552,57199.4356339046,35007.5005775457,21434.9420486466,45968.7753887558,192462.479463712,123887.678211569,57507.073851597,35359.8676426986,21748.1054929223,46891.6803503302,190444.86781935,123455.026472243,57708.5672991582,35638.097112556,22016.9731941013,47758.2549127988,188256.118224189,122940.321007887,57901.4814654572,35895.9481121991,22265.0394875491,48588.208370523,185856.775824455,122315.591445298,58067.4470196846,36145.8641088218,22508.0761695702,49399.839095586,183260.799309725,121533.649293106,58181.0141653282,36372.9435536645,22742.2665984086,50193.5847112113,181096.288744898,120859.593999739,58334.0111766357,36634.6403042088,23005.2721595688,51074.429717315,178886.125332979,120168.607323635,58409.1385235361,36841.8357951524,23237.1788690068,51927.6362194194,176325.095215294,119332.023178912,58424.011255531,36994.4023356384,23427.4774968331,52704.033321674,173668.401348122,118410.015630451,58442.4626078031,37155.7246733617,23621.1345434087,53480.0734931561,171103.996841822,117426.095630755,58432.0626652328,37312.5488522156,23819.0129084526,54272.6679741243,169832.515836637,116896.107512187,58569.6666291062,37567.8225883988,24086.5633420505,55269.2110448296,168692.189987878,116551.653820932,58613.8879616528,37729.7813532625,24288.518104191,56178.8881267349,167322.113049198,116130.273430781,58642.6985400493,37833.0077676664,24424.454654258,56922.3817813139,165894.108334613,115725.522735771,58729.7496484946,37977.8507760322,24574.8707470846,57631.1762738204,164197.993723301,115130.934280849,58754.1773669145,38097.8298420361,24713.5456249377,58262.2830336119,162454.519990673,114497.992401734,58769.038903712,38223.5311291,24864.5411636171,58909.2187993394,160636.151438204,113791.191854708,58746.1108428317,38330.629086453,25009.7459227191,59556.6767448787,158762.384923587,113033.923652226,58690.5333852779,38417.7588188088,25145.1581032455,60203.6268371847
271,328924.155776585,121042.804430366,33762.5689432899,16082.8395087959,7835.4300092628,34807.5428820396,295870.901214119,104188.341932453,28683.2384898796,13880.7909686109,6820.83747535283,31729.6467747857,297984.678959717,105957.477963101,26431.7653986191,12842.4212802953,6497.60844883242,32166.3345875424,298965.618332106,108342.963344784,26447.1050035987,12270.5125326959,6047.55212661912,32215.5973722308,298444.258751008,109534.684129205,26975.5875796888,12364.6829881079,5937.9665464279,32215.3805358134,297641.020272503,110508.035832124,27479.43659399,12610.1313168942,6017.83117015243,32425.1426381076,296799.015682308,111394.387484219,27954.2762735444,12868.9307840169,6143.02956819472,32765.7857280202,295900.188865648,112215.187258744,28405.7232331678,13120.1981939753,6273.29029007559,33150.2185051862,295472.37626928,113084.190982726,28856.3814186397,13372.0441494564,6405.80945353285,33576.0159056404,294752.708497341,113888.52141349,29273.1571339539,13604.6162466147,6528.88673052985,33976.2761042371,293789.231346897,114637.750834834,29696.9167826144,13839.9679454319,6652.20570523555,34362.0056887373,292583.50992845,115310.405379193,30115.1287405011,14077.9025208772,6778.41480718652,34734.2462593383,291237.601358295,115915.939693467,30527.3434118613,14316.7450404424,6907.16439450154,35096.7081391631,290427.399619919,116586.374706163,30947.4987795395,14562.9633697082,7041.65429323818,35492.2145179474,289180.23425643,117155.613560129,31318.4893929391,14782.2855131123,7163.32007076664,35844.8253476418,287620.757841794,117660.40354697,31701.3698979693,15006.2010420127,7285.69785848576,36178.7596811648,285820.076893934,118076.004825042,32078.3276774017,15234.3213086729,7412.27362160312,36499.3455911485,283890.955554668,118417.645141876,32445.3368588541,15461.9687170371,7541.29754235917,36810.4039146108,282566.150974495,118842.089481822,32821.9418845031,15697.7015840014,7676.55800757593,37161.1897536737,280820.190292184,119157.175172223,33139.8457227969,15900.3479892693,7795.52012580213,37463.9338477323,278918.538125747,119443.057708298,33476.4874806144,16109.9072730385,7915.75648457786,37756.6255793985,276631.189687017,119603.75746031,33793.3788829023,16316.2038462653,8036.25081083107,38020.9736660193,274208.061255975,119693.495724065,34108.6326945277,16526.2794520188,8161.11483918919,38277.767500611,272235.351257537,119828.546770214,34427.0919028038,16743.068810756,8292.27105393802,38565.6908133292,270029.15646016,119887.942389061,34694.6242469793,16931.2400516052,8409.80463108243,38820.7071286402,267433.567187797,119860.460222242,34957.6746098777,17113.7250276799,8522.36815256323,39042.9970281,264667.564312112,119751.370312694,35223.5561882706,17304.2904274866,8640.4164001651,39255.084537412,262133.808086932,119616.656770566,35485.8781819039,17499.1704440735,8764.18121510045,39477.5347129542,261172.811925266,119795.823254667,35783.9464566543,17713.4061982756,8900.34413041854,39809.9262750546,260003.357984473,119923.924082287,35974.7058536187,17856.1020959181,8996.81101968037,40073.1341452392,258826.440861776,120122.541366388,36213.620531054,18008.3365592537,9088.89052781869,40323.1521089622,257332.876924159,120203.562194805,36441.830236537,18162.310839622,9181.64674394507,40537.307750152,255615.474066728,120213.057600136,36665.2419965288,18319.8719495196,9279.42734690016,40737.5508899592,253760.657102945,120153.794155787,36877.7039908564,18477.1479748111,9380.15709486457,40930.2349495155,251784.089707755,120037.423679277,37074.6781138682,18629.2437875504,9480.50101779353,41114.1455903084,249695.177260648,119866.276566029,37258.2601491611,18775.8435811004,9579.18945581491,41287.4557565898
272,361556.328977892,93109.840073846,21001.406957485,9071.43234743311,4110.08667635296,18898.9081305941,340669.577918396,88198.8138406112,19806.6038933682,8638.09941431092,3937.93660211219,18580.938909518,344313.440549832,87033.4383125133,18357.6084806399,8205.51241950113,3851.41345119919,18841.53631359,345491.60715811,88611.9770596408,17857.6658489749,7573.58779887175,3509.57308041347,18884.8031399375,345910.448449749,89564.9895768873,18115.3631735318,7545.36747631906,3387.44216368676,18913.8962113732,345924.121615205,90383.5960239472,18391.8558107244,7649.20392039458,3401.66540517789,19057.662664035,345828.648690327,91140.6344049721,18662.6720495363,7770.43112516576,3448.35578154258,19271.5375334171,345668.915943708,91864.3120636433,18924.2671656616,7891.39778722341,3500.27557650388,19509.165440492,345919.564880015,92582.2999872763,19182.8389117903,8011.61163781086,3552.87529120022,19759.4195354747,345894.244116519,93275.1335251167,19420.2222125541,8122.09795562877,3601.33199619497,20000.1471074194,345637.969141906,93956.30526101,19670.3537762163,8236.4267835325,3650.52903107419,20233.8441382114,345105.777144251,94577.3386997082,19918.6392952553,8353.56615165667,3701.72222465847,20459.357229496,344414.251161834,95161.6926056253,20165.2437605493,8471.94627866318,3754.4435124888,20679.2985171834,344148.840660224,95724.5418540849,20408.197616262,8590.49533125365,3808.06343432616,20903.9735419598,343537.707548475,96266.731337944,20625.2415819612,8697.07068534868,3856.69547100386,21115.1356860506,342578.662221873,96781.9313081716,20856.3760243166,8807.53105501221,3905.78113015319,21315.2493667985,341332.49955141,97222.8214697001,21086.2591695498,8921.94285887063,3957.5785491973,21506.3206138067,339916.672693119,97617.5515457388,21310.3823106949,9036.45729011406,4010.7437093433,21691.0051037494,338974.495837418,97985.3569416552,21528.1213947048,9149.70855873175,4064.18506160052,21881.2478671498,337771.159386122,98353.0672517447,21719.16491158,9249.8293870485,4111.94222676813,22059.2298864546,336314.279451745,98697.8900303917,21924.590783567,9353.41732626679,4159.67799071461,22226.5143633689,334508.609066673,98966.6383534108,22125.3429939826,9459.365304131,4209.41680643102,22382.2210514532,332419.135504409,99180.2005716019,22323.0533535574,9566.44743958241,4260.89102254297,22528.4224557938,330702.402745864,99350.6655576396,22515.8478973521,9674.19184555808,4313.85992924188,22679.0262127513,328874.085741029,99519.1274271829,22680.6745194826,9768.99266405208,4361.70105384539,22821.0415033223,326639.267701483,99658.3432671755,22850.2618909295,9862.35667953219,4407.36266752542,22947.1389524884,324138.105676328,99723.7239823384,23025.2471442243,9961.73935082243,4456.19764344551,23062.5188317519,321700.699687191,99750.2132745258,23194.329943814,10062.9426138749,4507.77231308548,23176.3791615606,320694.968204191,99823.807796208,23357.5818634351,10162.4986775199,4559.88806782091,23320.4258334761,319876.912335391,100030.085105423,23473.221498461,10233.7067468876,4598.38124764535,23460.8079099999,318960.520506952,100294.062627882,23624.5747920264,10309.2577145042,4633.63287951253,23588.6252503007,317762.046487185,100498.697350375,23783.2650903285,10394.3626460702,4673.74955826388,23705.8280937238,316279.422642955,100644.936542098,23938.4927693047,10482.1014142235,4717.32771210308,23814.7112734582,314608.471937496,100731.629983478,24087.5316045848,10569.9443132806,4762.5598707202,23916.9797968161,312809.745472484,100771.666756812,24226.6027085684,10655.0694366458,4807.67951862527,24013.1280913512,310867.816345731,100775.125797573,24357.180718366,10736.8110974776,4851.71411532307,24101.7243481206
273,178514.001212269,121905.171459627,66045.1958701939,43716.5775523652,28751.9878067208,57201.1387628632,157170.246746337,111605.937960467,59313.1100490458,39281.0102635934,25922.7050170619,52062.7118520731,156041.848366766,111971.412867899,59840.4750371164,39878.3479910477,26433.8432738949,53514.7139467567,157195.316275837,113907.776997735,61379.8337484026,40912.4092507094,27267.1020520474,56113.2416608785,152543.796802025,110832.571612349,60164.5347341484,40261.1732610406,26889.592584002,56083.1517810855,153024.030978588,112589.563560639,61505.4204843494,41284.6397134016,27666.3879247976,58377.6327183577,150548.793097774,111200.657425465,61431.4484839489,41420.3761749742,27850.7753422271,59391.7008399686,148963.079800257,110873.341823343,61645.2170850868,41784.9471744205,28233.5233449799,60878.7738283177,147978.870818345,110736.065207286,62073.7179204133,42254.0844979402,28679.7301820982,62601.8569625859,146389.406077057,110125.581646728,62128.3340151593,42480.5482070412,28961.1458071659,64012.5763699995,145005.218892853,109801.305641775,62344.4068043899,42788.0919099959,29289.40899922,65557.0883046989,143403.389656899,109248.41474829,62486.4096877382,43050.7985667408,29580.5104677359,67020.06709556,141668.550501214,108577.194436812,62550.2090075295,43273.0226253863,29850.7235856663,68445.6986482665,140375.546932655,108093.290935981,62704.7375523186,43561.2643980843,30172.1180797616,70024.1742854348,138937.31686559,107564.416757796,62763.0920211883,43773.6996106911,30442.0520489307,71526.231006998,137197.81046348,106842.852713665,62737.6306160179,43909.7533395117,30649.1799363785,72896.4883868328,135450.483165871,106116.152261411,62740.3562849835,44075.0792874229,30875.1202739105,74309.2360809087,133566.624643498,105236.241586562,62662.9076129241,44195.9567245061,31076.8721265891,75680.2387487468,132064.627680589,104484.062934144,62629.6919062187,44354.8034091402,31312.5261913456,77175.1074198133,130548.622683922,103806.406538655,62558.5322361043,44472.8342711077,31520.0174865339,78653.029995191,128765.269382132,102919.686101229,62390.8297821022,44500.8924607223,31651.0890190418,79957.079485412,126912.865847915,102022.684301356,62234.3111198584,44543.3052718026,31788.7350002934,81267.5028017223,124923.264682052,100975.247677079,62015.4342940364,44550.7029713194,31905.552071446,82528.222439419,123199.170956007,99991.6301070804,61812.5857103032,44581.1764556341,32047.1431418604,83883.8003769175,121579.189683354,99128.6114097455,61606.5185519056,44599.847264666,32183.4930563791,85279.2424877936,119623.76969773,98052.3209303143,61278.4291202389,44507.8772414408,32229.3493842346,86461.5460453699,117573.886894593,96892.9886882322,60936.9816193287,44409.4700732146,32264.4859822262,87606.1929847954,115664.754259929,95747.0865565667,60610.8851340006,44335.8460262305,32323.2806810425,88820.8165210333,114608.570204615,94963.6993325723,60431.6772707929,44374.5457455998,32471.485336823,90325.9291797667,113842.272706256,94550.0530379145,60297.3695781414,44407.207439754,32608.6889218256,91857.0940918094,112753.339642013,93923.5220686477,60060.7238270511,44305.7496074828,32611.6202973511,92973.8326985144,111626.163076231,93331.481279565,59892.4632780121,44256.7365616444,32633.6398059261,94019.72726739,110429.946372075,92682.181969542,59736.9495506133,44234.3693947848,32677.9258025814,95026.0389758778,109091.651708317,91882.446714438,59494.4153504675,44166.7111398005,32700.4734682715,95925.3343571423,107744.781498585,91075.2574654737,59235.1054704714,44092.7897787121,32728.1089349395,96850.1260038244,106378.897773776,90240.9358914997,58955.8361621737,44003.0835434879,32747.322226231,97783.6287118335
274,367829.907828496,68822.0221604584,13315.9914041309,5516.37066913175,2373.50949184264,6417.83799381364,354380.223388186,65591.6920783915,13028.529673816,5556.90636787549,2423.54792201202,6456.63352451804,354558.690235246,66873.3792592988,12086.1029013662,5077.55310357691,2262.38299732307,6480.84301231375,354685.57404086,67694.4922818544,12308.0649884759,4991.07583218969,2141.22398315422,6434.1614511611,354651.434860801,68309.0843938945,12494.5392697272,5060.42792251132,2144.37979563353,6448.88925245159,354299.621082245,68880.0316621383,12651.4269137772,5127.12199993395,2169.49582688903,6511.45204267433,353880.305341069,69414.9550038209,12801.6635386788,5190.45300404921,2195.45674328121,6590.20707194486,353479.061369695,69932.0627518754,12947.2988929789,5251.59233706505,2220.59229833808,6672.49949247267,353538.883232579,70458.8881571793,13087.9452708694,5310.61914259784,2244.78992650389,6757.20298458093,353295.279285727,70991.3738478343,13225.4183738721,5366.74395202391,2267.32702668072,6837.80813240499,352815.133467753,71489.9436329444,13369.2786598078,5426.14452977476,2290.96020062129,6916.63495519357,352067.684000522,71948.8297141622,13509.2192128172,5485.79191353534,2315.35115847823,6993.85088321168,351259.820849147,72376.2251173876,13647.0713688789,5545.19627338576,2340.00881897061,7070.40313240265,350939.426404529,72810.3307450418,13777.8137718615,5602.24034420009,2363.98256010937,7149.08955799272,350181.113507309,73240.8162298566,13901.8869691007,5654.45415831117,2385.45610182249,7221.76247575427,349084.03342999,73624.0866746093,14033.2088485168,5710.3225604533,2408.0696548616,7291.82426259993,347729.357912832,73958.7543819951,14159.2096345593,5766.36131839468,2431.57159496138,7360.38452148472,346324.250165004,74260.7277804633,14281.3322056647,5821.32206820854,2455.03904362428,7428.1263974463,345477.215742551,74575.6216167251,14396.2866637317,5873.68333322988,2477.63486898562,7498.4622028521,344249.956926901,74887.8352454982,14502.6532694649,5920.08148059688,2497.15013547663,7562.13825391677,342753.269829341,75159.4061828899,14616.1759331667,5969.89818727391,2517.60112382964,7623.09776748514,340892.199394847,75378.9881601033,14724.7850193743,6019.92695029958,2538.90047204493,7681.38117329258,338927.166316572,75557.2808717276,14831.0347156668,6070.04143115572,2560.75827480407,7738.87968037318,337411.657150461,75739.0870933805,14929.8788409169,6117.86051259098,2582.08389146172,7798.7058443565,335666.25429915,75916.646194886,15017.4507359235,6158.90585920719,2600.13817655752,7852.83296398761,333448.841452946,76045.8365293387,15109.0500360655,6201.28059097545,2618.11057236902,7901.58571723054,331053.758345767,76123.329392973,15199.9943329221,6246.12192518604,2637.82345465156,7949.45949861272,329091.739044787,76198.6232078414,15289.1117775092,6291.36255728411,2658.47443039396,8000.33048889766,328696.255872532,76382.1553004291,15370.8562199718,6332.8415082951,2677.71044547565,8061.08029172843,328089.71616986,76621.0604857565,15435.8462597578,6360.75602709883,2689.52659196311,8110.58897056529,327291.523242018,76850.2288898246,15524.0706967951,6397.3346733378,2703.34757698315,8156.79480025336,326180.355383159,77034.510288692,15613.1949254579,6438.58878147237,2720.47881964888,8201.61050396728,324814.103136052,77174.7634449697,15699.6903252941,6480.710722276,2739.14210193911,8245.77626484109,323303.725228759,77278.7037150104,15780.9217817815,6521.80897424157,2758.04506103369,8289.10133490552,321677.331705769,77354.2917936684,15855.8129130738,6560.50905840183,2776.19849028712,8330.56281091218,319932.251985945,77403.2895326408,15925.5857015899,6597.04497807717,2793.44171685157,8369.59957330063
275,135675.449850507,107168.614776178,58754.5293254182,39356.8564729148,26217.9547434564,56118.5734386859,107606.424787709,88406.0959973962,48827.1746836722,32698.6632686704,21838.3709234501,47072.1494678321,116799.85493973,98550.5261677142,55450.234041921,37662.7077442738,25373.3894502499,55125.3269419658,112594.059330768,93281.8811438803,53354.6762958259,36555.4219905898,24891.5699863828,55238.5209936733,110601.63780647,92879.435901963,52714.4711697793,36306.6243284531,24921.7525801234,56580.9830680715,111683.380907688,94633.7844644752,54335.1793279883,37412.3421217771,25732.2165792193,59573.2367028434,108718.870152847,92197.6196154418,53392.1769949668,36961.0745551808,25498.5633112452,59876.520763197,108362.017862462,92814.6505375697,54029.5607631904,37558.0910076502,26027.8947321441,61933.8724100324,107447.65438123,92282.1292097366,54218.1490628215,37841.6804753938,26324.6399435542,63457.7404732356,106162.684206763,91653.9002360975,54117.9430845711,37943.0018865021,26511.57563914,64726.7141137456,105361.9088391,91529.1575353918,54399.6114785431,38267.7315286356,26839.8600692513,66364.237789354,104082.768193624,90860.3636451335,54392.5479924903,38411.1337943793,27037.6932899833,67666.4686524284,102843.455081313,90282.2394825198,54406.5434687793,38576.2254941099,27259.6511990666,69037.6309074983,101949.074030131,89862.5743203415,54519.3499064921,38811.1043788938,27533.2339019484,70574.3097418426,100865.761770085,89328.5554655676,54495.8519053245,38942.8473393073,27734.7858520867,71964.5349261587,99619.1294204496,88696.1951404668,54437.8577953181,39033.2668261183,27898.1200311955,73269.4065702487,98348.7832972949,88034.289455991,54393.3585593505,39142.0632807675,28072.8721218287,74600.4758306238,96986.7611092468,87243.6402004203,54273.1345976135,39207.660238973,28223.2259653471,75881.2170464835,95903.0798934076,86583.0946069264,54197.288693545,39309.5307220834,28405.8802682044,77289.5435013906,94803.7392175135,85973.2868742453,54091.600393591,39374.6651771157,28560.9051897502,78671.9412159951,93504.5642759992,85188.0972345934,53900.2707455515,39361.0436906951,28647.5520987433,79879.1028685527,92152.1735502221,84391.7146541863,53718.0729983647,39359.7329364328,28740.229503688,81091.5885777763,90710.8714721286,83472.1136565301,53482.9884212474,39328.2216814635,28814.7014685815,82255.262744506,89465.3584798621,82615.6824494678,53259.2580432919,39315.1456296287,28910.0958167784,83508.6291362775,88284.9497745341,81863.2500849923,53037.6962054056,39292.0782546853,28999.8485227232,84797.1602735093,86861.192625814,80922.5194531538,52711.8144669164,39172.9343655584,29008.3403532286,85870.222144841,85367.9578715717,79914.5595403851,52370.2283413248,39047.1047923465,29007.379605629,86904.2981125821,83995.8068434145,78925.4213500757,52045.4616223145,38944.3332000277,29028.5647849425,88010.3423653136,83252.7846958186,78269.8090151561,51853.4165782152,38943.9261184226,29132.1523764475,89410.3108623234,82696.5090162845,77909.2238162954,51706.8250204192,38937.6485473931,29222.8841842395,90822.8701885954,81906.6756621156,77368.2523555085,51478.6172701201,38823.0440431115,29200.0442850831,91839.3066766961,81072.849970598,76837.6963948064,51298.6747979529,38749.0603618888,29192.3301749016,92778.5425103885,80212.3777966038,76281.6878571023,51142.1762929505,38709.0277708882,29213.6160245544,93709.2679006656,79238.0469343823,75591.1213888339,50903.2029430214,38622.7939049636,29210.7867063902,94520.923580721,78247.4180010878,74882.456836001,50640.8856682802,38524.1063893447,29207.0528523205,95338.6062571353,77258.9264894302,74172.2711706691,50373.8577626436,38420.5098715226,29202.3877473503,96184.9462745412
276,315783.497346543,111747.271145776,33298.2654881935,16273.8755571014,8083.63150991966,30883.3936667946,297098.645914674,107992.660031984,32095.0503430484,15791.962487299,7868.95328159677,30016.549952605,295567.181225012,108406.594026541,31173.8991861273,15536.0616576329,7889.29092244924,30373.6363381492,295000.300619352,109959.777580518,31477.1770544345,15373.0284936271,7739.72098795276,30597.7262958509,293871.57935177,110891.827285544,32073.6315666985,15616.2632049947,7779.89444585749,30774.1347661273,292532.050303812,111701.560130502,32624.0698017877,15938.3114449911,7936.05787921083,31066.946659201,291138.886040584,112424.043565599,33147.2575980773,16259.8772082269,8116.96128921584,31439.6223038279,289657.006123542,113086.035491596,33644.4006627935,16571.1807105109,8298.64939333014,31840.4016619791,288669.023307234,113768.000871118,34142.1862547673,16883.7429788204,8482.61619756679,32277.0535469267,287486.249687387,114429.797989952,34599.6158286617,17173.1427981725,8655.16936468994,32696.5651990756,286079.025307791,115039.456841534,35065.4526370945,17462.971770446,8825.6874490601,33100.7877204685,284414.406664621,115559.453318288,35521.3343992638,17754.4762352491,8998.81576940119,33491.7187844764,282575.621377763,116006.2143257,35967.170215053,18045.9029963293,9174.89566507926,33875.3792614338,281241.481985964,116471.01968199,36417.6910628248,18344.6593437565,9357.74332556097,34289.9670475166,279616.274683857,116899.98002255,36816.2624864787,18614.2286529781,9526.79594420852,34677.5799894828,277669.895426046,117255.050401193,37224.0905609329,18883.7210560533,9693.0600583855,35042.8343370143,275475.985390166,117504.46087947,37621.2453054014,19156.7453883761,9863.47128390728,35396.5350438893,273102.700027176,117674.135298406,38002.3767975381,19427.2097824521,10036.3587367833,35742.3298520345,271300.238619017,117875.960083201,38390.6332135962,19706.3303719202,10216.9146415483,36126.7276563395,269253.875468472,118050.99149933,38721.2571733036,19951.4781045568,10380.7287764617,36482.0530214267,266987.667637797,118165.031395214,39061.5699740023,20195.3159818149,10540.2535390734,36817.3217151947,264391.406790803,118165.675946455,39383.7581552528,20437.365512026,10700.5275117736,37130.6348753034,261589.355858555,118070.967963878,39692.4733213621,20678.6488194785,10863.9366280187,37434.5836336923,259217.15876807,117989.431062747,40004.3767737467,20928.0326423132,11035.554503676,37772.030190326,256770.068723195,117893.63464369,40266.6800815502,21148.7145847852,11193.692554034,38093.4837806824,253937.156945193,117711.861488352,40515.3201631719,21354.7864266038,11340.7935685656,38378.1319697653,250886.275386857,117422.61580743,40761.3239401994,21566.1081086926,11491.3800274231,38648.7035207252,247963.423512625,117087.410007597,40998.120452617,21781.1796184289,11648.6339565948,38928.28402279,246596.221673771,117007.997418481,41278.8614084646,22023.617398435,11824.6755845056,39320.1249503752,245316.846380652,117049.349455418,41466.6433489008,22196.5350394955,11960.2330519058,39670.2138203346,243922.005371272,117107.633718403,41689.350969569,22362.5192110357,12077.8046844139,39974.6141540644,242273.665660263,117077.532987616,41911.5774761609,22535.7959453511,12196.6673119213,40244.2574582522,240384.311739065,116958.702777504,42120.7284783047,22710.1459519985,12320.0211137011,40495.9004963615,238362.932415137,116766.880801497,42316.2851156233,22883.4981158432,12446.9421627708,40743.9966029106,236228.51251784,116515.553931728,42491.2018757901,23049.4973723137,12573.0402436341,40987.6753743756,234003.128713579,116213.108563636,42649.5515884718,23207.7691263827,12696.5297399022,41225.6302125334
277,376916.302699731,82842.9416488648,18241.9014585895,7803.85379807608,3414.2641907646,9027.66038341486,363910.585382017,80181.1730472476,17735.4915502275,7707.23039790761,3398.06341975261,8997.55974797621,363658.989325135,80709.8651115955,16421.2971757413,7173.70218241636,3248.18612124183,9047.86930928358,363599.250030402,81866.9088055313,16514.4906298728,6924.59934118623,3039.70647092946,8976.65469506483,363376.617793638,82717.090541365,16802.5174001787,7004.70455451465,3016.86009737978,8954.91697031071,362814.435153258,83488.9795681142,17067.3549692025,7122.46799088302,3057.82881020505,9016.93036368228,362153.80446975,84207.4870800364,17324.5485650336,7242.45423246558,3109.83493643335,9118.28664698688,361442.218074842,84899.6672578089,17573.9203450127,7360.32099780411,3162.86263142029,9231.70106063984,361191.785813229,85583.3639369893,17818.0951824055,7476.25799311645,3215.43249814745,9351.45013977006,360694.204661663,86271.8383067205,18049.7701951411,7585.29111919857,3264.84072991891,9466.63482276396,359915.712203301,86924.7896027203,18290.4022230309,7697.85186678998,3315.12955153581,9578.53899140656,358864.147114301,87526.0054605644,18528.0993968374,7812.28232031249,3367.18921411898,9688.26167341384,357676.201386107,88090.7465934993,18763.291868463,7927.2115513074,3420.34406831866,9796.91982995429,356976.095455543,88640.2533476109,18991.5414995301,8040.5442628546,3473.49712244614,9909.12610874913,355888.659515465,89188.7727914621,19202.555675066,8144.33915095268,3522.35055925404,10013.7327529717,354422.386754821,89686.7106974453,19425.0596789478,8252.67898575859,3572.31749258068,10113.7590669524,352676.864856326,90119.9029759898,19643.012672306,8363.20548752556,3624.53203540696,10211.7036870996,350797.842913258,90511.2281563596,19855.1839814502,8472.89348659315,3677.45997977473,10308.3869018283,349473.788236973,90892.4719213383,20060.2761770862,8580.63542188458,3730.15978496891,10409.3559224582,347827.133429077,91277.5607841774,20245.045273342,8676.96868067944,3777.58942104912,10502.1471335631,345912.761256284,91618.480298052,20441.6823240563,8777.46048053665,3825.71671555655,10590.6099294293,343590.625050901,91892.29668466,20631.3377142459,8878.84582410786,3875.45120012196,10674.783282849,341098.113931823,92112.100644197,20819.3461023428,8981.62988981881,3926.90154296601,10757.8910837399,339039.148303395,92311.0140777846,20997.5212504082,9082.28753378766,3978.51458908025,10844.7986136316,336805.459197888,92511.1006193499,21155.3079369064,9171.53258820648,4024.97862211763,10925.196337593,334120.43716317,92662.6691822809,21318.2729804012,9261.45104972535,4070.5654301424,10997.9689936125,331193.031886636,92741.3698858731,21481.2547489243,9355.50301062068,4118.99458826658,11068.5193539445,328551.910289327,92803.1081952618,21641.097337529,9450.98635558905,4169.66449926826,11142.6127440154,327521.15060314,92945.1298898795,21790.1271310941,9541.88218234923,4219.04440288023,11231.9615303173,326517.191667564,93203.2061184165,21905.549922088,9607.94148091644,4255.21030570109,11309.4409098849,325354.833045301,93461.5260866721,22051.8081267639,9681.7709943781,4290.75044364383,11379.4422403459,323890.754626544,93667.071481225,22199.7153175042,9762.26748411626,4330.58114729898,11446.2102170417,322133.14225194,93815.1002228797,22343.7817881614,9844.211275509,4372.91185717183,11511.6633966412,320215.53039909,93912.6680919105,22481.6556016456,9925.74099264711,4416.35988481547,11576.5033696403,318155.591337854,93969.7818527271,22609.4496803991,10003.8741664731,4459.09478395547,11639.1805672352,315975.362640441,93992.1605023596,22730.4420391659,10079.1601822376,4500.80275665707,11699.1217963284
278,257576.904744294,62067.0992545188,13063.6368244845,5586.04285665292,2556.65812718259,14509.5473655029,241861.330700428,57782.7978332552,12378.0628673818,5456.7797440713,2530.17685375788,14268.1155576057,243439.09005979,59155.6527132011,11477.9334508783,4929.64544625074,2342.4752012657,14514.2092313855,244508.674363567,60080.1748075861,11652.9283063384,4824.13462899518,2209.35071427839,14639.6070572099,245335.871644676,60837.092485579,11864.6088204852,4891.83728825168,2206.37865980825,14818.4788485421,245978.90257111,61554.7411992416,12065.2821906934,4974.9647157153,2235.98390149097,15049.5953885045,246584.158319155,62248.3785188441,12262.141367952,5058.89047213554,2270.51729809414,15302.3845915997,247235.413310039,62924.9652114956,12456.4921908721,5142.06389757165,2305.39947610228,15560.6256624047,248168.788048981,63609.8538331433,12644.3053973004,5222.89788853673,2339.4972123968,15824.2601372453,248904.694019367,64303.3691317079,12832.465010547,5302.0305444795,2372.25599572802,16078.2340149334,249487.987176759,64972.6040012485,13027.6199713691,5385.19939369375,2406.54331507063,16328.1928675777,249912.135331883,65615.7200093252,13222.1044188561,5469.98394984482,2442.15447107013,16574.840796487,250320.243876427,66227.6793520314,13415.5899385972,5555.30972370391,2478.42989702251,16819.4919457103,251009.529132643,66844.4381185939,13600.3043287052,5637.89439522506,2514.03053551533,17069.5195784397,251372.604297218,67456.3345344456,13782.0535475769,5716.83678412623,2547.3761916244,17304.0808313304,251522.024449756,68030.7390442905,13972.003275396,5800.62326424766,2582.55893395092,17533.578314011,251502.9844276,68570.109107101,14159.4671353187,5885.81916631966,2619.1956760635,17759.8120916624,251458.955535971,69073.2564962011,14344.3150466422,5970.80869850674,2656.21596788631,17983.2919832409,251754.70839929,69589.0928482496,14520.1064906532,6052.8498874134,2692.44820189511,18214.84608935,251709.332829163,70088.9373252843,14688.6516088232,6128.87517454573,2725.23362888059,18426.1775936961,251502.051736459,70559.3624748359,14865.7015129611,6209.84095652306,2759.82146661163,18633.5133858374,251029.470274389,70987.0675288279,15040.3581109934,6292.03012074855,2795.70325821717,18832.7040454065,250500.994374781,71375.1840775001,15214.3913110136,6375.62197056081,2832.84359881177,19029.8102645015,250250.751259032,71770.000587502,15380.7106368596,6457.14635992223,2869.78318578854,19234.0170100754,249754.69493485,72146.755764836,15535.5391492064,6531.43808252232,2903.02870504812,19420.7196043483,248940.44848794,72480.9665265793,15696.1234796408,6608.39294122684,2936.84986235579,19594.8857155516,248001.379417409,72777.0234324647,15858.618050234,6689.35683311982,2973.27636111043,19767.0943164192,247375.056006951,73053.3062111454,16018.0268599975,6770.66522638151,3010.81722519417,19944.6340290725,247774.762480428,73434.7552999321,16164.7296347153,6846.15342393,3046.42030151964,20150.9356902305,247826.603495209,73802.2708620234,16283.2053349337,6901.12766788338,3070.73451045822,20315.2428311842,247755.279483917,74169.379128014,16424.2695863687,6965.21605002593,3097.34628182022,20473.810782897,247456.399014701,74495.6324263932,16566.9376722308,7034.10536618651,3127.36406399313,20623.9060913623,246988.107909618,74787.4845399717,16709.5115171755,7105.42523787903,3159.79601782816,20769.8690006194,246424.746768406,75051.9977596505,16849.2777054686,7177.22098102967,3193.38921891279,20913.2456690161,245770.699442936,75290.5697336912,16983.9238111547,7247.45340407343,3226.78156619364,21051.607638434,245015.645720354,75504.5367640933,17114.2357884832,7316.09753868187,3259.63593315932,21183.8644446064
279,332843.442157187,73352.0567615148,15786.3545644799,6722.9459539604,2936.46783693547,7380.59840620123,310593.748561764,63906.5555650691,14447.0986688162,6392.71250146148,2839.5899305457,7225.68892733104,307232.068296616,63143.8455164018,11563.2893504561,5150.35324798226,2442.02270558152,7112.43875077756,305745.112335171,63649.7444387186,11290.8424862457,4629.0161216768,2062.82297050093,6868.7896042886,304633.30671639,63993.1716500692,11372.7368716261,4583.51587754835,1964.93424154611,6738.73537934088,303365.949392021,64282.1642765444,11466.7038711908,4611.05497174913,1958.45222329499,6730.04436554127,302077.624342013,64526.5782059895,11555.2439451218,4646.40690055125,1969.44525450231,6775.33072626261,300773.61300858,64751.2834553927,11638.0766777301,4680.50807858418,1982.4660210698,6837.66454265767,299945.413558252,64986.1586450918,11717.2373051987,4713.3344153051,1995.3141358648,6907.14178368092,298967.639978285,65257.3255116952,11796.9819485277,4744.80252037606,2007.2775057635,6975.99284742649,297797.516182783,65491.6025979592,11882.5200257866,4779.19411887096,2020.14792124791,7043.15518910788,296407.881129697,65688.7453721682,11963.8173242858,4813.51663856141,2033.59724837029,7108.57111423642,294913.751980161,65846.1437000891,12041.0914336013,4846.71723176367,2046.88608257424,7172.27812686762,293882.951890796,66007.1118400502,12111.4838891239,4877.70401494146,2059.54014709683,7237.81840721325,292607.983466782,66202.0037041686,12181.3089363681,4906.30284435307,2070.74760316079,7300.21893798684,291018.56750275,66343.7275566073,12256.9690039996,4937.9678027567,2082.83061358403,7359.41183041221,289232.272351354,66436.3622332064,12326.2518142187,4969.18144112809,2095.48907188645,7416.7929908022,287336.318369235,66489.4260986385,12389.6649363811,4998.25038372795,2107.57077918938,7472.03667774679,285973.404256166,66550.450101674,12445.768194695,5024.79901279296,2118.78842777865,7529.4998657485,284392.985160098,66652.5324486169,12501.3196773487,5048.53046797187,2128.26115883085,7583.43781713275,282603.786272914,66710.2582932136,12563.5290855483,5075.73097310629,2138.72245909337,7634.69735241557,280531.664869187,66724.1423359141,12620.7402561925,5102.76237077664,2149.83332652531,7683.40996113617,278319.654521622,66687.7352616026,12673.044803565,5128.59949123204,2160.83580155897,7729.909589495,276499.145030695,66647.5920630356,12716.9173373893,5151.66480001659,2171.03588095676,7777.77750678731,274605.248367436,66642.2058248654,12757.6990662544,5171.30155003057,2179.36677441467,7822.9621347372,272349.655910828,66600.1551505064,12804.4406562726,5193.22972755562,2188.07225747186,7863.77487146934,269917.888012315,66499.2607643565,12847.763636536,5216.25017179843,2197.8951260944,7902.61459901402,267749.837128931,66371.1682946191,12884.0093772496,5237.2027218877,2207.47970818368,7941.60976771641,266927.499964736,66336.4023504826,12910.2565832433,5253.58593590539,2215.31830031975,7988.98668752268,266154.740998403,66449.0688019198,12942.855986911,5265.91368540632,2219.78607319559,8032.862138468,265245.70998017,66548.458381783,12997.9773814541,5287.89290109332,2227.06433298217,8074.45548186207,264104.37168051,66614.5190282283,13053.5587597539,5313.70592205333,2237.30430570123,8115.09048539631,262747.045637775,66636.8079925191,13105.7842444469,5339.66545845064,2248.53256351678,8154.35223818876,261273.26953136,66623.902886387,13151.997083519,5364.07000817664,2259.63920457626,8192.15065381778,259705.423732172,66586.8893668874,13192.7616204997,5386.25686398345,2269.96771330432,8227.91533527712,258048.668740618,66528.414776595,13229.682832887,5406.80548691192,2279.57438490768,8261.3743776491
280,351185.895867014,68607.4179236207,14810.407290816,6571.93246362809,3146.81083725113,22740.2908863004,334699.688567405,63202.1544436133,13834.0571997954,6328.93615010114,3070.53122779965,22379.3640157352,333530.365351766,64154.6128586293,12234.4633421627,5547.95157633317,2803.87844625072,22498.4902753227,333042.251527347,64835.5391865139,12309.3914375562,5323.08009846336,2592.12168783287,22586.3125344581,332497.955248829,65329.6066734365,12456.6899745125,5352.39808247031,2559.95777793349,22760.6349518164,331673.148549855,65771.0919567531,12588.5663845048,5403.7910879043,2572.63171757133,23002.784954945,330805.519137509,66174.4474159925,12713.8298503456,5455.55506154899,2591.74751607695,23271.7799929149,329940.024673316,66558.1144374656,12834.1476554567,5505.34680019943,2610.92573872292,23545.475969316,329559.826271689,66956.0902926888,12950.0013962519,5553.56130535839,2629.674315072,23830.7549754121,328944.710354551,67375.2150156362,13065.9225020591,5599.81573653396,2646.99978778867,24106.1503870896,328108.961990361,67760.3788198707,13187.966602561,5649.373955667,2665.33395695992,24372.8847340494,327039.220780811,68110.1772275815,13306.6181531908,5699.32652168293,2684.44425011784,24630.9643715489,325908.33896024,68425.5159377061,13422.0528448438,5748.60618424462,2703.66630799047,24883.1644086578,325245.833499164,68749.1925976138,13531.052639623,5795.88469010611,2722.5177995289,25144.7804334739,324249.567676318,69089.4146844713,13637.2527695186,5839.69239155966,2739.28455099864,25391.8718993472,322928.809071797,69382.6391543511,13750.249594879,5886.94619606606,2756.97404733723,25626.7071660184,321389.031665858,69630.5033958182,13858.3449267374,5934.48184816096,2775.53176692212,25852.9906219709,319773.20331473,69843.0253668709,13961.1372980252,5980.2927916619,2793.76798509109,26072.0901318447,318709.410434811,70068.0038362372,14057.3346914906,6023.86710943055,2811.43034335757,26303.6196918988,317337.896822943,70313.0108724327,14149.3696828204,6062.93320968927,2826.41735200481,26518.7447463527,315749.477081061,70518.5915833109,14248.9332665003,6105.74370526006,2842.36960165975,26723.8061459427,313824.333803804,70680.7950928156,14344.0292970589,6148.73481863711,2859.05243829489,26915.4205860294,311784.719965289,70795.9465433667,14435.9416200593,6191.45814173563,2876.0927436429,27098.8692236429,310190.773686217,70914.3272513904,14519.623502723,6231.71852256707,2892.70909302845,27292.0007058262,308423.742097696,71050.5676782185,14596.6730737367,6266.66434482356,2906.47594896053,27472.1722987878,306246.067763752,71144.7119632382,14679.6945664176,6303.79006741293,2920.32106710535,27633.5783753551,303897.42405943,71186.4519883078,14760.7821290742,6342.94456434639,2935.7224000791,27786.4345793982,301916.295443464,71209.0419008281,14836.3248291102,6380.91281906326,2951.45753000255,27943.0905427282,301397.739067362,71332.1314969914,14902.278094888,6414.57782017072,2965.96351995578,28142.6175157215,300771.997722037,71550.4913081199,14962.8984220596,6438.65164597149,2974.36567633686,28321.6150421363,299981.279121188,71754.8654895656,15046.4138313815,6472.19306556548,2985.18769522729,28489.0511279505,298913.270674867,71922.1578040459,15131.0917849041,6510.5157916009,2999.48766281495,28644.2520507387,297603.987450814,72047.159374937,15213.2616885094,6549.87431060093,3015.52421167421,28789.0744323811,296170.054819069,72137.5353389971,15290.3174853533,6588.35126730773,3032.04780875295,28926.8833721469,294632.886363562,72203.240591784,15361.1827566491,6624.44684766087,3047.92011722711,29057.1403603498,292990.679649313,72246.2232026149,15427.7132965424,6658.55074259462,3062.91980217359,29179.1083470436
281,341384.86630086,103622.521782972,27045.9563950514,12367.5975764804,5740.38179962987,18245.9434611765,319483.86991445,96333.519470056,25228.3570858754,11699.2608914133,5468.1586105189,17609.339086193,318768.074490465,96659.5454625214,23433.163605514,10984.7453190431,5276.49134187086,17719.4882344792,318661.504925058,98305.1470244663,23462.8572763386,10575.6646048123,4964.04020307339,17669.8961669846,318101.465954569,99330.6015477525,23907.826184372,10688.0244994747,4913.46126512704,17645.4910005494,317171.848711562,100179.955137286,24315.5712165938,10889.0932672753,4987.07762734599,17756.8490423737,316174.294369661,100955.019234395,24703.7375675107,11096.1439332566,5087.2842946109,17949.9675661936,315150.780102854,101690.222307763,25076.7523625034,11298.5840048336,5190.4068359448,18172.3105427311,314576.094963104,102441.173306134,25446.2956380032,11499.8545852421,5294.0569441332,18413.5437031533,313738.038988177,103164.14140115,25790.8877667702,11687.2942518099,5391.14608575418,18644.0505724821,312673.350979864,103843.640353999,26144.916528051,11878.2945126813,5488.90439921293,18868.1691998884,311342.66273122,104453.209146777,26492.3334797825,12070.8902486519,5588.88961333047,19086.0830959912,309892.894288473,105014.451021066,26837.2207792851,12265.1334152418,5691.28598940996,19301.8771020123,308923.186421896,105587.07948149,27178.8761234485,12460.7710499663,5795.9287563321,19530.0735562829,307575.947943253,106120.919499324,27487.890869009,12638.1427653838,5892.07579235353,19740.5679561854,305905.548407118,106591.97369996,27808.1597113983,12819.7705572794,5988.87396295818,19941.1977699584,303961.182465485,106979.646879019,28121.3212379238,13004.1895561327,6088.93290070158,20135.8997644967,301917.662522316,107313.963371085,28428.2701098883,13189.0684024044,6191.33534669845,20329.1429439042,300405.768832531,107669.106373348,28731.7350871929,13374.8782719164,6295.79770226641,20536.8921946076,298596.180955082,107992.917958259,28998.8820266907,13539.6303065054,6390.10371332148,20726.6130093766,296540.860719211,108264.757274583,29276.745443904,13707.3407233402,6483.96862685489,20906.5287454966,294137.028743621,108444.876778639,29544.0984205456,13875.6342918017,6579.74766837594,21076.2620535243,291564.951682538,108555.496818577,29806.4735478394,14045.5453361245,6678.46826176201,21243.0248404783,289419.427279066,108672.606732624,30065.2128364456,14217.5136029467,6780.34928317524,21423.3993263758,287113.724807669,108763.358054257,30287.9595598112,14369.3546869722,6872.94506071611,21590.4192472521,284404.398521301,108784.209040271,30509.4112858655,14517.2476652046,6961.74033554129,21740.1479232597,281484.40778166,108719.94100016,30731.2523296893,14671.0325924333,7054.62041608113,21884.3751582211,278801.483981624,108635.950413253,30950.6462759614,14828.8064141224,7152.35483466059,22036.6323176945,277662.839893368,108739.650540237,31181.2992977151,14993.1003514603,7255.10755061941,22235.8218805121,276507.756888039,108916.933211227,31345.0459319118,15110.0100015755,7331.6920841295,22406.7556473532,275243.153630569,109112.512660346,31544.972603596,15231.8443110922,7402.86407298114,22560.2210026051,273714.329109534,109231.056221173,31744.176666821,15360.5821976399,7477.82277290979,22700.3702473507,271914.165925254,109274.509437079,31934.475390916,15490.0779238408,7556.0460049466,22833.9019832674,269981.944430084,109258.669960637,32117.3040087001,15619.8430772105,7636.74329308216,22966.3845181665,267930.318185176,109191.797162855,32285.39627143,15744.7322406311,7716.81025724206,23095.6181136191,265758.268345351,109079.623307338,32441.8722668339,15864.5139539741,7795.12220743236,23219.7842282513
282,291599.660807966,119266.2469652,37751.5130424014,18774.1616614103,9331.29478200914,19902.771174531,268718.723616657,113957.901098943,35742.9079571817,17850.7774593504,8894.31749741612,19014.593305423,267273.986616884,114371.897771316,35115.5404384574,17780.4450274365,9020.07519069719,19427.5047474158,266757.172065842,115874.5082127,35432.8858447071,17655.6119528509,8912.91304626652,19608.0569229399,265411.368454976,116668.489196436,36074.4340952404,17931.4583383308,8976.45154559612,19719.4383238884,264118.073048722,117420.359378228,36685.5230915668,18313.4881740087,9174.56379753439,19957.3746692329,262693.001851457,118037.319137463,37250.8103626756,18684.7915390992,9397.15336284808,20282.2859963026,261184.654687249,118594.646667809,37786.20523325,19044.3861866213,9620.76348996363,20649.1474135072,260131.071743558,119177.563192495,38323.1359836861,19405.3188265677,9846.85474282866,21048.5236930817,258925.490014615,119746.332203775,38814.9950840898,19739.4851476583,10059.4582713075,21439.2159346372,257519.684191481,120254.301770313,39312.0456859077,20071.4248104034,10268.1770809346,21821.1145586301,255894.775698737,120668.378824383,39796.2960164923,20403.9938942018,10479.1374274354,22199.681721688,254086.024959791,120997.426606112,40265.2258595662,20734.0755417383,10692.2285824107,22578.7504407368,252741.454408564,121349.929321156,40741.4969728444,21073.6493465811,10913.6569055931,22983.3289515533,251178.375169751,121678.347119398,41161.5239986404,21380.7275298677,11119.5417839197,23371.9622179385,249284.449994701,121913.082373714,41583.7924812151,21682.6286185415,11319.3968521961,23744.5358045269,247184.397314171,122037.03299399,41996.0431450209,21989.4322803536,11524.3587324422,24116.875670623,244887.472861855,122065.345751422,42382.7632436523,22289.8482850045,11730.7055975294,24490.2336578257,243124.51135801,122136.31370437,42782.6805893355,22602.2116689732,11946.9165292823,24895.6022739024,241194.266172277,122195.528371943,43119.1468362463,22876.877823747,12144.3650485274,25283.0945863063,239041.21411588,122181.102608305,43459.5137631914,23144.4487466021,12333.4865664899,25653.2805984425,236606.509308404,122049.750744076,43780.8781163294,23410.4424386474,12523.3035686399,26014.500670945,233936.05578302,121803.419807283,44079.4930734257,23671.3195086569,12714.5614369859,26373.7963570418,231664.548129632,121573.408299623,44386.1757577665,23943.898720648,12916.654505671,26764.1718329935,229378.947387216,121347.85410986,44639.78771358,24185.6427163403,13104.4064171775,27147.1340019157,226720.564935789,121022.608568698,44870.1148479291,24404.550736396,13275.6641104547,27500.6624715097,223869.786794935,120582.156396457,45098.0495243742,24629.0177261023,13450.1710274464,27849.5193525767,221094.112945805,120083.898007323,45309.0590212216,24854.6765923226,13630.8489320359,28210.1382604133,219723.306201615,119870.148363348,45578.1422841105,25115.9121991326,13835.5476336585,28650.5598514056,218528.188686882,119827.135780326,45759.216580458,25306.5664215841,13997.5942097515,29050.9978765913,217203.227544317,119784.746457643,45966.5702258887,25480.2218498377,14133.0630745695,29394.8833858649,215656.168506347,119663.748837038,46178.9921714284,25663.7082103951,14269.6184753876,29709.3245980457,213891.484955598,119437.433808408,46373.0634339789,25846.5350676102,14409.9029359522,30011.1753644976,212001.204533362,119137.107522911,46550.264749047,26027.2775386952,14553.9564074552,30317.5371222382,210012.363588999,118771.883808407,46703.75552272,26198.9500546725,14696.5055505803,30626.5542076326,207939.948135832,118353.677349442,46837.2347584172,26360.8916702279,14835.5338247408,30936.3712926902
283,333836.597589586,105741.578791018,28713.2774904233,13461.7083329106,6452.95019434365,25890.5800763087,315632.108594333,102818.32244527,27990.2197573161,13230.0632582165,6366.37490201759,25412.5408327571,315065.060834619,103229.61730718,27164.808963881,13011.6022169641,6381.30502205362,25734.3291726371,314687.928503949,104770.017174567,27388.8038243661,12821.189024044,6225.31105987403,25905.2055157897,313876.572085063,105766.114609391,27924.3794606073,13026.1243288507,6248.87000126698,26053.9049660787,312761.21388957,106635.381136469,28413.2784042809,13294.0870394748,6370.47759684814,26299.2760342812,311594.828425465,107440.09697849,28886.9567643266,13564.9799696809,6513.12440346145,26610.3218350409,310361.720179331,108191.19562177,29341.408792146,13829.6657789684,6657.40674319555,26942.9191775075,309598.006852053,108958.147474367,29794.9139516747,14094.6206948506,6803.18203712286,27300.3974520195,308590.048039096,109687.579214291,30212.5129378044,14340.2593726524,6939.80585109412,27641.4143449339,307356.522680348,110381.38174695,30640.468673895,14588.31610179,7076.04564914203,27971.1142608807,305854.5626405,110992.591669468,31061.8687580902,14838.869903681,7215.03727035981,28289.6927747036,304212.577447754,111550.026315587,31478.8677712232,15091.4689689601,7357.45026877392,28603.9188674439,303063.05064878,112114.991935439,31896.2807595755,15348.2117998413,7504.23541437578,28939.4116558048,301545.819951283,112630.009972319,32267.2298212718,15579.909286912,7639.49050367879,29249.6700269591,299714.269125568,113089.40852231,32651.4487808825,15814.9032212286,7774.32348696375,29544.1532973944,297613.543589045,113452.286310096,33028.6374071561,16054.0254166952,7913.2997552955,29828.0736771769,295370.807174532,113751.657441503,33395.8576985659,16293.3009287952,8055.46969282388,30107.8529593581,293681.351697053,114070.354614969,33764.6241168747,16536.9795828241,8202.27845820046,30413.5528562986,291704.054717107,114349.245058957,34082.1780753178,16752.0062593593,8335.39432397341,30694.3544517159,289501.034870216,114584.529962487,34412.6340933876,16968.5847375861,8466.52081869547,30959.8190113826,286953.747216609,114712.344763606,34729.5078868657,17185.2606837541,8599.32265808121,31207.9003141102,284208.218444691,114763.906041928,35038.5635777517,17403.222317199,8735.72398605314,31449.0813912889,281866.878636074,114813.164338996,35347.4846949423,17626.3594931787,8877.78586523442,31712.3135569542,279424.745536807,114834.605064483,35611.0696029871,17824.976641119,9008.85097211059,31961.4317206582,276588.171294244,114789.738093878,35867.2403493848,18014.010868475,9132.56262678499,32182.709239702,273520.283259699,114645.229483208,36124.1684928347,18209.2341778644,9260.162463641,32392.0577055789,270651.478944591,114475.833725377,36379.0084938466,18410.8886596871,9394.98225503621,32612.9689155986,269300.063660366,114500.402492297,36655.3367685284,18626.0935312042,9539.88611942999,32911.2661843195,268034.151021719,114616.338113693,36847.2045590292,18782.3125951308,9651.86670321108,33179.231843498,266682.389075826,114771.814467378,37073.9116505663,18935.6648325891,9751.32755142603,33416.1320534145,265038.297224725,114834.754107952,37299.8828190011,19095.2323161753,9852.35604173379,33625.4022587391,263149.224329689,114821.615904153,37517.6819850221,19257.6657085094,9958.30172678699,33822.6113150833,261104.918125733,114737.408035934,37724.0577101184,19419.5044289182,10067.2961193948,34015.4733870142,258947.878914451,114597.297117408,37913.9987574552,19576.2311156145,10176.2123682886,34204.6729389099,256688.164832299,114409.577736894,38089.5843601596,19726.6494780358,10283.1802041909,34387.9160496281
284,327085.205760458,79882.0742374064,18770.2307607542,8364.62827731084,3900.5491451596,20512.6852942976,309595.725724991,74995.496529484,17912.6433945368,8193.28613885052,3861.46866859032,20195.2654318168,307800.395564661,75912.641803517,16373.2804454668,7410.36152079836,3597.34516686347,20275.2050507464,307312.635952924,76786.3621248393,16571.5466113773,7223.57244458853,3383.7733612217,20301.3715025372,306825.775355446,77475.5532363318,16834.3680137373,7311.92944586461,3372.83049521735,20421.4395657106,306111.245735627,78102.2840734191,17073.3837521363,7422.04201228222,3413.70857804202,20626.6266102496,305324.784600731,78684.310515915,17302.2869754472,7531.29446723795,3461.82294409043,20865.7342529869,304570.131928504,79247.2065152074,17526.49733571,7638.79301545816,3510.39494156581,21114.0485644798,304225.142351851,79818.8302501096,17743.2140868484,7743.61840574412,3558.19137251215,21372.3210272433,303676.691242851,80412.6717448479,17957.4943608903,7844.68374191292,3603.7027256194,21621.5309156748,302926.772956083,80968.5369111063,18179.9855165479,7950.30444001529,3650.74939314248,21862.9911058304,301941.627187401,81482.6463847345,18399.0486437498,8057.23872638433,3699.41083577222,22096.6725907301,300920.114600251,81959.6630361238,18616.3514538048,8164.90599255605,3749.20807390518,22326.5451638893,300299.502423159,82440.4682504898,18823.2805589569,8269.43114941408,3798.46057447356,22563.9493361219,299358.867193986,82933.952061003,19024.573746322,8368.15751045263,3844.45334799857,22786.9952245796,298124.56829724,83371.6762400843,19235.0096969321,8472.05698428303,3892.14674572904,22998.9971960981,296654.958414814,83755.0666976142,19439.4528628882,8577.03767498174,3941.68092647332,23202.7142013969,295144.984212603,84098.3889264882,19639.7728960843,8681.59408420944,3991.95216987508,23401.8742994149,294111.346029744,84450.0567617562,19829.060992019,8782.56168160261,4041.41050236825,23611.137049583,292781.813320803,84816.6047483707,20009.5695490988,8875.55086791758,4086.42200849695,23804.0596199658,291235.547158115,85131.9112665872,20199.4710724058,8973.58121934244,4132.85252810772,23986.7837855942,289363.853846652,85391.7435972958,20383.1277411273,9072.28743650478,4180.87157311567,24157.2637417513,287389.62878874,85596.6705671193,20564.0736433291,9171.95099928541,4230.36674971707,24321.3901898238,285806.083416485,85799.9098494464,20733.5831244064,9268.54583580198,4279.66567099986,24494.204435529,284045.982181338,86013.1005319285,20890.2194819926,9355.82635385267,4324.2016022265,24653.5006619653,281889.925948013,86170.0968934236,21052.834091151,9445.29140410689,4368.61601709856,24794.5196418234,279556.227001641,86260.9602752856,21213.4482894292,9538.4254676089,4415.97006380907,24927.7050051438,277604.400777105,86333.0118983221,21369.4617430115,9631.92395307074,4465.12201257593,25067.7219250339,276974.266656321,86519.2698553817,21508.9911456861,9717.70414904851,4511.64956860506,25246.3402596059,276261.890979668,86803.4027796789,21631.674400915,9783.54484630166,4545.85529346935,25403.9065194292,275378.205696789,87064.3424345049,21780.7739594212,9859.16308186395,4581.20244017965,25548.2295243714,274238.538835099,87275.7055152628,21930.0458554188,9940.73241661529,4621.05193780514,25681.9165796499,272865.583685901,87433.8626805751,22075.1655383499,10023.6233925258,4663.43899081586,25807.0187414084,271374.383434897,87548.427365887,22213.7788314789,10105.8345958566,4706.90962903657,25926.7127453876,269771.433759827,87630.3946138094,22343.4401821186,10184.8111605912,4749.68068411518,26039.5059652467,268062.212470832,87680.0033667576,22467.0809167024,10261.2201433649,4791.48742093292,26144.5690791458
285,369518.310693188,78861.6852880514,17143.6213186016,7281.06809736935,3151.76774394131,6463.02873515458,355617.729272528,70997.1486384919,15891.8366092938,6955.37880499869,3052.4201261267,6382.61140428234,353517.535701047,70109.6315955045,12956.5369218586,5758.58129667283,2685.66442433872,6293.56410962932,352444.555714839,70876.3149903629,12605.3551022686,5153.82918854863,2270.36758466085,6032.05402893385,351574.605638501,71404.5059697786,12726.2812460148,5103.98209140131,2155.92301431759,5867.14130888679,350500.25797124,71857.556702598,12864.4067594407,5147.77219557068,2151.9688022838,5836.17575040703,349347.055713424,72255.0512400053,12995.9973375505,5201.95453314763,2170.22157442277,5868.48320899035,348147.490982409,72626.2515483449,13121.1223339119,5255.16079692538,2191.4168096807,5921.77189668434,347444.62255005,72993.3553565279,13240.3937165988,5306.39848740965,2212.33117350513,5982.73758166251,346566.001319889,73393.9312855988,13357.0697128312,5354.89765973421,2231.84291602882,6043.15419621927,345431.186327047,73756.0668558327,13480.432752824,5406.47589425212,2252.22862505471,6102.02339042137,344036.601918875,74072.6995758723,13599.6359633293,5458.37972127279,2273.43555249387,6159.55802633828,342493.894207957,74346.3249318289,13714.8840956017,5509.38097733169,2294.68557709529,6215.71014110007,341447.040770596,74610.9634784352,13821.6596799385,5557.79050551843,2315.21859827936,6273.23559977323,340100.438352733,74905.608484883,13924.4866392744,5602.29883581198,2333.72151780246,6327.34234082971,338409.174063821,75145.7437042143,14034.228240695,5650.19667242091,2353.14956778559,6378.70836296909,336446.509304241,75329.4452604299,14137.7197157336,5697.97028265499,2373.37449685294,6428.41926333101,334339.719552835,75468.1483464093,14235.4107714256,5743.99519603202,2393.32009131275,6476.49717538435,332802.869515831,75600.5712556516,14324.2588001974,5787.08864801815,2412.33117278088,6526.21813279187,331009.535452925,75773.3336742904,14408.1433125953,5825.47648237085,2428.87857051751,6572.2292838957,328977.163228434,75897.2177932877,14500.3301731099,5867.64638116474,2446.38167257257,6615.77453706587,326595.431628792,75971.2894817656,14586.4964139531,5909.70154944205,2464.69784194877,6657.09755674526,324019.511324361,75988.7099079273,14668.2887290022,5950.97012835937,2483.17196473863,6696.67024939842,321865.504521773,75989.2725745073,14740.6372620636,5989.41913218244,2500.96024931293,6737.40155046431,319626.988710615,76021.8802253399,14805.6458887185,6022.663000795,2516.2358886293,6775.30147807031,316969.97442488,76015.8898282895,14876.7728148344,6057.88555747777,2531.61649566237,6809.12756282899,314088.018354997,75942.0083343512,14944.9825647059,6094.75370616236,2548.41435269675,6841.30049323662,311455.240918632,75839.091352472,15006.4074069736,6130.06876609485,2565.37348112529,6873.98082551507,310383.485723052,75817.5291673041,15056.7757176085,6160.56640818314,2580.56257718244,6914.15353611155,309403.835689285,75959.3239429391,15104.8206342834,6182.65957267156,2590.51150176381,6950.31747434373,308275.820772947,76090.7102231346,15179.1335604668,6214.59750724155,2602.73238089885,6983.9406150464,306879.316615843,76183.7417934661,15254.0340368418,6251.10536638055,2618.33039908122,7017.15487561483,305207.073888847,76227.5551504665,15325.3788808424,6287.94860594497,2635.1697947352,7049.61201716282,303384.88670264,76226.5959453871,15390.4120258407,6323.42574595999,2652.09282011925,7081.08012762842,301457.409910013,76197.3769071992,15448.5720807354,6356.31243704981,2668.21302141894,7110.95036510071,299409.444280923,76141.68953426,15502.0609239079,6387.15977954204,2683.45751727337,7138.64135859664
286,363929.677877142,107404.463157643,21991.1716163484,9339.5087744513,4125.7244545181,15983.1591070753,336341.972399421,97909.002146886,20606.6035328976,8962.30964332419,4003.32060634021,15491.8819366018,335427.526733116,97813.9441569445,18528.1854249241,8112.95528697026,3757.42985101134,15574.4003086799,335239.509905025,99184.8443117128,18460.232164948,7692.67112515059,3438.58433318011,15500.4580238895,334878.534104567,100143.037187101,18762.276963065,7741.13241689087,3374.51149827531,15493.9077721377,334224.496774547,100963.91083388,19049.8658158084,7861.50868819402,3407.57140707919,15604.0277675857,333439.387562843,101713.023589449,19324.2089865408,7987.3645051124,3459.52011979351,15770.883052801,332620.03513359,102422.980887529,19589.8805142857,8111.2700748394,3513.82039953638,15955.8600320564,332247.839309482,103153.246537176,19850.7377028588,8233.63440114633,3568.16712438002,16152.8516864156,331659.361373131,103877.509540939,20100.2184223166,8349.06057785557,3619.17802840363,16342.4462407272,330832.252913147,104549.401043159,20356.5663782089,8467.80904563911,3671.11048418519,16525.90838316,329748.82639339,105159.066028634,20607.9614795917,8587.43976559767,3724.42305969464,16703.6408632556,328476.63675398,105708.802771261,20854.6937544853,8706.66816466776,3778.37437905895,16875.868944977,327739.361041666,106282.869871557,21098.2171467636,8826.17426095982,3833.2818164911,17057.2261809302,326640.325197457,106837.300090031,21322.923310191,8934.8734054481,3883.19140456115,17225.1749560039,325203.616007178,107317.836569593,21557.2258937865,9047.93580890926,3934.18376285899,17384.3645589923,323501.0851477,107722.497276242,21784.5263727718,9162.0967272874,3987.01179948748,17537.4608632662,321634.190326391,108064.442665317,22004.7406500759,9274.83565905329,4040.21200880062,17685.1783981802,320358.51103233,108441.924775706,22221.454315151,9387.45287119521,4094.13257642102,17843.5588798421,318755.379282991,108801.946003633,22416.2925031897,9487.18609269638,4141.91813854771,17987.287493001,316912.91452183,109098.576000729,22622.2478669999,9591.61720322176,4190.71914770722,18123.347644993,314722.91100526,109311.833809584,22817.7814864298,9695.53027854834,4240.6397636003,18250.2552329088,312302.991209649,109448.214424985,23008.0017029177,9799.07886159857,4291.40206613894,18370.4782932799,310338.252951241,109599.981718802,23194.5795072474,9903.2732031591,4343.54633505419,18499.402992691,308270.444955131,109748.179265122,23359.2640825621,9995.32193985843,4390.23531512434,18618.9964546974,305730.71991922,109814.156513829,23524.2821262191,10085.9195246964,4435.05881984981,18722.9199291586,302965.778491332,109793.114283789,23689.748141274,10181.1307096515,4482.932261007,18820.8604345923,300389.19644289,109741.216723756,23847.4435704044,10276.0341336165,4532.40652854768,18920.2109930101,299447.767829483,109898.766755132,24009.4195151683,10372.4766342647,4583.35317997948,19055.5538987217,298511.653314091,110150.545794146,24134.0766034092,10441.3231898738,4619.54007574477,19173.4328261028,297418.36138711,110385.871628375,24287.7530881061,10518.0743584247,4655.30386374079,19280.7124995765,296031.484461949,110549.810004843,24439.9441615577,10600.1873424138,4694.93431908443,19379.5425476546,294372.755100383,110639.906662131,24586.9735609242,10683.3282357755,4736.91007873006,19472.4160712063,292574.50166027,110673.704829038,24726.5699150053,10765.6679277928,4779.93325264879,19561.7254134532,290662.02046439,110663.480111213,24856.0123343202,10844.4600868928,4822.17184571081,19646.2629308971,288621.333383219,110610.387180635,24977.3365284393,10919.8972288529,4863.15695343706,19724.8589776137
287,261951.919790601,125919.914868851,45890.6121328906,24426.1217609269,12878.7109164664,14413.0242929131,235832.165876998,113200.534724213,40686.8790734244,21767.8389295488,11508.0326097289,12926.9156838089,239162.77357194,117404.136240516,40686.0687781269,21988.3347646021,11845.8325571884,13627.5900891381,235639.31649945,117032.681658399,40422.400456083,21463.3846794776,11483.5500755471,13523.9539531013,235206.839185606,118609.271797644,41446.4845913469,21916.3429784657,11620.2351989149,13656.2573769702,233272.241267137,118826.592370729,42033.7527999562,22340.9788391874,11847.4634677776,13829.829383648,231889.210583671,119437.384687929,42712.1455142616,22826.1996547046,12164.817511875,14218.9623207763,230170.040607814,119724.916220876,43262.5068509022,23252.0592050129,12459.8418016034,14663.5901623677,229066.519306693,120204.617667278,43858.8544534696,23697.64584064,12769.1204546935,15174.1224874997,227684.109341926,120561.502180861,44366.8691814143,24090.0042114836,13047.9180886056,15670.9965850209,226166.918407571,120893.327771531,44890.0616136688,24483.4487239867,13323.7248530751,16171.6547588025,224428.987463779,121101.489076685,45387.6025392883,24871.2870219055,13598.1025353371,16673.9695982521,222575.368993923,121228.873329358,45867.279494102,25255.6209734334,13874.9492849434,17188.8030559046,221183.254659223,121425.67625071,46363.6245977749,25655.6803505965,14164.6948573367,17733.3446438107,219513.410262976,121543.703556084,46780.7967232724,26006.2198378224,14428.1372091727,18257.9318316703,217585.201409037,121573.836679244,47199.2044278797,26350.820412068,14684.3589269439,18776.9398886451,215473.16350788,121491.771313957,47600.3208416968,26696.6280479203,14943.95586509,19303.0414181885,213206.412070364,121299.152527632,47968.3793203608,27031.6595794123,15203.062471858,19840.1133990479,211507.960973891,121220.923322973,48368.1678858906,27391.1536344725,15480.6913042058,20418.4048525143,209541.616828864,121059.648147413,48672.9150292718,27689.1372537887,15724.2887366932,20967.2925392832,207417.644679334,120845.56218379,48988.4043053709,27983.4139456151,15960.1355585165,21508.8888505169,205019.478025605,120492.269525965,49270.2632933492,28267.7434843217,16191.7625822917,22044.7772150575,202466.345434316,120027.71544065,49526.9541312116,28545.7153308521,16424.7582687544,22591.7627059085,200332.514073025,119634.413316384,49802.5892171871,28843.2953095975,16674.7572411509,23179.4478514795,198096.66686477,119198.420282792,50003.8879944857,29092.2601709994,16898.5724194492,23749.3864041653,195546.816592044,118659.676991019,50177.7973428926,29314.4273771519,17101.7103632251,24296.7204208379,192821.372596825,118005.127583224,50341.6634693033,29538.1888020819,17305.8322318348,24845.8020875956,190246.697235871,117299.545514169,50491.1487004663,29764.772663322,17517.8563429607,25416.8349744642,189079.154667129,117025.879121168,50748.0778874524,30059.5168057024,17775.8540395494,26077.3539129871,187869.979651959,116811.415764552,50871.0422595307,30243.0255946252,17961.6267610581,26647.1207881016,186576.716014587,116631.753071086,51038.7122271725,30417.291803396,18120.0445663946,27153.5040904481,185085.0866677,116357.740237507,51205.8518422046,30598.2572924753,18275.7677966788,27618.1038586668,183384.98806044,115972.622328178,51347.2838218779,30775.2131056122,18433.7139013106,28069.3769151322,181596.582787009,115519.474373935,51472.2080262226,30951.1475823144,18597.0534346504,28532.570176539,179729.618890766,115001.170003351,51567.164842087,31114.1849698113,18757.3677666824,29005.0255325682,177793.339513457,114432.618553365,51637.438387761,31263.4304200618,18911.7028985112,29483.789810993
288,297993.843116458,108353.163254823,32374.418807511,15580.4997704424,7435.99673038294,9273.90806927969,279452.646544682,101449.984247216,29743.9286805713,14417.9835944792,6901.02310225491,8693.58780091512,278829.001523178,102795.331255989,28361.1334042869,13803.9863144072,6747.68195391552,8770.61412510003,278303.346243731,104365.346054916,28648.9942321902,13548.3220497478,6491.1952252591,8640.84949959878,277298.876960908,105335.621192672,29232.2488370825,13762.0997150015,6496.43181006179,8534.59061553379,276136.799775571,106170.8330335,29782.6031425398,14075.9907988407,6641.29861322728,8592.4590228208,274899.018219071,106902.732183963,30296.243365748,14389.5958338932,6816.00545260685,8756.38643839469,273607.670879733,107579.96014815,30785.3545986488,14693.1829845825,6992.59885422264,8966.29281050473,272774.188557884,108281.580529412,31272.1019134759,14996.392398329,7170.45975164404,9198.9887285424,271737.029858079,108963.19940646,31724.7622604818,15279.0645749943,7338.15448259431,9428.54971831153,270480.250159636,109585.082334133,32184.4291989297,15563.310082197,7505.03176653254,9657.29030735739,268988.86811589,110128.253220757,32635.3515410337,15849.4991635737,7674.95848770083,9889.09328577937,267366.668140254,110602.51515771,33078.5707133072,16136.298995279,7847.91422227107,10126.9836033318,266228.027873544,111106.91687431,33523.7844600441,16428.6112898587,8026.20024533011,10377.9947157788,264771.523130757,111571.594348944,33923.7326913316,16694.1225119119,8191.56250441163,10618.682685832,262994.909973135,111952.387221709,34332.616358021,16961.8550177894,8356.04045725519,10856.4591456599,260999.571491677,112241.841972171,34732.9337333295,17234.0941949364,8525.63949172173,11099.4534696375,258864.721419059,112453.117653053,35118.4768666008,17504.0067219769,8697.64332802639,11349.3700420089,257288.051980796,112714.246562629,35510.2036361149,17781.3359543448,8876.09028181952,11615.7690957956,255421.885248753,112933.309856223,35847.5682120584,18025.5590393268,9037.91698920646,11868.1924411659,253353.933396984,113091.17980829,36197.1122032933,18272.2271473208,9198.14042735028,12117.1452614047,250972.228926378,113142.542088581,36528.1603605354,18517.068257147,9359.74142840179,12365.9570788572,248413.906269278,113102.698888527,36848.5460887757,18761.8435032862,9524.61817169276,12621.8410603004,246280.869275285,113089.020445035,37171.8446800653,19014.304165753,9696.99068537286,12895.5430233522,244036.187297785,113051.535589364,37446.9639677469,19238.0610924488,9855.5717146005,13160.607876265,241398.944598572,112921.109369992,37710.9158100627,19450.287821585,10005.3430411021,13414.5243212239,238584.596131444,112694.015091596,37974.7049767918,19669.9190308012,10160.3975844426,13672.9182884415,235960.935375436,112427.597634647,38228.8012423885,19892.2527773224,10321.422770291,13944.2201829847,234830.797838356,112440.598218021,38521.364538099,20136.977564109,10497.1803709154,14250.8591057054,233655.729842203,112517.394562371,38717.7799041373,20308.7382602352,10629.7240542507,14511.9183927687,232386.226289241,112612.637023928,38954.1615911828,20481.5083467466,10750.17056168,14745.2560148685,230853.670323514,112611.863239652,39183.0317386454,20658.1233048228,10871.3983359735,14962.9200427641,229109.512333516,112532.712025055,39402.7604219867,20836.817816877,10997.3532063749,15182.4796368878,227236.708309669,112384.00136504,39608.497449898,21013.9110514591,11126.0487400413,15409.1111724075,225264.009002402,112180.458327698,39796.8029481684,21184.8260357743,11254.1092121635,15641.3104378371,223194.655108389,111926.286178438,39968.9209832425,21348.5369202996,11379.7597463168,15876.1984550594
289,316604.159333296,104923.794336225,28510.7210228344,13019.3325933715,5958.29620740197,12179.9772537658,299768.881332138,101092.344893515,27232.7158981913,12519.4558205802,5742.4139927259,11824.8727456905,298035.040175517,100689.675513263,25494.405813213,11893.2962714295,5615.71158138747,11908.0369029294,297156.220127199,101967.459276215,25521.9301346427,11483.3796371947,5309.21201400901,11797.7634516411,296263.553634602,102818.732418198,25998.8827459986,11625.4778485565,5273.08622392244,11705.2337899436,295123.203266017,103522.17796754,26437.2160595677,11859.6138766859,5368.34787722275,11756.6419940395,293882.299426953,104134.460168699,26851.332615142,12097.3808174163,5490.81556591557,11895.6851241619,292549.201953339,104702.653712124,27246.5396310906,12329.5654273916,5616.35375946524,12068.5234906238,291672.613086717,105276.847311301,27641.4243272165,12562.2697709954,5743.46215815418,12260.4775388916,290687.547360479,105880.498635407,28012.3954716036,12781.5936696478,5864.57432177866,12450.1777136161,289450.144741425,106425.238543286,28390.78648559,13001.7436449154,5984.58246666352,12634.2345200497,287982.254871101,106899.954434399,28764.5762572791,13225.5672610501,6108.11714332248,12817.7137706442,286290.983771856,107303.659184685,29128.8795643118,13448.8045630809,6233.65752408212,13000.7334802343,285090.999526385,107714.092781614,29496.6681651728,13677.5219174367,6363.84346732112,13197.0654287494,283684.527813956,108140.555887722,29830.9157111821,13887.6114482083,6485.82675705476,13385.1899356579,281890.923042465,108478.339818096,30172.1233147181,14097.7598017261,6605.8904335083,13563.6619575711,279874.292586148,108730.696416564,30509.5896728015,14314.2508221658,6731.38536836045,13743.4396870152,277634.10293855,108903.81185049,30831.0168279951,14527.5891208201,6858.37434124033,13923.0681802903,275964.229489109,109098.86856181,31158.985816545,14747.5724690366,6990.64605123251,14119.3939904739,274111.971804149,109312.730967424,31445.8250094287,14944.0932218456,7112.0487655925,14305.0863039123,272000.136798519,109453.388701959,31742.2779477388,15140.4540664334,7230.68318182693,14481.6698958198,269580.416389611,109506.743520972,32028.0895418847,15338.9953080316,7352.42484418937,14655.3732032188,266896.38008468,109460.675619187,32301.3147225633,15536.0099060577,7476.20212818813,14828.1677408153,264637.805336162,109420.473616719,32578.1053736962,15740.2587740464,7606.42378043252,15017.7365525166,262364.756953141,109397.990259124,32818.1220277146,15924.0074292011,7727.67837788805,15201.9480123612,259679.573045954,109295.331803334,33049.3681153057,16097.4324009441,7841.29667140086,15370.6178349165,256745.469271827,109087.9673217,33281.3590460422,16277.5579276133,7959.33835684251,15537.4780441929,253879.14421761,108826.458512383,33501.6028564658,16459.4454631969,8082.21879687132,15711.614014167,252558.049618131,108774.902429524,33752.3353484492,16658.8000613302,8216.4375642161,15928.7231198619,251414.259683097,108887.141255059,33929.747564752,16804.6194911707,8320.77106227266,16120.0641369769,250108.602839108,108987.915011506,34136.920979492,16945.0648901891,8411.53751343932,16283.5420478199,248578.956134481,109025.113058793,34347.8424749542,17095.5563090136,8506.79381048042,16436.8901292875,246786.476165953,108973.248036544,34546.2379429799,17245.6897647638,8605.14969255675,16587.010281709,244863.136846406,108860.498214884,34736.409263776,17396.6436765929,8706.87664327835,16741.5747524092,242823.434330327,108692.236421876,34910.0773582407,17542.1724856005,8808.07840585246,16897.2058818628,240685.24201276,108480.346747952,35071.8023832533,17682.7923487962,8907.94831331531,17052.9121361018
290,352852.360358731,72746.0504169323,15541.229577353,6564.11462452616,2821.34989565329,5064.77498142999,337420.818574436,66443.4422324695,14327.8383159305,6225.38641768851,2715.15255734522,4938.44188792067,337220.246147351,66876.8116053981,12589.2016817116,5431.2081689179,2452.53497896419,4892.73435331638,337436.482649043,67841.2708997259,12515.1262832598,5093.18395347201,2194.56897800236,4733.3980516676,337427.011715675,68534.0012554717,12690.8910393963,5104.75154034796,2137.52645850635,4643.04488326968,337159.928803471,69147.0115823926,12864.6193082133,5169.80335074322,2150.82073906012,4643.16554361413,336798.377494603,69717.7929255567,13031.1705398078,5239.73495488931,2177.55891185564,4685.41457191267,336467.500025885,70267.8587090794,13193.8684054294,5308.95541477882,2206.02016878349,4741.78526662967,336601.604353536,70832.5817086094,13351.5683515867,5376.40222609674,2234.08691525398,4803.56597393837,336436.135794997,71398.4082527992,13505.6993125322,5440.70385780932,2260.45124202977,4863.11294877445,336041.219165211,71930.7630794035,13665.9695805978,5508.3548502246,2288.00192593146,4921.98975321307,335413.414959656,72426.4438175052,13823.3392991101,5576.7105110998,2316.53266989388,4980.57891189648,334736.881699175,72892.3032173484,13979.1970633919,5645.1786181248,2345.51479666143,5039.25823430494,334522.142345417,73370.4160919779,14129.1404314093,5711.8218353291,2374.04473668315,5099.53779418035,333918.351047547,73839.0314458568,14271.4207250763,5773.35654241341,2400.00980396367,5155.30868290647,332943.677692334,74261.3425974849,14420.4425347411,5838.32031940315,2427.06550739105,5209.28012285674,331745.090219347,74636.8341607078,14566.4459636155,5904.58627683666,2455.50294561948,5263.19987484698,330534.820816265,74982.6894782228,14708.663629226,5970.10290567275,2484.16991092505,5317.28791665245,329842.416246292,75348.7224420919,14844.7281901077,6033.33072793905,2512.08557308472,5373.1317708623,328773.12876968,75701.0625904602,14970.9418184216,6090.15703837011,2536.74790960212,5423.49231523295,327467.669243362,76016.7909313963,15104.3763376653,6150.57804263936,2562.5079175828,5472.42888338653,325799.79772203,76280.1679522818,15233.3050987324,6211.38353212719,2589.21840480942,5519.9689541524,324060.630963506,76506.084359918,15361.0541316269,6273.02148054227,2616.86999237031,5567.92256426347,322738.614439585,76741.7922996797,15483.0015593148,6333.07536015818,2644.33030676762,5617.81537211224,321199.59478183,76964.5714470475,15592.2307301906,6385.90971227706,2668.38468453844,5663.05520526064,319200.963170002,77136.9773029883,15703.8693557796,6439.42462702823,2692.15506110082,5704.39396171833,317024.915974643,77262.5493489902,15817.0316634506,6496.33576183023,2718.06423809261,5746.02707608276,315290.823714319,77389.8709029732,15930.212053438,6554.7842472575,2745.4915472249,5790.83935829291,315073.98155235,77637.9614738862,16037.3536961182,6609.96251773243,2771.72924204662,5842.31859030989,314583.237725056,77910.260099463,16119.9354874021,6647.90918952005,2788.89271471602,5882.29178166019,313891.944300843,78173.0945890738,16224.4418443986,6693.63227520812,2807.57122246081,5919.36540469179,312908.558869198,78391.1185153347,16330.6389766032,6744.34453980094,2829.65199653999,5956.45676013533,311681.208789673,78566.1928219432,16434.4932656984,6796.21930502713,2853.45231960243,5994.22719950703,310335.628087386,78708.4414117419,16534.1492503605,6847.62798569154,2877.76980502384,6032.34300754839,308861.488776659,78821.1699613053,16627.3084016777,6896.69666173147,2901.41055604551,6069.34068246594,307278.326504086,78907.7160721361,16715.9909658437,6943.97457033493,2924.34190761159,6104.86255738372
291,140312.905297751,110054.695926269,67423.4808330851,48028.7759356705,34040.4671495078,87560.3727700466,119537.792346117,99266.9242076612,61010.6712267566,43605.5541635255,31028.5858461311,80527.3186753796,116615.318647343,96307.8330623766,60694.9629607824,43973.3179729823,31527.3760923051,82570.8942337079,121104.398494948,100775.71718163,63699.8214707434,46539.5028405937,33791.3133371356,90489.4115771302,116052.183941138,96100.3992403377,61012.2610378438,44758.8423792637,32695.4151443863,89794.6874358473,114755.225299384,96156.2610878705,60987.986262798,44806.5536107986,32847.5781717722,92190.5669065197,115207.449273783,97102.6070077644,62240.753471302,45788.9816820888,33615.2271116877,96005.6026631819,112580.750415605,95047.1863195211,61349.8766233802,45361.2812379382,33407.4817887616,96779.6203684309,111437.308889849,94637.6307471312,61329.0063904011,45517.0021280498,33659.7148204395,98871.0302029881,111037.884570957,94739.8922365811,61791.5580225044,46001.0157824555,34131.8624462967,101649.206866242,109367.802113216,93636.354163828,61416.5695099279,45888.8168256728,34163.9077829911,103097.028197006,107967.564172695,92948.9043787621,61267.7041501321,45927.7673236395,34309.4023170738,104876.851205835,106861.997291187,92453.2209084714,61336.561564945,46128.0872575674,34569.1404683997,107012.05830245,105604.691863603,91617.1600624424,61144.3276219984,46157.4993202344,34710.5281610544,108799.765600664,104430.9679142,90994.5896599356,60986.0476406723,46196.0671885882,34863.6927181556,110679.867351809,103144.578341569,90295.9697145785,60837.3218321106,46214.2965051394,34985.8980339906,112488.185378783,101660.099234937,89393.8618263277,60575.6572387613,46162.4085104641,35051.9054738164,114097.699504893,100153.404097208,88468.0842984452,60293.4443778727,46103.9210333034,35120.3598044829,115723.820324312,98938.115430927,87647.5178810196,60067.6076333503,46092.4099822316,35229.8979678625,117530.523412349,97761.7440853847,86930.2868084981,59827.056445271,46059.2705089209,35324.1510495299,119351.128409849,96356.9802154541,86023.4746454887,59480.1137476316,45918.4677516342,35322.4407448433,120874.568101707,94857.0854226944,85062.4282618268,59113.6520291644,45767.0802344586,35305.7004323995,122323.960225781,93316.4858077708,84045.6838700663,58734.8692116675,45614.6230051925,35291.0746265003,123769.836014735,91929.5658836179,83034.161076197,58344.0263313237,45464.5220875283,35285.8602912775,125273.823848054,90656.9558178775,82163.0379162308,57972.7116402128,45321.5219072129,35290.1411469189,126873.469593336,89183.8171808164,81162.9207059284,57520.7846901007,45090.6286786128,35214.7369402551,128224.675835671,87552.3576484581,80006.706758158,56992.765970769,44802.0059165953,35086.0229474674,129364.142947392,86032.5919463192,78885.8658078283,56492.9217648027,44547.0012135318,34987.5989020603,130605.908378998,85156.2972685718,78082.2954256969,56155.2411728766,44423.7362608694,34998.832233212,132298.322515947,84611.9960513723,77693.6499209364,55940.8004472716,44364.3251951739,35054.980977606,134230.402976093,83817.483233123,77128.9140636239,55630.2679567003,44168.9204920187,34968.6418922624,135583.055706236,82858.7695939948,76460.7942403389,55289.908371019,43950.4380367695,34841.3716956706,136602.964121078,81931.799064864,75844.5134822959,55033.7372365571,43814.8698543158,34780.8386686618,137716.782148764,80959.1208708592,75149.4141518622,54743.2972098779,43673.2709612415,34727.3425367737,138768.734840799,79890.079564704,74351.8128394123,54361.3780092906,43469.257926254,34636.8302266212,139663.222241898,78812.4195355632,73550.6068392292,53966.0687592756,43251.5997423023,34540.0108513896,140566.794478081
292,218176.154956279,142558.043799315,69712.3099402778,43654.8505104057,27153.1730531211,46424.776671737,188593.46870831,127223.404401628,62987.5903674039,39624.381299452,24796.0256187133,42961.4207910135,191914.934871921,129995.645338256,64503.6304561565,41248.9717685035,26108.0140287558,45691.0592885434,189568.286220579,129559.55538524,64931.1112305334,41527.612796253,26585.9573065126,47967.8684198037,186742.024690862,128146.416838932,64251.7298952905,41260.9251171695,26449.0708796582,48627.6345199524,187236.518293288,130199.734250492,66103.2976472923,42473.9497907888,27316.9037222617,51103.5529767561,183307.937374409,127744.256449641,65411.1939835085,42311.555436081,27288.4647874211,51558.4778995062,183398.914776387,129276.806878779,66760.9146485796,43354.7882337913,28117.271327105,53816.7018126253,180601.506852265,127656.491584261,66522.1997604169,43438.7484031872,28291.9003092832,54787.8796006922,180054.933288165,128353.786012733,67304.6409283369,44139.9739674457,28897.41747933,56694.0798223211,177839.145125065,127450.426747719,67369.9360956615,44366.8312052554,29163.1034464773,57931.3337597515,176327.869947951,127326.813186117,67785.7044625389,44828.2488200951,29592.4120596515,59501.3536449745,174313.872751764,126667.923084385,67994.0249329615,45159.1871611535,29933.9748870301,60908.0812722912,172786.930269876,126249.146536254,68274.5633595951,45551.7544531056,30326.7197346665,62446.5377851825,171184.240850719,125812.209568137,68490.3388546484,45889.3573083546,30684.6013643189,63960.9721285411,169189.533059663,125137.762356569,68589.2433033995,46132.3835340782,30970.2703150953,65339.9873213779,167201.150995458,124485.296864253,68741.1336503194,46417.6546962367,31282.575736341,66778.4628035745,165007.837726637,123619.01842788,68789.8173700423,46648.4817418227,31565.2033157435,68169.4521874268,163251.34223376,122909.016534847,68895.4083011929,46925.095813182,31887.2755269083,69686.2807747161,161482.17356418,122225.455037117,68933.6534221819,47145.8668543236,32173.31185767,71177.3803823076,159399.435696221,121349.307722165,68873.3253076017,47275.5181726293,32385.8362736183,72525.2328185126,157261.956305847,120465.732615329,68843.2197440657,47430.2700418436,32610.5552506682,73895.4096330462,154909.134190498,119378.496491211,68722.5300489311,47535.6772327918,32806.5128533387,75205.5879031992,152860.763829731,118375.200621151,68632.3219630221,47673.1266210849,33033.374194683,76618.5499277198,150926.495524264,117456.299795382,68515.3798545057,47786.362910605,33247.8160550116,78056.5967487951,148614.259679392,116321.981967969,68265.5374769279,47784.1405796192,33372.9157852751,79314.5072810801,146214.953597088,115126.046151244,68026.1936129129,47788.8909067237,33495.785777282,80564.2223950594,143949.138373318,113911.31018041,67788.673568815,47811.4606470877,33636.8735156875,81865.7982116025,142610.74147509,113062.196413709,67683.4371322117,47933.0966404173,33856.4197687131,83402.5423534564,141691.18186767,112605.734998575,67610.5124707491,48041.8159011818,34061.5223258338,84962.7394272134,140396.826648586,111946.085942186,67415.6630060947,47998.4465492391,34123.4796040308,86138.4222619285,139100.591273143,111364.309603205,67327.5085920498,48026.1946555033,34212.3637744175,87269.4428118669,137643.395828188,110647.932072933,67214.3269316138,48055.7455929291,34304.2304503093,88311.0109861078,136042.031138652,109792.863415929,67025.4620176599,48051.5634850803,34384.3533567497,89282.696836397,134447.182956761,108939.67603201,66832.0200885877,48050.7784971892,34476.9494539281,90300.76313024,132783.640034164,108010.375736019,66588.5643377696,48015.223025753,34548.7590970452,91298.7300653901
293,387713.902639373,91775.5265866288,19927.7031353779,9258.40149566794,4868.39198112289,56744.5028010109,364073.237555297,81927.2367699289,18793.1034262657,8984.68971680214,4770.43099052185,55796.3811462994,364050.606908981,80864.1393890771,16012.6172826499,7931.137322922,4465.51819835869,56216.8150903932,364261.697210626,82117.7317006954,15627.6982520451,7293.93423381943,4047.8078359116,56635.1607794742,364279.232785929,82965.0950702945,15809.203984669,7250.5493389462,3924.57629667677,57152.0794185953,363909.979780037,83688.6865336912,16004.0058734098,7312.81639840453,3922.1762305339,57787.2217474979,363450.236272441,84343.8271626875,16190.9151125671,7387.37950121652,3945.25946589947,58480.8510040488,362913.744298624,84969.468352738,16368.7744335255,7460.13266216614,3971.43058040316,59183.5910645589,362873.412245465,85595.0440746298,16542.2516819253,7531.54055292303,3997.89704552676,59912.4697151763,362584.799979571,86230.7243595837,16706.7314314481,7597.15506357754,4021.24010471959,60614.878786571,361999.2790211,86824.7185948431,16878.9362364017,7665.64863631177,4044.77996916767,61288.9542514558,361172.041398801,87368.022974547,17047.8270028566,7735.26287494016,4069.34435727052,61937.8836938434,360148.482128353,87871.4816492289,17212.4606887397,7804.01697672865,4094.08106462144,62562.5266123458,359653.042977548,88366.2118638583,17370.948945695,7871.5436941491,4119.21420771083,63208.3656879085,358786.446372932,88866.5453803739,17515.8762540762,7930.7432677483,4140.14243697092,63815.8293436047,357544.888727511,89311.3429874856,17670.6118576291,7993.36496170117,4161.2244396229,64388.2529578396,356032.72293885,89692.8045360984,17819.5678627701,8056.67327428028,4183.27013236481,64931.0929907316,354331.639221426,90028.0091140856,17961.4469157698,8117.80798853892,4204.93307269133,65447.8525182972,353210.010650081,90358.7813652345,18096.7711090374,8177.1367209645,4226.57606034754,65989.5986369048,351795.467894741,90701.6245817705,18216.835511374,8227.07370008944,4243.39733957156,66494.7544168464,350096.129384425,90997.4209376294,18347.3347443305,8280.37310173951,4260.18210218529,66967.9690953627,348025.249998224,91227.1219485598,18470.9782247156,8333.73778077017,4277.49624935916,67401.7719311701,345700.30057765,91397.7389825274,18590.2381883585,8386.38723330895,4295.03415493832,67803.1280843156,343848.356262425,91551.6237230641,18701.3933046768,8437.37355464951,4312.89126170184,68222.1153121792,341859.051648772,91715.6644678158,18795.3743613416,8478.51057065581,4326.0997688383,68613.7880580271,339397.172191374,91830.9687757489,18895.3658687083,8520.12863646773,4337.78778970638,68956.316181554,336683.344616894,91871.1101544602,18994.2472166383,8564.59934516504,4351.07933922317,69265.5131426729,334161.963957457,91883.7283266225,19086.4824751741,8608.30707104291,4365.2720904846,69569.275944947,333286.657102665,91988.9989627963,19171.0803162912,8649.67088092193,4380.11523644705,69978.1500865269,332460.955998738,92224.8185047663,19234.9866345923,8674.23169288704,4385.94348377027,70369.5015902938,331450.626578168,92457.3560904697,19330.9484240681,8709.04458871927,4393.05730341274,70734.3232304313,330148.635197973,92638.5041537219,19430.1340274449,8751.37151582402,4404.92130667056,71064.5070331041,328557.481867174,92762.1993750298,19524.9620708917,8795.06474454996,4419.43488481077,71360.5183475286,326812.821173655,92836.6136180873,19613.193576153,8837.7783612137,4435.00408131771,71632.2936116162,324913.888007794,92871.9496807809,19691.7229509315,8876.80972062224,4449.70598163407,71878.7473237787,322894.846312428,92872.3631000875,19764.2650247162,8912.98772258078,4463.19698919072,72102.8006000744
294,279041.616941794,125725.039840461,41855.84997359,21395.4799590332,10900.5047063165,20717.0427945385,243933.611614621,110262.984502344,37181.3591518441,19192.1824951051,9828.40342162539,18737.1249117564,261894.614810428,122385.296451741,40359.312156809,20990.4301784817,10936.0182459764,20895.216177288,249574.082961884,116384.059970581,38714.195051305,19932.6821439138,10347.2047125666,20168.7082343806,256695.831512945,122423.109447407,40955.6456984553,21102.3986799431,10917.2874627376,21165.8176251379,250510.793495688,119912.922326315,40717.0036089005,21070.7113113324,10917.3389341517,21053.3474771642,253109.844519676,123045.629649264,42117.4359378822,21921.5455359346,11416.9810701075,21859.7403970735,249527.62444761,122094.531797793,42296.5979002045,22128.5763694253,11581.3367972016,22127.5536095185,250720.099882976,124080.092010811,43340.4481754428,22797.1026925813,11995.4371324927,22861.8864184325,248379.039687012,123815.9551058,43663.2966433923,23074.5917884104,12199.2753269857,23251.8122690218,248293.311391374,125125.979831663,44491.7005393106,23619.8183381402,12545.0303764843,23886.9805742506,246160.889236204,125109.893258737,44926.4237839561,23960.9026579692,12782.5968259483,24331.4100389103,245301.914312303,125935.252426503,45635.5128712475,24457.8214457752,13109.3982180343,24931.107512888,243887.831854521,126163.370589194,46147.515918174,24853.7800265261,13385.3739712939,25458.9297605997,242706.416795975,126683.465549262,46704.5103198948,25269.7301470009,13673.7684959251,26022.0841517352,240886.080099584,126868.993708544,47188.5793416995,25640.4969774638,13934.097073282,26534.5473985678,239130.964535804,127132.733284867,47720.2119658811,26049.2382924912,14218.7332840135,27083.1094433224,237065.968893246,127150.741620567,48179.038965233,26426.1221353223,14491.5347339451,27616.2047190312,235722.709465021,127426.691451382,48710.3387666025,26849.2720570343,14794.7095247478,28221.8454069789,233732.037398828,127352.76037507,49067.6587088914,27168.7016552368,15040.8896600981,28747.3100047511,231933.583228113,127491.221872992,49525.2332552993,27536.573103894,15309.6634298272,29311.3450683425,229488.954550505,127243.665904049,49869.3139402985,27850.0143853206,15549.8268466524,29818.9894533997,227224.266040864,127116.573479469,50272.4468446152,28205.6884381847,15819.0479362803,30378.2057429003,225138.642588875,126895.649877893,50635.2748891299,28546.9424384026,16085.8134203483,30951.955651176,222967.456487986,126656.892825189,50934.9060033683,28847.9944853156,16331.9566494134,31511.3076050885,220427.980159098,126290.523401069,51203.5922393657,29121.2811631106,16557.8120072743,32037.8835247089,217764.000536287,125851.663112855,51480.7446553176,29408.0783294178,16792.1337360672,32572.4771002535,215327.905199843,125367.79219089,51748.21929246,29700.8609254449,17036.4366843381,33133.0160587838,214336.404573011,125345.291814765,52119.952990915,30057.3304826914,17322.9703051631,33810.9517236475,212979.39180113,125105.270265044,52262.1027234644,30250.5111014671,17508.5706698192,34345.3204666401,211897.526131442,125192.147521262,52549.1252156231,30493.8389244449,17703.1719501388,34879.6087993887,210245.364970805,124914.209222964,52741.3306132139,30688.0082329707,17862.7456685373,35312.56962681,208667.017685669,124753.843456506,52994.1526104649,30930.0710808183,18055.3019231443,35780.8892895434,206763.780938,124347.613364552,53168.4300634053,31134.5490010837,18231.7866559255,36220.0891398671,204932.841708373,124004.254222871,53360.5173889362,31355.5591187875,18422.932450341,36695.1382548901,202891.393335143,123502.862410157,53491.3887291762,31541.4029644008,18595.710582925,37150.4202150521
295,216973.68232573,147718.396751075,67822.4535405993,40950.7872003016,24551.4888924895,43220.8997149562,191543.857285971,129430.865543631,57203.592843143,34567.8532567068,20816.3989216849,37581.8851993123,196234.094160498,136179.143765023,58058.3759165833,34973.7425122833,21058.9465001841,37923.1605028231,191432.628689932,133789.865752804,58333.9079396534,34670.8087761804,20822.1440390067,38124.3114179917,190948.67886329,135146.898931535,58777.8024973029,35090.434190291,20979.1510166269,38214.2001645154,189331.054616553,135140.692016863,60012.920986892,35843.5044875632,21461.4660558898,39177.5535545254,187245.850728306,134704.439437987,60101.763384429,36203.7082630007,21767.5791299683,39648.2899844838,186097.846154835,135045.189938657,61077.5842128096,36922.9985051595,22324.0181441393,40929.0458712511,184176.189263836,134441.310505623,61217.3242720662,37250.8983919602,22635.9469841273,41737.6487767907,183278.243023957,134818.742846025,61972.6625926041,37859.0838163788,23125.1001088726,43034.1139969977,181289.236614386,134245.1548937,62156.6726239656,38158.7246177518,23410.0441764319,43917.3231476977,179912.790356738,134277.587008715,62736.152489084,38669.3438111978,23828.7408750708,45096.778355931,177808.249587001,133632.597822756,62959.0099704564,38994.4362923675,24133.7193125684,46046.395124336,176481.153540792,133476.773493426,63430.7164924836,39464.396382153,24537.3179388455,47223.6837511655,174837.308209658,133046.22019715,63684.2217412481,39804.8530804445,24861.3041558416,48275.2326281207,173020.050064299,132620.8425048,63965.5100400286,40138.6502794112,25175.1845767637,49324.6690130904,171011.065990997,131997.130739403,64199.553068818,40456.5995857917,25477.2471552575,50345.3361604024,168879.867643384,131276.738250604,64390.2946025719,40759.7946290991,25778.9483654188,51378.4340935182,167151.025735227,130644.521503069,64607.8574977088,41087.3036277512,26102.6160162448,52486.4449136987,165409.385348248,130062.099996328,64761.6922082106,41366.0420489293,26397.9398649981,53582.2160003336,163402.894882798,129306.414648393,64850.2605254562,41582.3670385622,26643.2492560196,54589.1805742723,161315.951136414,128510.439557935,64950.3506984075,41813.4583346465,26895.8958427059,55606.4060737956,158966.780163778,127494.225912232,64958.3834773621,41996.5775526713,27123.1504477514,56575.2612862329,156951.630534246,126571.176270532,65008.072127432,42216.3462243178,27381.5511572321,57633.7274559099,155016.627149959,125708.379803816,65009.658673349,42402.0175755798,27622.4855386874,58700.2483185584,152763.252371019,124667.011402219,64917.246607853,42505.561251742,27802.0866251589,59659.1593881138,150396.810387144,123539.276896374,64827.4957515961,42613.3693779503,27979.7917427128,60610.1093840459,148059.444759345,122329.312109039,64704.0085058666,42714.6592300408,28159.5638458083,61571.9007088001,146695.789095931,121511.254938727,64710.8111778626,42907.1186469697,28407.3538826278,62720.7088910696,145769.736980806,121104.611693242,64731.1635876945,43077.1093724716,28636.1213897079,63886.956692429,144504.647626097,120510.721105905,64653.414098539,43121.8483199123,28750.0532328467,64780.6792070596,143268.19610886,120006.168374564,64683.2385148612,43236.6423288105,28892.1909869839,65656.3266089795,141789.931638497,119294.748989108,64642.7155398058,43322.4907257856,29018.0829963986,66429.9327645186,140216.919157944,118503.151932084,64569.7042650208,43401.0709643602,29148.9900989898,67193.7616606346,138622.246137352,117669.612726265,64476.4828770098,43473.4334598481,29283.5114085768,67980.3726964939,136959.162843524,116762.516864758,64332.7240005513,43513.8843846814,29400.8360529403,68754.836819736
296,168472.103561207,116486.651041412,62170.2339848435,40807.6408375346,26598.96119755,51014.147774808,148766.31259993,104711.554010518,53411.3712050848,34975.7759500494,22852.3286652558,44241.3691394459,150476.033681664,109049.280911971,55072.1244082963,35949.4151264906,23493.5317930013,45775.6067495053,148618.414155216,108312.636205731,55517.2653269995,36063.2361552591,23519.2458317672,46193.8772612445,146251.267267212,107530.179933095,55529.8502204305,36220.0167327642,23627.6929426389,46588.7032787515,145969.370022954,108410.862882226,56579.3041927748,37050.6948260308,24242.6186302704,48033.5114329942,143564.277129545,107159.532712791,56499.6122089457,37212.0814615233,24456.9387406325,48792.7308872955,142610.578384704,107369.282186059,57049.9364205797,37771.5353373133,24957.880924608,50282.9457236347,141227.731537305,106817.384108717,57261.458321694,38095.5540079209,25294.2357057306,51553.7240229833,140052.411289893,106617.715963504,57520.0343106355,38445.0739523625,25649.753571491,52933.3001946137,138686.764028119,106246.586872163,57745.9240495127,38746.90381298,25959.2617361321,54251.3869034714,137179.419999932,105769.288336775,57919.5763838343,39025.7053386991,26251.9350366441,55538.0392084939,135624.077396079,105240.785192231,58076.5161730616,39298.4829527271,26545.0746152776,56842.1032047549,134398.091685605,104794.800739896,58261.4094180985,39597.7582159769,26861.4068870743,58227.0127418869,133066.026358432,104349.460792273,58373.6006812863,39837.9415953421,27139.3653297567,59567.3857498988,131452.354790795,103715.239110237,58414.5237910016,40012.8983674244,27363.4653082721,60803.9377046734,129817.684619374,103065.501520091,58474.7815889912,40211.4818446387,27603.1361504933,62074.4125070018,128043.369813831,102261.492944252,58456.4097191146,40367.0274229246,27820.0484858077,63310.5947017399,126664.643030052,101608.16143252,58493.7491685671,40567.315824193,28074.5951601329,64671.2217335882,125230.777011925,100983.077384379,58470.753716591,40712.6888935979,28291.5929145019,65991.11800068,123555.83794977,100176.226440269,58368.1330142597,40783.402349108,28445.3437004601,67177.8868278025,121827.678071608,99365.6662010938,58284.4300016454,40873.4627705287,28609.5782785966,68382.020700478,119934.095039948,98378.4011330712,58122.8496767614,40919.0319345209,28747.1346504225,69527.6863914259,118330.776043088,97491.0382959201,57995.910251764,40999.4035229351,28917.0892681246,70782.2387848342,116793.507423191,96685.0200994481,57847.4056847485,41055.1805753571,29072.3573785844,72048.8185488155,114932.991860585,95668.8536145492,57581.7096237752,41008.0997888266,29145.2040826051,73133.8063639238,113017.557816912,94605.3769955015,57324.6062032648,40970.3982820227,29219.6929347433,74217.3742147022,111203.426325053,93521.1164688662,57061.4830304861,40941.5017423264,29306.0079135307,75338.9070111899,110252.674766496,92827.5984607143,56950.4420410009,41026.1493673896,29480.8676183083,76730.6568516894,109525.320120908,92450.9058374727,56854.338381535,41082.311116601,29628.1258540798,78099.2380730696,108476.76169936,91849.5027265147,56655.4098254866,41010.5727383102,29649.3803951502,79098.3953230647,107439.995794081,91331.8026309367,56551.5632543079,41010.8826163104,29705.9536648564,80082.6914192113,106283.011780687,90698.6332825218,56425.3774441411,41011.6205740189,29765.904409233,80990.2054440784,105005.811955895,89940.9897229917,56224.7070609969,40976.0774012969,29810.8475132601,81824.9685136156,103744.95281803,89196.0434122365,56024.372417315,40945.0446353583,29867.453977986,82706.5805932363,102438.419364556,88396.8507640441,55786.9344573786,40886.9012763059,29907.1523574676,83572.5245117579
297,377330.030400508,80198.8869244955,16037.5558212678,6796.0156452273,3027.84027268271,12881.1029579616,354349.556395183,73017.1275763321,15030.7742604602,6563.21335451619,2963.33313413848,12667.1020744237,352464.013190089,73128.2426252355,12978.0189609214,5659.79298983166,2673.48974477479,12658.6565835558,351803.351060483,73881.1713653078,12931.9124337643,5327.63228515907,2404.94085911878,12570.8018703733,351188.866029107,74439.6414802736,13079.8907939015,5337.91715470335,2351.3268578521,12574.6500649157,350303.505155131,74932.7557141934,13222.0242405364,5390.28555404969,2360.66898161525,12667.1010011781,349357.651627786,75375.5387209046,13356.3829687616,5445.4700763987,2380.67286241187,12796.5214349325,348342.73432817,75792.7836870932,13484.2793317181,5498.47676675691,2401.33586407679,12935.2419375854,347842.191103967,76213.2051339777,13606.9803370497,5549.64081951906,2421.48439012158,13081.2302696561,347116.221246517,76662.3318160613,13727.9073287365,5598.2472003414,2440.16723652722,13222.8744445704,346146.278927355,77067.2128540436,13855.1408701752,5650.0571711214,2459.79186246546,13359.6883440441,344938.460695252,77428.3214783701,13977.4040011477,5701.7824741117,2480.0716408071,13492.0288555045,343516.202720035,77742.4294812532,14095.3107883055,5752.24821083875,2500.16108940654,13619.0620721936,342652.644583051,78051.9842149686,14205.3340750416,5800.46121365471,2519.73740824384,13750.804745569,341465.806783018,78390.7705418804,14310.7611489495,5844.31525376311,2537.03578196194,13875.3407522424,339893.366335505,78667.9428621743,14423.6934757003,5891.7453791731,2555.22467677017,13992.3573263169,338089.273499254,78886.5606718387,14529.4995268895,5938.925814905,2574.1957718174,14104.7394407832,336111.209024075,79057.0094605077,14628.7634114658,5983.73188963166,2592.56690055017,14211.5654204003,334725.240014479,79232.2582887989,14718.9596529157,6025.56166625858,2610.00994531607,14323.8354631749,333071.552333812,79438.5022902253,14805.4254272108,6062.85342354136,2624.89798563891,14428.5343573817,331157.983544236,79594.0161004542,14898.7115641118,6103.63923421741,2640.65925096316,14526.8996324143,328875.380784536,79694.0528135552,14986.1429627374,6144.19299805898,2657.08809254616,14618.2287875902,326415.909328985,79731.9884710112,15068.5476689858,6183.75820754771,2673.5898346406,14704.0473482484,324410.635974762,79765.0590086161,15140.5880150447,6220.0248350257,2689.25070213146,14793.5441698467,322285.111181981,79827.3512873759,15206.2924424312,6251.07735185386,2702.20730429652,14877.340498104,319703.549489347,79837.3518963822,15277.9797704918,6284.31247931954,2715.30946996705,14950.8672671404,316922.731274715,79779.3078027499,15345.2880047492,6318.78377053781,2729.72414608346,15019.2798858948,314399.35063528,79690.5024439237,15405.3663311859,6351.17959600433,2744.0112663793,15087.3646871238,313464.912987168,79711.7143322225,15455.046552034,6378.98899739593,2756.73989610129,15176.8286947686,312555.385317019,79878.7974035899,15504.5654903955,6399.05822144944,2764.32599100608,15259.9207120949,311492.069032186,80029.0016903794,15579.0441440076,6429.36100002698,2774.59702088301,15337.6287094392,310162.495790603,80137.4565941628,15653.6640040252,6464.0003218978,2788.20567393338,15410.6414233101,308552.483615543,80194.0775326118,15724.1180494516,6498.76318968399,2803.00900822152,15478.312292723,306803.690994164,80206.0361361462,15788.2861115176,6532.11697592562,2817.91612872763,15542.1687641108,304922.900460929,80187.1653757329,15845.232548146,6562.65513017865,2831.92816290362,15601.3537960028,302948.40862025,80140.3114147974,15897.3241261386,6591.14210384004,2845.05987183105,15656.2152704227
298,206486.248356809,131155.399950486,61706.6474221751,37699.1489354816,22901.4202214597,42005.5900007185,173834.952684622,113139.061846075,53115.2058485186,32541.1494293411,19832.5994734589,36643.5780685892,182186.089624055,121378.221945165,56715.7858441769,35253.1881970873,21770.8093128352,40588.5671504654,174505.985699829,115962.666174886,54577.8483906514,33836.1322052259,21015.4962010687,40070.983138142,176466.543414135,119371.684318857,56381.9108977231,34985.438199539,21746.3319621342,42031.6994260946,172884.277615128,117410.813355885,56202.9718415099,34989.6056233891,21775.0190798046,42405.2676237383,172281.328193405,118264.168799507,57046.5906558937,35712.1914757499,22326.3796014275,43750.5294961752,170056.935992157,117470.968143438,57243.6893088824,36011.2363124377,22618.9040110412,44670.1861428203,169043.483169143,117603.605269914,57758.2621881916,36522.396522084,23056.7772801499,45935.6856713258,167534.285933939,117316.884738191,58058.9440892902,36876.4625088935,23389.5306107226,47048.6446156288,165999.382099265,117093.800604173,58385.402058843,37238.9894241999,23721.2123945202,48172.2779749738,164347.17564504,116762.762215865,58693.0361955664,37593.8477593229,24046.6481919803,49286.3240014355,162529.012371026,116292.816862678,58933.6410994626,37915.765509679,24356.3398040184,50378.0727974817,161166.249511616,115976.20422244,59238.0557958014,38284.2764054327,24701.4668627875,51570.458276342,159617.590099421,115594.111431092,59439.6499349009,38578.9947531642,25000.6338494609,52702.6493904278,157797.878459532,115067.185019348,59598.7493922331,38830.9160125029,25264.146098134,53770.7524761164,155905.018994563,114480.659840511,59760.7693014993,39095.8248833578,25536.3155237013,54854.5531773272,153866.087206275,113739.945682334,59849.7364260912,39324.710298249,25792.3114635725,55917.7640768684,152295.980645405,113166.03442821,59998.7582309181,39599.1269465324,26084.9077757344,57095.7339438487,150605.523206357,112569.763458463,60058.9760066381,39803.2872963584,26331.8250160565,58217.2678843164,148697.377608078,111838.361205869,60073.506805365,39959.0246005947,26536.4773088415,59257.3872200285,146689.063488968,111060.029061435,60088.6751021832,40122.910500028,26744.6883145729,60298.0210442957,144480.015152533,110093.980414338,60024.2117156753,40244.2243990885,26929.8979239342,61292.0784952107,142631.772912774,109250.084013693,60007.5254764988,40407.3974838004,27150.7770613999,62395.8094305294,140799.428337646,108435.622570982,59936.1188375734,40526.1956107308,27344.7718968846,63483.707680033,138638.707770538,107439.176860126,59772.0272656506,40563.4292339853,27475.1301882576,64444.7873496278,136426.726874262,106394.432418451,59621.6771750336,40614.5958573527,27610.9881771543,65413.1635555157,134281.619640304,105285.804258467,59439.9551831297,40657.7796321548,27747.7189650844,66392.3783093654,133177.540853012,104618.442966948,59422.8475006973,40817.6510782919,27971.1841669376,67622.5697843429,132273.889392354,104222.914541882,59374.1770059226,40918.4308224051,28147.4429347486,68793.7665013481,131070.301695621,103655.13697851,59256.5271733165,40918.7072330882,28222.4768964496,69690.8966656722,129886.476815808,103169.177654311,59234.2638671394,40988.1764362131,28329.8458195646,70576.1691757437,128493.654218202,102504.325230117,59151.0328035033,41032.4382652555,28423.6648337107,71359.3464712208,127027.696838925,101768.200924132,59031.2528357566,41066.1909610507,28520.4290952365,72128.1485489016,125539.235306035,101009.368194431,58895.3936371664,41093.5607348475,28620.0493782801,72919.9080238357,123981.945289269,100172.940472799,58711.191902236,41088.3351467939,28700.0637612942,73689.4138506017
299,330938.885317701,122881.317163399,35909.4943874701,17101.267744168,8072.55586885393,8957.54357492998,299558.741911004,109151.200478663,31818.4567635641,15323.9500705255,7276.7722306174,8168.08583142652,304004.26030442,111896.680349111,30570.7288910822,14892.0813478285,7236.89072331961,8371.908602687,303577.785838467,113790.757212605,30601.7464593377,14396.1234943167,6880.06228139243,8202.38472514211,302425.678098963,114861.562323235,31221.9873007509,14571.008534939,6826.81297207263,8022.8986164015,301358.174965573,115851.046540263,31835.8080991002,14906.498144261,6966.86410186446,8034.73210161827,300142.280768249,116704.125859291,32404.2552543105,15246.5755925637,7151.06041708362,8178.83413049864,298847.68492515,117484.105677794,32943.4138053805,15576.7547470489,7340.33670428238,8383.72055268181,298090.153215535,118313.879353577,33485.0064749187,15908.8142181867,7532.65644668857,8618.26178832078,297002.523168386,119053.494652497,33972.3787386075,16211.1754110796,7710.72597902338,8848.58465104773,295719.780316258,119763.253792119,34472.0990910892,16516.7609310921,7888.61046321171,9080.18074447972,294161.528345678,120373.615963674,34961.5735791051,16823.5478568324,8068.95169533911,9314.63507245003,292472.758548994,120922.18571837,35445.8796248987,17132.797169122,8253.44063960522,9556.80605584798,291309.180429309,121518.332222768,35939.4709256221,17451.0800216539,8445.01494579265,9812.9853105933,289718.763978833,121999.745449653,36366.6608233586,17733.9839173731,8620.10002947653,10056.6436670393,287825.913314321,122435.721082859,36808.0182521658,18020.4056380263,8794.91763295579,10299.3799406945,285711.709460257,122767.863609194,37244.6604806099,18312.926930825,8975.17597930798,10547.7892023666,283407.289160501,123012.205889029,37662.4195593599,18602.2451361493,9157.81522506385,10803.4830771455,281752.304687311,123336.504094134,38098.9099510989,18904.881230456,9349.79199964925,11077.6273381077,279668.990195253,123537.351039987,38454.7701507407,19163.3495391058,9520.40311560497,11334.477710362,277471.608611594,123736.302195382,38836.5931670467,19429.4188518663,9691.80368203951,11591.5663241621,274859.762760959,123778.905265241,39189.9884193679,19688.8490081341,9861.86902723839,11845.9868209306,272116.084393423,123758.37153074,39541.8708989955,19953.4046990775,10038.0346453982,12111.0599872822,269795.916706565,123757.648141736,39896.7538576124,20225.851166318,10221.8950585188,12393.2075672927,267314.709447774,123693.603580746,40191.1028305843,20464.645480831,10390.0133495486,12665.8585432794,264460.034092748,123554.152809937,40475.6475799651,20692.0797315502,10549.5462000468,12929.4520887978,261385.467006006,123307.777589228,40759.4261993732,20925.769738812,10713.3547897649,13196.6593100154,258546.32413033,123045.142273116,41044.8297504008,21168.7535800345,10886.5602494072,13480.320113297,257248.113201713,123066.070913372,41370.9401334644,21435.4971042798,11075.4011903005,13796.3780096029,255898.103861344,123094.63906606,41577.6588503474,21620.3959248734,11217.7650989668,14066.5974497292,254544.87583127,123215.290420393,41832.1761104127,21806.4799362379,11347.6722792917,14310.3779434781,252858.811547266,123200.31491926,42074.855601722,21992.3124112584,11474.7777051832,14534.2828008815,250950.746931161,123116.609282396,42311.4805521852,22182.7939778591,11607.9009837825,14760.6589859837,248909.562719884,122952.587946443,42535.2739693631,22372.7782957406,11744.5500522304,14995.1350701236,246747.256657803,122727.014333905,42737.6045360212,22555.2989853605,11880.3251078289,15235.5620508103,244488.402025813,122449.117229449,42924.7973030198,22730.9486634747,12013.9121683308,15479.7120760266
300,184364.737745099,127680.368094721,70632.2628133856,46780.5112790804,30742.4040069296,67171.0149840069,169894.671758266,119853.017601546,63499.8315611537,42115.1779652906,27786.8277073272,61588.6202162436,159145.480734669,113023.454103036,58918.7067378904,39218.0749416874,25998.4989174619,58068.91294801,166711.730423486,121848.537290033,63639.4930434931,41957.8280010291,27853.7917914523,63209.8664036248,157256.250882185,114120.577665336,60554.4606939561,39976.7419191384,26430.4320935119,60407.1072646042,160723.216160329,119080.633410455,63440.4134647805,42056.9556429606,27889.6522410104,63965.7523199621,156354.419533626,115738.053239019,62594.7496649881,41697.7085405131,27734.356906896,63924.8603302958,155572.234032723,116408.125875369,63264.149775853,42399.1837695402,28364.1238980833,65831.2732094538,154241.943821692,115895.459921988,63617.8941839985,42818.1286085187,28775.6393011705,67424.5260025618,152535.322338474,115256.480677775,63646.4630791848,43049.1717470954,29069.9702851027,68817.0677281419,151308.830691684,115119.370462439,64009.4003845486,43455.1301576082,29466.8063397905,70512.2694741469,149444.785069252,114356.876454513,64073.4589337519,43674.6321555923,29729.4684559279,71885.9410039965,147720.609956978,113783.755536267,64218.324104446,43958.4042564995,30044.4363885227,73395.8871854155,146329.250388153,113230.526138579,64387.7873947435,44263.6322511527,30377.9995858813,74989.1714823174,144844.640527414,112691.432986907,64463.5860697597,44499.9259030055,30668.304932367,76525.3489379608,143063.961710844,111972.940267285,64470.5882955246,44664.0122677818,30897.7802755542,77932.1402279787,141231.264001996,111209.363804475,64489.1257409888,44846.6744934277,31137.2167409702,79356.514953398,139246.060165066,110296.199997299,64429.418323249,44988.5629175993,31355.9425390067,80740.1273080806,137669.847856624,109506.633740345,64419.3746519634,45172.158624513,31611.5361409617,82261.5768515702,136130.291637019,108825.417099841,64375.650216232,45321.0963423349,31844.9086141099,83786.5308100902,134251.441706721,107891.554145957,64208.8346013193,45357.1270221377,31985.7027974195,85091.3970417756,132338.284672433,106975.193617375,64077.9570758775,45424.9530087307,32143.8254750005,86427.7280846847,130247.389118459,105878.136156954,63868.3811706001,45448.6477982066,32275.5589223699,87692.7162438833,128425.488468387,104841.796166773,63675.0409529157,45495.8675326805,32432.9667403163,89058.8198953602,126761.324968702,103954.539564124,63490.1716997384,45541.1038911993,32592.9849131891,90493.1362743663,124729.346773138,102833.990598597,63164.4931319172,45461.262586205,32652.979215014,91683.6627644454,122593.697808899,101630.447066703,62831.4879439532,45377.0014596554,32702.429383683,92833.6960355648,120554.483710256,100424.084206426,62507.6526014104,45314.7920687262,32773.1918177878,94045.2261988843,119416.799979827,99573.1928800946,62332.8975390334,45367.4166669081,32935.6403940267,95569.5349242978,118655.652751076,99170.0312390904,62221.1241795147,45429.9281943073,33100.9479050968,97179.2729037733,117500.323303281,98492.9644256506,61968.5441764867,45322.7919418927,33105.2074406452,98296.0067162957,116342.565193233,97894.6832707992,61814.2875012899,45288.4932643945,33140.6884777147,99374.4568451318,115098.91266023,97221.6022453425,61668.6357136654,45278.5648901018,33196.1356785606,100400.264860807,113686.427940931,96371.1733856071,61420.2373133863,45213.8414375399,33223.8466900709,101291.947266913,112294.048858841,95541.004252544,61172.1905237838,45155.9707563193,33266.8966276225,102239.477085905,110873.474460868,94671.1164299241,60896.7890019569,45077.1688600499,33298.0469703445,103186.001863725
301,303249.960407894,125938.480300504,41419.103196974,20928.3599767784,10581.5806982306,25339.3617758256,279648.590398127,118036.656803646,38679.2559687011,19657.2126970267,9963.8235088215,23911.3504923439,278785.770119354,119089.214311156,37692.2656037544,19488.8780597261,10113.5102275122,24522.2204432993,277418.091258168,120247.814780462,37771.4028603465,19137.8192360295,9868.30908374702,24592.6386347406,276118.776409757,121308.090722803,38545.894337218,19438.2847534554,9912.96332528153,24722.1462516373,274597.722315615,121988.941861619,39195.3902088861,19853.4911743846,10120.5458676466,24953.2121396154,273011.379504468,122612.872327651,39813.7870792094,20267.1586909847,10371.9585191666,25328.3829268076,271333.240317036,123138.753238163,40382.7766368642,20662.1309955605,10622.7667195491,25753.8164898189,270161.1599605,123713.341624406,40959.9388042242,21059.8406118426,10877.5695121187,26230.705851712,268818.733252449,124263.930634036,41482.2471673703,21425.2145144467,11115.4419964276,26694.1307980489,267250.18903774,124745.894584289,42009.2951847587,21786.8768730729,11348.2314750655,27146.4355466935,265455.073082348,125130.578875557,42522.8494082011,22149.6731268004,11583.6061685275,27593.612242489,263453.381304463,125416.200264237,43016.8377819081,22508.2044621036,11820.6199181567,28038.3145527417,261995.441782869,125749.254980246,43526.3929266416,22881.6702210305,12069.5544324813,28521.8244238916,260262.807471644,126042.827419255,43966.6970954556,23214.518528728,12298.4882690167,28979.4429486211,258189.818604383,126233.40310539,44410.5432183544,23541.830336683,12520.6158846747,29417.1558068448,255912.771630462,126314.892225538,44843.8602135891,23875.0164347078,12748.7109040163,29854.0280355215,253416.209401896,126285.712842212,45246.0654384822,24199.1110495159,12977.1663830855,30287.9810142697,251542.163163883,126329.695539378,45672.1511268118,24541.971668086,13219.8980140522,30770.6501324246,249416.472978721,126334.5768227,46017.822396065,24836.1838366374,13437.5902445186,31221.3256806979,247103.151663572,126271.047011841,46374.7433960765,25126.7134115002,13648.2128395219,31656.25984396,244473.038984025,126081.533794121,46704.0664717069,25411.8007473963,13857.6869719054,32075.3278384844,241608.822572599,125768.910259828,47010.878808752,25691.5973332962,14068.6133417665,32490.4863606852,239186.375127035,125490.69445596,47330.6692427809,25987.358350404,14293.5645593968,32948.591580741,236745.747445886,125210.380738801,47590.3512504583,26247.2095006679,14501.2944082357,33395.0887108168,233890.377417819,124815.217145362,47819.4720978688,26478.6829780241,14688.7471354586,33801.5854992681,230848.218147794,124307.699709754,48049.4499815541,26718.0204498637,14880.5820200702,34203.4476898847,227875.990685518,123730.05031486,48257.3499586075,26956.6520178008,15078.147023457,34616.1823090394,226473.949555193,123501.833648645,48549.1860072905,27246.8551960692,15309.955135242,35147.7770723767,225171.812644055,123412.09839971,48724.6554650863,27447.0291472185,15487.054377266,35617.3972921105,223730.627408035,123328.497487533,48933.6046048802,27630.0566646958,15635.0058873026,36022.5745473862,222079.132437842,123166.09851123,49148.9331435137,27824.7822182025,15784.2829350826,36391.2730104897,220184.382649604,122889.041601389,49340.8613123646,28016.4679954886,15936.3604346907,36740.234104483,218167.431069961,122538.66293254,49517.4687832604,28207.362535703,16093.3066673378,37093.7011960775,216058.077218789,122121.644284899,49668.3349802331,28388.6365075226,16248.9154967418,37449.9792480468,213858.941854206,121649.442895518,49796.1128360836,28558.0547649885,16399.9599696727,37805.5830751436
302,155021.16216206,129663.773862279,67315.3004609999,43758.161071321,28232.4814562055,54307.6676704518,124093.852567528,103228.583251957,52241.917928407,33827.0314412623,21841.8525777489,42423.318775635,136811.511905998,119907.814821687,60532.1023406964,39214.3343686601,25387.4585460781,49457.6069840575,127776.465511117,109296.647687451,56447.9654111829,36635.0931784694,23764.5300027961,46891.5323714602,130289.716442536,114467.824200113,58764.5339196415,38302.2501898438,24953.3782610002,49726.2989214206,128008.806702078,112246.120261049,58699.29704658,38322.920348378,24997.4546778912,50308.9379154926,126615.656459293,112118.211649701,58903.74894296,38717.3604325598,25377.5954102931,51483.8901462881,125880.790891612,112154.734265583,59546.3653862397,39295.4148449529,25874.5766918874,53041.6661265224,124390.138640865,111294.545509235,59542.7085194458,39506.1571925359,26139.5055120689,54178.7332933466,123681.847151513,111396.48143716,59991.4665202599,39971.9546632467,26572.7557652976,55738.1041690965,122357.322844203,110762.86099304,60110.573955115,40211.9258240825,26841.1082670867,56975.4084913255,121138.358576212,110361.893340903,60324.445820756,40523.0956911346,27159.5815299391,58320.7975356398,119806.125118326,109764.034725618,60479.6509181503,40797.7469197753,27455.1772131449,59634.9225277404,118724.499091726,109269.246530452,60643.0071148794,41090.2014153815,27770.2604036375,61020.4869583657,117596.752043258,108803.037202397,60765.1188109038,41339.3591928206,28056.3492382326,62383.9737020939,116204.938509559,108118.538257268,60799.8597310611,41516.3399911413,28284.1971893501,63630.0741106847,114791.388678886,107419.665881651,60851.9247075209,41715.7511063631,28527.7062134207,64910.6838714288,113282.164536648,106574.524561794,60830.0095044892,41875.0683418388,28750.6979253086,66163.5422105998,112066.218435868,105873.986751166,60849.3272382865,42068.1510297718,29003.4374523839,67524.2387528103,110820.783764816,105197.437080531,60817.7975743919,42210.8856127029,29220.5629051814,68847.6246186975,109386.672405311,104360.46382218,60715.6272926145,42288.18693032,29381.6883913422,70051.5328051732,107879.332874294,103487.527047834,60615.6703686792,42372.9830244708,29545.4915267826,71254.5063283371,106244.371333711,102449.53168836,60442.9626249888,42417.3779906594,29685.9469033887,72407.5845414071,104837.948256623,101510.233454736,60297.9949283871,42491.0125897203,29854.7282648572,73661.1243951838,103492.254236276,100649.146221916,60133.1485172428,42539.7180257902,30007.8325213576,74924.7803369391,101881.292070354,99587.5626035473,59859.6744595792,42492.8218995185,30083.8580806953,76017.5274964857,100215.059973338,98465.1637666144,59586.5424475506,42450.7530058507,30158.8761274283,77101.0859679668,98641.1069453428,97323.155260542,59303.5050987511,42414.327470172,30243.9455978989,78220.0744873865,97773.8489937854,96590.5634288742,59166.55028954,42484.8077299474,30411.8636874256,79597.3296574303,97117.2388616452,96163.236138012,59055.7661489983,42530.413301969,30552.2919292022,80950.7418077496,96231.6887492145,95561.8392840522,58867.5505348071,42471.568438799,30584.6430399348,81976.4076887085,95315.5661298474,94997.4844543554,58749.651532754,42465.9326307385,30639.350868,82952.5043477197,94313.9601317908,94331.407264436,58614.2486774818,42465.43448437,30701.4102653473,83864.3237917299,93202.9348288023,93542.6201449297,58404.9888630135,42427.7865818979,30747.8729825262,84703.9718338443,92094.1504453673,92752.3264381678,58189.1448540493,42389.9642888693,30802.0900588756,85579.5070112145,90943.1894299994,91907.2553188133,57935.8091869282,42324.9367394863,30839.6375422243,86440.0743194493
303,153613.791371623,120389.284680581,71777.8210308332,49987.5059502715,34509.9783304491,76686.6893606509,135625.92443796,108857.91364186,62222.1427310712,43255.9540829805,29946.5417569788,67172.6894961895,127177.352994882,103759.775729996,58770.1633208902,40794.8829833834,28231.3574911251,63608.5636768491,134664.746468038,112141.488225389,64334.9517325517,44408.5307091187,30739.1310024641,69959.366054079,127341.62368345,105198.046306348,61186.08223607,42480.7531723737,29404.134952191,67345.2723463891,127432.929227679,107041.066786381,62280.9710733392,43421.0549475848,30191.7287590537,69682.8760279436,127076.971107975,107153.740866418,63247.3334211671,44231.9051847062,30842.8630561309,71849.5821163391,124038.405864642,104971.519219293,62337.7683126326,43878.5668684433,30748.0778564718,72353.2676402083,123780.452572462,105512.58341467,63033.5083882547,44538.7671562527,31362.1891259819,74723.3187187458,122585.585779184,104875.221526035,63124.7204429873,44781.0923791222,31657.8403159091,76416.3911081313,120890.947402207,103971.705070228,62915.2694597625,44810.2635051099,31806.2718308012,77781.5852071879,119811.168984401,103675.304709884,63150.9714864283,45131.1776136798,32150.3828187054,79649.4218514684,118246.867963651,102808.840458253,63074.7590868039,45253.3650324714,32354.5976592841,81177.1092638018,116966.913185287,102105.392413495,63027.4040817704,45403.6446336902,32589.6614016467,82817.3376127204,115863.106567592,101635.990811085,63077.4047245161,45604.5900917208,32859.1657368927,84598.2638620887,114326.952576077,100781.03698236,62920.0803755127,45642.8051271604,33000.5981548296,86065.1440012336,112767.00127381,99932.1886406566,62780.0891867503,45701.1294736117,33155.3651770041,87562.6666266861,111195.772011876,99041.2383876319,62634.4952282565,45764.3780718424,33318.8060181863,89099.4059244557,109839.543461411,98159.5643547496,62464.3079723178,45818.874922706,33483.1647613489,90679.5621816267,108567.359709644,97446.0837279182,62308.4612801378,45869.1837770928,33645.7686537243,92311.9137519687,107055.922927369,96526.7048492377,62055.5681184174,45823.1557311701,33723.3850687298,93731.3372849003,105437.020041057,95538.1410180547,61776.5724879722,45765.1804230526,33787.2449550981,95096.224699769,103754.501564303,94472.2219082364,61471.6718198434,45697.2162922115,33848.0109278617,96452.1886928977,102249.475551078,93423.3065800979,61159.2163781896,45634.5252103449,33920.3894322921,97871.4069220722,100864.015519013,92517.5475621086,60861.0391483732,45573.4809809132,33997.4238873783,99359.4202988957,99238.2217786279,91448.2120087415,60464.7654605369,45415.5548252746,33991.165882342,100634.246821908,97471.068412432,90237.8962707216,60012.7094498253,45217.8121116329,33947.9337128358,101788.501836623,95836.2419351992,89070.1884474731,59591.7646115596,45056.4675842353,33936.856922172,103039.900560553,94890.7161926827,88236.0674580973,59315.9098254972,45008.206728642,34017.6799601751,104612.220586993,94266.6944317937,87819.6839742292,59137.4330585626,44995.9028991403,34118.8589105706,106301.912190188,93365.8018266263,87200.8825180901,58856.9118110417,44846.8432677504,34080.3710613927,107515.009127177,92359.8139887262,86540.5954584899,58595.8020829574,44714.564271708,34033.8738941816,108558.219095425,91358.7411115162,85892.3609553886,58391.5955976465,44643.2216296321,34036.1845819877,109631.898411461,90255.0203828483,85112.368595042,58110.0104804554,44532.9283537577,34021.01606622,110592.34776551,89090.3665337337,84272.2570009978,57772.3685069468,44386.3109155043,33988.6564014196,111502.544068657,87936.8800851412,83441.6906620155,57436.4978518306,44239.1672755218,33959.1393910161,112455.828794247
304,305147.484574925,125766.59542138,38414.3086546859,18477.9793854834,8873.03907106446,19402.6005980888,286507.300950156,115669.869115665,35701.9238620261,17278.4049685027,8314.72754404706,18558.3816219585,284232.219847753,112640.841001463,32266.6432042878,16230.94747338,8115.72805121913,18509.292439534,282498.106178981,114568.191441378,31589.9681551988,15155.8395838306,7510.29307562095,18347.501873289,281470.174651696,115684.679740285,32230.7921305848,15215.5653658551,7313.94341311584,18089.834442072,280149.642648755,116480.235036544,32840.3859913679,15532.9473901484,7415.40758724625,18072.0600956384,278768.85233099,117128.221857268,33382.8847892804,15867.7438795242,7592.73513954954,18244.1205282895,277268.210143049,117705.551424433,33887.3818088254,16188.1384748363,7778.70140434908,18503.3289230708,276197.406314806,118284.750144601,34387.377986922,16506.7789889761,7966.57181144161,18806.8495144343,275096.889052481,118892.878289404,34853.0342847746,16806.0559756919,8145.59530554083,19115.8981037508,273719.962629848,119426.68884707,35317.0811273303,17098.5955543634,8318.75391915736,19412.5294383426,272129.76770998,119880.866757437,35778.955627018,17397.0686913304,8496.47958195358,19709.0690839049,270314.690018828,120245.718881854,36224.2728642541,17692.8782430431,8676.14164515107,20003.4422712727,268928.228355565,120614.519263332,36676.6444283059,17996.8197766257,8862.7507863909,20318.0382155972,267421.460024713,120999.176451344,37086.0346154075,18278.2114185796,9039.68736570102,20625.6525022678,265545.90606634,121280.392027373,37492.1978958745,18551.3579666201,9209.72812952694,20914.4219932204,263442.198472977,121464.049215241,37896.2737681405,18832.3778772611,9385.88776874582,21203.486157201,261095.91033837,121543.958502844,38276.8724854161,19108.4993345494,9563.72091271698,21490.0711036452,259273.801017438,121651.680963426,38669.2767408911,19395.5735722576,9750.41407205668,21804.4847258993,257355.552808611,121780.878935262,39009.5909995194,19653.3309709606,9923.54759550129,22108.4254122068,255164.708001384,121816.299065348,39348.7690710637,19901.62564911,10087.933370798,22392.3874222106,252711.104287956,121763.133841615,39679.9096413906,20154.4257403678,10256.336123653,22672.9870405745,249954.436067016,121581.510829058,39986.2339729001,20400.6338060553,10425.0293082674,22946.8028051504,247591.743069683,121404.015678886,40303.3815198104,20659.1013102486,10603.9722082744,23247.6827311861,245292.355475922,121254.749917752,40575.508371025,20893.8616710277,10773.0797532554,23546.9874219693,242582.707690423,121006.45011005,40823.1310754048,21105.9657988253,10926.9225968351,23817.7682410453,239631.621972483,120641.785676544,41073.435573011,21325.4814730595,11084.7941095097,24083.3455121959,236699.983670392,120207.825431125,41307.1864660457,21546.8994933785,11248.8152902423,24357.621347753,235150.486561907,119999.748912283,41584.5720843435,21794.7803702848,11430.8667646161,24697.5325092469,233989.077954588,120030.02599296,41791.9981558592,21989.1117741563,11582.2861415038,25022.1015187333,232622.234895394,120020.068058432,42002.0354903758,22153.4316923454,11702.8207466146,25287.224499629,231096.30722133,119981.663752161,42237.0366731662,22337.1838262686,11829.7474773046,25538.9731405604,229266.453747338,119803.42267576,42441.7918090314,22513.493123494,11956.3156523096,25771.0924550212,227334.428123102,119574.884256843,42645.2721878974,22695.5505610249,12090.2247028637,26013.6408284394,225275.788213619,119264.914868053,42819.8858875031,22867.0467877617,12221.8401691372,26254.1034402725,223144.079377718,118916.442667809,42982.5890870188,23033.2078481699,12352.3978802911,26497.9849083656
305,172520.718479638,120016.729549382,67284.3727609047,45372.766320349,30385.8332364292,63591.7425390599,153442.712320597,110717.171970365,60354.2844652435,40684.5799711966,27333.4839740606,57778.3092035991,149789.122827659,109235.504388564,59681.4364697638,40357.5358563125,27177.0882507436,57831.5921680442,152943.729510962,113099.341723191,62312.6680764865,42077.8167612868,28438.6433647502,61342.1490646654,147295.648373337,108873.116033363,60583.4059680214,41082.1122521865,27800.4327669899,60603.237947362,147855.786004049,110801.925054905,61939.4057366245,42153.827268317,28632.8651195208,63035.8680447872,145827.608312179,109697.679093139,62064.8408377265,42412.5814875325,28903.3125828825,64267.7649346841,143794.416208795,108883.283156775,61989.6468057497,42599.3746510922,29173.3168338965,65560.2143951213,143116.126409658,109017.428738639,62537.1930353715,43151.9100929685,29687.7163049209,67533.0790893346,141477.2247232,108275.642767931,62528.7212870439,43333.9213053383,29940.588540868,68968.0907397692,140047.335845159,107864.13813704,62667.1892124794,43594.5658430903,30242.8423040249,70547.9145093208,138582.698931969,107377.580397322,62832.8811300714,43871.9644718039,30548.2136464216,72143.7970931009,136823.926166315,106614.868873876,62829.3788592632,44048.4936782482,30789.4353565007,73596.3347916676,135546.283091361,106107.673414693,62949.2823180635,44313.7524932738,31099.1697532533,75249.0545332421,134174.609810354,105577.562120584,62995.3872367305,44517.1661805723,31365.7241544384,76843.2018606057,132460.348277262,104814.232889401,62923.6306989887,44620.6247284586,31552.5380902719,78258.8430010763,130752.956454555,104069.256602192,62892.6596649714,44760.2373204342,31762.6372110333,79729.9220980932,128918.705574039,103176.011729707,62787.6914168218,44859.2212085981,31950.1564663459,81159.3543630653,127433.582215694,102386.640855789,62713.5392389642,44988.1968590847,32166.7284231037,82704.0469499321,125969.634419503,101704.058407748,62618.826993981,45088.2007054524,32363.5992749569,84254.0794453675,124228.687818543,100799.427692838,62418.2465503085,45089.3578662544,32476.2811243376,85604.0003426244,122421.561963865,99881.9035540407,62225.851138107,45102.8138915809,32593.6756546425,86954.4613272476,120495.473132046,98835.1053032192,61981.320693118,45087.570568535,32694.2716631419,88262.3383394727,118801.292884409,97828.8187631937,61741.7903788355,45087.634086379,32813.9597945584,89651.715258628,117225.506170165,96956.069342575,61508.0840300758,45082.9331519718,32933.7339375122,91096.232121427,115335.590043334,95880.6439113316,61155.840246376,44968.6236282613,32962.7685303874,92318.7365634536,113338.07561108,94708.6128358234,60778.6398082509,44838.7900672906,32973.9621160186,93481.9884227978,111482.833451229,93561.9836246016,60424.0572822737,44738.4890688274,33012.0746808355,94725.8807857718,110450.148051282,92767.7244677521,60218.2602795473,44753.2526578726,33142.3088036189,96278.4919680663,109717.242464799,92355.4602371266,60069.1773198537,44771.9127881363,33269.1680011428,97879.8146634027,108662.10858756,91726.8521176036,59813.6938638602,44651.4282052439,33256.5004162263,99034.1052829945,107549.216529714,91114.3917692238,59615.3725654588,44575.6298840655,33256.8957425115,100094.164291754,106392.545800695,90469.7036011615,59445.9179394209,44538.8183049729,33288.8830526915,101136.886209798,105099.581052414,89670.9469938612,59187.3493178608,44455.004958567,33297.7353642619,102060.082388316,103784.106029695,88856.1682795272,58902.6162155366,44358.237278357,33307.1646801046,102994.112790013,102458.738939158,88023.7254115302,58605.1452290933,44250.0179602231,33311.1347832574,103945.76048822
306,183864.845523044,132948.477378972,69329.2748436274,45081.7418224862,29097.4951086792,52717.8818014107,155030.472397355,112529.991628856,57072.0856714583,37073.8094796491,24002.0123545405,43933.1159674369,162926.029538084,122952.536433751,61473.0963079179,39798.9733362525,25748.0565230841,47257.9076704812,158287.427549429,118752.760806834,60984.6939766997,39341.4979040328,25456.5284903141,47230.8970067649,156997.966555809,119326.693051391,61099.6497921679,39726.4521946004,25757.1165437334,48014.299468244,156881.626015342,120147.417881093,62490.308927799,40657.515136855,26444.5169105119,49763.4690491894,153806.294240148,118373.660235953,62032.4267654759,40658.0637645517,26551.6191382797,50350.3410629775,153501.959430214,119225.00805054,63012.3050536,41469.0181807644,27227.482657655,52221.8903967001,151531.691298438,118136.026062346,62995.8925781262,41676.209401138,27489.5480236948,53364.8485624844,150622.339964448,118260.225201289,63443.614097346,42161.624804353,27946.9506963344,54962.8762931896,149099.133034878,117738.859068495,63659.0940744162,42469.5987336365,28267.2287972283,56324.7481128044,147542.552558689,117271.797276511,63863.3303514559,42787.1554511887,28595.5760887688,57702.5848169193,145983.405050507,116758.667391105,64085.2191628042,43115.290660632,28934.2705289374,59123.8152762097,144618.618981844,116237.227686737,64271.2388585966,43432.9448534779,29271.9043238529,60571.3778868249,143255.639955512,115783.832924625,64426.1648116558,43717.6930262153,29589.8152075434,62019.8149461441,141585.836591045,115120.633272736,64491.8518215673,43925.9021141077,29846.5481378593,63356.4919923506,139861.342331196,114417.658652651,64566.0367929868,44148.6402157414,30112.0096087485,64713.2197437188,138032.048683422,113580.380672525,64576.2841453134,44339.7931984207,30362.7891694988,66056.5901364882,136533.355360872,112861.099193329,64621.3895650168,44561.6339114005,30641.8069325068,67500.3959128145,135019.069470871,112172.925536787,64609.9247350758,44732.34642488,30886.5760936497,68915.752791821,133273.254686603,111323.395700524,64521.2812357001,44829.6130366472,31069.7223868882,70210.3399016741,131451.751991042,110439.793519552,64439.5481896896,44936.3141307617,31255.4414551678,71505.776321728,129469.729577487,109388.222827687,64283.8993613273,45002.4515824954,31417.574413422,72753.7308623149,127732.906123717,108410.370502131,64151.3497613241,45095.1008553203,31606.133381827,74093.4420425546,126091.237052927,107515.619088184,63997.9064913735,45165.8401804345,31782.8044036776,75454.0237286442,124149.806782581,106430.182958022,63730.0028568975,45135.268531038,31879.3230108069,76650.5882382735,122121.235865518,105274.467426562,63459.3280697408,45103.7440394176,31969.0418178509,77828.0331388979,120205.625751597,104102.531240712,63188.6595229371,45085.9845829961,32073.7410502818,79050.3515412146,119095.117102526,103304.051179904,63055.8196711844,45171.3760752326,32259.3972886696,80512.7067098471,118307.134167802,102856.885720733,62954.4796868671,45241.4535377311,32427.4183625288,81979.1262865162,117225.434360467,102233.292647262,62757.6058783348,45184.9724621966,32470.9047048587,83096.1308861872,116115.521469106,101653.481162643,62641.1749364604,45184.5585331429,32534.1702982989,84153.1419393597,114895.639691799,100970.43856471,62511.8827861185,45193.0810400376,32606.2250121146,85141.5262632081,113548.430016923,100155.284754273,62307.0588009155,45165.7885632337,32664.0821005586,86057.1928171837,112201.002606192,99335.3345057308,62093.1946010998,45137.5335535417,32730.3588544504,87008.534729087,110807.327323706,98460.7234574185,61841.2309078612,45082.266893305,32780.7003625091,87949.922589045
307,367983.357863484,64791.2115372386,12437.1353156407,5166.4929312848,2237.78153072843,6782.27920977365,348565.431063559,63120.0086964752,12175.2848501475,5168.90374182903,2258.5741602839,6752.92907600134,347577.067386389,64685.6264512349,11433.2175309962,4750.60177548893,2115.43598054248,6772.34999694877,347071.287489142,65262.1030294623,11790.6014170513,4767.6265963961,2040.99657592874,6748.68694672411,346411.634833136,65674.4909914099,11949.4700173985,4852.27620515534,2066.63350478785,6789.51937110909,345457.042047036,66055.4003892129,12063.0045437822,4905.29220767394,2091.35830522728,6861.42558378678,344393.522830624,66395.3179705144,12167.6748942009,4949.68556104127,2110.32327224178,6937.0463859311,343275.352431101,66713.6565630999,12266.7270472193,4990.83341926035,2127.04493342447,7010.65858528897,342644.467287405,67027.5234167029,12360.6860434712,5029.90442523265,2142.68714340804,7084.97812706973,341807.666778109,67374.8538742862,12452.6770725852,5066.54186795141,2156.93606688445,7156.22626716851,340717.2942258,67683.5861003945,12551.1495548442,5106.11642346308,2171.96560531994,7224.8180546344,339369.262370036,67948.8537761476,12644.8816609004,5145.63555463743,2187.61508169601,7291.22102214921,337886.793801168,68174.9642492477,12733.9058359682,5183.75804155234,2203.04105179682,7355.66495426599,336886.122511424,68389.5815042753,12815.1958989251,5219.27800439184,2217.6417621301,7421.46682106353,335587.071321678,68636.6159218793,12892.5729424324,5251.18656836675,2230.35667943335,7483.53224087365,333925.522541079,68831.0422426186,12976.9474458184,5286.18280533483,2243.80151883454,7541.99722302104,331981.005198314,68969.0079737755,13054.5389220897,5320.77962026556,2257.86427924689,7597.9474906691,329916.726697476,69063.7473541825,13125.5030939395,5353.10949179405,2271.38652851844,7651.73184912293,328403.707810794,69151.852717846,13187.4108794046,5382.13634785714,2283.72710017492,7707.16400323716,326651.404983442,69281.8292154374,13245.8949947162,5407.20638736217,2293.87448040834,7758.75037660952,324651.542606027,69366.3298713142,13312.1619709331,5435.72450277532,2304.82672065118,7807.18492774858,322291.802434588,69403.0038020411,13372.6174257338,5464.02628275468,2316.44784929477,7852.50261789089,319751.455717678,69384.0988251024,13427.9913146919,5491.09150727909,2327.98044662258,7895.31358632685,317645.704704464,69349.4625262725,13473.5363516251,5514.94374437023,2338.58266573242,7939.31169541921,315430.732231125,69348.8919094538,13513.1620402818,5534.14847444703,2346.83882123955,7980.12840600662,312800.697462137,69311.2605281359,13559.1775083447,5555.49356829099,2355.25828481341,8016.16179793668,309958.199742471,69209.0959078796,13601.7141615754,5578.00580218801,2364.82523459544,8049.8022429943,307375.539556982,69079.4945625508,13636.8115035303,5598.44895447069,2374.22981182126,8083.56579085262,306305.743926851,69020.7971652795,13661.6977976836,5614.34583216737,2381.90849625635,8125.87466199333,305340.436235453,69124.6690942022,13688.503300469,5624.55137111986,2385.68208971436,8165.4228437866,304228.756642704,69222.0359496193,13741.8449618947,5645.02319618138,2392.12643467872,8202.59529438411,302842.968237799,69283.6383819079,13796.1605195571,5670.14874883578,2401.94154597494,8238.71601972867,301202.687174623,69299.0263956581,13846.7689421931,5695.42882295342,2412.87832576671,8273.45002313367,299412.473975704,69273.2906903653,13890.8230501869,5718.95815810681,2423.65570436096,8306.43863240556,297509.866770355,69220.7471237905,13928.1752842119,5739.83636913191,2433.51887342234,8337.18275803634,295498.561278173,69144.1238015451,13961.0318597729,5758.68595357497,2442.46923753656,8365.37659076476
308,152578.971660706,110203.209746063,62804.548780192,42493.3796398819,28531.5047128958,63551.9223381021,128307.494787246,96709.5735419324,53231.4411683049,35975.208342504,24225.2749217511,54482.5055838785,130122.535083229,99938.9058371624,55307.35991921,37569.8532475361,25393.5158857652,57442.9697380345,129534.438774204,99839.4202652378,55835.229509261,37941.9062923058,25774.650092868,59189.5495608401,125745.296278937,97397.0942219248,54698.7648926115,37300.3845130158,25400.4011978726,59098.8627883198,126618.13108388,99319.5938567803,56224.9688597052,38434.5872855561,26240.5341010988,61715.9320382807,123943.704057452,97405.4002916204,55753.830879128,38300.6773030507,26235.0324208644,62290.830105252,122934.426878027,97449.7227020455,56100.4786884972,38737.8719825296,26667.0124460456,63966.3536828613,122000.561502896,97117.6129407045,56397.6849451918,39107.5419419594,27038.8722357886,65604.1748766637,120580.929861328,96464.9244898002,56345.535750198,39249.5454063088,27259.0170329556,66926.6364904736,119502.626122503,96208.5451037045,56554.1921970342,39536.6957267288,27568.0426706512,68504.4432262355,118097.784361274,95590.2334179643,56598.207669169,39719.7355839299,27798.0455716335,69884.7345695683,116616.185898338,94941.5777552754,56602.1746530316,39884.6149118273,28022.540887536,71259.3145354303,115544.677063518,94466.1135685559,56709.1252218336,40124.1138966678,28303.237479919,72811.1564487169,114329.290548772,93936.693302718,56706.8401946571,40280.205689232,28527.06167236,74260.9618953453,112850.704139385,93235.567411728,56628.5780025552,40362.3889610474,28688.7139106297,75565.9306887557,111391.362166959,92544.2531825856,56588.8869434108,40481.3313429744,28874.0718293971,76927.0227113713,109799.864373251,91707.6168629004,56465.6687630658,40552.2267937921,29031.9509760749,78228.2703846248,108535.33268604,90987.1224568491,56386.2428302755,40659.8393702448,29222.6578605241,79658.6119197094,107283.98206462,90358.9422314903,56284.7212355732,40738.5725519753,29393.0569325749,81087.6281712976,105778.558795507,89520.4259709023,56080.3790512495,40721.6882309116,29482.0642595603,82309.7841773412,104230.836304344,88681.8599452332,55893.4726558034,40723.469678438,29580.6368443697,83544.5121417692,102570.92351589,87720.8593021088,55653.7082483214,40695.9455198444,29661.8466723343,84730.2589557366,101119.579402208,86800.1531993405,55420.7048268684,40683.5797619616,29761.5898649998,85997.5342694142,99767.8460459327,86004.4671006196,55194.249723556,40667.3766027625,29861.6312408436,87319.3905256849,98143.3267406089,85018.9045309024,54856.8915611978,40548.3603690546,29876.00386586,88418.7080817303,96433.7762741571,83955.3544491068,54501.5250516139,40418.7028213563,29876.6799522908,89467.0392615207,94822.7430292415,82905.5743748126,54160.8858308042,40311.6913564964,29898.7201215565,90581.5740199695,93953.479148489,82186.3064698744,53966.8735447416,40318.5690138742,30011.9169735042,92016.1521449452,93330.6958566213,81816.5115014705,53821.5279648153,40326.3275116364,30120.2805544984,93497.9516884876,92418.3988673381,81233.8732636695,53573.3613063307,40201.1909949982,30095.2922862336,94534.3124788161,91467.4004043456,80680.2944916213,53386.6663106915,40124.9955514947,30088.6151965349,95499.3436626282,90481.1501722411,80097.6371527822,53227.4287311567,40086.0304321373,30112.3889263418,96451.9227268759,89365.9740868811,79364.5053881402,52978.1132830389,39997.4257980818,30110.245370572,97273.3798517973,88244.5597578873,78629.9771411648,52712.2373288632,39902.2776196288,30112.6397637083,98117.2954436253,87113.5758773255,77881.3945249333,52436.1784225845,39797.1555486075,30110.1914222323,98978.0114340268
309,341210.047865927,103039.914003722,26607.4557750838,12123.5969410447,5611.39107244599,17650.0620510199,319712.952975157,97313.7044398127,25320.5543473264,11685.3330775811,5443.27107319665,17149.2373709607,319925.965934567,98024.3698413128,24099.3387109056,11240.6469132717,5357.82025171948,17359.6173414371,320063.95650482,99697.2552920209,24254.0841340444,10960.7295426067,5132.25257380695,17386.8554278816,319496.143929428,100726.644480769,24732.3205865087,11114.8405161679,5119.02752375567,17412.1297898326,318626.83089091,101613.657426359,25171.3635670213,11340.2694561063,5211.25307983107,17552.4507263662,317691.181905664,102437.18515194,25592.1418776302,11568.9602363087,5325.32683121189,17762.6943450904,316706.231291783,103220.34752508,26000.0541183863,11793.6718743745,5441.82233174772,17997.5922187487,316189.892572087,104023.326368657,26407.0235247241,12018.9482217814,5559.73152117515,18251.529247649,315380.47341708,104778.668466908,26782.3547300285,12227.4753696306,5669.90192589314,18492.8055012138,314347.173603845,105497.627033056,27167.2143169693,12439.1591422377,5780.48734591221,18727.9465470737,313034.494524468,106143.974697274,27546.6421879851,12653.0671960917,5893.55547049999,18957.0585074572,311611.600170472,106744.193235578,27924.6014792588,12869.6691282598,6009.7780909839,19185.3434616734,310685.772454085,107363.543611861,28302.8330829085,13089.5804789229,6129.36869146238,19427.8980270378,309334.123330186,107915.993361545,28639.0461478558,13287.2016411648,6238.76523717659,19650.4172133619,307667.724228048,108419.581451213,28988.9359929433,13489.5100069119,6348.91732196342,19864.1138076174,305752.943606383,108838.825453798,29333.6137939544,13695.961145512,6463.0067497917,20073.2634142254,303692.336529219,109200.469137527,29670.024798799,13902.3116421259,6579.49591401779,20280.6119561735,302209.239524949,109594.074115777,30009.8292090844,14113.1451613576,6699.89732196775,20505.8126217775,300370.301489477,109926.172452124,30301.47192229,14297.8708454059,6808.05046071692,20710.0176656243,298332.147660488,110225.658574027,30607.6117948738,14486.385888513,6915.97649664663,20906.6505628965,295907.639057141,110422.047247379,30900.6226560511,14674.3942350163,7025.22769868886,21091.6345760254,293329.810314374,110554.49815692,31191.7043780561,14865.8795962501,7138.52718713385,21275.8281648603,291174.338409027,110694.832072426,31481.1291380789,15060.9536655751,7256.07359181769,21475.0478973624,288842.836375665,110789.667331467,31727.5832755743,15232.906996515,7363.12697802935,21660.1660632311,286100.832610304,110820.67614886,31971.462302001,15399.5067138843,7465.58768164031,21827.859005505,283159.169960349,110767.247118545,32218.2090671849,15573.2912328388,7572.65871043361,21991.1110171533,280464.389879668,110699.449369464,32464.3328891061,15752.6521568546,7685.73096932339,22164.5371041197,279316.33340778,110825.729742149,32726.6829379811,15941.314517747,7805.48997173955,22386.7062444081,278126.237072641,110988.844871354,32905.7020755199,16074.4617034305,7895.03901177311,22576.3183687856,276854.09029763,111197.691976266,33122.2012317267,16210.6299169497,7977.41838003606,22747.3407755684,275295.216233494,111318.15973583,33338.0973799625,16353.1886208576,8062.56185609356,22902.1986935958,273473.449187153,111366.949532902,33546.4794672791,16497.8454674377,8151.82711518748,23051.2532396237,271513.581794778,111353.103235243,33746.6151386662,16642.8628734039,8243.92473963528,23200.0395818649,269431.509135532,111286.858398564,33931.7840595833,16783.0327808627,8335.61191032976,23346.5275752411,267241.262316586,111175.439641015,34105.1570305379,16918.221338008,8425.75423125604,23489.2437181155
310,286312.685994805,129382.854581073,47062.0970923647,25066.2364487827,13247.6661857153,18340.5496584423,259978.656328082,117069.628209018,41827.0760532666,22368.0144065909,11858.44487168,16617.9089783774,263249.135729178,120816.912612917,41453.5066065503,22340.3308432625,12012.4411569456,17115.3811637584,260454.703474013,121347.830673707,41525.5819822412,21932.1331874483,11702.4292313195,17021.0867478411,259102.984553456,122365.727331555,42338.9576229652,22293.4343187898,11778.3786623201,17064.4834989713,257442.214375418,122981.859389185,43052.3644350946,22766.0283175278,12029.9741012377,17275.5153586693,255640.949660628,123440.267584866,43679.4985508468,23223.7804804209,12326.5546582922,17646.6890086505,253884.268531155,123863.75251979,44270.0684583982,23664.617262196,12626.772520992,18108.0452593365,252604.581968671,124338.017230477,44860.7682844975,24103.1666536102,12927.9229144494,18621.1127926877,251085.553148851,124743.54348765,45382.4784337347,24498.0661775715,13204.6364343578,19125.3793175205,249397.212666986,125101.359437376,45911.2625862639,24890.6153398937,13476.2575344739,19628.3326198638,247472.798347387,125343.118586664,46418.528811648,25279.2764212421,13747.5589659141,20131.6081750117,245424.160158259,125501.788075812,46908.4489602353,25665.2550949076,14021.6935211181,20645.149041073,243901.348898363,125735.191980612,47417.7519221197,26068.3688942569,14309.544185615,21192.3344090136,242042.721405799,125870.28377172,47840.0758230905,26418.4265282397,14569.5109329023,21714.0507396291,239918.423078624,125933.593635757,48268.4699044545,26764.7599956718,14823.3669831021,22228.5432303603,237564.46786979,125866.519705167,48677.6256858245,27111.0777478864,15079.7272481947,22745.7347041956,235082.874064732,125704.344667041,49060.10723026,27451.3474858122,15338.5338389315,23274.8610006683,233196.503914142,125645.278320289,49469.1684445544,27812.7061660675,15613.954955147,23846.5459343795,231020.209247737,125496.594171004,49782.962331349,28113.2818269061,15856.0985028903,24386.5538852248,228695.046032165,125308.323742596,50108.9176874944,28411.0156596697,16091.0992519556,24918.0732048479,226039.496971798,124965.306283033,50398.3569026922,28696.4016985903,16320.3084591948,25437.965948447,223237.477432713,124522.274580629,50668.7283660676,28979.6883699837,16553.265369031,25968.7738028619,220870.884759842,124136.377932437,50954.573865813,29280.5015842241,16802.064754614,26540.7573474149,218413.674281614,123710.813752614,51166.9810746607,29534.6903058814,17026.4240409569,27096.0353845023,215604.347893059,123179.98453389,51348.3195157601,29759.4798571067,17228.8119734557,27623.3467039694,212624.540130807,122537.547243862,51524.7695490444,29988.3253428745,17433.2522730887,28151.0613247779,209817.760374372,121857.634023753,51690.9434756134,30223.072881696,17647.4254515816,28702.251113255,208470.986594314,121574.568208572,51955.6217358623,30519.4193037175,17903.1545329275,29347.241290188,207133.864897391,121363.613398138,52092.0419922694,30712.1786349566,18092.8245187653,29911.5213280179,205717.532459272,121198.489760882,52267.0808830498,30891.0989806312,18253.2064320643,30410.7519591366,204075.906196284,120933.559716239,52442.6607607261,31075.2995654504,18409.3255331157,30865.1671272643,202216.297787307,120561.994349566,52595.0560426563,31257.6557095062,18568.6253780858,31304.1529932264,200241.505571005,120112.420032436,52728.7588065204,31437.5796874479,18732.4855494242,31751.5215637905,198191.496577095,119599.60862911,52835.009083497,31606.8359798478,18894.8142490241,32208.4210124758,196062.725247329,119032.476453324,52914.5312210559,31761.4129428781,19050.922640549,32669.765191999
311,320292.299503793,115357.385609884,30958.2095751635,14125.1420165432,6394.95481280715,5837.70841935617,291055.53429432,108369.51930024,29608.4204910473,13675.8223882781,6237.0317980495,5712.59784686165,295595.418276869,110450.992993347,29352.5714743087,13802.2353741558,6442.96619382597,6053.75392136405,295093.439105819,111956.99620993,29536.7366814712,13582.2817129309,6294.22862737752,6065.26620327055,294643.535239056,113111.39883403,30171.2930023664,13837.5904418822,6338.0159242942,6037.26535098806,293985.305540022,114141.845109073,30764.4730311758,14168.8079420031,6493.94898937502,6115.61169812871,293227.771187452,115086.233396389,31334.8735224548,14503.0581597939,6675.188710322,6273.09608524965,292376.306321507,115962.1241711,31882.2746183316,14829.9655973696,6858.77380014343,6465.71059114343,292000.895012945,116885.042242282,32435.2074890794,15160.2664849291,7045.52619143476,6676.39048089401,291252.369778063,117691.58826312,32930.0045202066,15460.9152762775,7218.60197739768,6881.07990434192,290355.984503453,118498.734636461,33442.9527883095,15767.0883508174,7392.78565295095,7087.82769440604,289185.532877725,119201.840608434,33947.5329187536,16075.5274854682,7569.89097353362,7298.35635375937,287863.557191103,119844.24328376,34445.6882931602,16386.0521811557,7751.02573768688,7516.73901070637,287017.202167998,120524.333799642,34953.8033866491,16705.454504601,7938.92166270848,7747.09557773652,285730.591152937,121075.409117977,35392.8848247255,16989.8854556548,8111.0772576206,7967.31922052057,284236.037762271,121616.185980278,35852.3374091765,17280.1990063942,8284.17628511378,8188.82403451495,282419.277971654,122030.523866912,36301.659276898,17573.3360803921,8460.86054111115,8414.70116210335,280463.654283349,122376.73608967,36742.2743636265,17868.8106738034,8642.50416240347,8650.5378062174,279061.731752197,122774.196603978,37193.99531599,18174.0684985797,8831.89148173581,8901.15571664924,277255.126673792,123044.674591726,37565.5033733306,18436.9973743197,9001.42309367871,9138.19564447046,275369.545930334,123337.733011149,37965.2241120114,18707.4372063574,9171.65147218941,9375.89747920803,273057.804811437,123465.559796654,38337.9421345033,18971.9099540849,9340.70285076032,9612.44633923656,270591.442958896,123536.375728025,38709.4333704017,19241.7986808199,9515.93069256246,9859.74313273694,268496.253639339,123610.943571364,39085.5728731739,19520.1682904564,9698.95638434752,10122.5292096116,266259.993468327,123612.332911252,39398.3056837782,19765.825621292,9867.49937898334,10378.2990848388,263679.969361446,123561.522309602,39701.7531161057,19999.3380185909,10027.2660512317,10626.7887566828,260863.07947177,123403.863326757,40009.3031321791,20240.4848872517,10191.4288846319,10879.4246893205,258192.763163835,123211.03687203,40313.7565774321,20489.5449430384,10364.2904105622,11146.6291189055,256976.63063226,123264.981532888,40655.4834747747,20760.431443656,10551.6876572896,11439.8285800335,255744.44887045,123319.067256599,40872.3495386365,20950.8133391706,10694.9860671614,11692.6298911506,254563.233233046,123502.84337189,41138.075567571,21139.9804093299,10824.6002284914,11919.594748473,253011.008697686,123535.235520872,41394.1760633548,21329.2781087503,10951.0415599597,12128.26890502,251286.119018837,123516.903641243,41648.1871645083,21526.1492443523,11085.0275220813,12341.744560996,249377.864589494,123404.962448682,41886.5025167573,21720.4912410976,11221.4587939385,12562.8120402861,247368.171949482,123236.491977824,42107.2005059311,21910.017763879,11358.3498354989,12791.4510606525,245253.946530541,123012.896290173,42311.2623490957,22092.1400112384,11493.008110976,13024.1876094883
312,302074.761703577,130394.496609263,44176.9941673818,22500.7862478415,11321.1303337999,12829.4607857174,266444.480741932,110888.210589995,37267.4237712273,19175.418466995,9687.53234540027,11074.7911099064,271682.867996663,115352.448630331,35888.630759966,18653.9390969863,9660.8709317671,11405.0128096248,269995.197049378,116763.000644206,35874.0808338245,17991.9755109886,9154.88284230099,11121.1624455348,268514.545412004,117748.892891243,36582.138451745,18197.4558489259,9081.35663755038,10873.1429529769,267269.208142474,118632.629534627,37293.9621518672,18617.3400764694,9266.85694194692,10888.161566818,265761.406267451,119260.186031523,37898.0336186004,19020.0961855645,9504.40745804088,11086.174622257,264271.151142693,119847.625114868,38464.1406615395,19405.6174664718,9747.03855909302,11379.5669651406,263271.160105923,120495.533221601,39031.6930060164,19790.2874858795,9991.0780423717,11718.7011700263,261972.778577124,121051.323437513,39537.0044954471,20137.2246719879,10215.0730385938,12053.6868097254,260517.047430123,121572.360596587,40054.4117426889,20487.1891564716,10438.1421594346,12391.7644332536,258803.909083229,121982.059654805,40553.5469414838,20834.7604448852,10662.107803039,12732.8246674108,257001.301774799,122323.737633253,41043.9350132362,21183.5112423869,10890.2550642529,13084.5955094478,255697.601700826,122732.829513741,41545.559939578,21543.4346425489,11127.6188270746,13456.7308553929,253997.980804186,123025.009309237,41970.4941345641,21858.2941403051,11342.1066864943,13810.2328412427,252044.216024198,123263.367084411,42410.9415731448,22177.4015860105,11556.0663193676,14163.3157434241,249854.367009851,123376.215189296,42834.6676407233,22497.9054245323,11773.7606524464,14521.723998763,247557.527711103,123407.128238961,43238.9872125463,22815.1428564849,11994.5921465835,14891.7284393696,245850.152080563,123538.675100965,43663.3596420939,23147.8921973726,12227.2210277435,15288.1479061153,243771.538191036,123549.394863059,43999.5180944042,23426.8399418543,12431.4514527779,15659.7773163405,241573.306859066,123543.071194993,44358.7769009112,23712.3931102882,12635.3091881209,16030.9362264267,239026.643278576,123378.783297672,44682.9045184858,23987.4907508151,12835.6909071207,16397.2564653081,236343.336672084,123132.342204712,44996.4183222076,24263.7838695784,13040.9700204987,16775.7822203784,234097.611204429,122939.833493626,45321.6385744391,24553.7899107156,13258.2091260402,17181.4675200299,231691.641595619,122678.096882391,45575.0286785931,24800.3160030339,13453.3805172144,17571.9134078555,228956.456869782,122332.567723064,45814.035110542,25031.1247578495,13636.2350100843,17949.2547548681,226034.419244944,121875.863782619,46047.5345931524,25266.4418974903,13822.4750891181,18330.145351071,223354.118016619,121398.988591454,46278.7973661584,25510.2408867752,14018.8726877454,18732.208739502,222146.168122479,121297.42847355,46580.5007713702,25795.6389978366,14242.3653339445,19187.97657855,220825.476097395,121189.470161765,46748.6257044893,25980.0440711632,14404.0205305623,19573.4198665243,219486.895153481,121170.720866121,46974.3685462473,26169.6809262781,14552.0012798831,19923.3305009523,217855.253315253,121007.064905016,47183.4829509477,26356.8456738213,14694.796601145,20241.8304048,216043.845522266,120773.616197488,47382.6095177859,26548.2637918506,14844.4224348549,20561.3438175633,214107.469271594,120456.015642608,47562.5471477553,26735.7309173302,14996.4750050488,20888.9897661655,212069.756804076,120077.663448364,47718.2709603077,26913.8362844254,15146.8864407343,21224.3869619251,209942.436378823,119641.576019345,47853.5592903758,27081.7048540467,15293.3423166703,21564.2448259768
313,261188.546359268,53402.574983663,11122.2418036379,4759.51692475002,2157.79696044473,10446.9931386132,247771.459840088,47449.2306763356,10187.254801314,4553.94686905421,2105.33513044461,10366.5940286403,245501.351291549,47428.749027925,8331.10947250129,3668.14306419238,1804.0647512134,10347.3589094689,244527.538146756,47804.6866763553,8234.9617499113,3368.14662979821,1561.99067904728,10265.919669897,243793.087397071,48092.5306151145,8308.54383781376,3353.60351786098,1507.6406864011,10276.8017804941,242957.776080166,48358.1831770097,8388.04628629296,3378.77620379087,1507.34897840467,10367.6894572534,242140.222303872,48600.3504255175,8465.29937311376,3408.37650119526,1516.92312229459,10492.3512172999,241382.185342134,48837.9545175445,8540.58049420368,3437.67384064479,1527.74198147842,10627.9375628937,241000.578142014,49085.7890064412,8612.8068016276,3466.0123777053,1538.39222925598,10769.4367100451,240508.71980733,49367.4459916719,8688.0272482178,3494.25399270151,1548.68881429855,10909.8710740472,239897.782060465,49628.4978769423,8768.70480529722,3525.28280515432,1559.93190642052,11048.6317385642,239134.560842571,49870.8976317341,8848.01507745452,3556.90316828603,1571.83718107714,11185.646306453,238362.806170984,50089.4294239111,8926.32063040994,3588.50318345478,1583.94686849249,11321.730396293,237929.882941919,50311.749112769,8998.04944583586,3618.04056533367,1595.48435936377,11459.9911112531,237295.279454128,50564.7250738785,9072.58439171763,3646.9209082826,1606.31314284917,11594.9239333165,236462.660417155,50785.9126567947,9152.75946382908,3678.83569469452,1618.14673597044,11726.9405261916,235470.88935674,50980.5083008267,9230.17928094173,3711.05250447146,1630.61715183128,11856.9875651172,234484.424231241,51151.2193643354,9305.67251565003,3742.76800731802,1643.08812950005,11986.0154234869,233863.952175913,51324.8618814387,9372.88012040297,3771.64797728609,1654.60624603448,12116.9125306377,233058.39160273,51533.883623129,9443.2306168027,3799.61306308146,1665.17945106608,12243.8079795847,232120.843003325,51715.5402306727,9519.38200864932,3830.82306141785,1676.8213496003,12367.9959294183,230963.853762713,51877.3692281021,9594.43274255477,3862.79704898858,1689.25493265644,12489.2896526401,229772.60843088,52008.2124959359,9668.44553749316,3895.06490444188,1702.0736370283,12609.0368878256,228859.463080812,52132.6483563377,9733.93402335393,3924.53704672258,1714.0665799466,12729.522961295,227852.110313115,52284.7670330561,9799.01212280365,3952.0713545725,1724.832710518,12846.1233136053,226588.53071596,52420.4909354033,9871.42297490644,3982.6662089838,1736.44066094849,12958.2025321054,225214.043161061,52520.6982815675,9943.07690338358,4014.87019471216,1749.2072601576,13068.00299468,224161.638141269,52601.7547393841,10010.184804636,4045.90574012979,1761.95896110176,13178.9491111706,224011.546456573,52713.9851809529,10058.1795635417,4069.13375647081,1771.72783014317,13294.5366695969,223812.655656767,52929.6464406001,10112.0553614427,4089.25911109966,1778.76729262219,13403.2581797907,223496.91827311,53134.8870550505,10182.5810843745,4116.9687723851,1788.16833549452,13507.8795058559,223004.141891937,53323.303509511,10255.4451311226,4148.26374584443,1800.09854011979,13609.9491533807,222362.336587467,53485.5455849184,10327.7946192738,4180.67246393802,1813.24803272459,13709.6481976605,221642.513577124,53624.85540086,10396.813864277,4212.50319887843,1826.63272112958,13807.1031038638,220851.839378082,53749.466669371,10462.5927868835,4243.10649903644,1839.6607889383,13901.7064350235,219994.581238543,53859.8736572977,10526.4674685415,4272.93861346922,1852.34319537143,13993.2113228807
314,335602.74155018,100059.121892591,26527.35128924,12095.5262974894,5565.69676010646,14719.8767912381,320411.233615419,95886.4236460629,25140.1863646445,11553.7204825912,5337.79339611415,14398.5898941571,320161.424419788,95604.3964854221,23384.8794024919,10929.8391751786,5188.71803539646,14483.3241511374,319728.533051381,97116.8346627347,23241.4663415513,10422.3123914833,4849.7761225004,14387.5717328902,319125.65746892,98113.6258435532,23672.1460727483,10509.0149539953,4777.33090759431,14310.6161663489,318279.88433048,98964.9204445533,24084.7319325293,10709.7178416562,4846.76732338306,14377.9382728099,317338.449738701,99732.9506003979,24475.9385551632,10918.7237699595,4947.34208755573,14532.9503658992,316310.116814657,100455.475858345,24850.4164531702,11123.127689153,5051.69534231767,14720.3594308585,315731.384036501,101172.017371452,25220.6985440468,11326.3056947344,5156.75103310112,14925.5039124403,314966.412313778,101890.95906336,25566.5550704832,11516.4899533111,5255.98901545057,15125.6574648407,313960.40973644,102570.512964172,25923.5471055101,11709.7705462583,5355.36905527765,15320.365561199,312694.183970061,103180.139930502,26275.6660736721,11905.8421435047,5457.50314615314,15511.251865076,311248.28872288,103735.732868735,26622.7770691363,12102.7280122245,5561.82868511771,15700.3573812608,310254.519124211,104276.044977148,26965.7431100728,12300.6964196738,5668.25951004609,15898.5841068546,308993.360873378,104814.579843433,27278.5069414154,12482.448726322,5767.5531191581,16086.6420523868,307380.041039785,105294.072313176,27603.1387476524,12667.2630045182,5866.63837536422,16265.6850271606,305501.112421614,105686.557277724,27922.6593546233,12856.2034998472,5969.52354655299,16441.1292289673,303429.022645259,106015.993981574,28231.5820254563,13044.0469384286,6074.26771082869,16614.6716394023,301888.197274512,106339.737245408,28537.9224756246,13233.3366432317,6181.31515704781,16799.9816445829,300125.607062757,106669.896324346,28808.7589620826,13403.0516061016,6279.41587325474,16974.096305887,298123.134899152,106948.994869863,29092.6196201888,13575.1215162018,6376.39477802438,17139.5004024736,295770.448095655,107139.478025828,29365.8926296188,13748.3126385051,6475.5617297991,17297.6751493004,293185.311495895,107252.338123655,29632.502496594,13922.2480705598,6577.29919404362,17453.2334885527,290989.500699265,107345.033758087,29894.0395066148,14098.0256700093,6682.18694066148,17619.4928775825,288732.694366894,107442.11641997,30122.8461512698,14256.183036185,6779.43479878161,17779.1436178773,286063.149243893,107479.82375625,30350.1708623289,14409.0235965837,6872.03056412776,17923.8377160013,283151.355517267,107420.604234109,30578.2072195228,14567.7943065228,6968.49397751963,18063.796246708,280362.834218452,107321.893087328,30798.2911727831,14728.6360723801,7069.12335011218,18208.8334768936,279083.258286816,107357.284647366,31025.1918781377,14894.400863305,7174.14488948721,18389.9877070813,277993.222565039,107547.768217209,31194.2717184828,15018.2997418292,7256.27300730607,18554.4729459971,276758.411407219,107748.610607496,31395.6439795006,15142.0704706068,7329.70850299368,18697.7574226586,275225.598686447,107873.883955599,31599.1277150765,15274.047779406,7407.07841780829,18829.1877108322,273442.398929919,107923.544860657,31796.4049453867,15408.8207691511,7488.87220326844,18957.6188179063,271510.604787927,107909.485446557,31982.6178492937,15542.5935615849,7572.8441786447,19086.3135600932,269466.769395561,107848.001022237,32155.1926339765,15671.7142709147,7656.23715952412,19213.9115171262,267303.034317435,107742.181012549,32316.4439733921,15795.879355536,7737.92767859728,19337.9958625394
315,251999.178605731,142388.78746927,49657.7989889508,25920.2193930925,13426.4079932332,19651.3977944249,235866.442249707,133141.241830875,43494.5043674652,22625.5067875553,11711.7329351821,17578.9399734338,234618.560559714,134324.579571507,42090.1991692874,21917.7242657859,11449.268162104,17474.5008923179,232497.388577783,135257.188071747,42133.0203160386,21409.9230567413,11047.618197417,17218.7726033568,231422.242719355,136283.2254693,43065.101724994,21776.13327261,11084.7068386942,17148.9241256097,229716.397168501,136655.536181808,43723.9840680169,22218.1233634376,11305.7900911654,17258.3284567977,228191.720741269,137088.973728578,44400.6541105797,22690.3261593755,11599.7422650053,17590.7493053736,226471.701302271,137317.735347952,44970.1270100191,23115.5408457905,11883.0591843321,17996.8291350381,225285.13280865,137691.951269697,45575.7238228854,23554.661967901,12176.0596786176,18470.7057154886,223949.366960283,138021.40246359,46106.2796362838,23949.7894522332,12445.3467514494,18935.8941230457,222409.786544402,138261.227779633,46640.2964199376,24338.5161806078,12707.212078981,19395.4270745545,220732.707655786,138409.458276462,47160.0199028538,24729.5363806167,12972.5721740896,19859.2696433488,218812.705596832,138417.993065491,47644.4969229692,25107.1952843558,13234.968272379,20323.1321978157,217386.973090988,138511.509703574,48158.0157397004,25507.5045982643,13513.4832091572,20822.8409621701,215807.404009328,138596.635171211,48600.5619858339,25865.9072834553,13771.6056676226,21307.9989647299,213880.638814667,138511.757697425,49026.6234023413,26206.0323557351,14015.2086564983,21771.7944879435,211832.688974938,138346.268068309,49452.8053557103,26558.8847175594,14268.7065385738,22247.4825966093,209523.865215971,138005.816906284,49825.3867041721,26890.7028948081,14516.4681387527,22720.3686500844,207764.987427888,137793.610435546,50238.9644388871,27251.4447091717,14784.6046573295,23240.2739507547,205881.170551028,137567.226482756,50570.80543018,27562.0125518183,15026.9272920254,23739.5930110984,203765.064155779,137219.479495609,50893.7093503256,27855.6559623714,15254.0510192257,24217.6350555848,201452.390015347,136769.440570123,51201.4151050315,28151.199121742,15483.8614466897,24695.4717237874,198887.785949773,136140.307596544,51462.8004187521,28429.0695684748,15708.7934805606,25169.1869214871,196726.01218357,135591.847251483,51751.3514762763,28730.6479906388,15952.44390681,25686.9807461392,194586.636948714,135064.869383514,51978.6553089149,28994.6834662544,16177.7651256852,26197.0990019498,192079.299857565,134387.566428338,52163.3940573731,29221.742085676,16377.0324448382,26671.8220121956,189420.458347194,133583.064641876,52346.1399950086,29455.7762842259,16580.1490962802,27147.3933268392,186764.348526645,132688.202985806,52495.9337658892,29683.5052534063,16786.4333507439,27634.1739549501,185420.376785373,132225.979069704,52749.3654555196,29974.5411149905,17034.1500334547,28215.8310393077,184300.551129016,132010.8512575,52914.2908469625,30186.625239151,17232.0111150256,28747.7506272005,182998.510190635,131730.472244655,53081.7342348026,30360.8000105119,17386.1725724727,29194.4568467817,181587.982173463,131417.971155399,53277.6468681131,30557.6723080957,17546.784363269,29615.3591264971,179915.558344576,130932.096563963,53425.3339970031,30738.4262368974,17702.4634693526,30008.8299266119,178175.805410911,130394.715271013,53569.6423851296,30925.3386744054,17867.4145795519,30418.2634374785,176344.927375085,129766.966362319,53675.4696435267,31096.0793708727,18027.664040396,30830.3951630354,174430.044796049,129083.441495432,53757.9758311847,31254.0460768608,18182.8750868555,31246.9891741666
316,143134.967500481,114299.050016739,70341.6528500528,50136.1232842789,35485.5429884606,89234.1265562377,127709.806630206,105081.213761893,62971.6953794247,44898.4334381408,31888.2896438268,81142.1528310789,118816.246573836,98670.5679035598,59261.2528287726,42282.8189877051,30052.5642344922,76856.2373621906,126731.515759512,107262.836164703,65117.3331932761,46427.3984753794,33104.2533686948,85627.2586513524,120605.723509573,101108.515320665,62229.6974649881,44645.2574177288,31905.7138073826,83445.8410509127,118774.070016436,100956.291048677,61977.9375898556,44660.6724759286,32081.1404564877,84846.4480537238,119968.031540665,102684.058914259,63837.0337046511,46074.1113406416,33179.5070677849,88824.7022732159,116801.359226663,100025.704263082,62675.6833251093,45513.0353751109,32906.5333264787,89088.3530316268,115802.851525186,99877.8651804756,62804.1717155853,45792.6474687048,33268.619734981,91198.387488489,115473.032681635,100048.610795471,63380.0359723796,46356.3072630881,33798.1248618986,93879.2591684378,113556.876048745,98730.6802549896,62903.2523848281,46192.5636155367,33801.560286165,95095.1739992077,112286.59318297,98220.3742865844,62902.5960127705,46346.5831195023,34036.5454138715,96976.381841583,111159.118810161,97701.8956024413,63010.234264097,46583.7460605308,34324.3465618554,99026.1043262545,109767.248019089,96774.0083571866,62785.6318875822,46602.5476156189,34463.2354002059,100667.570451921,108632.396567967,96222.6363999732,62714.952026641,46712.1682466738,34671.7143891798,102570.359073681,107317.698525982,95505.6118333131,62600.8243620463,46768.0122095527,34825.1753907245,104336.025525056,105750.111930625,94548.9692154761,62340.1698602759,46729.8510927714,34907.4327777387,105875.093225161,104232.775675329,93634.179025142,62110.3397467799,46721.0029712098,35017.9642244908,107513.588630009,102989.920628985,92805.4739629877,61921.2522974308,46748.9043431217,35161.4221072583,109298.470117883,101750.271745346,92041.8668531316,61687.5390451438,46732.1874431891,35272.9233337761,111046.51575481,100309.076170162,91119.6844365588,61369.5112868227,46625.6498850499,35303.1904037333,112564.512308472,98785.7151993989,90148.8190074954,61041.3468235024,46515.8823001045,35324.1699258523,114033.758330109,97195.2746281432,89092.5248275024,60679.3807822854,46389.9899742203,35336.4345146221,115467.80389347,95751.3391174706,88046.7976602638,60305.6818260637,46265.9069422632,35357.7306449097,116958.361552368,94433.6795966751,87143.5246794171,59956.1748172177,46151.9189690636,35390.1759720859,118545.298804243,92915.5204832597,86104.9092306211,59519.4670922638,45947.8474547804,35343.0807254365,119902.328311887,91231.4031388247,84909.8420808153,59007.871859444,45686.6339236282,35244.1612625723,121070.662372191,89679.7521221197,83756.0880699189,58531.0499650625,45463.944964956,35178.5983567172,122348.077319899,88772.5590091218,82936.5040686604,58212.765707224,45368.3394711056,35217.9181526574,124032.284984796,88189.2687531342,82515.2820823372,58002.1937132678,45320.6713256603,35288.0028747108,125889.988892314,87355.0069231133,81920.0499516671,57694.6131969091,45138.5390958405,35218.42730149,127212.640842048,86385.9883068387,81249.4584223757,57381.1725579651,44951.4497867788,35122.4609283529,128276.468130185,85434.2567334474,80613.2770449019,57140.8474184555,44838.2466844444,35085.4220923093,129401.959132471,84407.1837988435,79869.0430886125,56843.6974442246,44701.9283902493,35042.3829297713,130426.192874634,83301.3181322383,79041.1678866157,56469.8111173152,44514.6871747377,34971.5795546458,131342.762299399,82199.9826369721,78219.9646501754,56092.7951537894,44322.0722109871,34900.6763184076,132294.129684028
317,298562.590293798,102770.495252263,28475.8674619788,13207.211688244,6121.48316609405,12052.4426654021,272376.080059205,90915.1318602972,25493.8948890849,12091.8143010695,5660.16383863103,11202.0732285967,278733.32952422,94754.8345383528,24416.6728556291,11538.3872378502,5550.26972488195,11580.4589060413,279119.842196914,96407.5354685383,24651.0330583852,11219.5598498568,5240.8634466686,11427.3760203897,279328.856483758,97693.8952190903,25224.5033689473,11411.7370890757,5227.25288253188,11344.9513706308,279289.640186505,98810.4043270606,25776.8863595261,11698.3344765738,5346.28423057347,11425.2001346982,279114.485536007,99830.9915448671,26297.6566698534,11988.7695791672,5494.80241851153,11602.8938561572,278915.709083459,100798.699546023,26800.988877004,12273.4591073171,5646.79289145249,11820.0428661371,279090.639410127,101800.808737343,27300.7330409854,12557.6045641207,5800.11475727973,12058.8349159772,278885.486602005,102715.492238879,27762.8633366243,12820.6178416134,5943.22686895486,12285.9180253549,278512.006096392,103606.994208426,28239.9322206123,13091.054383567,6089.23054413301,12514.1823075349,277868.830999831,104421.849356427,28710.0627337943,13363.666405056,6238.31390169458,12741.9122294119,277160.208719066,105185.390653916,29179.7376173751,13640.1223464133,6391.56042677493,12974.1619186722,276885.94362583,105997.786040074,29651.0626828176,13921.2581711843,6549.3049631203,13220.763876624,276066.720742464,106679.781951318,30067.9817925408,14172.2446206363,6692.59841156621,13445.3927608402,275049.528453131,107345.216480994,30510.0366979528,14435.5739559681,6840.87066065833,13672.1100863149,273759.335378369,107914.189053181,30942.6846124405,14701.9277433036,6993.35040328493,13899.0907162459,272416.70422027,108427.46382117,31370.1236709969,14970.3542164627,7149.82187803927,14131.6793918438,271567.552937105,109006.812609203,31801.9156766259,15244.4957242564,7311.3894790818,14381.6640393941,270217.439573966,109442.482952961,32168.1924718484,15481.579028042,7454.64705661202,14605.7847763467,268783.747066941,109893.114647299,32563.9597852057,15731.9806173264,7602.82487437258,14833.7135401115,266926.265509114,110202.777262546,32935.1710312975,15976.8307203518,7750.53755616695,15053.4507506659,265007.258671811,110471.319634667,33312.3463402935,16229.8946960781,7905.24239233704,15282.1600511447,263480.530150669,110771.735471465,33689.7506911029,16488.4330573088,8065.77988791874,15527.8335375044,261635.38231797,110964.283882179,34006.1478565974,16712.8712703986,8209.94596848176,15754.154918657,259453.856311279,111103.513512121,34326.4890778308,16935.9877234103,8351.5471028883,15972.2706450742,257097.226087258,111164.371983521,34651.0410316109,17168.5198274149,8499.71333715899,16193.8009296202,255069.209999521,111210.045484921,34976.1502039929,17408.1015153324,8655.41427738298,16430.4251730733,254479.261702923,111538.456274227,35327.4662303805,17662.0854163378,8820.82307610745,16708.6308022996,253454.68957615,111703.596491515,35540.1436505857,17825.6091563679,8935.64791424862,16922.5811747442,252550.482833266,112024.657230337,35825.7516705712,18011.5467470263,9052.31319482728,17132.138354909,251238.098977971,112171.105989474,36084.60411712,18190.8519210716,9165.28650556734,17318.4515189729,249766.728055677,112294.196347543,36349.4378814857,18379.6265315123,9286.51010542548,17510.805988168,248145.783097702,112338.174644304,36602.3554952123,18567.5138207633,9410.33861201994,17706.4345335917,246421.750459293,112334.570598346,36840.2061144573,18751.0269046417,9534.44654163714,17905.3387590219,244589.152921128,112281.230709024,37064.2300802926,18928.5281734555,9656.70481042517,18104.0977541527
318,202986.870048659,142365.580972475,68730.3276833591,42452.1341388596,25989.6733723806,40899.679846078,161394.357038566,111036.763691531,53770.3945956109,33385.3457534828,20523.5472748618,32599.5889211201,176615.293995428,126722.456181324,59494.0539643404,37457.3258761416,23384.0780527057,37757.5804836094,164782.794649422,116721.934858151,55806.5586565368,34808.5315043191,21800.8122038774,36270.8885918443,169118.573710456,122863.533481703,58399.0637696281,36501.909162064,22827.6507810056,38540.4556957236,164727.922317633,119646.045849933,58057.7371486753,36304.3200095904,22702.4584179329,38689.1305398495,164468.916006587,120929.591733271,58925.8236725105,37132.4479697673,23323.9969321082,40006.5871392512,162473.771357973,120091.715825767,59247.894212639,37480.2098465967,23658.8630854012,41014.4559610388,161310.688842168,120063.534450546,59636.7799941516,37952.248073503,24080.9163466387,42219.5621004359,160096.576061946,119920.820220219,60052.1185154469,38373.5456460267,24467.1842697199,43448.4817071341,158508.367148151,119535.53040801,60301.0404693328,38704.2363788837,24785.2820958254,44562.9437056963,157034.569732645,119272.449642592,60653.3027253302,39092.1482470276,25140.4853934474,45757.9979007958,155275.834706849,118715.308767581,60869.8438768397,39408.1733613596,25452.6983872927,46885.8838856473,154013.618932988,118415.434502971,61185.54179299,39793.4990821573,25816.9666244428,48138.9108001024,152519.090013183,117968.589533223,61371.40975472,40084.7616083379,26120.6356202959,49311.9804023628,150815.930768045,117431.779957611,61530.7960023394,40345.4997435423,26396.9000125683,50444.156147851,149021.063889655,116804.43759352,61683.4392377187,40611.0088451378,26676.0710570115,51584.2298284156,147099.360087605,116036.037009234,61764.4911671713,40842.4576445044,26940.4100851795,52712.8752481594,145594.516847871,115433.059070972,61905.0060665624,41118.1380460048,27240.5053570811,53947.0084133519,143988.298710496,114792.971182277,61953.2424269715,41321.3504502047,27493.1155495552,55125.7436078678,142173.996215288,114032.216576154,61955.821566568,41475.9113626873,27703.3642341746,56231.2245933895,140257.496443701,113207.439496496,61954.670988036,41634.864143079,27914.1065239164,57333.5898428677,138180.240277581,112215.192526735,61880.8976016601,41756.4398209363,28105.4745197117,58405.07392082,136407.311836798,111333.286728991,61845.4510256822,41912.8555543726,28327.8391125298,59571.1241555765,134669.812603533,110480.880620949,61759.784221085,42027.294780616,28524.3719395303,60724.4923717655,132629.039334934,109457.771124245,61581.0827363991,42059.8182380888,28656.8676486086,61760.9498589573,130495.349168653,108358.903334508,61404.0376506954,42096.7232843116,28787.760686977,62790.9986963182,128474.53892139,107218.611482978,61211.8038485843,42138.0626208195,28928.1346465368,63852.0189814616,127404.278960498,106532.338789129,61179.0930295925,42293.495323315,29154.6376012286,65143.0481848802,126530.075690111,106090.322607542,61111.4628093278,42384.1632545252,29328.5212653677,66357.651916553,125398.696540809,105518.110860399,60987.0278083066,42383.3548375063,29406.6798188727,67319.3082694015,124256.173106654,104993.26978496,60946.0415807181,42441.6022291843,29509.1761817337,68244.7284547022,122943.903381583,104312.393937588,60854.9310682396,42483.494788278,29604.2726719351,69084.8467755783,121537.418517125,103545.260323081,60717.7990925493,42507.9845775385,29697.7062592926,69901.4890559833,120121.190088081,102756.270233258,60567.2996889305,42528.2529428042,29795.5805498909,70745.1690332252,118641.882006752,101899.334903909,60369.9242460131,42517.0974735372,29874.9662414893,71573.7934507163
319,346956.181855139,94703.6791764172,21499.0826745634,9434.75177962424,4298.02781034755,18856.0509561151,323524.700193212,89902.0445444339,20923.4585303393,9364.07483379542,4298.19982989457,18466.9075693663,322544.041186262,90917.9793434394,19834.9688575976,8860.40577892147,4160.50169461314,18647.1000875901,322463.819904909,92137.922693275,20161.9696689658,8764.06805376117,4010.37183974919,18722.9305451076,322133.6970741,93048.9986882718,20534.0766566585,8914.60689919178,4033.13749825034,18848.4370492805,321437.126077541,93863.6328001218,20865.3410506894,9077.38946724359,4102.24378686187,19045.0629834297,320647.653355427,94620.1098512665,21186.5552173616,9238.40439800679,4177.67075374016,19273.6759569441,319851.112398909,95346.1310422271,21499.0303932603,9396.44813454596,4253.17361627227,19510.3232272573,319503.64713557,96088.1152320212,21806.7042221126,9552.83650619639,4328.41522438168,19758.4596501993,318899.259619838,96824.6207832218,22101.1573288584,9700.7610110044,4399.38610155835,19994.4949292231,318049.873814508,97510.0514204291,22403.9518566747,9852.83712175287,4471.57387454442,20221.9974983785,316946.641304149,98136.6592214112,22701.3362318905,10006.3917634806,4545.78340043117,20442.4253805715,315732.767755662,98713.5071046671,22995.9014804258,10160.718468185,4621.51152812636,20658.3011786177,315008.475579801,99306.5332075662,23284.146904935,10314.4643594352,4698.20111679016,20886.1666487426,313896.049905805,99879.8897066614,23552.786774303,10455.8245095253,4768.83626789337,21095.8316459119,312441.164713064,100382.406501176,23831.378530719,10602.2035578889,4840.85095591221,21294.0388377202,310722.880761421,100812.560706455,24103.1038952612,10750.5822134084,4915.55396122827,21485.1264962547,308917.669556267,101189.68930828,24368.9066728848,10898.5626432093,4991.54950927913,21672.0797918014,307650.164714387,101593.273688811,24628.3184425962,11045.5639548012,5068.27569142667,21873.2444031877,306057.40672978,101977.709170908,24864.5780907239,11177.696220091,5137.52773128943,22055.073321052,304218.712835188,102303.434541625,25110.1144979672,11314.0322637792,5207.52121488611,22226.8095729941,302024.035656061,102549.314287219,25346.5923442343,11450.673653291,5279.19139829598,22386.7165831915,299660.69787898,102725.432679595,25578.5908143774,11588.3276294075,5352.8766898789,22540.5293900996,297754.784863883,102916.243667545,25805.2059163867,11726.5163659417,5428.48877860531,22707.9983245987,295661.363970077,103092.043754909,26005.6325202074,11849.1357585597,5496.72325021699,22860.5544256563,293132.110312949,103190.02414554,26207.4232304321,11970.6841274818,5562.97393744126,22993.7801338569,290392.242519279,103208.951402218,26407.7747912622,12097.0674524688,5632.89506777942,23120.3553903789,287956.515270507,103208.945352197,26605.3655401259,12225.7704184929,5706.11770378709,23253.9194942452,287071.518656419,103397.860305403,26804.3670619469,12355.492616919,5781.16207707035,23436.088683737,286098.400267974,103651.853708456,26956.7628096255,12449.1965373574,5835.94682744949,23589.599820019,284966.935902333,103893.008628159,27138.5818062244,12550.1310204569,5888.84301513454,23728.1838892685,283570.137529447,104068.118413432,27319.7125602229,12657.3627523008,5946.04780841914,23855.4857015596,281905.307086497,104173.952025422,27493.9155748011,12765.3883709891,6005.98990825283,23974.6734396374,280111.472342767,104227.761636627,27661.5378596329,12873.4315201887,6067.75976875771,24090.8124788572,278187.233081605,104235.254890594,27817.3571159267,12977.4238235418,6128.83007416031,24201.000042556,276161.527632757,104203.966795121,27964.5645000042,13077.9838574193,6188.79680760027,24305.5593816055
320,291636.457130415,122516.050191327,40892.2030362322,20739.1927337432,10445.9233663442,16502.9916681506,269436.691345462,112872.197576868,37158.7371984201,18956.5579053707,9573.64025077494,15319.1645425433,268488.871546958,113812.646540952,35576.5559257706,18402.4085858057,9504.8381317375,15556.1619750862,267316.021578543,115367.568976804,35654.9352441113,17948.5459578384,9168.8823503578,15483.4589506487,265868.545541705,116286.694818263,36356.7742605283,18181.0955221393,9147.51878551909,15395.062230678,264427.726403224,117028.197485429,37009.1267319599,18580.8441463689,9335.79818569149,15504.27482514,262840.130112738,117610.292081004,37588.4736344625,18969.3190929551,9568.54786559685,15762.6735764131,261223.964377865,118135.491544456,38132.8485569937,19342.7420821433,9804.70264837631,16096.5090043839,260079.156629226,118695.526417712,38675.5590927072,19714.8312764106,10042.2583965001,16472.386656168,258752.451014049,119229.375689159,39169.6852817527,20056.9451455499,10264.0737440962,16843.8579605771,257219.722599997,119697.713307501,39668.3558835347,20396.7657005015,10481.854366628,17211.2308398121,255472.618220511,120072.933171692,40153.5037006555,20736.9725196117,10701.8660703996,17579.3821595962,253562.608329705,120363.623103406,40622.691389197,21074.3945485184,10923.9638255195,17952.4631437777,252147.098509703,120697.00344544,41102.6731923713,21422.9646983562,11155.3046018316,18350.0660365259,250472.840322114,120987.50418512,41522.0203772995,21735.7557212459,11368.9967031109,18731.5076145164,248464.179193895,121181.368787826,41942.6580627287,22043.7044132749,11576.963124958,19102.3843849798,246257.819364137,121268.069600569,42353.6801563822,22356.6507461357,11790.2453846744,19476.9773804022,243888.321231623,121260.979181415,42739.3583834763,22663.4635240066,12005.1819742212,19857.7585869376,242082.980042648,121319.74344028,43141.1344824373,22983.7349780387,12230.9306590518,20269.1454866752,240042.909001111,121339.377220412,43473.4507427336,23261.3461483058,12434.605041935,20659.6948820185,237804.104388005,121290.111753882,43813.0914230942,23535.2167449967,12631.9162472506,21039.8567363631,235269.177477353,121119.020454287,44128.6644070973,23804.6682033591,12828.7043320508,21413.8498518803,232540.783892554,120839.43035416,44424.6643462164,24070.5001163054,13027.7290132444,21792.6923968215,230239.524999248,120596.729102905,44730.3729801065,24349.1518434485,13238.3938639125,22202.2685252779,227877.557290866,120340.997005637,44978.7248613352,24592.8625126968,13431.8650443523,22601.0481011309,225122.443924386,119974.859695468,45202.6428451413,24813.778985987,13608.7240971821,22975.4815720706,222216.88463262,119503.557610439,45426.5332724368,25042.4049919573,13790.4556725401,23352.0501726385,219418.134087696,118981.099540442,45631.9879830531,25271.0152372746,13977.9150344238,23742.7912080817,218093.868083736,118789.204538724,45909.3726210506,25542.5099302624,14193.3575389062,24205.9184472188,216844.256233849,118717.607294105,46082.9060318346,25732.0801357966,14358.6508595787,24613.7434832247,215477.475248857,118656.302320249,46289.0329874561,25909.277640659,14499.5891183858,24970.3454404149,213884.289299348,118507.703169481,46495.4014636062,26093.7377668128,14640.2748089082,25297.2357064717,212067.162894969,118255.454681529,46683.3785464037,26277.2687079571,14784.5717392649,25615.5329642943,210136.687984469,117932.15058597,46855.3450261912,26459.4300794356,14933.0547907698,25941.6371470041,208116.002544449,117545.473041932,47003.2192484122,26632.0662522455,15079.8594358515,26273.3397033657,206012.593571598,117107.67381833,47130.2580597471,26794.3089671338,15222.6928550248,26607.8589796891
321,216978.091805153,139278.247796813,63702.1385559727,38375.8866783796,22986.3034070693,39331.3515325807,183286.8304191,123047.237019,57098.5880100632,34570.0101323391,20810.6798850203,35934.4693899037,186840.178552294,125933.54417609,58857.0262915085,36359.8947024553,22205.1235678837,38581.6089576752,183779.219535806,124697.674655001,58687.0287871914,36273.5567101773,22431.8773547713,40172.9231652954,182186.47474749,124666.559042495,58723.6339501836,36395.5962815033,22541.471225793,41111.264783001,181347.414113651,125378.533189604,59837.1057002422,37130.5566517,23050.5387179364,42638.1743709412,178837.197133174,124374.961475753,59820.8694469777,37355.0687334262,23269.3598932049,43373.3870795707,177937.977791369,124925.375946935,60681.7684627495,38051.0886684694,23825.1024163356,44861.7923302512,175984.564961797,124166.728398179,60814.0913208269,38345.8236734833,24121.1879081926,45845.5303175343,175087.446946404,124494.510541318,61429.8044939327,38901.3944187305,24593.3836769355,47249.3958791607,173195.383700726,123928.819431914,61621.5061818074,39192.3861654451,24881.5074748079,48291.9004711924,171745.219629048,123836.71836145,62063.8517204464,39637.7327508457,25271.9701376229,49546.7043298972,169793.398775125,123256.649716373,62287.8858730509,39959.2533381252,25584.6430120564,50651.4023408359,168423.995899214,122989.298460692,62643.6353358784,40369.9303193705,25963.1737571658,51915.5338151655,166851.62043214,122587.28758813,62870.1265989927,40692.5683112437,26286.29853145,53106.0262606003,165034.764910487,122082.394508265,63058.8120639148,40973.5528989048,26575.4963467557,54241.4204566058,163116.934478788,121493.858359406,63248.091691958,41263.6486139149,26869.2316463775,55385.9336372679,161036.302690213,120749.926704142,63362.805948054,41518.986536926,27147.7562215822,56511.6950028836,159364.303849235,120128.403427576,63523.1676216026,41810.0970014392,27456.7856232737,57735.1815935797,157670.597391866,119532.449073016,63615.3382509772,42048.9010373783,27733.6175587639,58936.5603882949,155721.833366097,118782.008453006,63639.6986266733,42221.4041987727,27956.7875268854,60039.7510062685,153676.55209561,117990.03845828,63673.6412165778,42405.8358554924,28184.3891842345,61147.4123381572,151418.118534381,117005.236771349,63626.4474334445,42548.1196047646,28389.1080348379,62209.2755172797,149461.437722916,116101.228586954,63610.9660052917,42721.662862294,28622.6734976315,63361.5673526038,147601.671263446,115263.605044943,63558.7599674084,42866.3726601544,28841.1175004569,64527.5044854237,145409.191667932,114248.678137876,63403.4201979562,42920.6262170102,28990.7207929227,65564.5846819423,143113.241462156,113155.461555798,63251.6306345699,42978.4058278223,29136.9745688787,66590.0530827362,140889.304578376,112010.450313355,63081.248518622,43039.2734246518,29291.3294142912,67640.4779726761,139594.369403075,111224.339770449,63036.8300691875,43191.3982960419,29515.8363025367,68892.8038188914,138698.279899918,110816.783475516,63011.3450584894,43324.3155415361,29722.7493044527,70161.8883414959,137470.585081795,110232.520140546,62888.5084804828,43330.7577899548,29810.9328926428,71131.0433117697,136253.307623311,109724.158750179,62865.7967520262,43403.408347412,29924.946562917,72070.5405585718,134838.569498203,109052.937910697,62794.9689702785,43461.0861010697,30031.1512917459,72916.1030050158,133315.789254908,108280.20019091,62674.7552491649,43500.6465335411,30135.3442615909,73729.4723285607,131785.500194916,107491.94154418,62543.7249619132,43539.2136294793,30247.1439574356,74575.6277747246,130177.166187398,106622.875789776,62360.0402585983,43542.7349383983,30338.4665163984,75400.384469314
322,353952.981552477,78543.3965712391,16769.6590573227,7118.01418227909,3102.51862739556,8302.37807095603,335376.690111658,72384.0081054723,15852.2092877996,6934.30891220884,3066.41286314678,8175.14915297183,334603.319586708,73136.5310367553,14227.3658423778,6169.5422972198,2815.26623385426,8169.18672534237,334489.991873182,74102.39695696,14293.8912247078,5910.40400135419,2584.82294279776,8056.00592911197,334239.505727369,74804.0576341971,14510.8396560864,5958.67500410002,2550.86064988981,8019.66071946399,333688.295215419,75427.5937593938,14711.456356783,6042.28767139814,2575.93835713942,8068.84970663405,333077.375457143,76006.2996181059,14904.075057269,6127.96910556846,2611.08059268055,8155.76228530653,332480.458635801,76562.9335212397,15091.2254394119,6211.97570361987,2647.09825263193,8254.17737124593,332331.255644396,77134.8577178349,15273.389902904,6294.12166724234,2682.6006771327,8358.67615127526,331910.046593536,77709.3403005744,15451.2320014196,6372.57939438873,2716.09431409531,8458.84009920138,331284.386917409,78247.1035071115,15635.7225832797,6454.70850157778,2750.89199452499,8556.9343759761,330393.402769117,78742.5241032505,15815.9280116502,6537.2503954017,2786.67854126877,8652.78849863239,329432.338308216,79201.6004234495,15994.8671757046,6620.26683016803,2823.1836563791,8747.81784700255,328973.385755384,79676.4510790583,16167.4871379494,6701.64227464619,2859.5140293598,8846.83313613422,328090.347860759,80141.8032342832,16330.7563226643,6776.56159079379,2892.59000982063,8937.94786597861,326875.940073775,80553.6052499214,16502.0463716458,6855.77789112307,2927.0753623474,9025.47510156175,325397.605334148,80911.0362387468,16668.1306206486,6935.83816458785,2962.99886729796,9111.03453677158,323903.730473366,81233.7068939456,16830.5883532785,7015.42837692625,2999.39851900242,9196.17901639272,322949.650355242,81579.9609049593,16986.2980148763,7092.73222925376,3035.21830057345,9285.61765267753,321602.37362242,81914.0553972856,17130.2276454777,7162.08640621492,3066.95709491614,9365.971222756,320051.532063288,82205.7704731363,17283.137866529,7236.01324167907,3100.1282580604,9443.65098095007,318133.637199491,82439.591685389,17428.9690578832,7309.67151199035,3134.20818575278,9517.34490207163,316078.611157116,82624.6035457591,17573.0720342073,7384.09390189218,3169.31657150886,9589.78949718033,314495.837257131,82822.3197501565,17711.9296508462,7457.70972612248,3204.81180295147,9666.96079589881,312708.535895538,83012.4902218954,17835.0860914396,7522.19411428405,3236.02267473037,9737.01720092128,310446.198615017,83144.5432564708,17961.6482433167,7587.45808891136,3266.74963165186,9799.46839396974,308015.04503308,83220.0355848571,18088.6851480059,7656.57069407779,3300.08274469263,9861.02709960342,305984.876677283,83292.3624936498,18213.8841636075,7726.717267849,3335.0221962449,9926.84246596345,305475.146455634,83502.2944938936,18334.3732403585,7794.06002584085,3369.06171158765,10007.7055884468,304777.575775718,83758.6875994284,18429.3894028198,7841.80185892105,3392.38624502366,10073.4376029089,303900.370470736,84002.8609859804,18548.2067996009,7897.75650319537,3416.9287290527,10133.9252198806,302731.886720411,84196.5369575724,18667.2464477837,7958.65100242354,3445.04537043254,10191.9588602202,301310.999245992,84341.1363587848,18783.4474122757,8020.77186475827,3475.13582600692,10248.887394591,299766.013679933,84446.938774746,18894.5038587794,8082.42058947018,3505.97626110266,10305.219930128,298093.904185378,84520.1335545322,18997.7765294586,8141.24893625212,3536.07210159311,10359.2309167352,296315.869090347,84564.2658169315,19096.0508903837,8198.06203121661,3565.40128093887,10410.6743712844
323,253163.69291115,142405.532587696,61155.421739075,35419.0488163666,20360.7370608066,31603.2431904975,236808.251066859,134916.988621528,55724.2252911998,32308.6702241514,18645.6127708999,29391.5634626906,232707.555239125,133563.912715818,53696.9165769501,31249.0945690031,18128.2388651777,28770.1170063116,233392.964300109,137050.317501791,55250.8181314648,31663.2826363478,18337.1633487347,29616.1389519538,229290.914731042,135363.966270017,55115.5214104534,31594.6323868448,18161.9641840446,29298.9243522472,229677.715870643,137686.097119874,56796.5635872323,32656.5731649904,18803.6429941709,30268.7412438679,226062.812795324,136224.613415217,56776.7106593564,32871.9508650437,19004.4046704895,30568.6107500524,225639.992196691,137656.45595853,57974.3608045149,33729.4826484908,19617.0797544046,31726.4767868198,223022.349734013,136735.530354961,58132.2034368998,34023.5474446678,19889.2123315876,32383.8951208844,222461.423538025,137753.367577546,59052.2627801186,34720.4998963064,20408.2850934785,33529.8359514714,219959.045329767,137107.367089438,59278.0965666677,35019.5186218015,20675.8302277063,34259.0599065973,218676.938637541,137613.810860769,60025.0749210842,35615.7206860719,21126.657369833,35313.5988283342,216103.270813222,136998.359151915,60301.253232759,35955.5922762312,21424.3925466497,36109.5172549439,214840.141748412,137226.278072843,60939.1797126668,36508.5894174763,21860.0000996033,37170.2894467735,212820.894179669,136856.168049865,61241.9501160165,36865.2614664875,22177.5038868365,38052.4084432111,210892.169236257,136753.1946539,61684.2828289001,37283.9759770931,22528.4075389362,39007.6673118093,208501.098360106,136242.847479529,61995.810802899,37638.6393750767,22838.7936636417,39888.1581430115,206129.846829656,135797.090605496,62336.7323547261,38022.4657607388,23176.4605827608,40831.1987353578,204126.078305939,135299.401064502,62651.2917350534,38398.7209837149,23515.2695390796,41804.2003651193,202169.317452686,134937.262325086,62930.869332547,38746.8386099391,23840.4795476604,42789.8065189621,199832.112273398,134325.555004819,63124.3809065811,39021.5364019596,24110.580595041,43687.4431765481,197427.829412008,133730.186674707,63352.5964369288,39326.4034976221,24398.4878507136,44613.7238156668,194654.633715534,132851.640122629,63473.5183446151,39575.9703141853,24657.361264841,45492.3244750896,192356.794289918,132116.594903553,63659.3034617112,39876.8269092586,24956.4477286697,46470.4861432697,190091.627093774,131380.335378589,63765.0280003259,40125.7406410795,25227.593074374,47434.78099791,187447.271513079,130495.804527671,63794.7292261661,40305.9184069296,25448.3517813681,48324.3441633725,184660.125492117,129498.451104192,63826.5056930488,40490.8487790903,25667.7519494563,49207.9029894828,181885.776737413,128420.615805543,63824.0764280738,40671.4715344966,25891.8411421129,50108.4155330061,180374.517087171,127729.765646589,63952.8722097634,40941.4071822002,26180.9410423807,51172.6906898468,179284.032938081,127415.624166488,64045.8279938572,41159.8063547254,26434.0952509945,52215.4077565817,177803.863427522,126906.229012458,64048.8364474301,41258.966368251,26579.5127507744,53029.3445395504,176373.211797523,126521.881605805,64171.7507304993,41435.4325766916,26757.9359157112,53838.8782270471,174583.146406777,125860.736550445,64196.883903693,41566.4180352422,26910.2065851806,54542.7989918974,172767.335479393,125190.323235188,64228.0515082078,41715.1146398524,27083.8210784632,55278.3480690731,170862.617879981,124422.604028106,64212.3977419466,41840.9800995945,27249.7629606231,56014.4170988617,168884.625098568,123597.812144811,64157.925769921,41943.1582551291,27404.3503253209,56752.7156249106
324,123880.499714702,112765.072654549,71361.3378978272,51603.7334910573,37043.9588488142,97466.4061579456,112076.562060092,104956.21880672,63689.7969297615,46021.8263630863,33146.8931690196,88214.8205028014,100559.087806223,95081.4482837815,57629.6866352599,41554.7927671886,29902.1479892254,80001.0474043367,108693.111356377,105296.741096158,64612.8367862571,46461.2371563148,33466.770937333,90307.6907843809,104306.059549354,99806.2963889474,62250.4638403977,45063.2610476814,32508.2021972661,88443.882047545,101101.53160719,97945.0371966276,60871.830649004,44295.8948015725,32136.4628968839,88274.9088693785,102879.072755002,100547.545322723,63268.3594275647,46100.5053923896,33531.8595084782,93146.6424009986,100394.09823046,98014.123892639,62225.9441765758,45621.1049539953,33313.5295144863,93549.4202450005,98822.2959921493,97082.560030439,61803.9311926993,45510.3128519611,33400.247988274,94960.3040406446,98895.6814138127,97671.104349633,62624.8450830498,46244.3401909777,34058.324838614,98119.8342233846,97351.387368291,96376.6029734037,62180.6941359245,46099.0065826484,34070.0420976132,99422.6188986414,95939.0485002675,95501.3514513106,61904.5732982283,46052.6007269775,34160.0519875538,100966.130604575,95076.499016299,95114.2493720763,62079.4306069671,46330.4276030616,34477.6121747966,103200.297574676,93928.2632886401,94186.4462787198,61854.1419273995,46344.8034699486,34610.1365147228,104901.791664668,92828.6503535542,93479.1856893272,61651.6516163328,46354.5328862996,34744.9318640875,106669.040280409,91729.3791152854,92791.0720702345,61537.7675650133,46402.3901062418,34890.4315042366,108495.193671458,90406.2231442125,91831.0203047301,61264.0686722835,46348.6765334465,34957.7056575064,110061.915454036,89031.806033971,90830.3739384573,60952.8208191074,46274.2644333007,35017.289885079,111616.234516743,87943.1319736506,89969.7560631618,60720.8127391666,46262.7404480549,35128.885647351,113381.533837609,86902.3030730763,89222.8168532305,60481.3542452669,46234.7101113593,35228.8564754912,115171.379011608,85648.1334831896,88265.0605676171,60122.4748112865,46090.9385869484,35227.3512452638,116654.1451186,84315.3863019242,87262.6735348808,59749.9952865482,45940.6578900004,35214.4182421337,118078.23809724,82942.1983068075,86197.4601451608,59363.3844918582,45788.1447732911,35202.5309179349,119496.541057678,81688.7170699722,85127.9418912107,58951.6482318328,45628.1944584882,35192.7810564737,120947.654660067,80555.0814376872,84219.0892350614,58573.9926097273,45484.4576647371,35198.8532861861,122513.13153535,79254.3183959213,83185.5741186804,58122.432188165,45259.6958896797,35130.6958927904,123854.768244455,77800.5385794912,81977.1944354803,57581.7598728577,44968.1279568661,35003.1585910667,124970.296376671,76424.5365126611,80797.4975384834,57062.5807032157,44704.2881958608,34901.2888286052,126170.027576821,75620.8678203929,79943.65015309,56701.3559143281,44567.6101137674,34904.5527018681,127789.833759647,75148.135304035,79556.9402076492,56494.2194817464,44515.0443364728,34967.292357762,129692.284953385,74450.3124763592,78978.5026222915,56189.1979129676,44326.7305442146,34887.2612976251,131024.498355187,73590.9144430849,78276.2998098519,55840.3502530245,44106.1466746271,34760.4466847136,132008.343809138,72768.2382362648,77633.757051638,55581.9015049852,43973.5472625913,34704.7130402249,133101.630348615,71901.0003734829,76908.9358208797,55284.6462115866,43831.5551295491,34653.8294907358,134131.837862817,70946.9969641347,76074.5699958811,54891.0337169796,43622.7840636584,34562.4403854466,135000.935617091,69992.010480893,75249.4671433542,54491.9449600063,43406.2020586283,34468.9625273062,135897.69675056
325,308781.853488569,120593.870106015,36406.9745279114,17678.6150383858,8586.61581334627,17610.0808181858,283953.955459673,115897.933931838,35325.3688651785,17266.2458210225,8415.99285088868,17084.7496212757,282173.418839413,115551.979641944,34686.3446512514,17324.4768569827,8635.97964084136,17556.9768021823,281752.143164943,117178.756202876,34927.4789017293,17169.6773172199,8547.73438300979,17793.0623282692,280490.775805054,118039.800598303,35576.213228712,17439.0932251557,8606.05521321008,17911.267776943,279229.094849232,118851.675860033,36189.9956459456,17815.0252972788,8797.40224208573,18133.7398864539,277804.644863326,119531.215023087,36765.1886683037,18184.4826319625,9014.71397758031,18437.3061164424,276295.008482061,120147.250104362,37312.6483169894,18544.6107810779,9234.46798085096,18780.9067504061,275255.004149578,120783.819761013,37860.5405268197,18905.8063700714,9456.82986241202,19154.1642037346,274065.191305074,121402.822874656,38361.0457038305,19240.0249625115,9665.97999473683,19520.1756409214,272655.637844343,121970.908912183,38868.8181715227,19572.0498543608,9871.18145062335,19877.5087266199,271015.090870068,122437.350397109,39365.5109894388,19906.0516776696,10079.1978809654,20232.6930276478,269176.599768358,122825.701704372,39847.8974834359,20238.3043426477,10289.8694621595,20589.4487245555,267800.909934577,123224.511091801,40336.9265582183,20579.4810899781,10508.3832196655,20968.7980384013,266219.482869267,123599.692381919,40769.301949204,20889.3679997288,10712.4599905748,21335.3346408154,264300.235294406,123892.547954959,41204.9023992823,21193.8427909915,10910.491864937,21687.3919407041,262139.835352519,124067.889213236,41631.7658476845,21503.4756825956,11113.4210033214,22038.8567675086,259768.001645943,124148.893975469,42035.2956048078,21808.6051429622,11318.7680806788,22392.9447316274,257934.641094789,124260.010739828,42450.1571028087,22124.6143024294,11533.3987697762,22775.6161906304,255943.417028394,124360.062073861,42801.7720339123,22404.4409117028,11730.576979446,23143.7985800756,253728.457164796,124394.352032752,43157.6256487059,22676.8838604016,11919.4773482513,23496.1099890643,251208.990513987,124309.173654378,43495.5742521863,22948.1341734704,12109.1101979275,23840.6648871038,248452.67378722,124114.232920045,43813.7366057946,23215.9299607945,12300.9790826853,24184.9877971449,246064.916807036,123920.6210141,44136.4086973795,23493.4542114409,12502.4745585335,24556.0697306901,243691.608110139,123730.871083958,44409.0899034096,23742.9392705456,12691.4498621008,24922.732670349,240942.79204284,123450.25164582,44657.6965535275,23969.7048184418,12864.5962131912,25263.432885726,237964.066127638,123050.511275346,44903.8505215137,24201.0400411262,13040.179430612,25598.8307094234,235052.428711752,122591.919183145,45136.2946621111,24435.638599284,13222.8342596309,25946.7082902132,233560.742480736,122386.924642438,45419.4339559596,24701.7610211111,13427.1509931474,26363.4172604697,232322.764060209,122366.09715124,45616.5127453516,24901.6998823774,13592.5387448579,26748.7841438486,230951.384311657,122353.245333246,45833.9892053869,25079.8862505085,13729.3518313894,27078.0134196373,229362.586898632,122267.281678148,46061.4890479401,25269.3650430742,13867.4308122953,27380.8719438937,227520.937332148,122072.094879091,46268.7820206835,25457.2698508876,14008.4769011381,27670.2576642748,225537.583037693,121798.216402605,46462.2141034491,25644.80502545,14154.0823563486,27965.1837673357,223462.381365244,121459.888827058,46632.4702317983,25824.6095534826,14299.2381793236,28264.670473227,221297.801224678,121069.055551203,46781.9597326686,25994.1942114428,14440.787465106,28565.5645822758
326,305877.250253487,98980.5207056454,26504.1676445445,12583.4570260491,6231.79349718512,37986.3334210447,281781.505552027,90313.7073206929,24116.9649500095,11597.6889188665,5777.1399676144,35826.0045301915,282751.720947826,92091.3210988524,22923.9693245657,11020.6458852391,5617.31823284317,36415.3543682381,283097.027223886,93675.8839278464,23239.9767006717,10842.6312286714,5406.06762553875,36691.4965762956,282599.70624991,94666.5851006211,23702.8678380764,11007.4441080573,5406.61868924026,36937.4298449479,281851.518009526,95542.8954889842,24140.2903679509,11233.186441795,5500.96316961689,37300.8528267362,281057.735710611,96357.5653051197,24563.4248293189,11463.9964336346,5616.01097347032,37731.0713440641,280228.818189336,97126.9789490712,24971.8074147279,11690.0220891185,5733.00466675115,38177.7382890364,279850.058650241,97929.866129827,25379.3827175157,11916.9102320606,5851.853542432,38660.5068144191,279191.257137549,98695.3105771717,25760.9535723975,12128.3040690989,5962.89132448781,39110.9787107616,278322.585705119,99414.1355540492,26151.6275457889,12343.8465345678,6074.90336431828,39544.7919783316,277232.596543873,100072.274334436,26537.6774601309,12562.0657960879,6189.81693882144,39962.3032574727,276027.550049919,100674.264312567,26919.840283711,12781.5999082352,6307.20342353277,40367.4393081742,275312.106669998,101317.936656434,27304.9874970481,13006.1909307274,6429.22619636113,40809.3141067563,274180.285363261,101896.039076713,27651.9897443404,13208.7878929339,6540.47541767301,41202.310452117,272766.7416332,102413.995234271,28012.2093322746,13417.2158457223,6653.17539123139,41573.9473653132,271132.25493046,102859.806810856,28366.5670664651,13629.5789623308,6769.97769355691,41930.2857944029,269380.402132873,103240.921457706,28712.9375821838,13841.4748161412,6888.84922972762,42272.8687202508,268197.994223253,103682.459906495,29064.7889973549,14059.6991627826,7013.11124608866,42662.171039148,266624.494035292,104047.988979686,29369.2852844954,14249.9682995129,7123.28221031329,42996.2335247799,264878.711629528,104376.83531728,29689.5986757154,14446.5343512831,7234.66663533476,43317.0203136638,262787.294559289,104607.669962048,29995.8792899336,14642.0098234962,7347.24579971585,43605.8686186454,260558.766575282,104770.197174188,30299.1995508894,14840.3945183722,7463.62121605396,43882.8374686907,258762.214638689,104966.820280659,30604.7457507867,15044.678966489,7585.79474337527,44196.65774862,256768.027115156,105111.623069951,30867.3945011205,15224.3481979638,7696.13421931544,44474.5454109905,254377.932853441,105176.100892944,31125.8954476472,15398.5572582159,7801.63923732093,44710.9120891751,251818.625555583,105167.277311384,31388.4091839171,15581.1769314953,7912.70711337715,44934.5721204713,249521.968285574,105133.117440679,31647.5166772087,15768.013808846,8029.36679503343,45171.0587235554,248720.330938184,105358.060882943,31931.1011033296,15969.0379953341,8156.15233623689,45539.403744818,247689.118588673,105544.699930592,32119.895596697,16104.6852716871,8245.92123915878,45824.0103629682,246605.978035058,105774.396306867,32350.4299003679,16249.1074748707,8331.83032855257,46094.3888255451,245238.594265115,105908.940273476,32574.027907525,16397.0307490516,8419.60509848067,46325.7827963882,243647.683575827,105978.148336047,32792.2434056615,16547.8035140744,8511.94558597817,46538.4271189603,241946.79796062,105993.209616345,33003.5322756915,16699.8093898242,8607.79575319856,46743.3952421518,240133.212911989,105957.740688325,33199.8729159886,16846.7074110549,8703.16950513995,46936.3358260386,238220.480657874,105878.575586163,33385.2890551774,16988.9696840606,8797.15825248895,47117.2331263381
327,350692.330431131,106874.727629276,26491.2280886143,11882.618294916,5424.25463098626,17089.6159661576,325842.374241693,96480.8958461581,23976.4150147758,10931.2763171905,5032.36272449737,16282.2339054475,325318.173386414,96601.1726256712,21756.4891350334,10031.8654377337,4768.8522891324,16346.6622208014,325452.314379506,98351.5088935568,21633.6039016271,9499.30339032569,4387.87034675545,16242.038081023,325053.121715223,99432.7630598606,22031.7853070031,9559.47803550926,4298.82069250425,16173.4947902802,324265.81683672,100313.837122647,22408.3843182781,9729.99273192365,4349.42122777748,16253.8262005414,323384.751104173,101112.941192152,22764.3281623826,9909.75188817068,4430.63206910982,16421.0593946292,322487.619077617,101876.914786171,23108.4366901188,10086.6742757445,4516.02767752194,16619.9622296178,322045.256762999,102659.753967308,23448.9777205789,10262.6694201864,4602.13713574539,16836.9892459214,321340.647144415,103413.717214176,23767.9668471941,10426.8539253377,4682.7647710373,17044.8120719806,320402.427198398,104122.065571045,24094.8599451409,10594.24744768,4764.0745045747,17246.8077433787,319203.051902076,104767.161997761,24417.5528411908,10763.6673144446,4847.56391997429,17443.5059804924,317854.850711896,105359.064610171,24736.6804229704,10934.0644157472,4932.85984281384,17636.855758065,317050.657988545,105976.818441076,25055.7152920918,11106.7940628245,5020.51773629452,17842.5709783391,315822.886686727,106548.013797791,25342.8669372687,11262.2974132194,5100.29942363167,18030.5927497433,314264.03520725,107055.512199741,25642.367237312,11422.7692537036,5181.1647404835,18209.9880349067,312444.24618506,107486.144799939,25936.332913655,11586.2959697646,5265.21982857243,18384.3932260037,310495.148348445,107859.654757167,26223.2166107665,11749.438765622,5350.84643321701,18555.8558891256,309131.565405196,108266.128345503,26509.3431458635,11914.2702902617,5438.50850254542,18740.98827294,307422.726435024,108632.426710627,26760.2112349631,12059.4199399343,5516.87335861546,18908.1098097816,305484.185819481,108949.896578361,27024.1619537341,12209.0520782542,5595.72905595014,19067.5311417864,303182.192008726,109176.64446485,27277.389243867,12358.9255317653,5676.2852148156,19217.3351180456,300682.51698685,109331.993785444,27526.1119691758,12509.99300164,5759.14544225762,19363.0807298475,298629.68344597,109499.930024061,27773.3026380137,12663.6423197883,5844.98515551866,19520.6688927038,296456.896285538,109644.14388802,27988.1346261574,12799.8503345555,5923.01777869595,19667.1579350382,293807.596859393,109709.941390059,28198.534162602,12931.0246204514,5997.05958960472,19795.7229221936,290971.786898796,109699.378204579,28415.0472745884,13070.1301382928,6075.81866497362,19920.7264744311,288332.53391951,109661.521923668,28625.6705988749,13211.3999616467,6158.25431619868,20050.419648671,287288.995901516,109816.86205544,28846.5945790482,13358.0009286081,6244.64474715938,20221.4875080649,286217.579813946,110034.092263548,29004.4161559064,13461.7501496448,6308.09571120735,20367.4368391038,285028.095021445,110266.924529136,29196.2448086722,13571.1415236677,6367.74908100799,20499.375417872,283562.826366906,110425.057792352,29388.1667227464,13687.358223996,6431.38840957182,20620.5605390936,281830.73165186,110510.245887432,29573.2556455492,13804.9185777948,6498.23569346258,20736.3231086898,279937.969572669,110534.160070135,29750.3130047774,13922.1331633479,6566.93712853521,20849.6705116135,277943.55765903,110511.397442392,29916.5298354146,14036.1780073999,6635.55304446926,20960.3443442613,275826.370305483,110442.880344897,30070.9244931141,14145.3332058391,6702.53215286713,21065.6970031374
328,225704.382842456,126105.490244209,51004.6538561265,28724.4389945199,16126.1472463812,34742.0088262751,193782.953033427,109350.330158439,43808.5607295327,24758.5458138979,13930.1592503195,30254.2433762343,202807.393867119,117815.352783534,46358.444633736,26559.7522311556,15210.2344272915,33244.0812172933,193601.850169986,112358.047497178,44137.1016431839,25053.9566277889,14345.4223764769,31997.0037971526,197897.970800883,117516.186425846,46653.7072016267,26381.5026215235,15040.5657930998,33709.4489013813,192219.47056875,114297.280516697,45936.1932793962,26129.6393234831,14895.7719972895,33227.5181678105,193786.814127755,117083.105441116,47523.9087323945,27151.6007373833,15557.6912926692,34604.8372821073,189868.466666878,115189.773516127,47255.1900938124,27164.3257251974,15635.3313342033,34741.3713152175,190492.522554165,116882.517996319,48373.2299403454,27936.2869455649,16168.6761430479,35969.6698216939,187849.387163466,115869.203709225,48366.1931923336,28074.5472955935,16321.8270705032,36389.4341679923,187395.637126545,116812.952658141,49160.479907857,28650.3942404528,16732.9321673358,37398.7405251019,185017.977534851,116122.346846926,49322.2013663982,28879.1078926908,16935.3753083083,37933.9481527857,183830.95162119,116488.216809852,49915.0630284248,29358.0007963749,17294.8123260949,38824.411869086,182101.550459777,116083.41565657,50190.1516761985,29663.820292114,17553.1714831417,39507.0940279626,180872.998858883,116254.54117376,50635.2503841358,30058.7067604987,17868.9130220856,40349.3553548682,178865.10085527,115843.708167327,50878.3833065715,30326.9883939396,18101.3647774203,41007.270269248,177123.418884026,115689.538506028,51251.3313079128,30682.1065731569,18389.560486713,41782.417531395,174931.339990966,115144.316185675,51467.3385030614,30953.9097086739,18632.8687044483,42461.2552245828,173479.105540481,114940.187859971,51812.1574146619,31308.5722543877,18932.5358348276,43293.8854505508,171644.841795799,114514.38715451,51992.0890242419,31555.4455862548,19167.217002828,44015.4337306407,169789.885374241,114136.144615719,52221.4998019246,31818.660395711,19404.9523406482,44749.7964576242,167649.910867057,113561.776896974,52387.432033246,32052.9596813292,19625.1851037368,45434.5923060205,165400.613975434,112907.784950888,52532.6581772212,32283.0299682649,19848.4019489006,46125.8886526701,163491.294270865,112312.671384708,52695.7131894159,32533.1207107123,20090.0391878267,46881.2872028362,161549.253094933,111715.648515561,52793.1685782809,32736.9283435356,20305.7504110192,47614.3214585291,159297.854427176,110984.398070186,52841.3843340282,32895.9087319144,20487.1661110294,48280.4333854327,156950.522185856,110169.734766151,52890.4565351869,33062.5648487608,20672.1678996359,48945.3427637947,154670.428423875,109284.250166834,52907.5861661317,33221.5032899946,20858.9753711531,49619.7879472538,153593.362552396,108847.455126495,53065.6591740437,33472.90626549,21110.1458763916,50493.3643561443,152564.126395594,108535.193992243,53113.0312638243,33621.7529441151,21290.5540082113,51263.4804656415,151385.388835334,108197.913942192,53176.6686313966,33737.9659157638,21424.711620964,51912.1697138523,150117.650796481,107837.763659011,53275.2200640106,33882.4343712957,21567.031247551,52519.0829058761,148622.657640875,107314.253603876,53320.1699730498,34006.6807294885,21701.2214906805,53062.7880775324,147091.818229467,106761.535244647,53360.539927607,34138.2344288734,21847.5711830704,53625.3198208156,145474.010858743,106128.081732673,53359.6440183127,34248.7460598512,21985.9071640369,54180.7199852001,143817.086241972,105455.909298598,53335.3288899382,34345.0417621428,22117.8523685634,54739.7325892325
329,322966.529093457,112644.769037783,32073.5325953473,15453.3783851106,7634.6407372912,35091.7047042216,300618.046781736,106741.729122631,30863.8078015177,15040.7328778061,7461.36818154545,33890.5020027542,298821.630156731,107153.062166512,29607.0114774419,14627.8467936057,7432.50949251263,34259.6933891839,298457.929469147,108801.775550742,29914.3198600695,14436.055161511,7247.24394388683,34514.4638528347,297427.776292987,109762.056869391,30478.5721478198,14654.2084247274,7269.0052273861,34707.1877051858,296113.034326793,110571.250534297,30992.0682625231,14944.1129138537,7403.15770457198,35016.1721641297,294753.6572334,111305.938929246,31482.0101223213,15235.5245529588,7561.52245370198,35404.7189178317,293351.000102873,111987.09052676,31950.6126742155,15518.654626679,7721.15028943362,35819.1336045307,292421.822612017,112692.092783453,32416.8069737887,15801.6238790715,7882.265872787,36268.7636162867,291267.389930712,113370.056251633,32848.5107816814,16064.0401095726,8033.03032180861,36696.1116778895,289885.356981035,113991.568389104,33288.0576469452,16328.317504507,8182.93689468838,37106.454685317,288255.217429882,114529.484048418,33718.2300735317,16594.136384942,8335.46377557277,37501.2571114549,286493.880039256,115002.497559455,34141.3193927136,16860.7100747235,8490.96450790035,37887.3816257212,285222.563013678,115499.674007676,34565.2802830509,17132.2317236605,8651.68443304677,38304.6061786911,283629.547503494,115953.393936762,34944.2191349378,17377.4063141889,8799.62066192164,38688.5598360378,281696.810771506,116327.361862548,35331.2442590252,17623.9722566612,8946.01415592736,39047.2267771871,279520.249406397,116602.586340732,35709.5911225083,17874.4429703011,9096.77616556628,39391.4958393433,277220.788938929,116805.25003586,36074.6000595767,18123.4815470002,9250.26266182133,39727.5066923346,275484.632579508,117051.127696574,36442.9519423113,18378.2872458336,9409.52188862717,40102.6800885556,273465.422633486,117257.36973751,36759.7188593622,18601.6880346939,9552.86657712338,40441.6497175864,271212.824269752,117400.317526325,37086.8412728532,18826.3068251845,9693.80381352425,40758.8817678054,268648.012629444,117434.426300638,37397.1276082512,19049.8311185971,9836.14697029232,41052.4027522679,265899.167437512,117381.345909256,37695.9154754774,19272.7459943621,9981.35438233629,41333.5497189952,263580.253427518,117348.228618376,37996.8751871445,19502.4970337832,10133.5183895109,41648.020531457,261152.931784478,117290.572705661,38251.0873602348,19704.9463213806,10272.6735156628,41941.0109207077,258321.361657224,117143.208750283,38494.3350091543,19895.8683526713,10402.9077691402,42193.6384859812,255289.861416769,116894.6513342,38736.6393570248,20093.2732075971,10537.5843089581,42431.1761360328,252482.475085663,116618.268188806,38973.8772277891,20295.8229622442,10679.364204014,42682.2065181135,251213.579331911,116607.409430192,39245.2551302064,20518.7990768294,10835.4458961245,43051.2105311783,249946.802789705,116679.959755696,39429.6562353323,20675.6152702597,10952.6435069857,43370.4781792065,248581.574523115,116771.224209787,39652.3653042835,20832.8204130489,11057.868052057,43653.8349191696,246930.334488903,116765.316738841,39869.3795959759,20994.8399525169,11164.4128087801,43899.2786733384,245059.186471757,116677.784877019,40077.3956510674,21159.4836597517,11276.1222904288,44128.0597158769,243046.686539128,116517.979094366,40270.4991963911,21322.122239879,11390.5695349356,44348.9074540883,240926.374949646,116301.866953274,40445.7372481903,21478.3878571693,11504.3275269208,44562.8002618556,238721.192763108,116037.5049571,40606.1493365038,21627.9908693924,11615.912694609,44768.7222851534
330,283183.127147924,127089.667849407,45419.6055800201,24058.2387918324,12676.3913592737,24496.1034812332,247814.701506112,108664.073748371,37926.6336730794,20160.4532365271,10643.3189173793,21150.9970953593,259151.676668817,117480.42992832,38838.2819270326,20657.2763293768,11054.7655350592,22406.4301296563,253417.524264637,115988.131783308,38447.1400590414,19980.0925974325,10543.2694647588,21865.4285043705,253882.053896243,118082.598620615,39486.7955551646,20460.5661171213,10682.4790139763,22044.6642266163,251997.78953956,118440.019047539,40116.2482424851,20868.0220243085,10888.9991695866,22203.992552823,250765.567564359,119186.415090752,40785.454102292,21333.2211858187,11179.5988608963,22603.6613622167,249264.046553462,119680.407695713,41373.6619791278,21753.2334285382,11455.9973796047,23055.6089557893,248325.966615064,120316.775359339,41981.2751058907,22184.165846403,11740.9333727164,23574.2361417772,247023.832700316,120806.532650418,42507.4593108959,22564.5126662441,11997.789257764,24066.7993662588,245616.977121588,121293.180880666,43054.4714883205,22952.3976879835,12255.842845562,24563.7978719935,243958.85063897,121648.739710519,43576.3073131635,23334.3259796334,12512.796447156,25054.0509842434,242216.748882315,121938.315537541,44086.0926035614,23716.1359446037,12773.823383528,25552.7446464334,240964.173526757,122314.058987056,44614.8941570227,24114.0648376205,13047.4966220216,26089.2795048567,239267.197126462,122528.526908071,45047.5028351125,24454.1509363883,13290.5262377897,26583.6286425219,237404.436749803,122726.269170027,45506.3587626012,24804.451853873,13536.0918421646,27079.4273266936,235267.778694249,122769.247757202,45935.5907371725,25148.9026967221,13781.4360056575,27567.9792004977,233065.971620957,122743.894979635,46349.5214450875,25492.720099451,14031.7886241579,28068.6526526788,231430.072166475,122831.066925468,46787.2955950494,25855.5907873013,14297.085261137,28616.4555589033,229385.328624249,122758.387983937,47116.4888618337,26150.2709289427,14524.8342027335,29113.5391659281,227291.145272757,122711.553437765,47483.2092005384,26459.1999066114,14755.9707768049,29615.8067181286,224784.301801332,122456.750345239,47795.0711096402,26745.9633816,14976.5609728551,30090.1734378523,222232.616712098,122157.852037632,48109.0841914543,27042.3063140965,15207.4092579706,30583.1797191715,220076.738783952,121903.787581225,48428.9354060359,27350.0196114413,15450.1162992128,31115.5186938702,217745.144769722,121571.500963364,48667.8612113353,27606.4057841408,15665.3905502027,31618.9644736975,215105.915523176,121156.218162378,48891.5667027163,27845.0074687036,15866.0675086802,32097.0799872217,212290.560019726,120628.362896302,49107.2583993551,28087.2499145492,16069.5447859233,32572.3299122014,209737.345994657,120084.69297489,49322.0784010443,28339.5779560164,16284.9457377741,33076.1680954994,208622.030000383,119962.435975295,49627.6271700074,28647.5011467945,16537.4863510297,33691.9149403385,207296.107790036,119767.450600646,49766.6923346639,28828.6447028214,16710.115409748,34194.7959347634,206029.861453742,119722.227641376,49988.7007363646,29027.7661967093,16874.1376357223,34666.9356280843,204426.112025996,119486.16752725,50176.4840305682,29213.4339078846,17024.9955153425,35076.0582785209,202680.264244815,119207.378459457,50363.5557650602,29409.9865956409,17187.0351896411,35483.8565166706,200802.177130729,118826.446459736,50524.3819127075,29599.1809388805,17350.2325754684,35892.0015137307,198846.418127415,118396.111287569,50661.4049483685,29779.4703940963,17512.7123200292,36307.8145579477,196808.321057759,117904.708360607,50773.7670037915,29946.3040086189,17669.3589091078,36723.9664111229
331,367053.966870424,75137.6035694354,17405.1635163351,8310.04561557383,4493.67384507701,55949.6187766189,353230.054768375,70884.8994070492,16615.6802372293,8104.60230637457,4418.48315525032,55481.5768972701,353247.496581304,71455.8993742279,15148.9845458683,7458.4570475241,4210.5014486487,56048.0734872841,353437.518111817,72396.4469923416,15175.1205566859,7192.76970275588,3993.47501358641,56628.7660586111,353414.869026903,73066.3609055495,15365.320420586,7227.13447778383,3954.37366658591,57267.9040405429,353074.902698178,73667.3527017716,15539.2234025865,7294.73433527371,3970.20095974227,57961.3307597075,352631.164080909,74220.7263613394,15704.7774905254,7363.56252633219,3994.77102419249,58675.7247495164,352197.781872706,74756.4464586781,15865.042696438,7430.54283249423,4019.86855675943,59391.6007912959,352213.986426136,75296.41124633,16020.1536275009,7495.69443353297,4044.64888268615,60129.9282242144,351938.619891259,75841.6119873342,16168.0582425522,7555.44616872661,4066.16742308309,60833.9783893244,351415.457258851,76353.5161774638,16324.2000946837,7618.61802211631,4088.24369162269,61512.7191720264,350604.96759911,76818.9178023671,16475.6895243985,7682.22200171613,4111.02530995123,62162.2214066063,349722.602196191,77253.5436655309,16624.8121789452,7745.76899942512,4134.40560150404,62796.408695066,349322.788950973,77689.1676168163,16767.0736269944,7807.57089153192,4157.98216638636,63454.520009463,348494.808499685,78121.0751069878,16897.6318213801,7861.47111918873,4177.197304251,64064.8313287722,347314.742521613,78504.8066844298,17036.8990134853,7918.7466098287,4196.71055426811,64641.0763574822,345860.824286041,78833.0105153313,17170.2301248335,7976.41719331771,4217.05454436445,65187.6770376115,344361.748317745,79129.5211678658,17298.8790125209,8032.93548072113,4237.5517375108,65719.3398990214,343398.827746644,79431.462777009,17419.6250056088,8086.83221821212,4257.6787826635,66279.2185722147,342055.037819826,79733.2181719306,17527.4557263669,8131.76379071616,4272.72958350543,66789.9314132181,340465.234793853,79993.5072724812,17644.7385037415,8180.32782828409,4288.08514347094,67271.7948781243,338480.480277106,80195.7154807657,17754.8531534002,8228.45267842585,4303.71679551405,67710.6285534002,336382.277634559,80354.543757166,17862.5802615236,8276.8456187872,4320.10674346518,68128.9821628312,334715.084522371,80509.1587255699,17961.9716524494,8323.06543727981,4336.57131775848,68568.0169210014,332836.67249063,80660.9371756986,18046.2069800664,8359.96694600162,4348.26053817565,68969.6288381696,330504.041668166,80766.7895284018,18134.5837158814,8397.07840755784,4358.47810936925,69320.4186658089,327937.49968944,80811.9983493531,18222.095562513,8436.79992637449,4370.21306463514,69640.2156398315,325789.958203076,80854.7307396437,18308.6003377186,8478.27814558891,4384.10410350828,69978.1187582708,325196.331042782,80994.1453180687,18387.1869058963,8516.95346779982,4398.43397122519,70427.6365759144,324459.537669785,81213.935051741,18445.07738282,8538.38824525307,4402.90096849569,70830.489945534,323544.365959788,81429.652151008,18532.8273982397,8570.11028521721,4409.00002992529,71205.7541373515,322329.350705548,81598.9856309281,18623.2927135894,8608.9765724358,4419.71500047938,71544.2583345387,320842.910570562,81719.6098915687,18710.3553641021,8649.51086807318,4433.19551079474,71849.7324247976,319206.527848458,81798.4593106273,18791.025784425,8689.15298573799,4447.78844754771,72132.2086517791,317445.734094971,81844.9873481098,18863.286438717,8725.54651526722,4461.69449710755,72392.1389658364,315571.41043652,81862.7888521247,18928.9308405692,8758.75865387502,4474.24834166765,72629.8129863128
332,276625.928908852,125447.561458132,44229.2648542064,23252.4549575755,12174.205309258,20673.9831149354,250036.380760509,117442.839861409,41895.8819605329,22180.2243413606,11663.6055261382,19738.4695425309,251021.396661305,119199.520148992,42010.103876314,22618.9873682659,12122.4606050317,20678.1692658357,249440.547471915,119974.809192956,42291.1647971541,22560.3673581033,12107.0117019766,21066.23599161,247848.900152443,120620.131478783,42962.2639897269,22909.5251591689,12246.9917165633,21375.3140307419,246345.626775443,121214.32970983,43626.595370375,23368.141922101,12515.5140687795,21766.4281446065,244592.607940761,121600.594769136,44214.5326712248,23803.0928150787,12804.9896932869,22230.6270601048,242878.23555373,121969.511361967,44778.2143452606,24230.0672444364,13099.3451934668,22750.5835585784,241614.388152689,122384.476976691,45345.8822324341,24658.467360625,13396.8313955703,23311.620367746,240160.814099268,122748.062165084,45848.8623633658,25046.1071821307,13671.8138168198,23857.5020365763,238529.143812615,123059.638930059,46355.7758674017,25429.0434140507,13940.3448530321,24395.6580454746,236692.549279244,123262.964462704,46843.7736900582,25809.4223626738,14209.0794323605,24931.1095117922,234705.780187663,123376.380505655,47309.4562743856,26184.2774196471,14479.1239208778,25471.7234980329,233225.353135388,123562.024743524,47796.9371509253,26577.621750802,14763.7021418528,26051.2348089391,231438.211088354,123661.538035407,48199.0630252529,26918.7355663457,15020.7662641441,26601.6418241503,229394.682974655,123686.312767609,48605.7052237076,27254.6420064405,15270.658003155,27140.3646591435,227131.699255703,123583.005036715,48992.2885320426,27590.0040535941,15522.6454221974,27678.2427398821,224747.410714898,123386.116320492,49351.0683478599,27918.5530129193,15776.6318657665,28225.1507662175,222919.834790205,123284.530231658,49734.4041026876,28266.9166962584,16046.6254156863,28819.0556741452,220831.754860966,123110.011141239,50027.4135081184,28556.7622250193,16284.24498321,29378.4451701894,218594.894322026,122887.949277174,50330.5256500306,28842.1853156566,16513.5708492494,29925.0782125077,216053.556214158,122520.913279897,50597.7255235639,29115.7892504009,16737.3573600954,30456.3841307319,213364.459357898,122050.708834231,50843.4172838932,29385.292638486,16963.6414124995,30994.0151649154,211078.640795909,121631.886767537,51102.8671808771,29671.4279997472,17205.3152277996,31575.8493264207,208720.931702834,121185.109408543,51293.238942964,29913.0991457463,17423.5720188912,32140.5068873748,206022.575864484,120631.746488389,51451.2962396325,30124.1337669602,17618.8475759716,32670.5642441093,203168.117491675,119969.678435413,51604.2257642326,30339.1245561276,17816.0454424602,33198.2307721148,200463.995699075,119267.006450927,51743.6624067956,30557.9825024544,18021.8278808139,33747.6132765772,199146.536863523,118946.75107625,51981.3593920247,30838.5323189995,18269.4821971651,34406.6930295957,197879.984948538,118730.344295078,52103.6307365,31022.6058440048,18454.8069646837,34989.1091632028,196512.341848825,118542.376927877,52259.5808621608,31189.1617696312,18608.1113844907,35497.969660999,194941.313259195,118267.407826965,52421.1169088346,31364.5379052661,18759.1361521285,35960.93068055,193150.297868294,117877.966567522,52555.9756906384,31536.1504605203,18912.3524834203,36402.1285683804,191265.721223222,117418.25499144,52673.7941044627,31706.550998162,19071.1223892493,36851.8284636392,189300.301803246,116893.920999129,52761.175464693,31864.0743408201,19227.0408721006,37307.6178966334,187251.443143692,116314.536670054,52821.7884153201,32006.2995107132,19376.0834937445,37765.0381790065
333,161659.635058367,115660.393439604,52303.3378777239,31201.7699919437,18455.6656158365,30400.1546042097,139063.006835485,99523.9977429381,43028.8502220574,25624.7421166095,15157.31606979,25176.1253367132,147354.624186002,109290.17870461,46568.2459744926,27833.9418022421,16637.8049553437,27980.5726925131,137454.299327117,101469.515751435,43058.2838625373,25525.1898244879,15217.52023501,26046.7958643541,144262.64169204,109468.277279996,47230.0246816083,27853.9200748435,16528.7162381089,28455.1612477899,136257.280574962,102731.481910109,44730.6545613551,26596.5668752749,15784.345878298,27092.3313011262,141213.428181286,108832.259833341,48025.5015998159,28644.2880273124,17097.2128309879,29438.7142623543,134782.620606977,103409.438556304,46021.8511423055,27673.9891347362,16596.3783684443,28711.3734597944,138502.886931312,108114.518077397,48621.6761866935,29336.0820645839,17703.69783894,30908.9868466642,133662.450608781,104083.798293437,47161.9847144655,28642.1234664007,17361.5367054826,30576.8234839663,135880.457436438,107438.614575587,49116.3870392559,29921.1959817551,18231.9806173508,32436.3592364233,131988.361151343,104407.901878385,48153.0613796874,29501.6741565994,18047.4963373658,32391.5889764983,132937.620454158,106519.813381779,49566.2460713891,30485.0774195123,18744.0930515542,33965.5011011776,130192.012030813,104435.057478525,49029.3026450224,30322.3279246555,18725.2212455723,34244.3867518486,130473.738551562,105751.885779679,50002.6559368343,31048.4833780976,19269.9295319179,35595.4486878133,128090.609623701,104228.023720547,49703.6298266045,31002.6727474545,19318.1576457297,36024.4629900911,127512.368639006,104732.690195927,50359.0325737435,31542.5347645439,19742.9304381661,37165.3645555709,125405.831730523,103518.735013898,50230.4991578332,31614.9663187431,19873.5550733863,37760.2316163092,124682.428350206,103612.01714703,50678.3304933181,32045.5590039859,20241.0437346767,38837.390820183,123116.652063606,102831.046061584,50663.6112148057,32179.7988690096,20416.7334335947,39574.0403254168,121911.42577884,102537.998408791,50892.2406300453,32451.8545530362,20675.6945461719,40481.0622233892,120270.496538074,101788.624662221,50935.0214740505,32615.210330745,20862.647157996,41243.2663932122,118659.827164195,101114.574569049,51019.422236096,32813.0838798964,21078.3893587727,42069.8142478002,117241.227952706,100421.379921682,51087.257219521,33009.3488062866,21298.4314366649,42929.4723100942,115842.798452618,99785.4360053492,51115.4630415865,33172.6606492826,21500.0863124626,43785.5776035369,114204.538038015,99000.3892404214,51083.5842525039,33282.1616908691,21659.3121794913,44568.9627206834,112489.641217625,98138.7332960075,51048.6768323949,33395.9331269139,21819.6426988224,45351.608799256,110822.526441448,97217.3095179787,50983.3634636861,33501.7695472032,21981.0130705205,46146.6821410342,110002.619584789,96702.5341489831,51046.0461270995,33694.6596182627,22205.6173997891,47111.1604421815,109303.931114785,96395.8635754587,51058.7120033393,33818.7547968485,22377.5084659221,48001.2110244678,108397.793906848,95963.9107726692,51036.2827967613,33877.4975888879,22479.1254377534,48713.3466160763,107500.130467087,95590.1259796291,51091.1707008192,33993.0268137916,22607.9198045866,49417.8996526299,106407.21531011,95027.1723368356,51071.9937572697,34074.5499549751,22718.7299295591,50039.8904279716,105283.935527982,94442.9066178411,51046.9726923779,34162.0032869804,22841.5524816222,50680.9458295033,104112.303252371,93794.0803595234,50988.9352251039,34232.2111331108,22958.1814349452,51323.3755389521,102894.717017593,93098.8453519346,50898.0921587166,34281.7820103451,23063.9594943059,51963.8611542394
334,349516.809093365,79226.5609648664,15977.6553975559,6649.52532550579,2895.59088077258,9921.61276423309,332660.026998402,76678.310489475,15682.4808970436,6593.10515434106,2884.18081540015,9917.51933631533,334204.818225195,76208.4502882887,14391.8831486685,6181.25573708454,2793.01399930752,10045.873421587,335022.518991612,77445.7487153284,14295.6880659813,5836.07496543835,2570.51900251514,10039.4199481314,335518.76283747,78294.0749869035,14517.307554238,5866.04674255124,2521.65035908399,10057.5961010429,335683.03627148,79068.7552398448,14726.4216532473,5946.3326440347,2541.72183230572,10151.0950874693,335776.795586531,79796.9793034138,14931.2762583663,6031.59355440872,2574.66996294392,10281.8492621282,335765.465191406,80497.4221301774,15127.7534177387,6114.69858669969,2608.71269444169,10423.2689993278,336205.819282719,81186.3248742367,15321.5350075483,6196.63816989673,2642.47987541188,10570.2510709111,336427.846296329,81879.6923685269,15501.5402723276,6272.08206398033,2673.4235472977,10712.517568604,336403.695951227,82549.929659266,15692.4151806161,6351.01653078943,2705.0668734824,10851.6673017074,336162.082655217,83176.1563627751,15882.2992566855,6432.21488348121,2738.31482304869,10988.5711577665,335733.066836634,83769.1271400837,16068.8907880971,6513.24370334338,2772.11776238105,11123.2992715325,335774.248237173,84333.3965561741,16249.5122496641,6592.71812707265,2805.66449244876,11260.0444129789,335497.822924484,84904.5338898815,16412.4865114035,6663.52972379806,2835.49499996909,11389.5947496451,334874.765178571,85444.8822034144,16590.2060373559,6739.15564655024,2866.3264922905,11514.823288415,334041.604918465,85921.9614637999,16764.4653657439,6817.01768283158,2899.01578634706,11637.5223502611,332979.151512274,86362.7628287354,16932.2120534939,6893.21037363948,2931.74546177575,11757.1089030263,332436.969537731,86767.3961471663,17093.1525544409,6967.38423168907,2963.90751058496,11878.69360023,331640.385801439,87190.7078064566,17234.2490544691,7031.66587190056,2991.79511897898,11992.8973821654,330586.779515752,87586.232928058,17390.3457717219,7100.44632873949,3020.34143493316,12102.576028961,329226.786072958,87922.3253375993,17542.2469464646,7171.05340695021,3050.53664197231,12208.133330284,327618.679198142,88208.9334549702,17690.5697214064,7241.50425105345,3081.41440908975,12310.2765791118,326358.941555089,88452.0534404107,17830.1905369517,7309.83177111655,3111.98972970225,12413.1202006811,325011.001000536,88701.6737198682,17950.6753733742,7368.86752827841,3138.6633965431,12510.1548308027,323260.656533368,88928.2416238738,18078.6016023604,7428.97304143436,3164.66351142939,12600.0393191355,321264.090986049,89088.3289423506,18209.8679808835,7493.52192874402,3193.05574798749,12686.2151064817,319327.106489722,89207.4331047893,18332.8925296167,7557.23873128107,3222.314258461,12771.3247991074,318780.356703898,89337.1609368394,18440.7245570282,7614.72613883398,3249.46445679091,12865.6588937172,318337.655604336,89603.6293323024,18517.795417188,7652.96255500998,3267.28231691755,12952.2396676497,317753.658023418,89904.0425303174,18632.4672265457,7701.07597177024,3285.98899303474,13033.7638731336,316925.367007204,90161.0755721274,18752.971816341,7757.59505951772,3309.56626188919,13112.7846578599,315823.353803049,90370.3120234462,18871.1430945083,7815.79014278274,3335.49343713335,13189.5504168157,314556.486423705,90527.0129376282,18983.5960498318,7873.38322634723,3362.11903122939,13263.8339264495,313156.408714135,90643.9501646093,19087.0080126921,7927.94953656703,3388.00290266014,13334.6465010735,311631.447670749,90727.9849713389,19184.3957034585,7979.98651479878,3412.88219120199,13401.4754656646
335,271683.674642358,129370.956001598,46948.9550944829,24960.7822832301,13187.1853966788,19147.2175372701,244771.743739871,120561.654994664,43559.0125841163,23251.7085103306,12322.1293915545,17931.8394307715,245973.927751159,122791.363879648,43962.6242936923,23829.9335534372,12847.8147997668,18920.6165963586,243559.476866519,122864.755643536,43899.9300434721,23591.1332276176,12737.4413063205,19165.8913960286,242474.411782208,123986.193702043,44795.5740013691,24030.9314192435,12920.9806733334,19537.7839679994,240670.394887126,124271.897282891,45389.7354856572,24473.4839777424,13178.756418775,19875.3826695927,239067.82086074,124768.28593036,46054.816922874,24958.8177920973,13504.6145692839,20378.1372499433,237243.368912797,125013.001288632,46605.8212108658,25396.4593068134,13812.6429224171,20906.7284912474,235987.580034297,125417.264462173,47205.7903311414,25854.8308946981,14136.180825259,21502.9705266109,234530.361746467,125735.258127614,47717.5609687215,26262.1970777317,14430.7737902373,22078.4473248624,232905.339971614,126011.4137178,48240.0073999233,26664.8031606541,14718.6254157549,22650.7476062005,231066.97905008,126168.16086032,48737.9042420649,27063.2942961799,15005.4443069402,23220.2173079457,229066.534114491,126230.198673513,49212.4009492117,27455.4308583736,15293.4449859134,23797.7666197151,227556.312200055,126354.315000757,49706.7816382549,27865.8840479861,15596.3041547438,24413.3230252855,225816.141657834,126431.652640365,50122.0880808707,28227.1973075589,15873.4496600699,25007.2705624937,223774.684892475,126397.583037222,50529.3323140772,28574.2632038481,16137.6590101432,25584.1971612321,221539.319963671,126250.45154283,50922.5018056963,28924.8205181828,16406.1344656319,26165.8173510222,219142.264121973,125988.226670664,51278.8041910118,29263.9690901865,16674.3239300424,26755.6332515549,217284.276444462,125815.399652462,51661.7958153635,29624.4813758549,16959.8937130436,27392.9228025659,215260.396401947,125612.679819689,51962.1582386261,29931.3693733896,17216.0792639729,28005.0632411491,213008.304560532,125318.019083492,52253.8122290718,30220.2893027328,17455.5052622097,28594.3887205578,210524.568159399,124911.34913402,52525.1513913004,30506.7647043866,17694.2694363426,29178.6385940817,207825.612215545,124362.634239678,52756.6206740137,30779.0319260422,17930.0509732066,29763.1412753542,205540.47583599,123875.993325196,53010.4500704266,31073.1784985453,18184.6474856769,30396.7153146938,203232.423284772,123383.326470127,53197.3384373375,31324.6153058783,18417.0985983548,31018.2458773886,200567.868896589,122766.925344325,53341.6196005121,31537.0374046288,18621.0141604422,31601.1632520684,197753.270227303,122044.513106001,53483.4163493551,31754.6997252408,18827.060071471,32184.0902608223,195007.904176815,121253.568340364,53600.1630181745,31970.0463054859,19038.2196648081,32783.1343803339,193659.043037884,120857.386295779,53828.4411844513,32256.6901542335,19297.9546972977,33495.2103317673,192447.30752488,120631.976407129,53951.4122635699,32451.9289822173,19498.3205479954,34137.251790972,191060.302891815,120378.527033003,54086.3928338074,32611.289720765,19653.3480518454,34684.1206027985,189544.020305315,120091.753446385,54250.1998797378,32794.0034423598,19813.6687114915,35195.4147119767,187753.74142155,119642.558082865,54368.1880500214,32961.4386733979,19969.1077688527,35671.9299705254,185912.673964442,119150.42153621,54480.9793650102,33135.6910601562,20135.4759620042,36166.9593395114,183966.970296958,118573.858407047,54553.1674110913,33291.0471238637,20295.6119745682,36664.2084336431,181955.680913751,117952.860190602,54602.4214844271,33433.1762174228,20450.1996237819,37168.2008309726
336,112776.797067487,97394.9798614397,65279.373025088,48941.8259942446,36433.7403974483,112416.680240648,95241.3669024402,82996.2508524418,54542.5756112589,40891.6597818535,30515.1156602261,95264.3929359705,87879.8734332283,78154.0107763495,50941.7092086195,38319.5097123265,28685.7700937884,90076.6980554688,96483.5904306717,87527.1989686431,57946.2590207386,43466.9566859476,32612.2701207303,103699.459337831,92069.6266200061,82117.892724676,55166.848840253,41687.811587313,31355.5216600806,100990.600931332,87928.8504341646,79410.2205687117,52920.6232870968,40184.5477861868,30401.2889951683,99186.0629163306,90524.6861844923,82777.370633738,55782.3925575994,42328.6954211393,32075.5862570293,106053.996255688,89073.2648044422,81109.9732474236,55294.4103354117,42198.8039846531,32065.3568440725,107285.658295464,86428.1701401259,79004.0370095325,53862.4761426128,41319.8932848882,31558.966140824,106925.992452732,86765.566383922,79973.8427313841,54786.4832762432,42095.6282130341,32256.7389617587,110786.593068978,86184.7714488909,79554.4940726307,54939.9160121701,42349.7616140822,32535.3309043784,113203.694954444,84270.7955371117,78036.6169534673,54088.5817201704,41860.1035817255,32273.2813140966,113715.414708657,83386.4484171687,77690.1584301066,54105.1617394771,41983.276635183,32471.2955003806,115877.904341363,82932.0130783753,77453.3751537291,54296.3030532537,42266.4209419257,32785.3445734488,118480.150977808,81765.4626167122,76570.1317327979,53890.8526699671,42100.5267916129,32766.6051100523,119923.719284732,80549.4066007567,75782.9167939965,53552.455116258,41946.3566845296,32745.9705030429,121389.08246918,79606.0821057215,75227.961460378,53459.5265290307,41987.0980434119,32865.5830327208,123358.801704914,78461.8066531628,74393.969814664,53168.628075489,41896.9725788773,32891.7984785114,124979.329418168,77383.9430758871,73544.8817140813,52804.3951058047,41751.2056727462,32883.7783625014,126517.341618684,76490.7516488504,72961.1200970601,52579.1665554838,41692.4048179127,32940.098161984,128370.40614656,75460.6381046274,72227.1523289454,52286.615139809,41564.6573904966,32928.0209289285,129975.66569839,74223.2164919999,71313.0137186337,51864.3798880703,41342.5547766014,32838.4788397419,131247.916720915,72986.2563305965,70393.7514970565,51455.9724125436,41134.7082516274,32762.882064089,132564.220870426,71963.6393355269,69577.2509749543,51110.4913026467,40986.2966662147,32739.8205347989,134118.076042281,70968.0024185083,68818.2634276019,50743.1863249057,40812.6683725135,32699.5754145116,135661.94152155,69776.6572868482,67908.2636327044,50274.8486519091,40537.1014185472,32567.5311028953,136856.596572974,68492.1230287745,66904.6334216008,49764.9617487223,40229.9298783703,32403.0760953235,137892.960282508,67337.769236587,65948.1496650213,49295.223755067,39965.0042747967,32275.9916162683,139077.105759327,66697.2654151157,65297.4216854631,48976.1092199907,39825.3919448117,32255.7408160729,140764.579400423,66269.63873013,64959.8266829816,48758.0919188003,39730.3430732399,32263.654938243,142641.755135505,65655.2644784147,64475.9204994391,48466.5757649985,39528.7799602802,32152.7781739834,143942.399735438,64886.3048336767,63881.071805333,48130.0429353467,39293.5892136292,31996.6734681937,144854.745551321,64138.3885855189,63323.7703459737,47862.6227557917,39129.9193819301,31900.7153877266,145862.320389282,63392.2876325759,62739.6968472925,47593.9198296943,38984.2985019473,31830.7473904678,146893.68682188,62569.0564531714,62063.4090952846,47240.8882761373,38779.0999247418,31723.8033015284,147743.388006243,61708.4493604908,61354.7578988202,46850.4002440683,38540.2927668517,31593.6464787538,148518.37118964
337,213716.177098503,144757.555036814,71203.6621870364,44499.5051468704,27571.4046977434,52480.2667080902,175213.628368428,118689.728831767,57669.0272792256,36134.9100937369,22506.2898485565,43906.8391862302,186914.452606462,130081.281659861,61443.6470774671,38700.4381347386,24235.5869418578,46996.8000314428,178205.997235099,124178.673743085,60006.903066705,37484.2518888934,23570.4414820555,46979.0125391681,180303.149342251,127232.567292571,61045.7217700511,38307.2339449166,24016.6281777565,47878.8672254305,177707.660749565,126390.594455992,61990.3640774602,38868.1537987338,24421.7472399031,49246.6684738455,176066.862125073,125932.601442241,61958.584180736,39196.8102075398,24704.8827688103,49764.7361140577,175118.148183878,126444.375166431,63047.2872388955,39998.1598553399,25357.2979170465,51597.4692810758,172970.175432112,125351.461791788,62890.145494991,40169.1152402835,25577.8750671783,52361.1609418083,172454.984084218,126041.503658343,63773.60543749,40876.7043307683,26167.2848616974,54152.3963577777,170200.648078282,125029.398335332,63710.4764072828,41033.4794252512,26371.2375219624,55052.6174582288,169094.182527314,125236.781093386,64323.6619155926,41586.4687311209,26844.6635435401,56591.0388400602,166932.860624418,124360.344544911,64399.8433570123,41827.9497518395,27110.0597840553,57663.504551044,165741.930006547,124236.422652605,64825.3411955699,42290.1308208792,27532.8999292541,59117.3673681512,164081.967748917,123679.701098408,64983.1008989059,42577.0043918676,27839.0084263866,60358.1482983924,162328.032693675,123188.027307535,65171.0583345384,42864.954457482,28140.8663002559,61604.7472206864,160413.038997004,122534.518779094,65332.4860465753,43143.5383280455,28433.5745985741,62831.764424614,158373.028544182,121753.587664607,65423.3877880554,43391.2142508739,28714.32445403,64043.5213406902,156730.235129381,121109.198185979,65567.5732851587,43678.760494682,29028.5573765142,65368.1050983861,155040.253011419,120456.261128429,65628.2405543496,43902.6917686808,29302.1997462816,66652.5412356201,153121.186266568,119676.401893006,65630.0052226932,44065.4605925636,29524.9557454511,67838.273628166,151090.029798823,118834.583794996,65633.609569509,44234.5592446599,29747.9281171984,69018.661963229,148875.452136969,117814.348725993,65560.3099649615,44364.539598602,29950.0128484296,70153.0586717935,146948.839500092,116880.278438433,65518.988965339,44526.0648673904,30181.626398609,71385.4191495763,145098.146714143,115995.551326571,65434.4408272803,44653.0408763213,30393.7231777251,72624.1912600551,142935.542231143,114941.939250741,65247.9785971619,44689.640640261,30536.1225877816,73723.8517700529,140665.729640646,113807.418008674,65062.7811193159,44727.7798496454,30673.5568932078,74806.4673473926,138496.541943009,112633.021207854,64865.5455964833,44773.7725688721,30822.3906262432,75923.0281112083,137232.240270734,111838.178094592,64802.5951061587,44917.4755896715,31046.7794848972,77269.644574161,136334.689880111,111392.913693396,64749.890802896,45033.7311663685,31246.807746686,78624.0152275983,135131.350892266,110791.192824689,64606.4552697703,45026.3124167738,31328.0243662007,79659.5710989318,133930.761148436,110261.008840798,64563.3484631469,45085.511756539,31434.7673691987,80660.2402197211,132521.155266554,109559.0728218,64468.8512551409,45127.4428546221,31531.8488315714,81551.4036541363,131024.472761878,108760.596527873,64328.0340943994,45154.9276972156,31630.0096135472,82410.9516200277,129517.582745651,107951.964840136,64174.7398963217,45180.4544836075,31736.0730922724,83306.2611752017,127923.159335483,107049.635989325,63962.7518354213,45165.2295042428,31817.1214424984,84167.1156256681
338,276797.540896359,87805.7567755387,23412.3634618544,11132.5883441933,5597.52287587014,41400.8243841128,253641.608077177,79901.709176065,21581.748860201,10454.4019381143,5290.80862520785,39359.8650326349,254595.4339648,81396.5142953648,20197.776577056,9778.42871036048,5100.38856161021,40010.7635867419,254974.756398465,82737.6194676133,20463.0918133524,9580.07661367841,4871.14251683673,40341.3216798216,254795.062037137,83641.1892792014,20862.5971355309,9717.62880240885,4862.70084422696,40673.6598423025,254385.328388719,84443.0285904801,21236.9699481904,9905.94163069059,4938.43916169314,41115.8665037675,253905.658648787,85185.3693855172,21597.7048625313,10097.3748328918,5030.96547440296,41613.0731609214,253420.245718787,85896.1411495829,21947.602940137,10285.548279726,5125.30479925921,42124.180550131,253294.464489175,86625.0466580577,22293.5165954466,10472.8064215706,5220.372587632,42664.2964768115,252949.275472367,87345.2837490928,22623.9381906692,10649.748264705,5309.9841093053,43175.5139218632,252414.458401083,88022.2265567073,22963.2430408402,10831.1267915008,5400.81714797115,43667.5383463234,251680.195291807,88650.6781353203,23299.3756507634,11015.271107613,5494.40488004221,44141.4039635191,250865.387219466,89231.4376124226,23632.9678653786,11200.9463794938,5590.24794498248,44601.8362361567,250444.788111452,89834.7399906933,23962.8183704201,11387.9568655902,5688.66190253653,45093.3112128054,249676.886886054,90408.8086921625,24268.8178422073,11559.5282977601,5779.13859644844,45538.503652108,248644.705507976,90923.6149827632,24586.8307405027,11737.1966746778,5871.36862359652,45958.8886566861,247427.103380074,91379.1378157189,24900.3232642053,11918.6229843449,5967.43207007012,46362.5971325619,246119.038471559,91779.799612938,25206.7025548036,12099.426917354,6065.07332345457,46750.3907394218,245267.831465334,92215.0204574036,25510.763914938,12282.0827531027,6165.53085996642,47178.2312404182,244093.410295822,92612.8908455136,25783.44681984,12444.5568671616,6255.42236130767,47553.5323552071,242742.551425232,92967.48880945,26069.6723598397,12613.1965965341,6346.7397679957,47911.16508521,241096.581104445,93246.3967684865,26345.9879031577,12782.2193444144,6439.9087567525,48236.5931456274,239339.21325413,93462.1642517418,26619.2429385089,12953.4247825057,6536.10995230596,48546.2301875159,237941.315981022,93697.049123211,26888.2642459389,13126.6792084923,6635.80898821868,48888.9187740927,236350.041990793,93901.5226317205,27125.5997488709,13280.4358164319,6725.79253245683,49192.617821731,234413.994113403,94038.1672867548,27364.5583176528,13432.8057445513,6813.20994989399,49454.2301161285,232324.162034406,94107.0755426616,27604.8349821938,13592.0203821196,6905.54075815906,49700.0654127143,230481.556805294,94146.3984815696,27839.3987710127,13753.0890984916,7001.73281858373,49954.7095023032,229911.081715834,94379.2990445442,28080.4311781102,13919.0176120965,7102.99157612339,50337.6251904992,229147.512324297,94619.2152537479,28253.5457897027,14034.1734997016,7174.76945361984,50640.7414432994,228313.422129534,94877.6676247152,28465.1047529656,14159.8357084075,7244.97373445352,50929.8482462584,227221.139418333,95057.7105291416,28671.2901357212,14289.9668273554,7318.3426001235,51179.567164204,225943.174598638,95182.1438212966,28874.1157208922,14423.3968224868,7396.29551600609,51410.2388619171,224549.935649987,95257.4877272525,29068.7669803661,14556.7782645283,7476.79143428946,51628.5017965494,223046.561148994,95287.4508502032,29251.7664559975,14686.0953084855,7556.90067475876,51830.6818897914,221478.910023626,95284.409655797,29426.5521293175,14812.4268288225,7636.40097911501,52022.4207504309
339,351615.990033299,91362.0532946135,21545.8057277795,9379.90927912807,4168.89140050266,11844.0765599632,337151.163534227,86775.0443286651,20515.0115466094,9041.07287961806,4043.1068592496,11702.4497924839,336702.774364259,85889.2952685273,18438.6566477134,8296.78032968825,3848.52032494846,11746.3161578183,336182.199344519,87123.3678047626,18143.4087577325,7725.25071685737,3482.13636256756,11609.8339782014,335599.401428693,87936.250529708,18411.93653621,7731.83400064068,3382.15495980744,11514.1244370658,334744.006646796,88638.4948175505,18681.105781644,7842.9818259289,3406.4286549365,11549.3648092031,333827.757541358,89269.4005941349,18939.4033309514,7964.97790165154,3457.14664171659,11655.5057575049,332842.263620204,89872.4389583321,19186.6970862838,8084.74285215334,3511.35273107437,11785.6748136648,332313.388196178,90464.5691330207,19430.3546802573,8203.39438886879,3565.82301991837,11927.1895836222,331610.551623115,91076.1138422501,19660.0274975506,8314.65397910231,3617.07656861657,12065.3627574796,330685.156292012,91652.0095349006,19900.9631153376,8429.91357111955,3669.22571272582,12199.6799855778,329485.886343064,92172.359193355,20137.720517581,8546.98018604314,3723.23746739215,12330.284320841,328136.278404588,92648.9982696548,20372.3279270364,8664.96239565225,3778.62839101922,12458.707394861,327238.978970141,93104.2227451121,20599.6493994878,8781.72757087773,3834.39991643505,12591.3484533167,326079.430249417,93577.6470240185,20809.6049472007,8888.78870319739,3885.87360769285,12716.8077903161,324572.478225569,93998.9428180306,21032.1016828567,9000.29034925879,3938.19178854576,12835.6884665912,322794.532573335,94346.4414061252,21249.2748022857,9114.21570837203,3992.97254888597,12950.741731447,320837.704338983,94645.3912052815,21460.0059254737,9227.41675157057,4048.71123330533,13062.9694512176,319415.045090735,94925.1061562238,21664.0069323043,9339.39401797442,4104.7537446261,13180.8299010061,317781.40986834,95235.3616900386,21847.3381219442,9439.60362935708,4155.47487725814,13291.1280183908,315914.81387794,95498.5018927915,22043.9691725407,9543.89855722012,4206.54045823232,13395.2474563105,313675.936867595,95692.7993850464,22233.1123189046,9649.34292329081,4259.4369433302,13493.3025674139,311212.764147818,95820.3252726988,22419.284528596,9755.97567371999,4314.11769318331,13588.0000468434,309151.450834483,95919.7939692305,22596.8120649708,9861.65687132265,4369.74982138057,13687.6543961319,307035.443201541,96040.5058181671,22753.2532677769,9955.74999036745,4420.35895383703,13782.1573131289,304487.238134367,96117.2948767837,22914.6631032144,10049.4023232161,4469.28465933949,13866.0797281634,301688.160352732,96107.256510812,23077.1313950889,10148.118695207,4521.44498873272,13945.6175083963,299047.289551888,96065.3801568744,23232.9221163906,10247.6393769091,4575.99511543382,14027.3457729042,297881.335488549,96104.6353717956,23381.7750490726,10344.6087638525,4630.41927386226,14130.0250113151,296896.942018563,96311.7859892785,23497.8545312538,10416.5072167478,4671.48356317579,14224.6509601428,295788.118217474,96524.7336556343,23647.1291990644,10494.9711220383,4710.5201662539,14309.1153802321,294405.730094778,96683.6719782498,23797.9917255469,10580.5864935336,4753.98935818112,14388.2762157763,292746.061479943,96779.4186907131,23944.6468548353,10667.8438482483,4800.2511915956,14464.4944271789,290927.240594168,96817.7650650531,24084.1302558135,10754.6894681839,4847.87741080957,14539.0535500303,288987.760983655,96815.1340533963,24213.3643667682,10838.3241792775,4895.06220948071,14611.0606673362,286927.052338779,96775.9328739691,24334.79065499,10918.7682682699,4941.1588491611,14679.3621343787
340,332164.381628077,108722.560202809,29086.7777028837,13740.0958162488,6742.62571405761,37834.9805282548,305981.106230016,101082.293417555,27262.5330433733,13038.8695657158,6433.85550621986,36158.2259211095,307271.48564497,102709.324611895,26351.4200365528,12688.2854810166,6386.61621153831,36776.5959471507,307629.779639999,104467.596826377,26673.836344617,12517.0499273283,6206.9658474288,37081.8481367943,306999.040965709,105493.528183147,27192.5092372487,12711.9604299794,6222.06929820955,37334.2530699762,306117.016754096,106407.813779127,27671.1070672214,12966.5854952896,6333.37847209592,37696.6672559209,305177.393917461,107263.907353353,28135.6028724405,13224.6408828123,6465.06619650222,38124.4013740039,304176.613712571,108062.098094364,28582.672509715,13477.0355105757,6598.34094900965,38568.1633339448,303696.792799402,108908.835547818,29033.0584852626,13732.1540384152,6734.45304884308,39050.1640679617,302865.498791228,109681.960409368,29443.8466828192,13965.4917787773,6859.86497124178,39495.5648156554,301809.498883725,110415.004557013,29865.2562097222,14202.648503703,6985.77972076223,39924.8593775689,300513.825876691,111074.114715998,30281.8853918889,14442.9829922416,7114.84186441989,40337.6026090961,299093.316308064,111674.436918266,30692.5014033732,14684.3173418939,7246.64594232606,40739.3947497856,298197.219330986,112322.555816396,31109.7976912864,14932.3688140633,7383.970062604,41176.0405187976,296825.810204462,112868.661900809,31474.9047967117,15152.2261588298,7507.80254135219,41562.5284850343,295184.354886054,113371.650405823,31856.2928634206,15378.2279235189,7632.97453775284,41931.1832200675,293258.853291333,113777.200214906,32228.8724853345,15607.0506494846,7761.59799473731,42279.1271327186,291246.599404921,114124.16676131,32594.8019676029,15837.1502915959,7893.64441845877,42619.4109359569,289807.476828005,114527.905786729,32966.0856329879,16073.3878157592,8031.17001054993,42999.8293436939,287962.984800977,114836.459588768,33280.0666544559,16277.2498149062,8152.66544668936,43329.9002048951,285946.57395599,115118.763883566,33611.2225685727,16486.6311231518,8274.60497746306,43645.9794176323,283556.7468205,115285.054999372,33925.776959344,16694.0598885855,8397.20381787209,43930.1294776701,281014.343605562,115381.046859076,34235.9170401431,16904.2029032025,8523.83001640521,44202.553471445,278909.685493748,115507.142490005,34550.0320758168,17121.3569590101,8656.98043916937,44508.3634913232,276601.071837068,115566.126521702,34813.408419739,17310.5663355818,8777.00102647612,44781.0381748341,273906.775221635,115551.360151499,35070.4555232353,17492.2833171409,8890.99396036776,45016.0741031782,271021.829842886,115455.273488059,35331.142316313,17681.6815958324,9009.8546080264,45235.5163799184,268387.639957435,115340.043680914,35591.5192276958,17877.6778251068,9135.7264707701,45468.7169659618,267319.152764785,115486.218283147,35882.6812227132,18091.4072571486,9273.74621564494,45822.9184704188,266096.291607151,115608.552794036,36069.0812838009,18235.3151400257,9372.98778094303,46112.1621411324,264839.146843341,115800.572892199,36300.3562548617,18385.2380211657,9465.49627660019,46382.1404907427,263292.367915669,115887.684470613,36527.5536511659,18539.9221523889,9559.57273606695,46613.9032901398,261494.544131847,115899.90352704,36745.3402616767,18696.5575005648,9658.13677565624,46825.2871234398,259556.900654974,115848.546647854,36954.8453952222,18853.8096181828,9760.12909467474,47027.2173719004,257490.140750079,115736.641367697,37147.8982719218,19005.8674192583,9861.89793306404,47217.5985993119,255340.099435719,115579.900440083,37328.0684954508,19152.7247556365,9962.33838874508,47398.8315883918
341,312569.424584535,86647.510354309,19872.1822420163,8615.39378435674,3823.16491947264,11558.5966405157,299326.02957132,81641.243067824,19090.443938413,8442.45761672141,3777.9475848657,11454.8841764111,298585.957424363,81588.437242448,17035.5696414402,7616.18203640784,3547.97666536297,11491.0522880026,298334.665841736,82774.8268086004,16986.6873250174,7201.45370303962,3228.65040192375,11361.5844683442,298089.411449835,83659.5489638047,17299.5951524916,7261.31198160569,3168.88491267669,11299.3292182944,297583.997067468,84448.4891933517,17603.8396179429,7396.52737338207,3210.60856666061,11360.9469684702,297012.840920667,85169.5841194884,17895.9121683316,7538.37442707422,3272.8310361722,11485.6575443711,296409.662862223,85865.2175330895,18178.8333667184,7678.00789268765,3337.67280876528,11631.707696468,296187.576643725,86548.4941344076,18454.0738602492,7814.97527207731,3402.08828682795,11787.7169243378,295781.471621504,87251.4928333559,18719.5180716388,7945.63607508625,3463.55460453437,11939.9962563976,295159.399435999,87913.7033743621,18994.4980779638,8080.53812074579,3526.27381426902,12088.36387461,294294.953481245,88523.6302947241,19265.1881388551,8217.00912274131,3590.87666103169,12233.4452524687,293300.598732107,89090.2284772585,19534.3394650996,8354.55898637572,3656.93038971544,12376.5311785793,292709.653964175,89636.691107771,19793.6224185119,8489.91762086994,3723.04111277853,12524.2229495381,291845.457956444,90200.4769886325,20039.2754475878,8616.48396625421,3785.06620898469,12664.2370510255,290657.386326508,90705.622863347,20295.6058289142,8747.82542525979,3848.35137465017,12797.7902228399,289238.087757014,91142.2650807465,20546.646953028,8881.32804660977,3914.12916730313,12928.2460556501,287667.19807408,91530.9713510607,20791.8899927274,9014.2162892901,3980.89700472565,13056.1487630536,286553.957712031,91903.2893597497,21028.212667588,9145.05365561495,4047.69605059186,13189.9268563649,285211.411958952,92296.9715423121,21246.7228420017,9264.81214777235,4109.30224158269,13315.3717777603,283646.098546531,92636.2051871785,21475.5104735092,9388.46970077656,4171.47989782564,13434.7499229236,281739.422855619,92908.8688179792,21697.1945944904,9512.97585245854,4235.42471232175,13548.2748319367,279656.89414736,93114.6711669875,21916.1748969818,9638.93114879019,4301.31626282926,13659.0210936786,277924.442170191,93299.4246575808,22124.0422484355,9762.80962160457,4367.76328475172,13775.1987727273,276096.001422147,93497.6376258,22313.3987084887,9875.48903909645,4429.09765014466,13885.2486101043,273867.622114533,93640.2250343038,22506.3511132735,9988.13267742736,4489.15573183108,13984.6788686285,271426.713661206,93699.7205321327,22699.0767349384,10105.3025150199,4552.45026501266,14080.3727719853,269184.830233789,93727.8364444774,22884.3512669593,10222.6938965419,4617.87594264453,14179.1864813759,268291.917192282,93854.2227279816,23057.8160101484,10335.0015666117,4682.00974914693,14300.1164184004,267454.003538522,94118.4315975829,23200.8895384475,10421.2747623965,4731.50591284956,14408.2684921925,266483.266235058,94365.6863643603,23371.3089650198,10513.9136063796,4779.23746091601,14505.4683519206,265255.302491107,94559.3119995369,23540.9572543195,10611.896795356,4830.7228846385,14596.8180684689,263774.101808141,94690.0704432878,23706.5567257913,10711.3772924171,4884.78493027752,14684.9699924363,262159.500536737,94766.8349906839,23865.5023455462,10810.6852702607,4940.33862573725,14771.9207134174,260425.898372793,94804.1262406294,24014.1319582048,10906.6571211779,4995.40701107393,14856.3924314247,258602.836176236,94805.4818205954,24156.1155908311,10999.953857702,5049.62647394307,14937.8775760601
342,305091.969832087,132561.872061267,43154.7010163379,21773.6976648425,10937.5150660506,19901.0177571956,270644.135661862,114894.273119318,36556.6065476368,18539.8353323303,9348.72051358632,17664.0127319489,279020.670592971,120298.65706418,36076.0706536501,18443.561629365,9444.79407734838,18208.1098962703,276221.62989841,121038.236211119,35874.7835901505,17782.8312231523,8994.43616272043,17943.6377442123,275125.982014452,122234.111428111,36609.2817128165,18019.9538757653,8959.39261613182,17843.7768435319,273909.433858755,123147.867166941,37315.3560977649,18426.2437124872,9138.84007142191,17947.6799363292,272500.920979151,123858.326062507,37941.8415989263,18831.1592099384,9372.15982474911,18211.3972063414,271016.337851388,124505.553987418,38525.8226847681,19218.9911289512,9610.37747323835,18555.0254464058,270049.328161503,125214.186975626,39119.8854578015,19610.6408909165,9852.73454841297,18947.8327350045,268822.510976158,125825.078090946,39645.4436744238,19964.5223645397,10076.2435928537,19331.1301668767,267439.972505755,126420.538356565,40184.0452576087,20319.5048159562,10297.6189159925,19712.6684551968,265764.210526968,126887.518163886,40706.2716404485,20672.9048599708,10519.6991677811,20089.5623584439,263981.523991438,127287.484855457,41220.3853386672,21028.7863448902,10746.8362241594,20473.5636651818,262674.989184962,127736.622190799,41744.4652274005,21395.0637415959,10982.8960417365,20882.4593810717,261038.750644221,128080.51549232,42193.4017560614,21719.5273311789,11198.6207759909,21269.5723315236,259164.103682367,128386.154973792,42657.2256673889,22045.9198930696,11412.3968884471,21649.9966785481,256981.716036828,128542.588807802,43102.2675713018,22371.8718151635,11628.2386461759,22026.1226239263,254658.793996903,128617.508822354,43532.5162077318,22697.988214132,11848.9870027424,22409.9861855339,252899.242466735,128761.774495056,43978.8487660186,23038.2940658329,12081.2399790438,22826.3998074386,250877.166886155,128817.26137086,44341.2558810595,23330.1027246342,12289.2175973834,23218.5475450625,248688.63020395,128850.956261128,44719.3271343967,23621.4090974497,12492.5963237122,23601.5182361472,246174.864295644,128729.180914176,45071.8096398487,23907.2654346619,12694.4165773227,23973.8104086226,243443.566485284,128507.462325126,45405.3157241703,24190.6854264287,12899.3604840699,24348.878926246,241149.392460344,128325.336937643,45755.35851452,24490.057083596,13117.3008909858,24756.5748603083,238744.861631888,128084.934172991,46033.0227380129,24749.0552127707,13316.1232198402,25149.9968650435,236013.039617835,127770.582382262,46295.2813563799,24990.0219030848,13501.4245470405,25522.1448084386,233088.378280522,127336.291568554,46553.8653161856,25235.6662447657,13689.5302170398,25891.1552767557,230248.742798497,126851.877251162,46799.2478152262,25484.2435375125,13884.6369396455,26274.0291909919,228869.792101747,126699.891688563,47116.5467179274,25775.7321215956,14107.5289565778,26733.6796263351,227569.402107956,126609.617037843,47309.1080968063,25978.5674342428,14278.7248608836,27140.8771397216,226238.056798464,126608.990272667,47543.6900528164,26172.100232284,14427.9742865614,27502.8874336976,224618.676675083,126472.410000118,47771.676341602,26366.5730352076,14572.2245846036,27827.3317438122,222787.549613637,126254.158090105,47986.9557946775,26564.5539988434,14722.4438940779,28143.4631476394,220826.414770593,125946.883254806,48186.4747053856,26760.8904605411,14876.5777156179,28464.4865856959,218778.414063585,125579.192485143,48361.8193479697,26949.1045446425,15030.2285117361,28791.2195254312,216628.058937269,125151.535193313,48514.3946894217,27125.6055449776,15179.2970571681,29118.302088692
343,305567.216705659,115362.104812266,30264.8276389112,13687.334231718,6168.16213409937,6116.92683108108,290573.056328604,125674.717273187,34785.4109885,15908.9245980994,7218.55469167637,6990.22171724392,276571.757724014,119770.919180686,35224.7243103425,16705.7653247371,7808.30380711467,7673.63193101321,283508.183285444,123987.335413136,36695.5804562841,17607.0861112463,8373.51001144555,8452.4442389065,279394.400503126,123294.302580244,37062.4791187665,17898.95093104,8585.10154031168,8815.2076412475,279913.012940392,124830.766171366,37819.8190090401,18401.1887742351,8892.13027880292,9229.75893441371,278093.023968698,125303.715429818,38381.1827508006,18762.7226064864,9120.59375463227,9564.23267315017,277203.550674107,126180.901879511,39024.8160280447,19182.7630789384,9374.98743055795,9910.74245509984,276273.462062041,126878.902213509,39632.5548890195,19580.5344978527,9620.24651207687,10249.3365908024,275321.221643545,127597.151097828,40199.1844809217,19959.4714553169,9856.6882045191,10580.3610425717,274130.551335171,128262.543892994,40771.6256232996,20333.8804732887,10088.6326847003,10906.7978879737,272699.180722755,128820.610220501,41333.8160209939,20711.3225598689,10323.9243021666,11236.8158414781,271099.947659858,129307.759211421,41885.3086547673,21089.7200263655,10563.6820036994,11576.9665077625,269914.509735717,129811.519466039,42446.443296765,21478.5596311234,10812.2474757726,11935.2787434616,268434.26663967,130222.348330868,42932.1217732427,21828.2445527912,11043.0132490179,12283.4790655935,266726.542779904,130608.755831493,43431.537596784,22177.124276558,11270.3438025613,12629.6428147005,264705.103528655,130839.229699318,43917.284317549,22528.5162670713,11501.1731618972,12980.6675453436,262541.247881394,131000.733197611,44387.0773477399,22880.6268471779,11737.5740976465,13344.9956268179,260849.933259295,131188.047857412,44868.055211653,23243.5168148985,11983.5284853872,13731.5491149546,258945.195035127,131308.35786925,45268.0123946753,23562.5747811392,12208.6283483983,14105.6486064038,256893.478289593,131413.411590279,45680.7679375336,23877.0607068789,12426.9146254412,14473.6279465439,254452.718716037,131352.076936816,46068.8722619256,24187.0042336883,12644.0467711306,14839.7514763695,251856.986210976,131213.510453966,46446.0294879402,24499.6246589227,12867.1614225265,15218.2297533769,249573.103857427,131061.8410173,46826.3239613369,24821.3271259846,13100.0296427682,15620.1059324113,247268.30454732,130883.240693421,47142.7718528301,25109.1714178472,13317.8058484134,16017.5196067394,244615.322381518,130628.697485998,47435.636033045,25372.8488184856,13518.958436963,16399.8038744346,241713.601099596,130247.154595287,47729.5440141998,25642.897609301,13723.2567646989,16784.9481753034,238917.244894156,129821.526224767,48016.0402052556,25921.4785122574,13938.0909718245,17189.7783874796,237449.267769851,129644.52480617,48350.7307720654,26230.0730928466,14174.0764613136,17637.0140543926,236207.555750102,129596.678405196,48575.018686672,26460.5838784437,14365.1341535065,18043.0822613476,234921.657831101,129622.194801805,48823.0940828559,26665.8771202729,14524.4616783181,18396.0819215999,233343.18964072,129535.519443962,49081.2343945993,26880.7504263397,14682.5006081091,18723.1228021628,231578.799128486,129362.571311935,49321.8207586671,27097.2520618897,14845.206982717,19044.9630472946,229626.705278398,129093.561407646,49548.4758115281,27313.0647394628,15012.8052670325,19378.2907363297,227600.329653506,128760.305249653,49749.1088936823,27520.8994947259,15179.9843017043,19720.5224753217,225460.160710953,128366.362489646,49929.4435585413,27718.6146067934,15344.0818182438,20070.155799307
344,124680.395339014,101815.790284913,66170.4854619633,48675.109548981,35526.8575222769,99492.9261569611,107133.308459045,89259.1833585162,56060.9851454357,41150.4380144619,30102.4115897146,85260.3477201226,100080.020848709,85199.8688191416,53228.5647103059,38998.8533840515,28501.6628241911,80991.4747069383,108310.146738318,93962.7522486877,59692.4806040213,43611.5636128177,31886.588201295,91317.4016634311,102477.436273796,87673.2104412003,56521.6498056631,41616.2452016065,30495.8201920083,88029.6163840751,99934.7959258339,86793.6313348796,55654.138361303,41181.6700244028,30354.5798655335,88457.6619840434,102096.111847907,89445.516043771,58104.1439901889,43023.5578228358,31784.4067921222,93692.5240124749,99320.3832014229,86802.9383066373,56908.9520543477,42405.7907896309,31445.4505962692,93709.3694254169,97705.0654579368,85975.5743133655,56444.2959928975,42247.7095338918,31488.40160832,94999.1722713008,98035.4273765399,86778.1870810056,57369.7436721984,43038.7000062329,32184.5037614823,98403.2172444135,96490.3217581754,85562.7801860639,56937.8009830549,42882.1362956498,32171.7983987944,99635.5056130353,94928.0035038147,84649.4737896293,56551.0586450793,42740.7050828346,32182.4725367595,100943.416678845,94210.5771057091,84461.3347743382,56793.7615550649,43048.6670563538,32515.7184752093,103291.155538702,93173.4227759052,83710.3788470254,56640.4072584048,43096.5002868086,32660.6755697132,105060.817301792,91964.0072890491,82963.2910022282,56350.8247533299,43025.6999419923,32724.8077749151,106624.201082606,90894.320721788,82400.4634710975,56254.5752939445,43067.9663138927,32857.1829809602,108439.040357258,89652.7068272984,81614.6259900674,56048.0830343411,43044.6968879312,32935.5186531235,110058.943480195,88275.39772651,80688.7885546481,55722.5232046276,42942.6032047081,32963.2607597182,111518.60111299,87228.7681413018,79967.5154487328,55512.8993022145,42927.9584277131,33062.5220153939,113268.308822094,86219.8154110876,79329.233754421,55303.622354463,42900.9831880855,33150.6228229838,115040.359381795,84964.2409573205,78468.9221759573,54956.5029049764,42749.2184130057,33130.8619258246,116457.477213109,83628.5683973469,77572.1708305401,54597.3420045888,42590.625535129,33100.5264968144,117816.833202411,82299.5608261664,76653.6353131391,54250.5315143071,42449.2746880177,33085.8537118056,119223.628345971,81100.5812165351,75741.090756436,53886.6352657257,42305.8494515218,33076.8786749961,120677.272605639,79964.8510498457,74927.1516604698,53522.3357407628,42152.154962109,33062.7317281177,122170.549983072,78658.1911371661,73999.4565219214,53091.5958638021,41923.8546215583,32978.9856839671,123438.025182415,77236.6449287916,72947.2973301179,52602.2738126176,41653.0075291892,32854.9050302485,124536.222808073,75922.547819925,71924.3603992411,52133.8174525502,41408.6959376078,32755.9942763407,125723.793445995,75188.7127106088,71225.474091242,51827.2144519518,41295.4461347252,32766.041278716,127371.147845999,74703.1499779677,70865.8125141552,51620.6348839447,41225.5258426694,32803.1859202197,129185.67924896,73995.3864525814,70338.4333028546,51324.6299941838,41034.1026453185,32710.835960013,130444.772041246,73149.9423029655,69724.6610393052,51005.7494101328,40826.2940861147,32586.3775699694,131406.938902042,72331.046947019,69155.3014063873,50762.4123461328,40694.1330013482,32523.9303285146,132461.539437177,71477.3337057515,68517.1015755054,50488.0490691128,40556.7772819061,32468.6187083837,133462.755308056,70537.6633757015,67786.008059215,50128.445957294,40360.063858057,32377.4121740224,134309.87394772,69586.8383928453,67048.7876626695,49754.6116005092,40148.7937190487,32278.3878036998,135157.809522794
345,377094.665563815,82588.3769580299,18784.5753600732,9167.17786980585,5179.14843676479,74682.3254534103,354683.366327194,74403.6042152776,17648.1033999951,8888.16298270772,5071.81696789197,73418.8518759747,354559.564119533,74389.9975482452,15470.8117143086,7953.31440327585,4771.94139746656,74106.6082214033,354809.117740388,75412.4185823869,15322.0111998298,7528.46317848618,4459.35278314613,74878.794358795,354840.239554376,76127.9109443099,15487.3960243455,7521.62851071362,4382.00092702672,75740.1062420953,354599.803153406,76754.4659159128,15651.311488376,7576.92823988164,4385.49980324086,76683.782353663,354228.523039837,77328.1640353371,15806.1533307426,7637.22374983944,4403.79380861739,77656.3136533265,353831.250019722,77874.4036880588,15954.2223978134,7695.50315599412,4423.33704657068,78627.9610183889,353893.694249302,78425.864509953,16096.5148861595,7751.81991727443,4442.75735408412,79629.5067369449,353698.703376527,78989.319115948,16233.9073677633,7803.49296635828,4459.09147221705,80591.8666880801,353215.781727724,79512.483757765,16378.0240015239,7857.96521296526,4475.54271625375,81517.1831668433,352476.412842244,79988.3841905489,16518.0306261674,7912.94285603716,4492.63396196294,82407.1231281376,351652.184262408,80426.6816994932,16653.5173677013,7966.93024052561,4509.89375583147,83274.240335919,351275.654113675,80867.1557399948,16781.058580511,8018.53505949838,4527.11174049399,84167.4248650982,350499.470615037,81307.7247134062,16900.1527155541,8063.41628154782,4540.25919381299,85003.5276567378,349372.138491002,81694.1719369908,17026.7647723727,8111.32630810052,4553.47921268896,85795.0412284269,347957.969695843,82021.3598240501,17146.0461675107,8158.76887091508,4567.00780435709,86546.2042673167,346463.225148404,82306.699822125,17259.0268233783,8204.08212981585,4580.0923290758,87271.900279005,345507.430499131,82600.9404190587,17362.9598455044,8246.36383543375,4592.74086362974,88033.9118055219,344197.97371155,82900.6798628426,17457.1714904648,8280.65294963098,4600.46693751796,88736.2644694172,342648.546744245,83153.9622735001,17559.8677847737,8318.34798941343,4608.29033048209,89400.7538116733,340726.749198813,83348.6354608418,17655.1629295797,8355.25223570363,4616.07709754557,90012.0050983492,338617.712396898,83488.6313903252,17745.4752345142,8390.99034654382,4623.77134237937,90585.3886716862,336931.774101229,83623.470689369,17827.4276651283,8424.59544844267,4631.61318473192,91184.911050659,335083.261003695,83762.5569051309,17896.3983299061,8449.79842302724,4635.03980887931,91742.6031854704,332758.088088929,83849.7534890337,17968.7283565667,8474.69052558308,4636.53008905273,92230.3744673837,330207.118204155,83870.4729345985,18039.1042892422,8501.58721459086,4639.1029866647,92677.8373528705,327991.155420532,83874.1290675758,18104.4404173769,8528.21751666279,4642.81370855634,93134.1163803899,327341.742205505,83993.062576716,18163.1637296098,8552.98053153436,4647.78293408457,93739.6339935695,326632.846769223,84209.710611331,18209.7901321813,8564.34669720736,4644.53684429958,94295.4991230167,325725.843202023,84415.8262195454,18284.5868648905,8586.18591950421,4643.20857735075,94811.4324223381,324529.609687042,84573.6754036308,18362.7127727544,8615.31764327547,4646.58047299864,95279.3716435424,323042.134306,84677.2912138059,18436.1030080024,8645.74753900429,4652.67224643391,95700.2299448779,321406.215993538,84736.6411046392,18502.8401052988,8675.10842429008,4659.9396480002,96090.3646281201,319655.286862514,84763.0441232769,18560.7231733012,8700.98016209094,4666.48882352529,96451.7652200007,317773.775265171,84758.7442899866,18611.6900164829,8723.30487150223,4671.4436165866,96781.6746525692
346,225949.825053783,132763.126093935,58007.0409737965,34182.3918604944,20032.7508559613,32580.3491915195,193211.993977155,114801.763271636,50624.3533009851,29977.641169773,17633.2611067637,28858.586748738,204248.454928292,124870.275025136,54422.9425550068,32682.053822816,19526.6131036365,32385.2527129853,194550.418271737,118451.823961702,52128.9406943296,31177.000778435,18693.212325167,31742.4560073482,198134.705316005,123134.916394982,54362.9688007027,32554.3677672748,19529.5532787813,33562.3489743464,193362.080679625,120509.700358408,53991.5076379325,32447.2071184954,19490.6837971582,33710.3767082364,193569.399390605,122194.717172936,55139.5836247182,33329.7565701693,20121.6635027275,35008.6995514283,190728.024606069,121108.909258335,55262.4982806879,33567.8009962235,20361.5696019094,35708.9699135081,190141.483131017,121771.90650249,55991.9893656046,34192.8792228714,20851.2616126016,36896.1538006944,188283.267904229,121380.800004694,56279.7672338914,34522.6488008291,21152.2006310326,37797.499744864,186919.504179583,121506.848440091,56769.657389077,34974.9691173522,21525.2480243513,38834.6673655131,185035.780800125,121200.61704237,57115.904517782,35340.6195463923,21843.0314627107,39777.5918673671,183223.485100132,120956.048523102,57483.5402140564,35731.6015943239,22182.9127180202,40769.5493910035,181811.496610574,120774.871288255,57871.8794535961,36141.0342251938,22539.546154847,41818.9974012441,180123.146545742,120496.670459757,58146.1765960933,36471.0220306874,22848.1208435177,42808.8162279157,178220.278311903,120127.398201908,58415.146777963,36785.4346279965,23139.7221456575,43774.8641084868,176194.911347226,119652.929502999,58664.1417047158,37099.8553004753,23433.0491302042,44744.3375021057,174029.241756895,119047.106334033,58853.3561622009,37386.6592924818,23716.2488685791,45710.3035688339,172390.2773513,118617.102701737,59105.2493790511,37719.4901002593,24034.652175815,46775.7568388686,170518.256318998,118085.149540959,59235.8767634403,37963.769683549,24297.2459038634,47768.2092477681,168495.004616686,117491.015918893,59360.8274609563,38189.4126049117,24539.07970395,48728.719374986,166279.905619436,116781.875153291,59456.3460869155,38404.2968415065,24773.2489117273,49670.1322844378,163922.915149607,115928.498543015,59498.5381765392,38595.4628168353,24997.9162810718,50600.5769547409,161956.345474761,115203.849901877,59583.7697032387,38823.9385744901,25254.191795464,51623.4346761501,159907.884164078,114432.566117696,59582.5789964795,38987.4292561804,25470.2187649322,52602.5835019909,157581.113621227,113539.491962191,59526.9244076446,39099.7937784811,25645.2541474343,53512.5565423496,155137.491113535,112555.265448475,59464.6708790968,39213.3396061476,25818.5551802586,54416.2071458612,152851.259273673,111528.615629333,59386.2185709833,39329.7183014906,26000.404025297,55348.9629865615,151757.357856409,111005.85891742,59476.3691323486,39561.905700485,26266.1567768184,56502.0565659041,150677.291140456,110587.240562312,59452.1467688656,39677.2965816194,26445.9066691952,57513.6227430013,149418.484068122,110127.080261582,59430.8502225094,39748.0987319795,26565.9129241595,58363.9773352601,148099.105773046,109669.41606768,59464.6378439986,39859.8195909105,26700.3520263312,59169.6108552662,146552.335005083,109035.515939076,59436.1278809615,39946.8267911303,26823.0598612294,59896.8725231777,144956.757954458,108360.871674812,59392.1236624544,40035.9015219799,26956.444415093,60637.0061509232,143298.661805693,107622.802154876,59313.400988578,40106.842110093,27084.1188284512,61381.5899643435,141585.574538391,106828.708145408,59197.6164320958,40154.1270205553,27199.0531134633,62123.0702749883
347,265696.862246086,133075.028083717,51164.7172651756,27987.1776448739,15180.33623718,21596.4950323498,237526.004627542,119178.346155362,44494.6885892123,24371.9354083123,13246.5122485902,19102.5111960887,241167.780919806,123408.495789963,44444.7388233401,24491.6996553622,13458.1150320901,19657.9567916669,237769.277822493,123369.653970965,44349.3439182807,23983.659951743,13093.8482629734,19491.0836131531,236706.973717369,124488.342936056,45238.6088760835,24394.234906852,13195.2853152865,19582.8103107662,234972.848949438,124897.342292568,45928.0643714018,24870.7779713546,13454.5813416231,19810.9504974943,233244.257947623,125255.968236699,46552.3045745967,25347.5781803371,13773.5681057853,20231.9278850889,231492.150949604,125535.788457593,47123.3811646056,25797.2464453369,14091.751686876,20749.8258695402,230195.624411166,125878.156679358,47697.8338229467,26245.9323096611,14411.968273367,21330.7872430451,228729.249440585,126172.385271197,48203.0452051554,26649.3892634778,14706.1840641015,21905.6253393006,227092.044874625,126407.263325303,48709.3386950064,27045.2634818263,14991.5161571538,22475.9723095381,225250.964817704,126529.062491954,49193.8383770777,27436.8718855016,15275.8429370794,23046.02425853,223284.138338949,126559.738106526,49655.2783591745,27822.8070016189,15561.497486005,23625.0967778728,221777.393976473,126663.018275279,50135.9120280742,28225.8806295583,15861.2786032301,24240.5341953955,220028.264302833,126695.646600697,50535.6782205649,28578.244524281,16133.9567929358,24832.38492247,218002.310207673,126633.940936143,50929.9709096031,28919.1393718367,16395.6371304121,25410.4221631031,215786.91394117,126448.908522673,51306.9524118089,29260.9782767586,16660.0834145199,25991.8035936945,213427.872220612,126157.05436116,51648.6240116346,29592.1205650911,16924.5979371127,26582.6530422085,211599.954039455,125966.680491886,52018.9130254472,29945.4991049886,17206.8152330639,27220.3846926805,209571.816240955,125719.76797079,52300.9592256865,30241.219237093,17457.0061805156,27829.1015981342,207368.404646046,125407.373601768,52583.0107776115,30525.2913166011,17694.2670234918,28420.9930214892,204902.174017453,124958.661546667,52833.9672720896,30799.8827827915,17926.8265031222,29002.4138007452,202266.346889982,124389.695601313,53053.9569922904,31065.4413027009,18159.2413075556,29589.1896394907,200014.152203247,123878.283803118,53291.1272253449,31349.6380196543,18408.5433982316,30221.1620528384,197740.854038944,123356.699138641,53463.5439614878,31591.669009956,18635.6938119855,30841.090645782,195122.513219338,122714.657205701,53593.2715934526,31795.4303302088,18834.8223396498,31423.6068725776,192353.506719838,121962.408655102,53718.4764511352,32002.8937499582,19035.161605212,32005.0107513674,189690.371497883,121156.620934012,53824.7301230918,32211.6272603916,19242.7479424694,32606.520549065,188353.990081412,120751.189730323,54039.0056577269,32489.0428633045,19497.2419829869,33315.1667878148,187145.755976646,120495.93820638,54151.3667807448,32676.2621828195,19692.4764957675,33953.1480242559,185793.695485194,120238.737033747,54281.1419868399,32833.3319446839,19846.4476657553,34502.3672133615,184288.125752164,119919.657666889,54429.6496566925,33006.3151531967,20001.1837857827,35009.0362983721,182546.542396451,119464.915389631,54541.5261800382,33170.1070896622,20154.7219020704,35487.9861006968,180724.928817743,118945.489792747,54638.8426981954,33334.4337951763,20315.203538587,35978.4687797115,178821.916865111,118355.879849565,54702.6857925671,33484.2067139088,20472.0467062587,36475.867858764,176848.399145182,117714.090521197,54739.2108519258,33618.2950473511,20621.8893781713,36977.6293241642
348,293925.982782428,116110.339434598,36340.2260714706,18057.4403378798,9013.4345710277,26136.9201091733,265740.994691893,103150.092397986,32362.0882219136,16299.6220005573,8181.23311965673,24015.9635414134,269695.392023826,106919.602181303,31380.1792203215,15873.1478551118,8164.70467029166,24763.925534056,268849.410574508,108312.730167733,31667.0614324458,15564.1402517982,7856.74103330132,24708.0851131817,267963.264609781,109365.813719473,32307.5899660819,15804.5733677681,7863.40408444942,24731.8438875354,267057.244378644,110302.540075312,32936.3474287235,16167.9655752274,8032.92402688572,24951.3768106076,265980.182244758,111080.196210144,33503.8394544811,16522.8767711833,8234.33721675041,25282.4385492813,264876.723428691,111804.721593192,34044.1082960485,16865.8299853469,8437.91633284017,25666.1732027052,264236.715959945,112579.484817924,34585.1237443296,17209.9373507262,8643.88984037367,26092.6624841168,263282.463343775,113275.266643772,35076.132145572,17523.742384895,8834.07704649459,26494.9242648131,262148.990811352,113929.297134402,35579.453513825,17842.3045944878,9024.88966549198,26892.1661560322,260779.246733971,114492.011506987,36070.4446509937,18161.4941524399,9218.29826032029,27281.6814048874,259317.980623651,114986.378035251,36553.2122367719,18481.4653980168,9415.25726958122,27671.8872499882,258327.173664559,115538.415620777,37042.1808916052,18809.4890479032,9619.45760564443,28093.108543163,256907.269255958,115982.630896425,37467.3353747402,19099.6831364666,9804.42345047205,28475.5339638987,255247.513371849,116374.190313062,37910.7645216987,19397.527116928,9991.25376973696,28850.6091871399,253344.959067289,116653.934171073,38338.8616718842,19696.9263098244,10181.9896150908,29218.3759308277,251349.181779458,116858.368632596,38752.275698116,19994.4534297663,10375.8010933769,29587.2767008447,249912.051814402,117148.961193334,39178.7945045925,20303.5360718992,10578.9128037044,29996.8724471808,248080.618321768,117322.704642019,39528.5882553627,20565.7766855351,10757.3985009429,30360.6717862632,246122.448999038,117479.015142831,39902.5718029137,20837.1140757526,10937.5621314671,30721.5226875966,243795.194281694,117487.553005393,40246.2600981315,21100.490404929,11115.8051137912,31059.9775207676,241371.166140417,117425.579080395,40585.2467402084,21367.908358274,11300.0560428536,31403.1208061709,239362.636187744,117408.705660832,40928.360149929,21644.1805744081,11493.2222771473,31780.8428445645,237151.462112383,117318.301141873,41206.9856072409,21881.1512566459,11666.3242005223,32128.7769286854,234596.307050377,117146.548388158,41478.305036396,22108.47415968,11831.0853587348,32451.2211402834,231849.982478319,116869.787919689,41745.9142735798,22341.9423284618,12000.6657773076,32767.4233315546,229410.628143915,116577.221465238,42012.787309215,22583.8459708081,12179.9833766749,33107.2065774951,228417.006551011,116630.543430125,42328.750539044,22854.4507004164,12378.7447747646,33547.7357329681,227193.221680746,116629.010649074,42513.6631510315,23027.5293438642,12518.3474898285,33897.1933328307,225993.972889305,116729.039740059,42765.8676805924,23216.9466916332,12653.072455195,34229.2544898331,224465.266480262,116672.970414601,42992.9620052343,23400.6419411761,12782.9310298025,34515.2898917654,222763.193274995,116563.931182206,43217.5589778337,23591.0976659417,12920.7163531396,34798.3789860963,220928.668544778,116370.652402188,43424.2087440077,23778.3282837273,13060.8834734968,35079.6588186346,218997.936272789,116122.856418489,43610.8052244366,23958.2410677935,13200.3202730975,35361.2480522886,216980.589793382,115823.122452124,43779.513023918,24129.6923123825,13336.7172370252,35639.9508824015
349,341061.598366181,74372.9715063906,16055.9053847257,6877.73101479496,3062.70458000539,11661.0019949574,326142.807781483,68984.3139567132,15135.2266215638,6665.33285976762,3004.96791231244,11546.2953317542,324379.327827325,69194.8978518717,13167.2467253422,5775.57985855396,2718.32929830232,11534.6890006097,323615.157435058,69948.0434012087,13137.6842431232,5440.29510267864,2441.40766988724,11420.4899389821,322959.210269904,70518.3020950567,13317.7060004776,5463.26224090541,2388.79233637462,11398.0071236277,322082.332703792,71033.4027059651,13492.1843547759,5533.17668899803,2405.43289934782,11472.8966423144,321158.098822576,71502.3052206881,13660.1987136693,5607.15004930277,2434.48114498315,11590.1695214966,320225.808821547,71954.7446637612,13823.0503229761,5679.85277696076,2464.92573899626,11720.1322191251,319752.643147143,72406.8573219977,13980.9312621681,5750.93598930966,2495.05556939228,11857.8012552389,319098.03031207,72891.0629614783,14136.5125052182,5819.27141617416,2523.70763601888,11992.110061027,318233.442401788,73341.1176728842,14299.6869582058,5891.33406609307,2553.53559145243,12122.643132346,317126.103809425,73752.7185480848,14460.1756736896,5964.44389187921,2584.56592453972,12249.4745877157,315934.328542858,74128.2982947218,14618.8272410035,6037.83806942518,2616.246955553,12373.7989431385,315209.588237921,74498.9529203723,14769.0455522652,6108.8616093881,2647.48447455988,12502.251995423,314181.950340952,74899.5793253967,14914.9548387384,6175.56088175498,2676.4402411315,12624.0415155775,312839.272676982,75248.9708749746,15070.1060700298,6246.79520842129,2706.7750307625,12740.0029831256,311241.752397288,75547.2326968787,15220.4191932745,6318.96768018089,2738.53919263909,12851.8841435992,309595.134761542,75808.1251859584,15366.7454994221,6390.47909416185,2770.65472067352,12961.4256921396,308431.671138435,76068.296476435,15503.5203928085,6458.80894890912,2801.87811744458,13075.3399538478,307021.767209561,76359.6271871731,15635.4157653671,6522.13869050632,2830.36258512694,13182.1517328782,305392.839669988,76607.1120694903,15775.5639986685,6589.5809791595,2860.00554820768,13283.7876895407,303415.477226423,76808.3227167957,15911.7086203417,6657.83459696063,2890.91420634729,13379.495980498,301331.608479015,76957.4883819764,16045.6444619505,6726.8075440717,2922.8321971909,13472.1032852655,299618.049227296,77097.6810167681,16169.2681150944,6792.81036176306,2954.24795342076,13568.0628123395,297798.982165953,77260.8699150831,16284.8610784206,6852.92138829103,2982.73165724389,13658.6654130495,295567.919393696,77384.3473753655,16406.768768277,6915.20795269,3011.37332136706,13740.0461131669,293153.560735289,77444.9544729648,16527.6546004613,6980.48709650603,3042.19124014637,13817.6258226537,291038.013108192,77482.7734507493,16643.0895648875,7045.13340892852,3073.83134361238,13896.9864808242,290315.613898003,77597.1296497808,16743.0341639334,7103.15863704564,3103.1496247186,13994.7977894587,289591.529920308,77840.9578978296,16833.3936142216,7148.03100296685,3124.64293684205,14083.6582940021,288710.104318152,78067.795670443,16947.7792003553,7201.69272586378,3147.63451647126,14165.7734866851,287571.486208158,78256.5758898392,17062.967525522,7260.20366358796,3174.20068080535,14243.6509260447,286188.75572704,78398.4442694568,17175.7616331857,7319.91120808944,3202.5935561398,14317.6851691758,284676.627708482,78501.1048998719,17283.2304843266,7379.03667653022,3231.66325312897,14389.1553809032,283051.17935834,78574.9251569795,17384.3030169066,7435.92056424324,3260.22826835273,14457.0668377522,281312.704798414,78622.61149791,17480.7133848784,7491.00117389725,3288.13814090402,14520.980002739
350,285123.844704935,101836.822919832,29911.0797686282,14283.1315677414,6752.28385122835,7392.55899517927,263224.601097198,93613.0868393337,27467.0556389697,13278.9430317832,6311.32276553408,6938.46823334165,266053.021302443,96805.5683768143,26771.1811941497,12917.1507441162,6270.09181140389,7143.49940617935,265506.551483526,98014.3962735974,27191.7724991175,12805.4160792811,6082.36570535485,7031.99330416761,264927.7150497,99049.9147224282,27769.6357596679,13057.4683405106,6135.05729537935,6975.70729714953,264197.320950864,99963.2684279604,28326.3062452007,13377.5880821906,6291.60356226346,7059.57299644995,263347.031756981,100773.986413883,28846.7924713636,13692.737849785,6468.02441331832,7227.97313407043,262476.964150482,101538.601056348,29348.9225599189,14000.3609962239,6645.74228070458,7433.37301031271,262024.040185856,102336.519820675,29848.4312112153,14307.847230424,6824.71048903316,7656.82024853831,261276.930310771,103078.96666471,30310.91694121,14592.9144935671,6992.41022902473,7874.91799542925,260351.765250548,103781.5293182,30785.0609310412,14883.3311967717,7161.6134513534,8094.97069110169,259181.644397977,104404.539888177,31249.9532696537,15175.2256248348,7333.80241775789,8319.09009922359,257947.406911867,104969.106589433,31710.424992996,15469.3924923614,7509.84808748107,8551.11542280561,257140.230971121,105574.29834662,32170.5753432054,15767.6485835243,7690.47014527485,8794.56093540617,255914.516315644,106095.271132316,32581.6231691665,16036.4415725547,7856.43463939393,9026.20026077057,254453.4718212,106565.28746397,33009.907856189,16313.5663797209,8025.17939003513,9259.96516169332,252757.119735399,106941.576577188,33426.6076462063,16593.2729230221,8198.2903724317,9499.54576725411,250976.179187003,107248.707447786,33832.3962039094,16872.2747464699,8374.46833891698,9747.79083827264,249720.797530883,107622.187290862,34244.0048612821,17158.5232855465,8556.97920488894,10011.1744074939,248060.043209053,107897.17817035,34592.655408113,17406.3223957945,8719.73635976351,10257.5745610235,246280.732104553,108154.614527792,34965.4130760974,17664.5566871031,8885.5135961297,10506.379375071,244137.803327977,108282.14906421,35312.3580623944,17916.8602710895,9050.77697705547,10754.5257698339,241910.625714598,108348.557459863,35657.6506822806,18173.9194696275,9221.83973486119,11013.9608143097,240073.0920553,108445.259441875,36002.1764591519,18436.4273905099,9399.20431535306,11289.202228092,238028.33034747,108479.592229286,36292.414071437,18666.0191859157,9560.11144747749,11552.8183014509,235622.457474259,108435.937468733,36578.2099011451,18889.0372768018,9715.12693148113,11809.6415597965,233064.858452325,108307.210489528,36865.5985221586,19120.998752161,9876.6975861753,12073.8604154678,230794.702191088,108150.610059554,37146.5136681508,19356.8674259747,10044.8899859255,12352.7649330134,229942.510179991,108291.236398229,37461.9934324585,19612.3140685291,10226.069031455,12661.0269706829,228830.222001616,108375.289505596,37658.0584697029,19780.4456479395,10355.3247530057,12912.403479891,227731.971291554,108550.247825411,37916.8722271198,19965.2176787969,10481.7260792154,13146.9041175148,226303.003479788,108580.37508824,38153.0245436466,20145.7708731744,10605.1485027621,13363.286074906,224709.672643355,108568.291767019,38389.4696366978,20333.3767232563,10736.1162991764,13586.8340866255,222980.542961535,108475.230106848,38609.5695879034,20517.9492262225,10868.906129442,13817.2618121639,221170.48496943,108341.003481699,38814.4892584069,20697.6645929602,11001.8488408969,14055.0221089754,219256.447399274,108152.205992964,39002.1820556926,20869.126968214,11131.6526462848,14295.1115829066
351,261146.752022717,129427.057846739,49957.1429329472,27543.3676187074,15149.9631981936,29728.0327837727,234285.682774586,121491.921000152,46970.7097686717,26000.4151529038,14351.2609218464,28098.6760267333,235940.41602724,123572.393130269,47888.4245698269,26945.0536351922,15097.9987797512,29607.9166981916,233214.635777516,123282.727778056,47792.9499313958,26794.3613757824,15098.6053989176,30088.8456430095,232173.904972642,124298.260150829,48648.2781048164,27270.3375361953,15347.8270008446,30786.6813603461,230258.694134587,124441.87189963,49219.3486291906,27716.0820295928,15628.733502546,31320.3808028422,228624.470216603,124828.571361066,49872.6314588862,28223.7859800221,15986.5102843262,32027.3449962732,226732.560897307,124944.651238866,50402.5126062301,28674.2457256326,16320.9835214636,32725.9751088372,225431.955379199,125245.50157832,50992.3250445568,29154.0856772697,16677.2299463641,33518.14859326,223925.259702967,125445.878967772,51483.2220609964,29573.9737467921,16998.2447478265,34271.8822173507,222252.490983621,125611.60496659,51982.1656114606,29986.1182888358,17309.947032834,35016.6781203565,220385.476389611,125654.585328671,52456.1937327855,30393.0632172961,17619.1235342442,35750.6749742824,218344.674678918,125595.601412751,52899.0972405164,30789.6499067874,17927.5259241754,36485.6677414095,216810.379380782,125613.623221253,53370.7104336686,31210.715000658,18255.3720948831,37278.3300164107,215055.754539725,125582.017457812,53753.8176377995,31575.1750604163,18552.5398780203,38037.9043932955,212995.827272358,125434.556709238,54121.4363625951,31918.2322989961,18831.1389182147,38764.2641927942,210761.878752832,125178.342165218,54477.3821867914,32265.898366043,19114.0100959865,39491.7419638458,208368.288771856,124798.601628504,54788.5870759852,32598.0805027383,19394.552810129,40219.5615680984,206518.247596071,124525.036133235,55134.1972579489,32957.1474132062,19697.0403650161,41017.8253449408,204478.423216877,124211.884143131,55387.3084350488,33254.0877633176,19964.0141640201,41777.128346812,202251.761141595,123811.460455402,55631.4534564671,33530.7088133642,20211.3274288109,42502.6913331644,199801.738406711,123305.377590708,55851.7373370119,33802.0264193926,20455.6350236747,43214.4993659087,197127.58426393,122644.389173106,56024.218920782,34053.4748581997,20693.0214779192,43911.7609395987,194884.313751483,122064.264835472,56228.706788158,34334.267346019,20954.9916822129,44681.0949475433,192605.480231326,121472.709387034,56358.8829987513,34565.9680527046,21190.4745348987,45430.6987641633,189991.469946146,120758.93004309,56440.753501202,34752.1767222423,21391.6832660636,46121.7107040631,187230.636498918,119939.135186835,56518.0284186451,34941.2233900037,21592.6592258606,46804.3491196356,184536.127768186,119053.557606109,56570.0636216068,35128.4120937638,21799.1293547904,47502.9291904301,183185.818262291,118569.55989836,56748.9284872625,35399.5950399487,22064.6112601607,48370.818490288,182007.46128344,118285.88898143,56833.4590685262,35582.8488477777,22271.1321422973,49170.6873011861,180611.70494107,117944.072658357,56910.6824086746,35713.0615498883,22417.996247497,49830.6319883892,179132.696954337,117603.831831523,57037.0109777885,35878.3957688993,22575.4334599007,50455.2271068852,177384.882362509,117085.765749863,57108.2739245383,36023.5402026943,22724.3842394388,51017.778733503,175578.344140467,116527.556507076,57171.2602691827,36174.35666233,22884.7650828027,51595.9590134529,173677.20081634,115885.943409652,57194.5799065792,36306.1836239692,23038.9113098497,52172.4566714118,171718.929158065,115197.342730408,57190.1650911626,36421.8813785605,23185.9843974107,52752.5683863552
352,176929.414276258,132954.216185246,69059.8709774619,44428.8753204784,28351.0418822481,50372.9223174328,150516.802836965,116252.566735248,59036.2899779898,37987.0068636388,24312.9442257408,43547.9943538671,149924.015296123,117701.683928806,59504.8063763996,38610.8389440303,24882.6165839184,44981.8370924221,150532.581901703,119188.18440985,60813.9240193344,39320.9846461084,25460.603888,46960.5241133748,146146.815950478,116276.731538624,59668.576315146,38691.8451933519,25061.6755064769,46855.8944407327,146965.145483681,118385.469435379,61312.9683985744,39856.0330993739,25874.6180630494,48869.5481723883,144069.419286164,116450.71577687,60973.2258593849,39850.6234185384,25962.0319904244,49471.4573640304,143127.611628378,116721.026806849,61550.350033272,40435.1959298726,26479.8806029998,50996.4484425665,141772.244935728,116133.689274233,61798.223231568,40788.194959954,26835.7541995674,52303.3428080161,140499.450447885,115788.447698713,62003.8785440167,41114.8602681483,27180.0658041089,53645.523601612,139176.976660363,115423.372959044,62259.9032546206,41442.9984852811,27511.1766226078,54993.6257813808,137628.974654431,114836.390135364,62411.3388465222,41715.6552006112,27802.9158683139,56262.7775723962,136055.833725991,114239.697040193,62561.5583860745,41993.1809297933,28103.6365069315,57565.2356791069,134758.122052643,113685.988251533,62723.7437781796,42285.9370420821,28419.4607971667,58928.3070519977,133445.177540712,113197.3548826,62842.1431645591,42540.8170481705,28712.1913094337,60281.2512946096,131816.736075476,112483.066425294,62868.6364475841,42715.1255674716,28940.899241396,61514.7253410335,130167.989828362,111739.657647661,62911.0831873929,42910.8140407198,29183.0460579594,62775.447802446,128383.32697193,110858.040696259,62880.7322066017,43068.5381793092,29406.6458715639,64013.2486843903,126933.558253744,110071.305349063,62879.978192286,43252.3367480417,29654.5142860693,65340.978031872,125523.211034323,109409.693212795,62861.6386220527,43412.2656157179,29887.2316914092,66680.3824406925,123830.659979573,108500.424759684,62734.2569500343,43474.8807027393,30040.7271444572,67857.2703009118,122091.066014891,107599.865078854,62629.4633745809,43560.9776486752,30207.5715005872,69055.9442950831,120196.920142181,106518.432500112,62448.5696764518,43604.0024791548,30349.1946551883,70203.0485312855,118531.839225981,105500.108983201,62278.9214652494,43665.6180953607,30511.9087905026,71428.9473309827,117008.793967246,104621.52131475,62118.0904590965,43724.3741860534,30675.4169541305,72703.9509449856,115154.231153212,103524.424498114,61832.5089206697,43674.0308091145,30752.6105843133,73797.4264138967,113215.00320752,102332.636825054,61535.944100969,43619.0905434055,30820.7552528066,74862.1687798381,111379.949649617,101148.338393159,61244.346146514,43582.4555541249,30908.2962415879,75981.7315063965,110303.947566761,100297.728368476,61071.8264101004,43633.6219072069,31065.0799950925,77312.1470903676,109582.249686433,99888.3142809849,60976.5268855148,43701.70982262,31227.0501826131,78701.8897640085,108559.957775557,99255.641527749,60775.57567566,43637.0034608289,31259.6417673982,79729.9699085363,107504.466968367,98663.1292971267,60645.0995851454,43624.6468293213,31311.5066468952,80698.3449921893,106353.296942591,97978.9189400378,60508.0516332362,43624.5910558106,31375.0039408528,81610.4541988681,105088.339465188,97161.5451921049,60294.5778252804,43587.7531969674,31423.4365500625,82451.5693905868,103810.321824645,96336.2394735043,60067.5375741814,43545.8546600597,31476.9512414984,83320.5659076753,102501.40744726,95461.7915181108,59808.3920528408,43480.9617011322,31516.8210658002,84184.1335201504
353,131817.771329171,117091.239025655,73082.5961447518,52389.3798678882,37290.1334243587,95412.4345676703,124318.590106837,113912.93027137,67681.947632466,48504.2160607496,34653.2206658277,89749.923241487,108636.305236285,100010.532659851,59373.2653165768,42323.8553361477,30147.4242669451,78391.2697953901,118557.27779411,112425.400661391,67477.8238964013,47925.6110303778,34136.2286079772,89283.8011527109,113749.26959665,106419.153945304,65142.6640964261,46583.3838495205,33202.939079487,87317.4558380616,110061.444585726,104250.55152004,63542.5026820848,45717.9613675951,32787.7697897688,86871.5512977228,112197.906090841,107274.877063743,66224.7823203709,47706.0743527568,34310.9959072544,91850.94537254,109279.234244223,104376.547009025,65029.9056532793,47145.7036040964,34045.0001148554,92075.1263000653,107731.145413258,103591.487267804,64729.0807371676,47135.9166033733,34214.6436798003,93649.4362126092,107793.919995421,104185.88882929,65594.3515015165,47907.0653673229,34899.998947723,96774.8454486886,106004.427010867,102727.050908007,65073.1180846345,47722.2389210242,34892.1066334275,97987.13070065,104611.912049257,101972.966066875,64912.9137877618,47768.1307569951,35055.1949556589,99698.096195762,103642.02761624,101528.207963529,65094.2198583105,48060.5353466192,35386.2151957671,101905.245636167,102310.410595855,100485.758340921,64828.3122175879,48058.1503915114,35513.2435310943,103545.853689943,101203.202450686,99841.7922418472,64702.6503485018,48135.4400108755,35703.9160174936,105434.251255193,100006.540925871,99111.6685582825,64598.0229164433,48201.3628474584,35868.4704995811,107274.451176406,98528.5783264135,98069.9883027713,64303.886374495,48144.0306301365,35939.6528874257,108819.888716263,97074.9838884001,97068.7398624623,64032.5626995952,48110.4399444384,36035.7301832498,110453.037025517,95889.2377823286,96159.5791266854,63811.3207125273,48119.272493532,36168.5219182232,112243.797526854,94740.4276991723,95361.6638839743,63566.5252053396,48100.6108268576,36282.6402309629,114039.628911994,93388.8351903004,94370.5015602748,63220.4194301007,47977.3449913008,36303.7768922479,115570.269195033,91953.6722844333,93329.3269563721,62859.9530180868,47848.221400199,36313.6006309042,117044.621862383,90451.7905308664,92201.3619150209,62469.0357897965,47705.323270813,36316.2288505091,118487.584323359,89080.3141400743,91068.3670713989,62054.7018268416,47556.3898403123,36322.3333218927,119968.507188876,87859.2686549716,90121.1377529467,61685.1606168761,47432.5196956713,36351.3280227253,121586.566835309,86452.5407799037,89038.4252423053,61231.5515574182,47219.0747086709,36300.1089714022,122973.74264652,84862.7876776572,87758.4720334787,60679.69382148,46930.9587976833,36183.1420882212,124122.254550917,83364.4731364814,86516.3501046931,60157.9364765167,46678.8405310486,36098.0417021353,125371.680440241,82465.5921298695,85595.0307586958,59788.4457415139,46549.0761378739,36114.3418852292,127014.444409002,81942.6987427048,85174.6816877534,59577.3884161614,46506.5858001626,36192.7484317466,128944.246331971,81183.6719207835,84565.9130103437,59266.9114392824,46323.1030429207,36124.3121019641,130316.892600633,80263.4112996162,83839.2800893191,58921.3836258095,46112.5546244772,36011.2411580723,131358.717536282,79362.3648125921,83157.7323919901,58660.1871024806,45984.9062069033,35964.0350836689,132479.964743225,78416.3443278784,82381.903108572,58353.0259299051,45844.5969909882,35919.651800477,133528.854221146,77387.3574511767,81515.3283006483,57959.2352906316,45645.3813303875,35842.0888518247,134451.8475534,76351.1593125708,80643.9763296262,57556.0753928978,45434.7343222161,35759.0859511399,135390.291877733
354,341436.42170322,93799.2619796353,21106.4310393207,9562.23961320729,4744.3249810558,42296.4963433159,316516.209842537,85500.4705550833,19882.7345557923,9203.38245554333,4597.6942044901,41162.1615401106,313482.264333671,84653.1778353102,17282.3178663625,8125.20272649731,4265.807010424,41157.9551643774,312162.403207081,85370.3940074747,17130.1211345004,7643.45821940893,3898.66720692308,41244.7767841618,311133.758307846,85896.431927135,17322.7253484505,7648.90485056963,3815.10724070955,41474.8874471576,309896.178127732,86348.737760216,17511.1404961166,7723.16705008115,3826.48221454865,41824.2735532639,308613.619261498,86742.5472047971,17689.2778062477,7803.28498247204,3855.57293129139,42225.1117690304,307247.840327897,87104.7214850859,17859.0183471025,7880.8896005881,3886.31337693598,42632.1541278705,306409.943618685,87477.6393884812,18025.3505540379,7958.08402164419,3917.73956210607,43065.1490205487,305422.891697081,87894.3469093063,18186.4984373463,8030.48805516053,3946.63584375866,43485.8949077963,304206.770604885,88262.6313616275,18356.5877863421,8106.85416267871,3976.33049072723,43886.0460582752,302780.996859611,88576.7329222815,18522.0061525895,8184.24999594543,4007.39859149227,44266.4541231293,301189.495212842,88840.0994866102,18681.2909618745,8260.38582232589,4038.66725407105,44627.0765358559,300105.959029455,89109.0396318054,18835.5773997137,8336.00930030348,4070.74053688369,45008.8378582859,298767.254149445,89412.1766940427,18981.6195419706,8404.97552401292,4099.39189993942,45369.2261182134,297097.974906353,89646.2078691999,19136.1167552317,8477.77540979224,4128.62336241788,45700.6902367208,295209.387081051,89812.7217193924,19283.7502609418,8551.32566721491,4159.32519622596,46010.859307135,293130.924361715,89923.5196604768,19422.8636634655,8622.39474241414,4189.72206499052,46298.0264478144,291634.866208444,90044.4098422393,19557.0594238502,8692.97947003858,4220.8826096796,46612.5660838051,289921.168365341,90210.53940761,19680.3895710062,8755.03171019403,4247.62022005708,46905.6158616991,287983.698707702,90315.7106523176,19814.0875148845,8821.32376628703,4274.84802268068,47173.9538033235,285744.200736251,90359.6114647772,19939.9537016135,8887.69716152613,4303.16336726101,47414.7685674726,283303.30419859,90331.649350907,20060.0370825221,8953.21612409734,4331.88103355715,47629.7662687696,281280.459462133,90305.296507568,20172.4523848705,9017.71251258132,4361.44159516549,47863.791437981,279189.069392046,90311.8963222472,20274.0261515681,9074.23611128348,4387.08086789966,48084.131049879,276713.16832059,90262.4115547416,20379.8538840875,9131.38128121755,4411.56613777102,48266.8580807238,274028.88215945,90132.6358114808,20482.6424186519,9191.12246760074,4438.0379143726,48424.5521057083,271512.760068221,89969.352608032,20577.4113358784,9249.78620549148,4465.52299022179,48577.9777964309,270482.143697617,89948.5967004871,20670.5366540649,9308.51569254083,4494.62430106794,48828.5644030024,269552.675576959,90104.3652579891,20750.6419044085,9350.63979972047,4513.94748162202,49074.2251915286,268470.078982343,90236.6901639123,20860.1162935521,9402.17631656233,4533.79942997423,49294.8265849992,267133.293614275,90318.6054275531,20968.9065045529,9459.55180749601,4557.98964786426,49490.0083182161,265560.916339448,90337.1412105696,21073.3280766817,9518.05804425182,4584.61913218678,49660.7552441602,263842.386809441,90305.1393383046,21169.5392797062,9575.2617337012,4612.19050538188,49813.6831044235,262037.111578142,90238.494374304,21257.9206081078,9629.72071369178,4639.3325047708,49952.5563425126,260117.331710646,90141.4300698993,21339.1228915667,9681.06830489295,4665.27933085954,50074.7930045652
355,344150.999493492,116663.568279063,27614.6661684144,12234.1556672743,5535.10389417623,17812.1001949862,320811.736001306,107298.524382077,25818.6841710796,11611.0076664743,5288.96588808642,17204.3084286217,319648.256651933,106981.491876962,23538.1915739525,10776.3981470771,5086.37688173204,17304.2691816795,319081.045462577,108625.723789004,23418.0090334582,10234.8979596579,4702.00332925174,17198.7497401052,318360.443067858,109699.241445798,23853.4639758258,10315.5516169977,4620.16600996665,17130.8393938568,317358.127631249,110588.061680715,24265.950007766,10508.4257685511,4682.38735452528,17218.1238427589,316271.91421058,111387.838099349,24655.9957626468,10709.4917697356,4775.47129407703,17395.2430461022,315085.101899789,112134.663095516,25029.2620703256,10905.6600764758,4871.98418198374,17602.9756855201,314384.744209394,112894.07207955,25399.8815440663,11101.5508841371,4969.60010037525,17830.474366815,313511.874418629,113651.678817816,25747.6600667806,11284.9110223217,5061.59025029057,18051.5830482584,312384.739436581,114353.704993376,26104.3645243,11471.2147362614,5153.81174455974,18265.3245296586,311021.816043745,114981.343803058,26456.1428544826,11659.9281882962,5248.56871784329,18473.7473874724,309451.111890148,115540.237457166,26800.649235956,11848.1982527313,5344.72331194835,18677.0518336966,308374.353957694,116108.326151892,27143.7091904694,12038.6004260424,5443.29508353205,18891.7013370941,307024.76208119,116664.437807786,27457.8363192905,12213.1656343977,5534.83137262981,19093.7842296814,305316.887339782,117141.016446176,27782.300246129,12391.1698729799,5626.5458290835,19284.6244193961,303357.450037409,117525.474954999,28099.9838742178,12572.2676658689,5721.5967202564,19469.9550697813,301191.348430599,117833.791114301,28406.4457262937,12751.3960912634,5817.74381070761,19650.0210220476,299601.290011191,118164.968432468,28712.6699471893,12933.0608308639,5916.53306635526,19844.5320274005,297769.271440724,118490.826279026,28984.5859762183,13095.3238564524,6006.36823036404,20024.9310069593,295728.836402584,118753.58957822,29269.5915035903,13261.4198658689,6096.06630117268,20196.2119809226,293311.963016006,118916.089060294,29539.7692680124,13426.2943116973,6186.95552127517,20356.5092543032,290656.066535105,118985.803136636,29805.7518846917,13592.5567056207,6280.2715689707,20511.1756269232,288421.637525841,119054.681143657,30066.3268153134,13760.8841635402,6376.83271390235,20677.8365529634,286123.031797734,119127.455584212,30295.9517922058,13911.8178855287,6465.70995991671,20836.2019057231,283419.986798348,119119.305327584,30524.2665929612,14058.7120809377,6550.7502762631,20977.3261545136,280481.687873724,119007.676052658,30750.568757973,14210.4335785946,6639.31989839848,21111.48508052,277659.237354797,118849.715462599,30968.2007364977,14362.9787095068,6731.03756656453,21248.1922307261,276385.799184463,118897.687905857,31195.9297876776,14521.6169460339,6827.42105879136,21429.0241970621,275246.038754489,119091.136022483,31370.2891538096,14639.9576174582,6901.69271853614,21591.9879182615,273991.841927337,119279.892140339,31576.4728457183,14761.8913311321,6970.32820270728,21736.9650354633,272453.022559105,119387.634517888,31779.3856375701,14889.0876974601,7042.18239394589,21868.9004139907,270675.899325919,119414.022955379,31975.9580471367,15018.0279972179,7117.43441025455,21995.3574250579,268727.80072347,119369.46044936,32161.6026123451,15145.5598155054,7194.26816034768,22118.3948712635,266668.675143839,119270.745695829,32335.032511316,15269.4512603302,7270.89763037861,22238.4266372039,264503.958038611,119124.586973555,32497.0238695197,15388.781900854,7346.15778414289,22353.9016792396
356,334665.097595261,112340.294624099,26020.3191158046,11655.0567247964,5491.67180554239,32012.9064960291,312433.821408122,104711.286725834,24630.0303634955,11199.5712938728,5308.59074808152,31116.8410258196,310903.835578837,104403.853561149,22605.3145446403,10416.2927458759,5105.16827717471,31294.6766095913,310276.957337665,105756.685342284,22606.7687126821,10007.9183000782,4785.81768359161,31375.9278167249,309620.884667853,106717.699329436,23000.825480472,10102.6748140616,4734.32591278112,31519.6127948393,308676.390134979,107534.591547934,23370.3201387875,10275.4438321256,4792.79713731812,31787.2462146664,307645.9348815,108268.772428389,23723.2520008205,10453.6452794595,4873.4428613134,32120.0667669996,306550.522780524,108960.559866175,24062.7456147446,10628.067119829,4956.51129039326,32470.7919697862,305895.52537793,109662.046724404,24397.4293717116,10801.2820069952,5040.13011305091,32843.08538935,305097.579567154,110377.579790879,24717.01420034,10965.0742467632,5119.24785101255,33203.9530830712,304042.537102705,111036.168353735,25043.9674809564,11131.8288414302,5198.69856853141,33548.4192385371,302772.518594856,111624.577297769,25367.1233896363,11301.0513370648,5280.57626611707,33879.5927410408,301323.585957895,112151.327285261,25683.4244681425,11469.8373988656,5363.709584703,34197.6979961078,300361.05068336,112686.110840943,25995.8640017842,11639.5010671016,5448.72133868414,34534.1473674402,299100.058430942,113223.845594137,26285.6391981473,11795.5201943412,5527.35716710575,34848.7537290019,297497.648607361,113674.502318352,26586.7552644854,11956.259120892,5606.7581820379,35140.9811536696,295648.82408078,114038.599975028,26878.9912334841,12118.995941184,5689.05054572031,35418.3220901323,293641.232532623,114334.761128553,27162.7232937426,12280.3176047552,5772.35256971801,35682.726115133,292185.861765701,114650.905809728,27441.7221300984,12442.1039365883,5857.38735218368,35969.8220140002,290504.173194735,114980.961661486,27694.3173159214,12587.3846458648,5934.40695539923,36235.6776893469,288565.590121626,115236.209003787,27958.2746018515,12736.4224869268,6011.26989046204,36480.9038181689,286286.928631446,115397.627873935,28211.5842020129,12886.0659201297,6090.10528935668,36704.0242284854,283818.850928532,115473.558139471,28457.6109951124,13035.9166587452,6170.87014582359,36912.623982476,281720.152984626,115547.954363607,28696.6263287112,13185.8097254802,6253.62131656071,37136.0638066156,279593.260096327,115637.480579488,28911.5755241714,13321.6196492291,6329.95942905272,37349.140575092,277018.302310954,115643.10480213,29124.332206595,13453.3475296538,6402.49120858334,37527.5102886209,274243.322661527,115546.5127284,29336.878836301,13590.8625198176,6478.93420723387,37690.4419382953,271614.748153213,115410.391154059,29539.7742326653,13728.3791331182,6558.09497518209,37853.1212055037,270474.290303671,115468.839926277,29746.3911546699,13868.8177601183,6640.57323048219,38094.9837322315,269439.173728977,115685.795614593,29910.4041208523,13973.9513807986,6703.16466463315,38320.281047567,268277.88939968,115881.955280201,30105.8736939452,14084.6824114441,6761.74998074175,38521.5337345635,266856.233269067,116004.724686467,30298.5493387584,14201.1865435093,6824.28240735326,38700.5199488689,265169.756768227,116046.089797854,30483.7643738246,14318.7059552533,6889.85378821245,38861.9829245491,263334.860837701,116018.311046438,30660.6986628108,14435.9558758439,6957.48204394938,39012.6015458454,261389.687138922,115941.178490456,30824.4020016209,14549.1176091124,7024.78174870066,39153.6875989364,259342.335044317,115817.788174597,30978.4653850547,14658.1108682404,7090.69678599223,39283.4874000242
357,175524.178654214,126703.60948495,68624.1907532248,45445.8940472605,29928.0879800141,64776.8551092668,149096.417464272,111137.960286072,60125.4089244443,39915.6752929164,26385.1538993718,57653.7136303665,150074.359748375,113181.568166746,61455.9888199371,41334.5480595736,27579.3117605896,60723.4775687431,150715.635378992,114301.554262618,62591.6545157076,42128.9466352541,28340.4372307211,63753.1675226241,145903.400962472,111007.742133,61039.0703993011,41235.9932861192,27817.9144765252,63684.2643299213,146750.726636363,113087.301481903,62588.6309293738,42362.644596998,28655.5960415708,66496.6898525006,144166.895683806,111428.135385206,62369.7050047456,42401.2828241296,28763.9373623263,67478.775547529,142627.567847738,111089.670891679,62545.6697879483,42741.3156205786,29131.5940000017,69054.5295827739,141748.180178322,110981.730114424,63001.0008294746,43226.1350316382,29588.9945300604,70935.2504999318,140122.097681332,110255.137512157,62984.8622875788,43407.5637097478,29840.9165296473,72361.0388590399,138802.896996187,109920.468932471,63189.3334164096,43708.6801463057,30167.7351342909,73995.3057108292,137264.959451642,109336.316934616,63312.4249320737,43959.6462001281,30452.8644019193,75528.2221674627,135558.965489582,108603.945236706,63333.6346798341,44154.1595540852,30706.2031336564,76987.7797446992,134308.734519376,108095.121454711,63467.828798599,44429.2960503531,31021.0430959107,78637.388146098,132924.021156427,107534.820847443,63504.9328623216,44627.6703115279,31283.0839640701,80201.0487758797,131236.739412808,106773.992272047,63448.3309503583,44742.7027513186,31477.1841918099,81606.5503056161,129543.545115049,106010.291711228,63423.1257295484,44888.3328670545,31690.8217467104,83057.452036628,127729.310714218,105099.416822405,63320.645565351,44991.8572137299,31881.6642178586,84463.2689549233,126267.363585686,104308.494814359,63255.4669747368,45128.6018482326,32103.4741089294,85993.7895014642,124811.596320882,103610.617713102,63164.3323906861,45231.9689735255,32301.9395832842,87520.9214308578,123084.898673469,102689.081629321,62968.2764046121,45238.7272241215,32418.3858678823,88844.3449291034,121298.201486599,101759.640276318,62783.6206969883,45260.5239437377,32541.9801847713,90173.8477118203,119389.770251815,100689.249586411,62540.8116735214,45249.6404687964,32646.2791473106,91451.8151788999,117719.712819011,99674.329888282,62307.2472725544,45256.9558347592,32771.8191627878,92819.8790995588,116151.431817599,98784.1647554629,62075.8802593975,45255.555389943,32894.0495198065,94236.6987106281,114273.367210635,97684.3586981887,61725.2188629775,45145.5699421116,32926.6352664716,95425.8566332292,112299.646735973,96496.0505243223,61354.082924108,45024.1895252085,32945.1227839518,96563.1208869677,110465.342775419,95327.7609820179,61001.3913843823,44928.9960253698,32988.2021915383,97777.2414799467,109442.061215896,94526.1507460392,60797.5375654539,44947.8169834779,33122.117251751,99309.0341581669,108709.734067623,94105.6820295976,60651.6737025561,44969.262008327,33250.8126394628,100892.821415855,107663.38881232,93465.2273174144,60399.7368656726,44853.9905011437,33242.3032103927,102026.581505831,106573.118381662,92851.2462050671,60210.2424004157,44787.6449238783,33250.6739146538,103077.810706591,105427.765993693,92192.5240080385,60041.5132070984,44753.7714167011,33285.8605354154,104100.111418815,104142.842902177,91378.8057736841,59782.50486708,44672.1965016747,33297.4021777599,104998.815951655,102840.628954504,90550.8672418012,59501.4510242391,44580.4516033252,33311.3675223981,105913.349868936,101525.730251508,89702.531983008,59205.0954267644,44476.2072926207,33319.3267400919,106843.354274252
358,362795.785480008,74044.0354396477,15678.0391999278,6685.48104145699,2961.55484368077,10510.7269011356,344800.250694027,67351.512226455,14761.1015194405,6505.38631845635,2921.84468103109,10380.6848857109,342648.008070758,67571.7188193469,12576.7934981585,5530.97835526164,2610.22352320062,10340.9950001777,341676.47021533,68263.3544370614,12525.143083237,5170.68263091834,2316.44856809528,10194.6745498883,340847.400035818,68763.5928462138,12674.1577358745,5179.34482952312,2257.25063284223,10147.822607426,339778.059025476,69207.509414907,12816.423997098,5233.3806125623,2266.94290014561,10200.2790873807,338641.755260049,69602.4939694344,12951.745543179,5290.83268001006,2288.40425884838,10294.4673421869,337490.200362498,69976.5557446052,13081.0303835874,5346.52737737128,2310.9136040011,10400.7648143613,336830.700096095,70352.0539313524,13205.2598741209,5400.40087885595,2332.94407489681,10514.0562026893,335972.843305688,70758.9977301763,13327.837010399,5451.84938621628,2353.60287151073,10624.3592134308,334887.025718553,71128.7099856149,13457.1270733726,5506.59783874765,2375.25757368983,10731.1167768002,333545.620218423,71458.3710648875,13582.6205846423,5561.75313677822,2397.77453299641,10834.3657319149,332079.428251765,71747.5216461434,13704.6430714503,5616.25761194734,2420.4388652469,10934.5842005812,331126.495385649,72031.9383839346,13818.8895297213,5668.44549103371,2442.56284200026,11038.4066644488,329861.214196438,72347.7888171538,13929.2152004364,5716.67375794011,2462.5885907741,11136.4615080764,328243.120443939,72609.9650255243,14047.5524374714,5768.73057628535,2483.6711841294,11228.9259489319,326370.855489576,72817.6349724379,14159.8566723911,5820.98078428005,2505.74651872323,11317.5970898585,324407.355886339,72985.915968851,14266.6787150209,5871.59007013364,2527.62425238424,11403.2369882416,322999.409237555,73154.6862050393,14364.9113069942,5919.29214238255,2548.59799770406,11493.038941687,321319.414860176,73358.8310277142,14459.1537398183,5962.50946439902,2567.08898697316,11576.5525083878,319405.86033021,73516.2144579813,14561.3933547369,6009.65555292557,2586.64221887497,11655.373958213,317140.527375049,73626.4186997288,14658.3364233805,6056.91969774847,2607.09833668583,11728.9661990504,314734.812670764,73683.4003515173,14751.5301358641,6103.79526264528,2627.92092640267,11799.0087103815,312749.105421893,73731.7366368474,14835.2025962431,6147.79221052626,2648.09863299919,11872.0181291551,310648.450123851,73807.9459810133,14912.3080644194,6186.66441746942,2665.68614900287,11940.3746872173,308137.83823602,73843.7924958186,14995.6397858883,6227.75766218024,2683.48355836315,12000.9565493047,305415.004387999,73817.7460966981,15076.1064035678,6270.65072331367,2702.82482873439,12057.6232351495,302993.336213987,73764.7074528713,15150.7951537994,6312.37397098967,2722.51445001287,12115.2253526166,302090.418119785,73797.8301817938,15213.3016965972,6348.88800586487,2740.40399552417,12189.5742485603,301210.677945,73973.7418431866,15272.7864788325,6376.15827400861,2752.46880832322,12257.8805434571,300177.337587445,74135.0500045444,15356.8085870595,6412.99708988208,2766.73362102504,12321.3144076794,298872.709132134,74258.8065373356,15441.4309219736,6454.34847034623,2784.38367268722,12381.290892672,297309.651785258,74336.1489839366,15522.7975080905,6496.31686904992,2803.46907350042,12437.9364889353,295612.148007361,74372.6763775915,15598.5459353587,6537.19519762367,2822.82736396563,12491.920431138,293792.617389717,74382.4460542872,15667.5721896253,6575.59354589525,2841.47154136083,12542.5592850688,291869.742428427,74366.0305839018,15732.4473115654,6612.23399604431,2859.38177321105,12589.6487875695
359,198680.599827271,132381.405839473,69879.0354076805,45078.3787621368,28855.136429344,61902.9345819853,180009.082974668,121472.32250776,62235.9226041344,40247.638432933,25870.676178691,56470.1806225691,171614.128589643,116389.552168648,58344.9459251517,38057.5718916492,24651.4280252315,54118.6444482698,177072.327961551,123253.050005992,61781.8558800254,39827.2542877893,25874.9059895106,57994.8013860162,169206.662860953,117541.552752026,59690.3310542839,38488.3515755562,24867.6047254202,56161.0242207671,171709.225241572,121412.856664605,62070.3128150644,40146.0713111211,25987.5799614891,58852.4334850933,167646.75373326,118747.227284384,61529.695944802,40009.0733586319,25974.872592095,58995.2421878545,166959.638571875,119487.145230821,62294.4131990276,40735.8505717166,26594.2934495328,60721.9395637793,165307.009021903,118850.15740201,62563.0411067024,41096.9514618486,26954.5273753289,62029.0037111018,163871.359473036,118592.337385816,62814.7824634794,41460.5707473552,27323.6277314634,63430.873026642,162407.26627303,118329.166777021,63136.6975891206,41830.8199049572,27681.9579002254,64862.388466482,160611.111712894,117782.732171658,63320.8228469546,42126.0552788552,27987.0901097365,66167.6419202555,158848.924556395,117285.515211572,63534.3463947436,42445.9297001444,28314.5773715752,67538.7704739995,157373.670933217,116786.34499853,63744.523714085,42771.2294350171,28650.4751917621,68961.3812700032,155875.575294106,116356.663016563,63905.169466113,43057.3260995268,28963.6138603657,70376.6000399047,154024.745449643,115705.561175149,63977.188326838,43263.194879112,29213.0650139433,71655.9119337582,152132.942821549,115023.995294491,64066.0995258032,43490.8854311931,29475.713302662,72961.0298693349,150090.300702126,114193.161618065,64082.0065403999,43681.7284526323,29720.7111635962,74234.8412012868,148442.144673833,113466.893537295,64133.8500448352,43903.9421477244,29994.4166827003,75619.2494644347,146808.365696565,112828.753547929,64146.4621443667,44089.150241155,30244.7745241006,77002.4534050799,144872.662688969,111971.870483065,64060.2663470748,44183.4324288952,30421.0363267793,78217.6889412378,142884.203244285,111117.189749406,63997.5008919863,44300.371883676,30609.1623792007,79452.606553054,140692.150014919,110070.93719197,63852.5699464644,44370.8686063269,30769.801125801,80617.2960412165,138791.57775476,109093.516461278,63730.8048048857,44468.8681602363,30957.7779666469,81881.7074225072,137017.687984285,108233.235217132,63599.4830262307,44553.6796786173,31140.699186524,83190.2438722094,134881.033587554,107155.715876665,63342.7508660255,44528.4707815559,31237.3389690175,84299.5501347448,132657.941737058,106008.208839846,63087.0514096758,44505.7213517329,31329.5367337512,85387.8612578698,130522.725884134,104835.704745298,62825.4526565264,44493.5774892248,31434.89591159,86515.9726820697,129298.785061898,104006.395722609,62695.9991078415,44580.5674066205,31618.2432102809,87906.5106121761,128473.849169552,103610.181006554,62621.7186303625,44672.4669539208,31800.4581107114,89370.4159395782,127277.813616684,102977.988336071,62427.0658673394,44615.8038661553,31842.1155607415,90424.0018817701,126074.273927802,102417.87616897,62325.2528977992,44625.2910246599,31910.4528115135,91438.2438143056,124739.601742101,101747.362464039,62209.1280064935,44642.1470006671,31986.3128036925,92376.3034511998,123262.23415268,100933.023666541,62013.8092850808,44621.2942591593,32046.8382233232,93227.9689691117,121797.919725072,100126.831464038,61814.9155720225,44604.0704141787,32119.4140233239,94125.8018988014,120280.509920752,99261.0299432248,61575.5922291761,44557.82770436,32174.6436819276,95006.1779753896
360,372970.569469291,67446.1605523473,13606.1575515379,5805.23084611515,2616.39731331618,12162.3087891158,359214.839009203,62962.8129621955,12879.1282218069,5679.05457038514,2598.23248171499,12098.42477192,358929.272784643,64153.0745679861,11552.3061232997,5009.50805993185,2367.86988846253,12155.2980563846,358940.543880302,64915.3453291753,11681.368571751,4845.00497680812,2196.04654503038,12148.8524585837,358827.579874527,65495.3854528741,11838.4732284282,4887.19881931007,2178.06572795448,12217.8367763503,358423.084514758,66030.0481487941,11977.6283782824,4942.20436909452,2194.77159835202,12346.6905281644,357927.852792813,66525.6277718324,12109.7126782417,4995.98292836381,2215.49827673592,12497.2808914983,357449.454967069,67000.9510309699,12237.3018339677,5047.80072193891,2235.9504234213,12652.9340687279,357410.01314279,67478.6283713629,12358.4440447198,5097.08375866449,2255.41840115086,12812.9436607548,357117.677158171,67976.6576679012,12479.5593605705,5144.63063250399,2273.66529101901,12967.6831250323,356586.209001189,68441.5075292369,12606.6047092029,5195.28043037621,2292.90133656508,13118.2905578215,355784.210484009,68869.5198729128,12730.1479150227,5246.14933306268,2312.80406399348,13264.6189621249,354927.844945401,69261.7956235508,12850.4945389567,5296.2746634607,2332.73454946414,13408.3011088487,354515.165188714,69652.8815290566,12961.6354359469,5343.13192858926,2351.62166082962,13554.9292117329,353731.799271999,70059.5640902788,13071.2613365908,5387.15400478952,2368.74838203049,13693.662938945,352581.821815592,70418.4519475364,13187.3230975646,5434.58830671024,2386.90952478617,13826.174886764,351192.146509663,70729.0912016814,13297.664412442,5481.84912213052,2405.74063194712,13954.5997067391,349728.677943506,71003.4208216662,13402.8035641692,5527.25038681119,2424.13018599279,14079.5309079681,348793.647317802,71278.5295448228,13498.3044621589,5569.07393150297,2441.23687633477,14208.5860863147,347522.491464519,71573.2097008652,13590.993216712,5607.13792304709,2456.08892914211,14328.7167445317,346005.479028464,71826.1853405853,13690.2961685058,5648.66370223293,2471.91525459945,14443.5454256731,344110.715098335,72033.5376226247,13785.001775279,5690.17807276508,2488.39833207856,14551.7236286343,342106.342681793,72191.9202222488,13875.9817458244,5731.10738261413,2505.05990072771,14656.1421116915,340524.765961036,72344.1480306597,13956.3545260937,5768.36529391456,2520.6225238719,14763.6977312428,338743.884898937,72511.0528268284,14030.9977614382,5800.90004598939,2533.64560652244,14863.6436963655,336512.294774735,72635.1759326427,14111.2409237221,5835.69685056603,2546.97847219676,14954.0403783414,334091.861609881,72703.6114822557,14188.5268354057,5871.84984499389,2561.55705912929,15040.3385957304,332090.310871294,72750.0057093064,14260.1127164675,5906.50095893942,2576.17429639688,15128.9070025226,331581.484141434,72881.16126504,14317.3099925156,5934.72099054738,2588.38289849355,15235.5920852461,330963.927253323,73112.7835866391,14373.3628967359,5955.66015420009,2595.69000674901,15330.8258933865,330159.835680184,73329.4767801209,14451.5969830831,5986.14836365011,2605.7317794956,15420.3947777793,329050.587022328,73507.9674603686,14530.9148015843,6021.03540424368,2619.01379163386,15504.8979965588,327694.40153667,73642.7703889752,14607.3180343933,6056.55729017479,2633.66598523819,15585.2327479174,326176.966166955,73740.7351474789,14677.5737171642,6090.51918033953,2648.30874846036,15661.7340721889,324549.285973793,73811.2711677109,14741.9656391686,6122.14471206844,2662.17735913613,15734.2076981362,322807.150299217,73857.1306935068,14801.4816518763,6151.66055642393,2675.13384914499,15802.0985049715
361,281100.180213015,93951.6854494809,26444.5534800369,12819.0473075413,6471.36398198152,40578.4638648548,257548.182323448,86516.7441871002,24583.3553430685,12066.2261081132,6119.07308970148,38320.4133238832,260653.744855876,89395.0434459113,24130.6965536626,11837.1452679904,6116.16597351856,39382.1409694526,260630.074648694,90650.6333951076,24573.8163635835,11798.7729421829,5991.54036197642,39697.6028384511,260163.840585058,91563.9388097612,25057.4915796606,12016.8599261499,6043.31833749557,40038.1893300783,259580.266246017,92429.0318216946,25523.5538148108,12274.3398238696,6165.93503198852,40484.8125754298,258914.547393872,93222.5874615673,25972.2226424371,12531.0829078015,6301.72574002771,40977.0068200713,258240.107301654,93974.520392276,26405.9836122876,12782.4924303718,6438.26180846604,41481.7646807407,257975.060192852,94769.6974953139,26840.9767848192,13035.5778263743,6576.97144854447,42025.2873627534,257370.728818543,95496.2012158473,27241.7495869975,13268.4160569969,6705.14002264667,42521.7991870778,256627.255320202,96195.9561730397,27656.3849907387,13508.0753112892,6835.69016702066,43008.4238589185,255638.489227037,96824.6252924527,28061.7971630776,13748.4045741576,6968.35596521636,43471.822383848,254580.469358917,97405.0300864432,28466.0563241209,13991.7323008705,7104.63146666789,43927.3505545586,253970.516158236,98033.4272184398,28874.394768623,14241.204667828,7246.53779404257,44424.8900506096,252899.849886094,98562.6729942748,29233.1525415761,14461.9793018179,7373.98868108279,44857.2908936651,251624.858386428,99059.4689433714,29611.7101873201,14691.9193049521,7504.54226148005,45276.368735333,250111.187483683,99472.1289391303,29980.410788084,14924.2504399337,7638.64934505938,45673.8919783816,248532.186562887,99827.7387333355,30342.8630969587,15157.4204182447,7775.91816500242,46062.0932863695,247462.677453531,100250.553064605,30711.3620957,15397.7404572966,7919.48295966081,46502.9013743493,245979.552708907,100565.47594282,31022.2827838344,15603.4658411883,8045.05789639918,46873.2914076087,244378.862104325,100872.285038513,31354.5912972195,15818.4481347518,8173.31065775718,47238.0556481304,242423.346200857,101063.376283259,31667.5503863133,16029.5732114048,8301.32340321547,47561.5434304098,240368.664942802,101198.224400978,31979.5273972892,16245.2959411118,8434.47330115909,47877.4341226399,238734.174270509,101375.507548894,32296.6154575104,16468.9858986878,8575.02571283883,48238.931672631,236845.199042287,101469.782588762,32558.0609090667,16660.334164713,8699.4697095482,48548.640977891,234630.54181052,101507.271628015,32819.971440873,16848.0038095884,8819.626839595,48821.3202080499,232260.620537367,101470.486244557,33085.0797885295,17043.9942030276,8945.42525261903,49079.5700318877,230167.987780685,101413.30637551,33348.0917158656,17245.5276799511,9078.0425796565,49356.6532039032,229466.903042235,101628.994217926,33643.459649676,17466.0197594173,9223.92355911998,49784.5300300614,228431.19609011,101744.168809539,33820.5616777432,17605.4289277922,9322.95365730581,50096.2039032364,227457.293104513,101967.925205684,34059.6049737182,17763.1021952059,9422.04266200914,50413.319768319,226143.004704206,102052.577081422,34278.7152315013,17917.3972335454,9518.84753199925,50669.1518545273,224667.233358979,102100.503323391,34499.0470416729,18078.7782262524,9622.90903703409,50914.7260633314,223064.303566075,102080.482107778,34707.8364555175,18239.1989512689,9729.68733129056,51146.8777741487,221369.80395396,102016.434774252,34901.9726949871,18394.8849298047,9836.49409986307,51369.6336754955,219572.595970116,101905.606195617,35082.3340635815,18544.219512495,9941.10699596769,51577.9727895304
362,251895.840528602,128773.86324769,48992.0506847015,26642.0004648426,14384.076389408,23822.1337176968,210318.350511822,107854.676153504,41021.3337949389,22442.3087540894,12170.103751151,20523.2398441769,226918.925001701,119274.502678279,43877.3550107788,24331.5287112947,13408.5179842016,22685.9495807266,215459.689096386,113675.656809384,42025.0041939397,22935.1058513843,12630.8756868602,21989.3171845132,220462.023887528,118612.869455592,43988.621590539,23976.2308658146,13109.8246468089,22819.7007064843,215566.04226688,116703.709166845,43988.2113032738,24038.0224822917,13141.0817368178,22800.9018864539,216438.725206813,118675.652957105,45077.0611930082,24790.735780352,13613.6734689968,23514.0616892187,213700.863425517,118097.408224621,45389.6513770336,25083.4775381154,13844.5909260031,23944.7693504367,213592.204554976,119142.619917913,46166.8550326634,25654.3518720479,14234.5896727253,24671.0355605498,211831.341577046,119088.231142674,46564.6535589669,25992.7796326595,14493.1837300285,25228.1574289976,210904.675213689,119677.598234375,47172.5677154278,26450.9913339863,14815.3434438506,25887.8318512467,209142.067278348,119703.204678868,47621.1380022513,26820.1503348869,15088.1827973915,26472.4261761186,207681.357708386,119946.456865853,48140.9107818904,27241.2676309287,15395.0151383172,27113.2828512494,206350.512502817,120062.616770599,48621.718566876,27643.5098654356,15695.4971504654,27762.5625664999,204908.456154329,120180.536487645,49042.9751628803,28010.4703944258,15977.9950638793,28399.0966818853,203197.300750535,120199.135158561,49455.1218783026,28361.899545984,16247.3575913648,29017.3189704644,201296.832681425,120103.900074684,49850.5368785265,28714.3136134319,16518.9964322358,29635.8466279269,199272.401078385,119909.755280653,50216.4902204585,29058.993108251,16792.1855531718,30263.8034731647,197709.368938977,119810.690804658,50609.8603103451,29425.9601216133,17083.4871192522,30943.0731789795,195916.405175662,119602.653001394,50898.770130166,29726.707895829,17337.9697910101,31583.820836341,194030.971579404,119399.89325181,51206.1722561108,30026.0511711672,17585.7601515488,32216.4419476415,191837.493702954,119016.024060196,51468.9622514895,30306.5321208494,17822.5907760221,32825.9004501412,189535.910132068,118560.614786191,51715.7291903132,30587.4346885182,18064.8200296198,33446.4791799033,187542.993796732,118134.016227858,51973.2986510679,30882.5942288593,18321.4277155732,34111.3639335314,185503.823495107,117670.373050634,52156.2903417956,31131.2576886563,18553.5347725963,34759.3763360766,183181.177997799,117121.601733918,52306.2236787443,31346.6426571449,18760.7266244012,35371.8280809859,180697.948312689,116460.592371487,52450.2549215629,31563.8227541972,18967.5146623199,35978.7055897454,178329.677641571,115757.375477656,52581.4050624903,31786.2928962637,19183.8378893129,36609.3208649903,177144.5028989,115420.784739357,52813.157149003,32073.5644257856,19445.3330115653,37356.8302312551,176025.465018202,115155.034991386,52917.9409093001,32257.6411488319,19639.978961339,38021.9686119903,174854.01940177,114969.536416998,53062.6825783126,32424.3544667532,19801.4610034336,38609.0742806524,173476.357691331,114672.848890782,53211.5632229305,32596.1299231485,19955.9801273659,39138.7966498399,171933.798397008,114287.064854972,53338.9528290183,32768.9125781168,20115.3207294545,39644.7900185088,170279.853057464,113818.471130257,53444.9348245786,32937.2331462398,20278.6365450791,40155.630558473,168560.889517248,113289.411871072,53521.1195126404,33093.6948833307,20439.8840294155,40673.5327817275,166771.347879188,112707.25499315,53569.7503528223,33234.0785430637,20594.0636754457,41195.0034369198
363,261495.750281311,62500.8937132366,12952.2410748187,5780.28978001671,2882.66357691988,27766.5435143381,240116.798575874,56471.2193562815,12151.1008945845,5604.845543477,2830.1504830233,27407.2425274033,238522.759778161,56552.9889851663,10597.7614122073,4852.70800465465,2573.1520784902,27642.8361412008,238080.996239203,57050.244607903,10607.837477384,4638.01794380783,2379.39792269223,27882.9260529708,237742.722837819,57451.3491427486,10720.3817320813,4653.50686947447,2347.2240165205,28208.9863185969,237254.925274332,57830.6429469339,10830.074380012,4693.94290279549,2356.07592891401,28599.3979994867,236771.90426912,58181.5191092229,10936.1345747224,4736.35280481445,2371.49609355227,29015.6935051944,236334.305725353,58526.2864601972,11039.4676177496,4777.74333463517,2387.38083626392,29439.2140308481,236251.271014634,58885.0310274095,11138.3667007795,4817.53134052919,2402.75846361702,29871.668991163,236044.290714999,59280.7469314209,11241.6259306452,4857.24524127774,2417.52175085389,30298.7128970586,235724.440219033,59651.6796162799,11351.3412009535,4900.51999451897,2433.46936707124,30720.0108434293,235271.575432301,60001.2252284085,11459.3402405152,4944.52716910832,2450.25819072246,31135.4330964409,234792.617740408,60326.4273495573,11565.8749742444,4988.43646709589,2467.31168019535,31546.7860817696,234643.515053613,60652.2747342099,11663.6678636558,5029.45294240873,2483.55516203184,31963.0170532938,234292.454648992,61013.8654819389,11764.646412854,5069.32973292969,2498.65804023459,32369.6437627382,233737.878847962,61334.8240125723,11872.7990182896,5113.09853806643,2514.94204293268,32766.4324100608,233058.763529929,61624.0180793459,11976.31102637,5156.91336447899,2531.92937710752,33156.7899273282,232343.655363791,61885.8150346455,12076.9058458952,5199.64825738315,2548.6871800499,33541.3194936052,231981.159221712,62145.0652628213,12166.6731848249,5238.53464043911,2564.11018105898,33930.4919570985,231439.010562815,62441.7696370019,12258.9831298386,5275.55859458082,2577.90054877373,34307.6523556914,230753.58382782,62703.1418488072,12358.0072747398,5316.34398963299,2592.75140857765,34675.1078519303,229849.61787958,62935.5537505755,12454.753385115,5357.79239817832,2608.42544535355,35031.6937606664,228880.179907227,63126.9444775634,12548.9220098765,5399.10094961051,2624.39620888527,35380.6500295295,228171.334599515,63306.5328426931,12631.3899257523,5436.3486486427,2639.12072602143,35731.1191685174,227365.790678894,63513.3738008131,12712.0032390635,5470.34529635861,2651.80261502486,36070.1359776905,226292.742701969,63692.8032890738,12800.6332185504,5507.58265617558,2665.09259956935,36393.2697032079,225091.343504094,63825.694692501,12886.961392041,5546.35649909048,2679.60511264936,36706.913086278,224142.664363738,63929.5124255045,12966.5547029837,5583.20635062707,2693.93406333202,37019.7035994407,224074.409476234,64076.7338643104,13023.5876676316,5610.58811529052,2704.73418658442,37351.4746590853,223965.435672043,64335.7570791324,13087.3222733659,5633.55386519199,2711.59838671891,37664.6267464025,223732.355148813,64581.7496165236,13170.8609122829,5665.76900521309,2721.21967211346,37963.8139442972,223311.965451894,64802.509437756,13257.3670265823,5702.77799139929,2734.22478766097,38250.9540860722,222736.048269843,64988.1315371358,13342.3596347881,5741.20634056824,2749.07435507136,38527.9385871806,222073.040154274,65143.8426567371,13422.3128952303,5778.63245308232,2764.34205164717,38796.6648715662,221334.08151971,65278.923801632,13497.4375393256,5814.10948152975,2779.07329033606,39056.4396770157,220524.984234364,65394.4035975919,13568.9999471891,5847.99556137018,2793.08333486567,39306.7476388311
364,333306.950069535,71515.3074451502,15214.4192240587,6753.80571255711,3295.27974347361,27902.4936289062,316627.786700952,65500.1314936466,14061.5995250446,6398.58135798644,3160.53920615355,27158.3186099005,316717.304254282,65770.0614179848,12660.4772466971,5771.39821698255,2955.54218573102,27458.862656317,317030.715421402,66744.7753451849,12575.982067886,5467.76395923901,2735.48918222349,27702.6823315682,317060.868135565,67426.4898487673,12741.7587324607,5475.77759469803,2682.14006892883,27981.0211605274,316760.480216406,68018.5494641221,12904.9957288474,5534.14658794716,2692.1107656085,28320.8397896124,316417.439990011,68573.9887417751,13063.7144061974,5598.39693957224,2715.13249412941,28695.9428803577,316108.483533626,69112.8977817232,13218.5131184485,5662.0406836173,2739.86053406671,29081.1399454137,316262.189336416,69678.1663147366,13372.453715308,5725.61343747537,2765.04209125774,29484.9742713554,316132.432042749,70225.7071127406,13518.4707885725,5784.43734255155,2787.62344566965,29867.5353637812,315789.356472737,70745.5827880013,13670.2707397236,5845.92365407641,2810.87094881701,30239.6269773178,315211.899364814,71227.7786594239,13820.2553645805,5908.47417786711,2835.01798836584,30600.7224656624,314614.574170136,71688.4431139499,13970.2706074635,5972.0240621962,2860.09002291503,30958.9793717242,314527.581153708,72180.0125297843,14119.2252099742,6035.95581324416,2885.96739020637,31336.3464125208,313974.980437674,72631.5844162764,14253.8009977342,6091.99726755912,2907.83546302631,31680.3765512612,313123.485352417,73045.7505513813,14396.3589861478,6151.46494748533,2930.52792997509,32011.0056713765,312070.381188316,73418.610145441,14536.5235336656,6212.38996789798,2954.48129155626,32332.5252142454,310999.134611234,73770.755099196,14675.2926892411,6273.55257081807,2979.05691575042,32650.4257940046,310505.8366213,74161.409710967,14813.8597425238,6335.263548517,3004.39629539636,32990.7824854406,309572.57204118,74507.4433910018,14934.3288776388,6387.23252399524,3024.82838251872,33294.6338053388,308430.017635546,74827.006697087,15063.935069882,6442.81650110821,3046.03085280543,33587.4185638944,306953.496578897,75093.0798274941,15189.1897210371,6498.9076001882,3067.95230262533,33861.8556310767,305424.50622272,75335.6198728976,15315.8719549177,6556.8761767693,3091.26749121921,34132.2988156507,304355.510195768,75602.9233824616,15441.7383578927,6615.61682807083,3115.62339140501,34419.8082911004,303014.151628277,75832.6989385195,15549.0195026732,6664.87589462625,3135.50333393796,34679.0196096148,301240.321018831,76014.4526404747,15658.1178875575,6713.91913864718,3154.33795549012,34911.8982430823,299320.010621507,76161.7617502759,15771.8299385258,6767.42432387717,3175.51876260778,35137.3624977568,297842.307464589,76333.3060001842,15890.6375005382,6824.97769584091,3199.47953289215,35378.7638596553,297874.818699582,76637.8323003076,16011.1298122537,6883.31868916876,3224.71758571399,35681.21205062,297494.927117525,76904.3100157145,16090.3011899758,6918.16148860574,3238.1567320896,35926.6662652192,296950.73888371,77181.0438302123,16193.6413706229,6960.2546207221,3252.48355406052,36158.8697599122,296110.345973145,77408.9724804566,16299.314362727,7007.83862882769,3270.17637612216,36372.2798141281,295058.018863516,77601.1578203406,16404.8009397954,7057.91448068628,3290.450199577,36574.2402465801,293898.873574194,77764.8534159934,16507.6113815292,7108.53061026409,3312.04180317538,36768.7837886048,292631.468083901,77899.3797932721,16604.0695138531,7157.04032818335,3333.28580422172,36952.9585755887,291253.734785194,78009.3215332183,16696.1730390867,7203.6998917745,3353.82415243194,37126.458208512
365,290685.984887468,136481.085444784,47023.4452618711,24316.9064573396,12583.3701372504,32877.1013949959,266601.695893294,123214.315194933,41351.6791610654,21455.7818461072,11113.9735247811,29883.8517274507,266436.736502632,125072.798275638,39613.7219571061,20842.8820923159,11058.5936862657,30409.518730557,263876.627039069,125901.883881468,39330.447351681,20091.989674563,10531.929856417,30094.3470800736,262961.105383862,127309.641299583,40310.8279574259,20418.657614593,10522.8991636976,30166.7644037785,261079.983681734,127738.59735344,40931.6855459982,20825.9076647007,10707.1253528001,30281.6332830954,259556.9021367,128387.496723071,41613.6157075725,21280.2710523326,10980.9447849132,30689.2274182719,257728.801982306,128756.112761026,42167.9343263651,21680.9139935976,11239.5512842721,31129.1870659113,256527.125847688,129289.014759049,42769.3401279966,22099.5377847952,11510.7648910751,31667.2975752117,255106.978733145,129740.316256981,43289.3006192401,22473.3598477992,11757.8769007214,32177.1698930678,253506.75059907,130145.715785424,43823.9016041905,22846.4450590597,12001.1919565626,32681.2640556272,251682.022424339,130433.040772479,44337.261123101,23217.52974862,12245.2718297925,33172.8812772888,249648.113472784,130622.055549783,44830.6541167497,23583.9303947334,12490.9600073226,33660.230042389,248148.574898907,130869.034343554,45344.0570049866,23967.9020909293,12750.1222030885,34193.7240897879,246400.654005206,131078.700017938,45784.6944123468,24309.3596237806,12988.4079115876,34697.8124132674,244334.359252647,131170.691581497,46225.0890960471,24642.6915345471,13218.2188751743,35175.3402623476,242062.90000102,131151.016775283,46653.4121115493,24981.0736461964,13453.5807833138,35648.5856690598,239577.371080284,131010.248136301,47048.4123763789,25309.640222276,13688.9936186703,36115.0568888192,237696.144167453,130961.886954252,47472.1828209241,25659.899782318,13940.708601839,36640.5244103399,235602.438692601,130876.220136445,47812.7860435142,25959.6378998601,14166.2777209745,37130.2151534579,233312.8908521,130710.156083292,48159.658094411,26252.2236545635,14382.5584319628,37597.3650828977,230734.97605461,130416.50804103,48479.873122367,26539.8281836278,14597.7667668481,38045.0470696511,227909.270245085,129984.687427252,48771.4896050351,26819.3407354516,14813.0674643689,38481.9976346587,225544.906717674,129609.192589228,49084.1726837171,27119.4979858412,15045.3385561335,38973.4095074257,223145.294988549,129228.576402103,49329.8115410877,27379.4445495213,15258.0119925806,39447.9809875069,220363.284097585,128724.507195303,49544.757307235,27610.1746424699,15449.4002626336,39875.8249866398,217400.817919302,128101.210555803,49756.9010296787,27847.1847909877,15644.4098872298,40294.6398821877,214490.137068884,127404.57089469,49944.968043028,28082.4176219716,15844.6994354952,40722.7386710298,213131.368105139,127118.123343308,50234.4404057023,28379.5682465156,16085.6192740411,41302.5282922083,211845.991465654,126965.941249211,50398.2495458274,28578.7516317093,16266.5086751517,41809.294787796,210441.862691114,126820.340137024,50599.3411348814,28761.9329183259,16417.6826962924,42246.8341360179,208831.459572146,126588.479937088,50803.1743310677,28955.0246747158,16569.0277442311,42640.3232464846,206984.832993067,126235.73508786,50982.0380782101,29144.3096102034,16722.7684486608,43007.9479475127,205023.74709423,125807.524292934,51145.5176275217,29333.1976868603,16881.8642221176,43378.80808794,202970.870273681,125305.283596812,51280.2060055197,29510.845552801,17038.9255200549,43749.1148850289,200856.260393242,124759.472075192,51394.6156097723,29678.4614951129,17192.6373936994,44121.6441807825
366,343139.191727163,90647.0381785464,22006.3262664817,10009.5317969335,4817.24150802582,31494.5479937936,321207.867204676,82230.7389598147,20386.0008192645,9538.02025838327,4645.40819003764,30501.3028452649,320738.933057164,83007.3045052562,18296.3028838392,8552.29234436605,4322.28773579843,30705.2931898607,321050.30814111,84349.6749090556,18338.1182808086,8176.74109897359,4001.87231517608,30834.9937286192,321045.963705146,85277.5645508671,18650.9293463029,8240.95667670786,3946.34801013741,31038.2216353704,320686.527941924,86073.8336676307,18941.7283727487,8367.62934482976,3984.15092795101,31352.0612254652,320249.43186096,86809.7211273708,19219.0108130481,8498.71668897825,4039.855801747,31722.122567679,319806.883878243,87515.1448098043,19488.0575349373,8627.43351830079,4097.49579307113,32106.809049646,319798.597317963,88236.6640633438,19751.4185110762,8754.3777260133,4155.14114304207,32511.8060298202,319523.570073488,88953.3926953061,20005.0311438539,8874.35102469567,4209.02008562532,32896.6088572147,318994.944039669,89626.0644252941,20266.6105541553,8998.44969720771,4264.08931331502,33266.6069624975,318203.518390892,90244.8363659539,20524.3317208066,9124.2004827482,4320.96054320691,33622.1334983148,317352.899780617,90821.812929518,20779.6860372841,9250.78091007771,4379.22072239881,33970.0028878519,316962.687468732,91417.6221638853,21028.1815830612,9376.03105595583,4438.00322008252,34335.7451647421,316177.047554315,91992.9191591907,21261.2776577481,9490.98171262732,4491.41319616436,34670.7089011326,315030.548549566,92505.3085632201,21503.1470795264,9610.48852038454,4546.00675013527,34985.0590356146,313647.086340227,92955.6729165734,21740.3816272525,9732.2712765323,4603.02273437183,35285.9644419429,312204.244702525,93361.3680011434,21972.0361920068,9853.45969701446,4660.97036228718,35578.3357292044,311282.412697252,93794.8271513329,22197.6465805218,9973.35551505895,4719.3489101873,35892.7194511523,309995.239189669,94203.8182275348,22403.1834586782,10080.2275290398,4770.92338098451,36173.6818703837,308451.313377905,94561.5030032556,22618.056034392,10191.449732731,4823.37552027081,36437.2140625815,306559.273727583,94847.3864183725,22825.6985256065,10303.3609801113,4877.35101654532,36678.6866216145,304541.790134801,95076.4181840517,23029.8916765172,10416.3032448368,4933.07290022584,36908.995824483,302958.245976975,95322.388156652,23228.4621746434,10528.9843279221,4990.08830905158,37158.4890866411,301152.91647161,95546.5264097679,23404.5493188057,10628.2181931325,5040.5222770979,37381.8082031737,298900.760148674,95700.4993031946,23581.9534042511,10726.8178213913,5089.31088897987,37572.7912370835,296452.035905236,95787.9287770167,23759.9811118632,10830.3545117636,5141.47963961332,37750.7477254041,294381.735453714,95866.0674266795,23936.8431932216,10936.5674457267,5196.8112680338,37940.3099731672,293808.867056723,96116.0877967072,24111.8558503148,11042.1285826386,5253.29428365212,38208.1159194392,293029.532998,96395.9392631467,24244.2997010116,11115.6818258385,5291.81296665848,38429.1390177824,292094.549638698,96667.9126035369,24405.9296324973,11198.2236052176,5330.37071636421,38633.087332608,290878.923226882,96879.3100615629,24567.4303394002,11286.9944195383,5373.3033270165,38816.6445164838,289406.325096074,97030.9192530366,24724.625346238,11377.4932402329,5419.2443101512,38983.8880482825,287814.871967699,97137.4318466835,24875.8086270185,11468.0760318598,5466.95834522427,39142.5948207341,286095.611323682,97203.4025236612,25016.30234958,11554.8015958754,5513.90730111996,39288.9936734506,284249.911309836,97231.5940033385,25149.1384614273,11638.2757809548,5559.66223392832,39422.7149262579
367,228723.270476807,131901.256186039,58099.1370416418,34038.3572521231,19749.5436283959,28172.6780927054,198047.843535063,112748.871513784,47434.0289080401,27750.9848527546,16111.1529952497,23135.0545825336,206266.526596087,121828.240495793,49263.7107051009,28884.2589500808,16918.189655725,24582.3298246344,198077.656505043,117517.544057932,47699.7245682048,27481.0127656504,15973.4138002054,23564.2418263115,200508.794334807,121393.628222919,49731.7514648719,28568.0857205133,16477.4461130516,24260.2741757065,196356.341303889,119485.535417657,49670.7197150233,28672.4297119109,16531.1114180419,24187.4993206092,196274.674027852,120946.996877291,50756.0836404289,29471.605146086,17080.8822800868,25006.6464623718,193550.604238114,120085.233773341,50947.5955069978,29752.9185148599,17335.2525768148,25532.240419057,192918.244831415,120761.235540152,51682.9371624923,30342.8613146857,17779.5105614594,26432.79710448,191081.590422423,120452.798498294,51992.7652411568,30674.1818725059,18064.0003661775,27141.7456638301,189761.675791522,120676.854550125,52516.7824310554,31120.2743904742,18413.2182576502,27966.9041027998,187871.191076252,120419.25852528,52877.6636856828,31476.9806720085,18707.3176928138,28713.2185180089,186098.201064788,120292.574412239,53289.041852771,31871.6480990661,19030.300696171,29516.363225944,184626.320896781,120130.583192309,53685.1227909468,32263.505448332,19355.581630181,30343.3272441174,183023.009067065,119977.139496148,54015.6747461908,32609.9383741442,19655.9213398671,31153.5141104698,181112.580590336,119664.469192793,54312.1397317809,32924.2733888554,19930.5132136396,31930.10130308,179103.981170692,119282.279933706,54606.1741524483,33248.5801087753,20212.9671989296,32720.9351139461,176913.792999875,118743.533137926,54838.1797406345,33545.0537916687,20485.0894180721,33509.3413618732,175295.969494734,118388.498355372,55133.4038656414,33887.083837139,20791.0321515566,34379.0236434908,173431.258729917,117934.201230153,55309.9662657744,34145.9915991969,21046.7434619037,35192.3334426548,171436.782707373,117427.060783453,55491.6278149961,34393.8043402148,21287.4393985656,35986.8870511198,169226.068858068,116791.545150372,55637.9042358882,34628.6374185773,21520.1341066928,36765.4895158339,166856.075969882,116020.033211388,55738.9288140418,34844.9253738105,21746.7943334234,37543.0094043786,164871.902422929,115350.596323392,55875.3267970645,35092.3789448277,21999.6683665819,38389.6313268449,162854.058243199,114667.603205825,55938.5605653075,35287.8105476449,22222.5030771958,39213.6971702596,160514.972684567,113845.151783183,55944.1157478599,35431.0349508578,22405.4753803189,39979.887705699,158084.013359861,112938.496540923,55951.8729308582,35582.0113121354,22591.3100132465,40749.5431852571,155720.877963983,111962.998289409,55927.3650601278,35725.6532827295,22779.3106568022,41534.2137322043,154594.864916085,111465.462245437,56061.3727312995,35974.4811331784,23040.9082812281,42485.3017349582,153531.441526162,111108.118323187,56087.6485986145,36119.4445324486,23229.5323825709,43331.1500036259,152283.2245644,110699.336632635,56114.6820164405,36219.0365294713,23361.3581635555,44043.7172787039,150978.171325077,110294.740136242,56192.1765458362,36356.1671224909,23506.0709743361,44719.5308251934,149423.00173642,109706.417228937,56206.3404090807,36467.0866632506,23638.3629234662,45334.0036362808,147829.294093147,109086.623443381,56213.9678549386,36585.021228474,23783.2599634286,45968.4267000014,146168.604288138,108394.606442085,56184.3266369509,36684.2901410852,23921.9721136359,46607.3759920729,144451.637407375,107652.951726818,56122.0552512977,36763.2854536036,24050.4651243638,47248.7133040473
368,145334.351587663,126932.713264961,73374.177775815,50448.2710068181,34452.1500295229,76911.6848554334,126400.216209665,113652.198828198,64462.5192263645,44347.1201520271,30394.5549036941,68620.2412515797,118891.600632817,107973.876768017,61474.790999087,42513.2572911874,29231.8188932437,66376.7163709704,126210.630166738,116187.691327686,67063.6974957145,46386.3935256617,32071.0863225504,73970.1043559398,119093.312069637,108809.387375323,63296.2298322487,44075.7679528067,30576.13757119,71556.1130826707,119328.331634244,110816.813469776,64491.8419138394,45009.1216514205,31358.7613076659,74407.8046411386,118986.525642031,110805.143637035,65407.369731128,45781.1999572945,31966.8603112408,76800.5969461654,116056.549279776,108502.138351468,64384.5694965052,45343.4204866535,31808.5125133125,77297.193811956,115816.700293461,109031.476296915,65118.7949089444,46022.5095618931,32429.4180767203,79814.3324368582,114688.044689754,108310.890425342,65172.9822324868,46250.500994988,32716.3948484026,81562.3808963292,113092.419315699,107358.709033005,64933.4975869118,46261.4838085501,32855.9234690701,82959.5330197785,112086.841113226,107016.981145571,65164.7759050929,46581.5336674373,33200.92906562,84890.7644290062,110609.095210433,106086.423616574,65059.2704683114,46689.2465659987,33398.021760698,86444.4793395777,109366.318179394,105304.351348673,64977.4235284435,46818.4533779527,33621.0489982296,88096.8562767278,108343.39615526,104799.848562573,65022.0421637211,47021.0737305104,33894.870869106,89936.1869642623,106915.863941785,103895.561050758,64844.7343049279,47050.3179281981,34033.6123880243,91435.0630324365,105436.490067179,102982.093189329,64674.5067725214,47090.6641154517,34178.5398623498,92944.7864373906,103966.269658585,102033.716886897,64509.1377169295,47143.8014655548,34337.3430456078,94506.2418569283,102664.919172519,101083.636865504,64305.4910934903,47178.9890206637,34490.997336396,96094.1727639087,101466.186566672,100317.413584517,64129.469859864,47218.8894743368,34649.0519573687,97753.8119051058,100064.976328734,99354.529233138,63860.2061349283,47165.6623247736,34724.6680459981,99203.1513698652,98548.0113948663,98312.9053872765,63555.402020969,47092.8126296163,34780.7295493732,100580.109542495,96964.0805248452,97181.4555783355,63221.2981106496,47006.7141487196,34830.6734883209,101937.166525414,95540.2404403652,96071.7607119674,62878.6151749066,46926.1719463329,34892.694112763,103358.159425206,94238.4276736769,95116.7641819052,62558.5215563878,46852.5367829669,34963.2102384572,104861.839251067,92723.9202273615,93996.456756228,62140.4502957134,46682.325084217,34950.5292370872,106147.747635174,91071.0421564183,92733.5884780696,61661.4512835716,46468.7239531095,34898.3678135686,107301.997065285,89513.9156341337,91493.1981172079,61204.3189454075,46283.3652289863,34871.8530163395,108534.737861958,88568.6362110048,90575.0478131702,60881.1414207118,46203.7412391955,34931.7853729143,110077.87110226,87988.4695693508,90138.073005969,60695.1239566844,46189.4800306112,35034.400200889,111816.478227144,87163.7738593711,89504.5036239066,60408.8845171337,46038.6932306341,34997.0573554058,113071.626425179,86224.4031861094,88808.6692249071,60125.8155125567,45891.4598078372,34940.8469678953,114117.006378905,85286.7094040631,88130.5738027223,59906.1393242601,45809.0470340357,34935.7154782334,115197.164190641,84248.5233347773,87311.9813874067,59607.3372322669,45687.5518788426,34912.8941787438,116155.577184144,83156.9530552589,86432.5500093199,59250.2069302959,45529.4480675017,34873.5312908513,117061.939869706,82076.9509289743,85563.2262346273,58894.7640709847,45370.1365067706,34836.9116504296,118013.034636789
369,284295.824556861,96413.3032266864,26565.6148855989,12315.8766296479,5701.20516923178,10911.4284701869,261479.249842759,87051.6050089738,23785.8512143497,11188.3595506175,5210.21802522968,10110.3272745338,267861.400548865,91062.3927676666,23148.7701127834,10765.2948030767,5110.3593613183,10437.2588461658,268154.287180469,92443.548083928,23464.8510974601,10575.7670895112,4876.57453371325,10303.6124170706,268688.358479845,93760.9292646542,24029.1151659719,10792.9638290475,4900.3877710949,10274.7364105598,268887.20381397,94889.0984735672,24565.9046609009,11073.0376177189,5022.79907653237,10377.3509426993,268975.499406632,95946.5137692272,25078.3681388315,11355.4370911356,5167.01675740771,10557.5803976547,269036.902620533,96953.5542373534,25577.1504949395,11633.4007100078,5313.7043081959,10767.7424471583,269413.6698876,97983.1568838168,26070.0591110026,11910.0186157883,5461.18294580095,10994.2838232595,269434.655735651,98939.5775087557,26531.2543460259,12168.5207307444,5599.91224069874,11210.1976637526,269300.827849463,99874.0838032555,27007.9246144059,12435.17484403,5742.05732364616,11427.8966142581,268901.881233452,100735.038785428,27477.8117389612,12703.8904808055,5887.23916338524,11645.3839718117,268442.766799046,101546.675191348,27947.8137959422,12976.5831665329,6036.5257678437,11867.4728221579,268357.265257733,102394.310062963,28415.9367573971,13252.1933466555,6189.38263029277,12101.5879009456,267782.708841522,103131.229747495,28837.2797481546,13501.4397429819,6329.5959478865,12316.8802998825,266998.713118774,103847.346727384,29281.826507611,13762.4846268368,6474.69543469392,12534.231858419,265955.807358939,104473.710204573,29718.8284914421,14027.1910040779,6624.25379643045,12752.7549702683,264852.909367317,105042.391434019,30150.3032042937,14293.7500463848,6777.59673525864,12976.5436951976,264215.314230447,105670.81308129,30584.0163409739,14565.0156311073,6935.48871760758,13216.2212530239,263089.545112865,106164.797388535,30955.9749798392,14800.9851136626,7075.91598436597,13431.5472571613,261867.595094416,106671.110552035,31358.1224667022,15050.9863873312,7221.70793052812,13651.0628734692,260249.484154416,107045.787018768,31738.4113313538,15296.9928438123,7367.92930821429,13864.4371542772,258563.516490445,107376.396561593,32123.3290731683,15550.3947342888,7520.70520170135,14086.384886984,257236.521492836,107732.636682925,32506.3718449798,15808.0793720462,7678.59527174382,14323.6079797085,255611.175148527,107991.170806205,32832.9428859977,16033.9787999754,7821.23327593922,14543.2662155429,253640.90067982,108193.590888213,33163.5936267315,16258.9480588144,7961.64141679852,14755.2676515523,251514.913810463,108325.114854261,33500.4881980971,16494.5420442485,8109.31339291975,14972.222071267,249699.023945253,108430.697505796,33834.2345885995,16735.0926538423,8263.40129774852,15202.4690412149,249248.271553664,108802.131244175,34187.8637713333,16986.6506947864,8425.31838426356,15469.549157715,248347.310489906,109008.790372881,34406.3473719595,17149.6197853971,8537.6416014097,15673.5862452548,247568.96484057,109371.552545311,34700.6730682592,17337.6724739061,8653.61255014986,15875.6121518432,246373.210929959,109553.859770819,34965.0099033247,17517.9177897836,8765.74994225221,16055.4601399568,245057.370205577,109729.378568264,35240.3817335895,17709.8567592851,8887.2097950283,16244.1823177395,243572.660181837,109816.245749688,35499.7977304029,17898.7053054823,9010.03801410639,16434.6244077839,241995.154040376,109865.394117404,35747.855616913,18084.7946754536,9133.80191874142,16629.3343820053,240306.593332448,109862.396506471,35982.2955828899,18265.2304219086,9255.89465440114,16823.9814441829
370,360950.606980753,93273.9796631097,22770.4815630783,10349.4829078933,4924.85989194453,28135.4371270482,344211.065195843,87190.556097503,21351.0834730113,9894.43286105453,4751.28051153938,27536.2001293705,342940.215679548,87755.6809677754,19430.3199282384,9022.00452913905,4470.70154448603,27646.408246343,342681.907919664,89082.355376381,19487.5760965414,8667.84161951212,4169.16138450532,27697.776445383,342252.05019796,90043.3498289462,19835.7845793072,8751.21341880897,4122.69841463931,27826.7525042729,341508.436102835,90876.2891747071,20163.3345634312,8900.0287722141,4171.7379702545,28070.8277020566,340644.313590031,91641.2024028076,20475.7751212702,9052.98601543612,4239.38800934742,28371.9870685159,339789.620952586,92374.5381544142,20779.6476446549,9203.79704372474,4309.41163555408,28691.0018087874,339391.832272131,93112.2509177795,21075.7067364212,9351.96604127619,4379.18675352245,29028.4434116512,338723.742291132,93849.7205575426,21359.3174191404,9491.8989625769,4444.76186629501,29349.9900992566,337811.658871041,94540.7637393519,21652.2482699899,9636.24544599956,4511.55888317976,29658.8804467678,336606.005628699,95173.6307519144,21939.3675877438,9781.78003658025,4580.13820343011,29954.1135980061,335291.70694789,95761.2264468431,22224.9589752319,9928.57189699635,4650.3886836149,30241.3349320284,334487.180845639,96352.8202011231,22503.1559846719,10074.419007729,4721.54252210962,30544.9907028191,333282.508702151,96933.1253051147,22762.2980279338,10208.3135285297,4786.8519634188,30823.743065489,331708.959200346,97447.0141593042,23032.0403434119,10347.0788956825,4853.29383958151,31083.7793960163,329870.480335112,97891.4385529181,23295.4874559323,10488.0234644553,4922.36122956525,31331.3470629371,327928.788521547,98287.5222401029,23553.486292263,10628.5478051791,4992.62252474892,31570.1535611535,326549.904098372,98696.0440798297,23804.4491483728,10767.9409370887,5063.59284515915,31828.7594306934,324832.965002762,99094.0073816664,24033.0405133389,10893.1427064585,5127.46690467209,32061.7170574197,322849.313414813,99434.9014662588,24271.2082781258,11022.3152673822,5191.83913315502,32278.5497470151,320498.996297499,99701.2320401477,24501.5179799037,11152.2385726921,5257.93409495456,32476.2146268287,317984.429697324,99903.8989027604,24727.9528761678,11283.2843720675,5326.00889752323,32662.7332496046,315915.361211328,100107.665624126,24947.2744308177,11413.9815670327,5395.59003597933,32865.6878089784,313671.95712063,100301.680677753,25142.5200650318,11530.4570737757,5458.46299355777,33050.1102185732,310963.306531585,100426.107330753,25339.3377717604,11645.7956582301,5519.27464677177,33205.8985358309,308035.894673867,100472.330552498,25535.7884235804,11766.1037823411,5583.60538275872,33349.0574865916,305465.244074348,100504.506761069,25730.4222947884,11889.2348098836,5651.47480240032,33501.6941609801,304507.210574671,100693.844259662,25920.7103414326,12011.07944304,5720.38525207607,33725.0816253899,303467.722135295,100962.253036221,26068.9649219991,12099.5938123429,5770.47467883073,33917.6654625461,302254.33479168,101215.452322938,26246.2700302546,12195.4428354466,5818.8630106811,34091.0399928173,300751.972179619,101405.572838339,26423.2572568245,12297.7390449832,5871.64063404129,34246.0442400122,298974.990721856,101530.505782828,26594.5676343711,12401.4195685727,5927.43754698422,34386.7699184435,297047.223845233,101602.736048457,26758.8612036327,12504.8350122826,5984.96634353087,34519.1130855451,294997.216050042,101631.99228966,26912.6276411557,12604.8124291074,6042.08768610138,34642.2317650298,292827.664140666,101621.926603731,27057.2474704698,12701.0145034331,6097.93536094972,34755.1794022275
371,356145.761096862,87131.8679454502,19753.5016820993,8491.87806226323,3710.666321789,8277.22045628128,335748.711894431,80616.9175464324,18878.4383994867,8318.62377849975,3674.31598076768,8166.28725083872,334194.42811984,80532.0405016359,16620.383295352,7389.77761725631,3403.75293661593,8149.71676293743,333626.835597491,81541.3453520189,16564.6247121241,6968.22590896157,3074.85698807669,7962.95318586232,333100.755652025,82265.0261032759,16813.6244576086,7006.81269897616,3011.67834356292,7858.01767903429,332319.395646645,82902.0298466371,17050.1228373705,7108.27460640941,3039.93744596289,7874.10777512467,331439.410165182,83476.5480781029,17275.0944347847,7214.12323994199,3084.85933354628,7946.68111048831,330537.016825101,84023.8653000863,17491.842071348,7317.72470964971,3131.57030438249,8037.73963854888,330065.371486451,84567.4615817941,17701.6795057747,7418.75381604268,3177.65543662877,8136.25582426726,329426.476149205,85136.4796979582,17904.8997362071,7514.83182290215,3221.27488762619,8232.52912200663,328528.666391097,85664.8976209897,18115.9485207545,7614.4731063598,3265.87698926132,8326.280813985,327371.325803091,86140.8309961202,18323.5210576637,7715.55735349609,3312.09551374803,8418.44737041547,326077.892948869,86572.3717976315,18526.9618809224,7816.47701617826,3359.09442412423,8509.63309400038,325253.177045458,86993.4355137588,18721.9548654289,7915.08170349212,3405.75688015936,8603.69801303205,324121.832250565,87436.8866651079,18905.6702057909,8006.08934739505,3448.77191567945,8692.16637397145,322656.448797737,87820.6829972822,19099.8394610256,8101.73201148825,3492.99901390251,8776.84412410495,320913.636691404,88139.6518725152,19287.0675174064,8198.36201678288,3539.02073908455,8859.75471272341,319035.133820635,88409.629736593,19468.5412908505,8293.91301289405,3585.51235127395,8941.47771460814,317692.613346574,88674.5299209197,19640.5588213759,8386.72393146332,3631.46849699435,9026.75224480793,316099.928017553,88968.9220203411,19799.2817108987,8470.27358069049,3672.86032045561,9105.83849688559,314257.575567571,89210.7706565153,19968.7871718072,8558.21537261253,3715.11850972168,9181.09756303729,312049.029012545,89388.4807384672,20130.9680021791,8646.70765629713,3758.91141999907,9253.29685467232,309665.818633426,89503.0620906433,20289.3329082232,8735.56671391088,3803.90168616827,9324.32006764396,307695.668794103,89603.6842859896,20436.6759987715,8821.68231422563,3848.72878669096,9398.55145641717,305618.241024027,89726.6182629394,20569.4293398013,8898.30699198753,3889.04086652185,9467.94671459368,303110.320163203,89797.9080489951,20707.565040498,8976.05304004785,3928.70425984839,9530.6411016906,300375.920958395,89790.8101831916,20844.0099161384,9057.3283762961,3971.03784986469,9591.71402954981,297894.678879701,89756.9269605306,20973.7498642261,9138.23590453905,4014.77233384174,9655.28256198157,296911.276461187,89825.5313545473,21092.6486331463,9214.16739142835,4056.86691026212,9731.4487731145,295980.863223455,90043.8652968831,21192.3851655316,9270.56730227874,4087.69342871725,9797.69736862342,294902.760977805,90247.6356506388,21322.6916775865,9336.52637671519,4119.11044503803,9857.57879065836,293545.419447483,90400.675094498,21452.5895066923,9408.2319698182,4154.75190349968,9915.59478404526,291924.995786076,90494.4946032547,21578.3659190059,9480.9614912448,4192.57045633386,9973.06635411423,290160.279902113,90538.0055425447,21696.330284997,9552.47713558487,4231.07941967364,10030.1876720834,288279.893369854,90545.9842562594,21805.3504976937,9620.71198137807,4268.77452478234,10085.651354597,286282.688273886,90520.9290513576,21907.3216024505,9686.03376448637,4305.35663156133,10138.5850776223
372,220664.274154645,123127.869383381,51076.1034315037,29128.532590471,16478.5485759281,21992.5132967764,183566.509696377,104481.57944224,44515.1336967539,25586.4947123365,14553.6197892991,19593.1539358731,199189.764638055,116018.882156579,48935.9344749236,28743.8826896418,16683.7901165045,22911.7070848869,185322.136332696,107266.165922598,45703.3622965996,26722.4564457963,15645.1027414174,22272.8536765769,193931.413373245,115090.480277718,48915.5090310814,28643.7511764241,16763.3340751149,24286.3289289362,185229.862103203,109785.027712962,47593.3692396968,27920.1065081786,16359.1232587887,23964.0217367159,189547.149336604,114325.495381335,49708.4652648309,29371.1397844723,17293.1815484104,25511.9292378108,183890.142412621,111164.377441793,49077.2715134609,29112.4990641588,17225.9414134508,25700.7240548,186137.627288426,113911.558502708,50522.2352102407,30162.331460203,17945.9247822597,27054.8773048596,182509.153955837,112141.189555225,50303.9136930578,30148.5026963022,18026.0666570548,27520.70296853,183004.380718145,113678.994292862,51276.6541362579,30889.30962151,18555.9452572849,28645.3321692356,180192.824160077,112620.045811374,51342.0468122846,31050.1059685421,18734.8543234691,29262.2468662466,179576.210220388,113297.882652877,52024.2514873644,31625.5686657635,19171.1239612882,30267.9181867443,177711.683486798,112763.092617896,52274.2518067696,31918.2608219106,19439.9481312035,31050.5768864301,176709.483916599,113010.413214973,52732.5411575891,32352.9923078185,19797.5006031013,31982.5987468672,174775.138990619,112604.65840026,52982.6745621913,32633.5095627697,20054.9997459093,32773.1622320736,173160.251436117,112469.995038758,53345.9485510377,33005.2849626203,20369.5600173052,33651.015888933,171145.201446248,111989.301024789,53585.4928625259,33303.2161758746,20645.6180963532,34486.8562663873,169745.365884163,111780.140793457,53913.2752326231,33667.5185286561,20968.3950468481,35422.990737888,168015.177516684,111367.986101297,54097.314475547,33930.3115617915,21229.3777987808,36286.2626896356,166258.749870927,111001.853254478,54308.6876549435,34198.9581530309,21486.550937792,37149.106860962,164224.267879545,110455.161736532,54469.8027545665,34440.5254451651,21725.949049308,37982.6634639248,162095.042874654,109828.531678231,54603.7166615212,34676.6747183592,21966.9809437067,38826.3852853978,160269.097165266,109261.547217471,54761.0733869686,34935.345830295,22229.1661339751,39732.8654227522,158392.781198992,108652.611756646,54836.1342787438,35138.164376246,22458.8214049102,40611.9271085698,156257.731989104,107953.838871173,54867.1631269229,35296.8821839699,22654.2114881452,41444.4969651236,153997.508923689,107159.152782188,54892.9784190451,35456.1714550229,22846.9789491107,42272.3520733971,151864.967516935,106329.448530595,54906.9657442542,35621.5405256972,23049.9731895177,43129.936568971,150792.033836132,105890.085724676,55047.466862566,35872.9854206579,23315.431551814,44136.3473512132,149788.733268619,105539.722333276,55072.3555863484,36018.7330481161,23506.8183636607,45034.0557432862,148664.994679947,105212.457029951,55111.8836015963,36127.4709129242,23647.8138949431,45810.069604219,147438.523193049,104850.202875671,55190.3001712999,36261.9985647012,23792.0380319271,46531.1657075405,146004.176883268,104343.842233704,55221.2555767521,36381.6621858687,23930.2508025766,47196.7678540278,144517.301617361,103795.907216194,55241.8248628041,36505.5681541265,24079.5576363612,47877.3328551076,142956.314519258,103174.616924087,55224.1964661538,36610.5868420643,24222.6734472277,48561.4274870332,141348.297114275,102510.464925175,55176.8328739666,36697.3320353869,24357.0685457024,49251.4055175321
373,292708.930218472,115893.748602654,35582.6318499727,17357.6796881807,8368.11313126553,8559.23402027331,260942.911343453,101929.294160893,31092.7680838508,15315.7225800493,7412.51077158583,7621.76133973332,265175.305322171,105681.482530476,30222.5963221443,14931.6325780663,7385.08563034909,7851.51608352184,264605.915092826,107177.555577471,30518.7114129768,14643.7335128116,7098.87873931723,7686.58804027742,263603.397553032,108135.390089991,31119.3174534059,14865.5894484793,7100.45531590104,7549.84772031598,262699.449497452,109051.582843411,31725.4788127869,15213.7528166988,7262.44669608776,7598.99385879578,261618.681352244,109807.141371894,32275.5231708333,15555.8969084655,7456.08276513208,7765.63571387488,260511.412507799,110507.604118231,32798.6096431718,15886.9022009932,7652.27409632842,7987.29865206097,259868.453740584,111264.772802698,33323.3403061614,16219.1529965266,7850.65957250359,8235.48455953643,258913.799053395,111940.372376116,33799.5858984887,16522.5979151839,8034.37881384962,8478.47558231841,257788.152288414,112576.161332583,34287.8175196549,16830.7835677248,8218.92656170492,8723.88781025432,256435.482738814,113123.201065429,34764.4257913845,17139.6801603697,8406.11199647542,8973.76164084817,254971.974420232,113599.283335234,35231.9769971044,17448.7186269792,8596.33947621889,9231.59491860276,253986.408874124,114140.507606415,35708.4705028363,17766.7417920483,8793.77033598522,9503.87241034481,252588.175400366,114570.546784219,36122.5935869931,18048.6299192935,8973.30924392465,9762.47627399785,250949.23752472,114949.166520868,36552.5288246836,18337.0077483187,9154.34328867706,10022.5104690345,249091.051270007,115224.861337099,36970.3915732359,18628.0103305948,9339.6700645006,10288.6748940972,247115.9650859,115419.997649934,37372.2967615637,18916.3408804916,9527.46008466505,10563.8015241989,245701.75227036,115706.242089092,37789.2580787464,19216.6968181804,9724.24659918284,10857.2716422923,243898.0760949,115873.606371508,38131.1633484269,19472.3475201989,9898.09669305924,11131.89990066,241975.347882689,116025.245427176,38496.6731330908,19736.7549134523,10073.6491752867,11407.8664632717,239701.211827434,116034.366947526,38833.4935781775,19994.0117857839,10247.8515491793,11682.6619297528,237302.019350198,115968.619847371,39163.9227507417,20253.93563066,10427.0776201881,11968.5596114145,235327.598705148,115953.132543131,39502.058001516,20524.2155249846,10615.4835254301,12274.036286389,233165.131714925,115864.515500093,39776.704334187,20756.7945384086,10785.1167673231,12566.8306216887,230660.438740604,115695.060634912,40043.0591485245,20979.3165221725,10946.5361311265,12851.2508564233,227987.543278189,115429.499846138,40308.8126393569,21209.2843163718,11113.3703904338,13141.8158645766,225551.761509625,115136.586447665,40568.8427940959,21444.4038270127,11287.7822113598,13448.3263563481,224560.852507153,115190.212207766,40882.9817129638,21710.015324006,11481.4841277337,13790.6500332449,223370.974076112,115191.418980286,41067.8492822448,21882.3252064503,11619.8028117489,14073.3352573094,222186.002025928,115287.135274317,41313.4202953929,22066.7924729856,11751.4595839382,14333.3667203324,220709.858185232,115242.437734475,41540.3343733825,22248.796450955,11880.0548929731,14573.1949008374,219035.721037749,115133.399246811,41759.6464536906,22434.1943722747,12014.4091889813,14816.8742412645,217247.503530011,114949.960665045,41965.7774856453,22618.626006875,12151.9642266849,15069.493431537,215363.25511489,114709.891253307,42150.8713826383,22795.3516931597,12288.4310391703,15328.8944689706,213390.829689299,114420.218193457,42319.2035636415,22964.075926856,12422.0190300154,15592.1521281159
374,374247.075536042,82047.5403708907,18295.1317490219,7954.88880377377,3598.54012368075,14824.5692671934,360315.002573918,70851.9013812832,16608.9537335077,7504.62292307121,3456.0272844014,14675.2516687927,358245.988180762,69082.9577980996,12809.5516079766,5990.49828811262,2992.00273391824,14583.7725126407,357393.074841858,69994.4470903065,12178.5869435162,5151.60534434644,2449.43058289626,14331.3242687958,356775.593634317,70620.163624226,12276.5037093198,5044.79380300654,2279.99466229254,14202.5694145404,355951.437732437,71147.0104793223,12417.2458805642,5079.43782109459,2261.899905593,14244.9353407661,355056.519791859,71612.9593823296,12552.5218438676,5131.87256766861,2276.49537754231,14370.7510350806,354140.317528427,72053.9996207413,12681.1473720104,5184.17352213568,2295.93073928784,14524.2449216653,353702.083948936,72491.3314928862,12803.5838920763,5234.39673210711,2315.31284533405,14690.2041499734,353064.161139895,72958.202393628,12924.3050336739,5282.28490077866,2333.42677178627,14853.5892882616,352166.070485976,73387.197512368,13051.5684192549,5333.27334404101,2352.42451236889,15011.9485720935,351008.990246993,73772.7419173361,13174.9267197363,5384.55593282376,2372.16087352006,15165.0161849319,349731.71495094,74119.4876058872,13294.6921047731,5434.99398113016,2391.92255519366,15313.7274842937,348932.416710878,74457.3753771862,13405.783443688,5482.63131941888,2410.89949616644,15465.9379411829,347812.67499323,74822.1276295569,13513.7428863114,5526.78562959509,2427.96103427747,15610.7105140798,346333.021213655,75133.5411206238,13628.7423698485,5574.359920062,2445.92807129789,15747.8087174952,344584.605624096,75389.7352246333,13737.9175278879,5621.86164287827,2464.62472500844,15878.8410502313,342712.368342077,75604.5397319648,13841.4515250837,5667.58242072443,2482.97984471509,16004.9002432036,341392.667134421,75811.993803626,13935.4863120665,5709.97498532224,2500.24123823015,16135.4103480995,339809.071383916,76055.5839604254,14025.6581374446,5748.15804486992,2515.16507152628,16258.3893805108,337984.218102978,76252.3084948478,14123.4431648955,5789.91904874635,2530.95961283934,16374.7764618902,335786.476847908,76399.9550706595,14216.1576096982,5831.6715786147,2547.45687819057,16483.0522417878,333408.050484889,76492.2195202534,14304.8485764185,5872.81889195268,2564.1461947267,16585.320124812,331454.325649668,76567.6367814214,14383.2134737352,5910.70156417197,2579.99256749696,16690.4251825939,329394.123686051,76671.172911362,14454.737661446,5943.52778142451,2593.31768730331,16789.8470400689,326890.591946865,76735.1440742519,14532.6566602661,5978.49602297792,2606.75946519602,16878.5479169113,324176.121039471,76732.7208721738,14607.9069478656,6015.13067835722,2621.54970619309,16960.9793341287,321737.045987488,76702.8759662629,14676.0042218562,6049.9508043643,2636.35969320165,17043.3585670561,320822.076998496,76744.369575232,14730.3893083802,6078.89711436704,2649.1022734285,17146.00883431,319988.107199238,76936.53547459,14783.2810597599,6100.26639108108,2657.02829397527,17244.3832346993,318975.887188706,77116.6867291141,14860.8531135326,6131.21979780977,2667.30016873105,17336.3889174774,317690.078750302,77257.3479388454,14939.9238751331,6166.99183882092,2680.9949905336,17422.6788439433,316133.094147326,77350.3642896106,15015.2173435842,6203.14905483083,2696.02605802124,17503.0177381612,314439.411173922,77401.2010386271,15084.6919842197,6237.96600189022,2711.1771603926,17578.7239607948,312616.10429626,77424.4933737182,15147.2913666378,6270.14380166351,2725.50408137198,17649.3361600702,310657.693095179,77418.7655098324,15205.9275482257,6300.54972440733,2739.03762483115,17714.3092753397
375,264899.632196343,72059.2051396574,15707.327503768,6602.25562822892,2844.64788527459,6138.73070082699,253728.701655577,64599.4126386591,14649.4407827261,6320.14036114401,2752.96484658572,6049.30138363605,248938.96518183,62037.9395002197,11425.5677957147,5060.95195212509,2372.79448916448,5902.67145345355,246407.150501993,62123.4057484869,10845.6466658506,4336.63610280414,1911.76248941111,5601.59439170033,244669.557510974,62166.5126157127,10870.7887229499,4233.38657582916,1766.38585944524,5398.15334872287,242959.871719212,62200.0289495286,10937.4205913376,4246.93597957123,1746.63581482041,5338.0970565967,241293.312941444,62206.4620510296,11003.7313164935,4276.27487830835,1754.1332348307,5348.64789710455,239657.597427784,62208.7406393413,11066.511389467,4306.35174476655,1765.97564417471,5383.65516898084,238487.033913297,62238.4205545118,11130.1207931307,4337.13243262073,1778.75243264464,5428.72794341862,237288.889267599,62323.7765455893,11194.664065224,4366.89488289229,1790.9572106075,5474.95835911146,235959.668914428,62384.3589010985,11266.1530797061,4399.66431048658,1804.05683822409,5520.04327458714,234480.28095583,62412.1855545411,11335.4174462859,4433.27170479683,1818.0866794756,5563.93438127346,232920.706578419,62408.5556903312,11401.8201921995,4466.61405494907,1832.41451243157,5606.66429426263,231786.104275237,62415.9582266583,11465.9768681123,4499.76225745754,1846.9898375759,5651.83295612176,230513.608677211,62470.2215267275,11528.1562044707,4530.35794592818,1860.25671649205,5694.92066518064,228996.472280298,62476.1138920443,11596.5808170678,4563.75124508313,1874.23021935518,5735.0303448645,227320.878591346,62434.2390548445,11660.4556206041,4597.63539130569,1889.17779379992,5773.70193161971,225547.015170383,62356.375648619,11719.5114001494,4630.30945275534,1904.07748335923,5810.8055606413,224219.852812234,62290.0920588182,11775.5853692003,4662.47299260353,1919.04875584684,5850.67386734528,222769.792734368,62273.8254739498,11828.7989344708,4691.27160095732,1932.27186832412,5888.12658052859,221160.081581465,62217.1574313435,11888.8899879545,4723.04246611544,1946.19746361494,5923.08146856732,219314.115597963,62119.1800346819,11944.6505888183,4755.09115886459,1960.97051738008,5955.93660962961,217322.852606615,61969.9506428657,11996.9620039547,4786.87790922755,1976.11385225401,5986.97908923732,215653.416328871,61819.2327011214,12044.6151793626,4817.93681733054,1991.47730296314,6020.20322202466,213974.816130862,61710.2415134763,12087.9138063816,4845.38259039599,2005.11654113338,6051.95388726653,211999.447886571,61568.8599245818,12135.5191421661,4873.97768350479,2018.62216172836,6079.60423132237,209867.218068079,61369.1941781752,12181.8130236835,4904.5459206453,2033.58077211752,6105.68807690138,207874.113406632,61147.496304859,12223.2985592744,4934.54338502565,2049.09631670977,6132.33774316652,207005.949086804,61024.0339360598,12263.2875147175,4963.83572245988,2064.61908103816,6168.4129350244,206257.8413614,61061.0152254625,12301.1736943604,4985.60043481225,2075.56222536787,6202.18945250631,205402.160348989,61088.0960443094,12358.8749232438,5013.77964637692,2087.41783898626,6232.62945005639,204364.958143835,61084.4394442308,12417.0164100133,5045.5379243951,2101.8848805988,6262.20625334394,203136.539781377,61038.5020593724,12472.3398797286,5077.77095676613,2117.46857731265,6290.77642019098,201814.454623843,60955.9686224542,12523.6289364902,5109.55842138965,2133.47864227331,6318.60942217199,200416.220682494,60854.2242655428,12569.9442439543,5139.78908023741,2149.18113836921,6345.31728661753,198946.206563379,60731.968320679,12613.4736322096,5168.90194488035,2164.45788708673,6370.42541961861
376,343877.358973246,94662.5141435954,22612.3924925549,9929.62614098089,4456.33996940045,13874.6982890137,324683.972814449,90767.0475925454,21996.7177384479,9790.7620062129,4416.08177463458,13670.7887864317,323191.218139467,90661.2088737002,20233.1578518252,9119.87331380089,4250.88085776974,13743.6598592935,322554.056429628,91775.6211025751,20300.2464072129,8780.57293153319,3975.46356455416,13665.036102812,321945.35098931,92572.7367666308,20641.8782336094,8876.89088930051,3941.90032904042,13641.8070729195,321041.786630838,93274.3432409382,20953.5002780745,9026.14119923479,3996.29558138881,13730.6882641937,320051.743962778,93902.9294640716,21252.2977973009,9177.8312242321,4066.34241927998,13874.7563250558,318988.043905647,94498.5144849876,21539.0723306673,9325.9694723212,4137.77080082,14035.709266403,318394.686324858,95088.3916975562,21820.9071899581,9472.5265270286,4209.14320424334,14207.8967662,317611.054587799,95706.8657258514,22089.0086955075,9610.67009497862,4276.58808055727,14374.7603234088,316604.999341483,96278.0613244293,22368.5462189341,9753.3269383016,4345.07812977986,14536.2301787948,315333.074665434,96788.7924492872,22641.5405603402,9897.35026952757,4415.61049868404,14693.1701259538,313899.681823394,97246.4165346252,22910.9960593845,10041.8106053186,4487.5327731404,14846.9619673229,312921.895596316,97690.7477573389,23173.3362010025,10185.592650061,4560.35861265,15007.60805165,311693.414065419,98158.2823498192,23417.0806202101,10318.2455330446,4628.1240976398,15159.8160505913,310091.540168142,98559.1639483805,23671.9207964462,10454.8119185904,4696.38151810007,15302.8326598913,308239.744787234,98879.4547897331,23920.9402565539,10594.337925801,4767.70971133223,15441.7063834558,306209.490582714,99143.1913001117,24160.0281219194,10732.0569695193,4839.91969940663,15577.0375654336,304720.088979307,99401.0437124223,24393.8647446906,10869.2753042091,4912.96592846751,15721.4816390297,302999.539624965,99689.6773973716,24604.7259760006,10992.6547019323,4979.52417279607,15856.1356340362,301044.012375906,99918.0662606261,24828.4844755025,11120.097417444,5046.25060548395,15982.8542172586,298745.761240437,100072.270351953,25042.139987721,11248.1402416875,5114.91913336746,16102.5727963825,296221.503843948,100151.348349604,25250.2787497879,11376.4017423572,5185.21636966132,16217.7957663732,294105.515996029,100213.170592111,25450.7359368173,11504.5636183621,5257.15929744055,16341.2126579368,291917.07494738,100298.355440902,25628.5804793895,11619.464119423,5323.16518297858,16458.2408012607,289300.017496185,100322.943601413,25808.8424030881,11732.6881028224,5386.69874230009,16561.6007573223,286460.765989778,100255.491205458,25988.5048338338,11850.907353813,5453.76855563402,16660.1864843352,283765.76638531,100151.091600039,26158.5462919853,11968.9460591178,5523.18633602303,16761.2382860167,282577.682280708,100172.051739817,26328.7775235365,12087.6686453579,5594.16157061787,16893.5862660057,281539.587963726,100366.124368968,26462.1911302448,12176.2758354713,5648.39437687527,17013.8053292212,280355.132545242,100550.698235778,26628.3456619168,12270.4334493789,5699.02998254598,17119.4028403415,278906.774618157,100674.460160293,26794.7853637981,12371.8052099058,5754.22374284903,17217.5350427106,277194.615431895,100729.051389992,26954.9975796506,12474.3692999825,5812.37118047795,17311.6945314384,275336.356080451,100724.73584917,27106.6420351864,12576.1890445985,5872.04095271744,17404.3156404149,273347.695225426,100677.135053609,27246.4520191592,12674.0225918492,5931.0656471036,17493.9501380747,271254.946074266,100588.942402641,27378.1990007363,12768.5484879979,5989.01337787981,17579.7627898271
377,208568.106435855,112188.894706306,48279.2734596496,28169.274941891,16359.0682139959,30979.8462744869,183150.108110373,101273.586568426,42267.1230423532,24627.5056262577,14324.0014962947,27409.382627354,191935.691616917,109571.154058574,45495.3319726535,26600.7005294079,15576.1875205846,29963.6171592563,182607.481913529,103714.870192825,43446.6925852505,25309.0328505626,14807.3244926421,28791.5470456274,187530.137015824,109179.643489135,46042.9760937582,26836.3078580758,15703.3063534312,30625.0688085331,181106.772304757,105299.541203418,45043.8593206709,26395.8106547323,15466.4623254688,30139.7742040564,183502.35997863,108648.830942453,46824.3253578618,27577.7483508439,16252.3215568229,31713.5764844422,178871.137575139,106101.246045435,46280.3300065549,27412.6965931871,16226.3942608628,31768.6909529658,180182.642075381,108282.69689545,47573.9562011759,28320.1218570541,16861.488117082,33179.6635158751,176964.970039247,106730.127353778,47338.2372784461,28317.6686214054,16934.7146986411,33523.1683334772,177003.587027396,108013.485876253,48247.6262595596,28984.4794207024,17417.5635998102,34687.7451084431,174292.213476992,106958.789284636,48242.7609985485,29113.6604793275,17566.1359522861,35187.2224456883,173436.478938655,107532.587987551,48890.0615927103,29641.3144921986,17969.3977779342,36202.2491716422,171544.977064017,106909.407577481,49056.2948493696,29884.7218027719,18197.7270699298,36887.8910103226,170482.896762396,107163.394344258,49507.2493527796,30295.0900135486,18535.0627573187,37820.5354288398,168421.419873181,106628.044705934,49672.4753331318,30519.2099381821,18748.1303703818,38507.3256775991,166797.201134978,106507.770615733,50025.5143497738,30870.8619889863,19044.4917566458,39359.8253014929,164636.809619398,105907.1530917,50184.1646726829,31110.9665771889,19276.059341001,40089.6788670268,163268.097110765,105711.100200605,50499.0612553589,31454.7583569861,19579.1441169709,40994.8151976467,161463.076358345,105240.845743043,50628.5398541948,31673.3117357324,19803.8702104654,41770.6060769846,159684.886624754,104859.250405236,50818.1674674719,31916.4441366321,20037.2054752112,42571.6389339387,157604.458399775,104272.165623245,50938.4859165926,32123.7547263871,20247.2152354832,43317.5290121774,155437.953504901,103620.305308911,51040.888649149,32329.1140016014,20461.5164574367,44075.8033095309,153613.373119685,103031.121946535,51166.1329345334,32557.5035609505,20696.6247870571,44902.547440288,151746.204868671,102432.976244984,51221.2602930598,32735.8619392088,20902.7152947833,45702.6080542414,149572.07169037,101705.964095086,51223.4277304258,32864.7399051803,21070.3391356054,46433.2014804964,147323.848323336,100913.922920499,51233.0534953169,33004.7756934029,21243.098304715,47168.970993485,145156.081403512,100055.801047918,51211.7787330295,33137.2560653548,21417.4696519592,47916.3241009422,144159.029345677,99637.410589478,51341.7087140685,33371.5184364888,21664.0687378381,48867.0388651285,143157.663597916,99306.3930075846,51351.2315793261,33494.9744404898,21832.6435205064,49692.8187082486,142012.137921312,98956.4598777216,51376.7017279378,33585.2520462017,21953.4873585193,50392.2745459828,140797.112781964,98599.9328172127,51445.3256371783,33708.7643469544,22085.0913150868,51052.0114482259,139353.646988417,98079.5389955696,51456.6379503432,33809.0448681566,22205.9024421511,51641.9240439347,137881.190874876,97537.2088772854,51464.660799882,33917.8044952479,22340.1333360788,52252.8352757635,136333.758944806,96920.4142216697,51433.8976931846,34006.1686502229,22466.5659092313,52859.5560941025,134746.025936744,96266.894403824,51376.9854903345,34078.3957497678,22585.2735214538,53469.715642038
378,265593.10300524,68763.0464475113,15990.0691755097,7027.66499405899,3222.72235613595,15105.0503143965,249862.271645936,63389.1179800691,14984.6960990995,6794.37981864963,3157.37205713764,14819.6269492713,250916.812616323,64797.7686798978,13647.3623837758,6040.73328353281,2893.92775847334,15005.4177357302,251779.174233501,65835.5069757828,13839.6311772592,5871.40069651493,2693.5105686139,15046.0610210267,252309.866921808,66656.8894158017,14110.0063973748,5956.63817560759,2682.01748617323,15162.2713773747,252620.394295132,67419.3278823837,14367.5232985046,6070.68036287502,2723.27542758411,15362.1214332271,252885.159139689,68148.745020196,14618.9414097583,6186.95274138046,2773.66557499467,15598.3717472959,253191.621336483,68862.361905186,14867.4727290967,6302.65159095205,2825.2495482883,15845.3381947304,253785.988481994,69582.7048443033,15108.5668310003,6415.84957637793,2876.17328400861,16098.9099455902,254186.144639663,70318.0087679963,15349.8024289147,6526.85138834,2925.56798442122,16344.7430966072,254429.75749466,71028.0291215056,15599.916188827,6643.04496848362,2977.03647602187,16586.728478102,254498.006940589,71712.1580768868,15850.1045973569,6761.80958168391,3030.56184186639,16825.3750700458,254546.932111332,72365.735031536,16101.6036533429,6882.57547295909,3085.65382387168,17062.1464854981,254893.922313073,73020.6553494541,16342.1857350047,7000.3649423186,3140.29047334864,17303.9304396125,254922.624957157,73681.7793855482,16579.8300627321,7113.69943371331,3192.28270387006,17532.2072349584,254736.907336684,74303.8798527419,16828.7487316747,7233.74166255421,3246.94990482253,17755.4535331472,254377.637575465,74889.9426543696,17075.7593606094,7356.37566143016,3304.05919441497,17975.2913439765,254004.23028805,75442.2900595106,17321.2980650953,7479.82777810662,3362.36317016777,18192.820762564,253952.372399741,75996.4191472833,17555.141016286,7599.63153597007,3419.82972938822,18416.0600955678,253614.468858256,76550.3542220892,17781.4668543015,7712.57735331891,3473.46474136835,18623.476849744,253094.838702789,77070.5465492934,18018.149923138,7831.46867380474,3529.29335374468,18825.4344757072,252320.838320601,77548.6298232696,18253.3057071298,7952.89772396989,3587.44652114773,19020.4637981619,251469.514246528,77982.7382257655,18488.5265093597,8076.66977303815,3647.69706434123,19212.1995794555,250901.33175797,78411.5147464273,18713.0094939287,8197.95641476314,3708.01112135972,19410.2675036773,250121.646639369,78832.6034660467,18923.8086430102,8310.11140649213,3763.78177031978,19593.6006035007,249009.996683623,79212.6128498236,19142.9527448401,8425.91951265689,3820.4162700332,19764.4641308526,247773.551049013,79543.9457852418,19364.5425822335,8547.39679150552,3880.92277026609,19932.9952764492,246853.124434562,79845.6079003577,19580.1988545152,8668.71625160062,3942.93840198876,20105.6087804313,246927.547781779,80225.3314086015,19771.5112668063,8779.1178585241,4000.91723082166,20302.9054457715,246766.475669309,80632.335430046,19933.8643972308,8864.48930168356,4044.37712887543,20466.9645759703,246489.784130078,81034.8435484429,20121.8940872265,8959.78810581415,4089.57846750706,20623.9767515613,245985.835786967,81394.7782392976,20311.3647492402,9060.74097107873,4138.9022804553,20772.8831433308,245302.240977821,81714.8495296433,20500.5472944588,9164.71487019624,4191.35956017877,20917.8545458213,244508.673752735,82000.0047020883,20685.7088569697,9269.24451087425,4245.42487823484,21059.8827767302,243618.478710269,82255.3565193344,20864.6961966372,9372.07068350195,4299.5197822616,21197.3579257252,242628.143189428,82482.4914379313,21038.4038321541,9473.10216066869,4353.1812847507,21329.3251681303
379,235543.689957249,139812.993172365,62880.315737123,37466.2040234372,22170.9177396848,34204.8543386523,211204.287633018,125025.083026,55191.5048656824,32995.7352873958,19601.038507503,30565.0582083081,212480.760277223,128186.980745032,54941.6752889353,33129.2311134815,19893.5022034536,31419.2092086579,209468.944900924,128099.503170767,55107.6491727929,32773.6066226086,19659.5956524355,31718.6906700193,207778.157009766,128519.360177167,55815.9881991487,33186.0118133797,19794.8283298749,32086.2862252452,206230.661787892,128874.490704603,56670.3180722751,33818.1361551476,20193.6884374768,32748.7305481975,204083.380499763,128612.419822933,57139.8227856615,34307.734249996,20576.5753706419,33466.0264450615,202406.624632172,128714.079053788,57744.8363507777,34856.3801034005,21020.1933572211,34433.5014090125,200828.802184543,128584.452944493,58218.298733712,35330.5893891163,21418.4976622855,35417.7350683541,199369.240559061,128643.470584617,58700.0242476764,35793.2241886443,21809.6459300284,36451.6564734575,197555.24156326,128465.57477784,59101.8932232309,36194.613112974,22153.5552456183,37426.4648926727,195705.539476144,128288.98678316,59523.9559970788,36614.9921464904,22509.3348492277,38427.3948158192,193644.917870828,127930.178622794,59876.7686775822,37002.0668161501,22849.2644868586,39413.7105650894,192084.304843659,127719.725165738,60282.0569545717,37428.7937364513,23219.8745754858,40478.1243724877,190314.63513499,127434.673456154,60585.5091732046,37785.5889692422,23549.0011774902,41499.9439442077,188251.213534852,127010.453419612,60852.8769116482,38105.8730131673,23848.3597581571,42479.6354717142,186077.78200624,126504.394159304,61116.7799234246,38434.8963957751,24153.8833705597,43471.6870332437,183734.041426837,125843.890746341,61314.5346107974,38734.3073817061,24448.078465065,44458.5863188688,181919.409109109,125338.000472622,61566.0546915567,39074.3059316798,24774.6192855289,45535.6891151998,179963.50926456,124799.363862707,61722.0184664107,39344.3170701528,25058.243251897,46569.3735723487,177780.305414794,124135.00943661,61839.8742044195,39572.2644200715,25305.798093775,47546.8507341475,175450.753139646,123399.028847888,61950.0486662012,39802.8057861213,25553.5722471088,48521.5796371487,172894.423710216,122473.43302655,61987.9073296219,39997.8331174182,25783.961694815,49471.0589985883,170747.475330268,121663.707161197,62070.7558468782,40232.0398114251,26047.3130479753,50510.7981171454,168613.237792119,120868.713685684,62088.0595049616,40418.2607189275,26283.1498791285,51535.8296992383,166116.546649466,119901.51674402,62020.8071359359,40530.7895840732,26463.282495041,52470.0471574322,163531.104454946,118858.088914499,61960.811050979,40652.2082804558,26645.5071444142,53406.3222405587,161026.574931763,117752.757955045,61873.1876313404,40770.429161483,26832.3990888022,54362.254547099,159716.470993049,117094.242272207,61938.8120668607,40994.0571453064,27096.0954129013,55511.4168392764,158654.442007508,116708.73146439,61953.957363155,41149.4339510611,27308.9849593851,56598.3186602919,157278.464838596,116173.849665084,61906.4134527276,41209.1691677019,27427.5057013332,57463.445808773,155900.480754802,115707.40001415,61948.066704018,41329.2922776837,27570.5624350776,58303.3583875056,154261.350521183,115035.496663408,61921.5666804647,41421.0451973138,27698.2234502285,59054.8423477862,152559.563153647,114311.513626724,61873.5892065175,41512.7771577236,27835.7259097747,59813.8369308002,150810.557305824,113534.611305644,61797.6725495877,41591.4004811045,27971.5240663549,60586.1875372955,148989.637158251,112688.250734773,61677.0641133917,41641.7148508814,28091.8075789234,61351.1642251493
380,377246.236432934,81948.8807565799,16264.3577946676,6733.40973949084,2864.73415660673,6470.38052701974,356954.040901697,79400.2409395087,16221.1346948439,6843.77321928942,2935.56276877754,6495.24691666613,356495.576724523,80189.3983907142,15163.9408340496,6401.65265787092,2815.76113164794,6540.60489493037,356457.873693361,81176.2401140009,15425.7872380894,6297.28447107294,2678.74139629365,6482.01374833308,356324.740507222,81938.5950163787,15688.2542177663,6400.69807004442,2690.30758832468,6482.08070460209,355865.128189116,82651.5426650374,15914.115739202,6503.20392440216,2731.48497455084,6541.01038174945,355302.69593603,83314.4115675264,16132.43896633,6602.02134813469,2774.27419126182,6620.68387845553,354692.446232279,83954.3387966965,16344.3006021491,6698.23393547462,2816.30767323296,6705.1514750374,354541.949052798,84586.741312571,16550.0575495753,6792.04953367927,2857.36034957074,6792.0433493658,354145.269057445,85233.6806841561,16746.9778472396,6880.36983678982,2895.76229697415,6875.21511972377,353460.242116356,85840.0741474475,16953.024859033,6972.58243285514,2935.25397478395,6956.17138409449,352540.697333761,86394.3509003658,17154.9853400898,7066.00387814602,2976.20561276572,7036.14197334416,351477.06982133,86911.937939476,17353.0734441848,7158.83875100921,3017.58216338642,7115.31053599332,350886.331265761,87414.2719492909,17543.2569350142,7249.34985580413,3058.41383562244,7196.18257742161,349916.371892211,87925.5774058502,17720.7893769558,7332.27700808007,3095.72756713312,7271.68804007642,348575.306611314,88381.0062212068,17909.8485528876,7420.14300413931,3134.43085581931,7344.39323808894,346966.647272449,88768.7478686646,18091.188586594,7508.57517930673,3174.63157070398,7415.88308977039,345209.71990975,89115.5059814692,18267.4334898002,7595.65559132839,3214.98925141251,7486.39866734847,344009.352959953,89449.5671997503,18434.4277506045,7679.91797512391,3254.57874529904,7559.02263845074,342521.464058408,89803.7133462304,18586.6514278387,7754.99465933493,3289.81483267682,7625.95776779068,340723.167227504,90106.0837616947,18749.5296340757,7834.155721804,3325.82267395514,7689.5698103584,338574.412681901,90343.5160803596,18906.9125355774,7914.51830522412,3363.49089211269,7751.22381481572,336207.15453204,90522.1297476567,19058.8635495254,7994.34973463015,3401.86860387213,7811.68908425775,334273.637981899,90679.0372336037,19201.2612740329,8071.56520202253,3439.84825753774,7874.17398844362,332225.379949975,90850.7137252347,19327.6407698492,8139.48434325444,3473.58499627575,7932.15707458405,329691.511878009,90973.5711564,19458.964294321,8208.24531065778,3506.63819341103,7984.53497579874,326915.399725165,91018.5854054133,19590.4763345563,8280.83675370473,3542.24566523276,8035.77070592133,324396.913924535,91037.5190812137,19714.7723496379,8352.79114381591,3578.97730337455,8088.97189310185,323436.323299448,91140.1888724209,19826.8060017739,8418.97384161847,3613.60223099926,8150.61057529822,322527.524948124,91379.957640081,19917.7560881306,8466.91970312104,3638.20139496204,8203.63248311693,321464.351521389,91613.9231874449,20039.4010845486,8524.40486559335,3663.80134682226,8252.0632863905,320112.847240627,91798.1383155323,20162.0549753671,8587.90087103793,3693.55684029296,8299.65343654272,318474.085182222,91925.1667799009,20280.6834974409,8652.27454589621,3725.26290554668,8347.09154837181,316664.630879484,91999.9613749198,20392.258380753,8715.47771955237,3757.47711667591,8394.08290331391,314731.326758174,92036.5616474635,20494.8547404953,8775.50281859691,3788.86369381134,8439.57266410734,312668.083746664,92039.4102461167,20590.5824202811,8832.60294413893,3819.09698162715,8482.72464907962
381,234196.127269913,128951.377320257,55363.9754717143,31968.6383581458,18292.478474508,26463.9813587321,210728.85763742,118958.321521088,49240.4517191803,28428.0287491464,16303.1270305821,23797.8997149622,211290.011497269,120944.648017457,49239.0352927473,28587.6046376129,16513.8790897278,24316.8228081397,208666.833689668,121099.41095961,49305.5164867822,28300.1126330183,16335.4366861426,24471.0316102411,207377.496254185,121780.422496812,50103.6898763862,28726.3344711888,16490.6720760514,24771.0112976033,205657.105148286,121979.400258829,50770.1033433457,29231.884882673,16799.974574776,25199.0398176849,203941.535966722,122087.818373972,51342.5089044272,29729.3108440212,17163.648797939,25800.2848137488,202203.272762149,122137.630341335,51866.2773802033,30195.7329198632,17526.5089504575,26511.3014338294,200847.156098833,122230.901825599,52383.3157212953,30656.596881934,17888.5012903549,27292.8036002805,199435.869788476,122333.964878691,52845.0835847073,31075.5244746569,18224.8113246474,28077.6650733357,197816.468703539,122334.407587956,53281.801964337,31468.1839143244,18539.1222240483,28843.0271339937,196061.910392991,122260.982182351,53708.7808414047,31862.0145619308,18854.281649387,29613.1503480714,194133.521915685,122057.905747266,54091.7380298678,32237.9038982077,19163.4239897982,30383.5909501929,192642.820628886,121943.461430141,54506.7508795101,32639.8471034984,19493.422562734,31206.8627528756,191003.716022135,121796.30950304,54841.5456606519,32989.1541062203,19794.1592473043,32006.5736545725,189066.029114295,121518.163884134,55146.7736787138,33307.5001307887,20070.2454506715,32774.3190058729,187013.822108906,121154.529839562,55447.7513068789,33633.983141455,20352.1968824054,33551.8259952084,184759.362126142,120646.434908154,55689.2423347899,33935.1117573764,20625.5082475142,34327.3929793376,183015.535949463,120252.889895961,55974.9199406155,34269.46844597,20924.8126063076,35170.9375409411,181149.638323999,119849.731625175,56175.5537972709,34545.4059071445,21190.49069867,35985.9707055584,179074.456307137,119332.928154377,56350.6049744448,34788.5381992832,21427.840944365,36761.2467070748,176829.564253436,118736.529177634,56512.7661162747,35032.1779962508,21664.8958644963,37532.8252213902,174382.026939813,117976.913847208,56618.2456315552,35250.4673376714,21891.4356953331,38293.3629900649,172284.737065565,117291.518810085,56751.4250604945,35494.7474287473,22140.8832876116,39116.2916375489,170212.57690132,116624.561057855,56827.2109035422,35699.6146270565,22368.9371037212,39931.5111509539,167819.271618504,115820.769720004,56840.1758514308,35848.649079565,22555.623770297,40687.1941650327,165292.680301589,114919.733130584,56849.491891327,35999.7630149299,22740.9096865446,41438.5390096595,162833.716938767,113953.185097438,56833.4520529709,36148.6612231674,22931.1521136997,42207.7563972594,161534.803862117,113377.233822538,56942.7651533558,36382.1678218956,23182.0104340467,43120.2305495925,160485.636363916,113056.927644773,56994.4723071575,36548.5348620868,23385.2687173631,43977.9709206795,159187.149629035,112638.069215053,57013.9678809647,36644.4969319346,23516.1227995408,44677.9847445928,157854.178782314,112256.475973416,57100.4399537974,36786.597685175,23663.7411798128,45349.1051907311,156258.13551251,111680.209834781,57122.2974340785,36901.8424189358,23797.8873411499,45953.9027154988,154614.338316085,111070.065867311,57135.9926226863,37023.6937303839,23944.6221235535,46576.788974713,152894.203214799,110382.811408666,57111.3335174005,37126.5212444699,24085.1016350437,47203.0040108264,151114.530099599,109645.588490577,57054.5133280081,37209.8261189528,24216.1213213294,47832.5918825804
382,376473.576677429,97938.950031308,23302.0768203633,10652.7112905586,5233.88970726675,40788.8880114852,352554.394233985,84835.8240321311,20844.760592783,9870.35068161304,4931.74187751167,39311.6986397271,351806.448541295,84110.9563378275,17516.4196301406,8471.51494355232,4487.52960181137,39437.5072549405,351940.068600446,85614.5765103384,17057.0434873308,7697.95282558784,3965.11066838824,39524.757136619,351824.230644238,86596.9390451577,17295.9153034192,7645.17954827696,3807.54913921042,39715.0060222579,351332.969861508,87395.3251233501,17549.8217700254,7733.37906520922,3809.19118902173,40068.356158202,350761.81745545,88118.2599087026,17790.2746197316,7837.63514927241,3846.04196948985,40510.1137669515,350150.008712408,88805.6779111035,18020.8790580367,7940.4606234766,3887.83783533328,40976.2882871714,350059.047114799,89507.7596928095,18246.5757775509,8042.00330801212,3930.33396966616,41472.4061870605,349621.446423014,90200.1123742134,18460.6170912004,8136.10496949608,3968.94255782422,41941.4727489682,348960.08562048,90849.515530591,18683.7246304215,8234.50447025221,4008.70714347093,42395.2925111839,347999.352610265,91445.867040411,18902.2337367907,8333.71088548335,4049.65020270624,42828.3437419825,346937.220830627,91997.6854444592,19117.7997326261,8433.15416895448,4091.44686379434,43248.4906077326,346419.521290952,92568.2943210568,19327.7726945937,8531.6509666171,4133.88891330332,43691.8762251959,345428.47331041,93115.8263584457,19522.2153503673,8620.32186261201,4171.23021579804,44095.9711408165,344113.802828844,93603.1056804043,19726.0890777185,8713.52350746715,4209.65021775477,44477.5825499989,342498.777548795,94026.8308589712,19923.7810588436,8807.50263055865,4249.45661973771,44837.7140119881,340801.455400593,94404.6945393957,20116.6702731249,8900.82789784081,4289.8018342566,45184.7762972129,339673.307776062,94805.586787224,20303.2002837561,8992.61403682416,4330.40397156037,45556.8671457971,338201.689330739,95190.1239622624,20472.6600510599,9073.48462083766,4365.3086521843,45893.867306414,336463.279085623,95523.9306509658,20650.140873148,9157.69570630588,4400.56439269577,46208.4018767213,334305.910334335,95783.0589394727,20820.5692199869,9241.96111857862,4436.61921371248,46491.2366035384,331997.181994753,95984.1605935415,20988.0370774901,9327.16369391717,4474.05575180022,46758.163311198,330159.062346826,96197.5395283693,21150.1277683766,9411.87637730227,4512.52017330605,47045.609249358,328124.067168943,96394.0972428241,21291.3995342388,9484.79798491524,4545.33959363051,47305.3104277169,325632.138408917,96527.3627274835,21435.082383783,9557.21982564562,4576.52349158077,47527.0622546772,322901.999597971,96590.5260439864,21578.4171868244,9633.28402226735,4610.04279538559,47727.9161968821,320491.342888569,96640.9736292604,21720.1868107837,9711.28494325872,4645.95196787698,47935.8387847504,319763.888884154,96852.9576523704,21860.8443587145,9789.49053934624,4683.5624630028,48240.2805476513,318903.831495247,97122.6692677649,21965.95507503,9841.80674189966,4707.1541024208,48504.5047964328,317860.55690872,97382.1599824114,22099.7591929051,9902.83951521932,4731.09314490839,48747.4264805904,316515.875074106,97581.706268165,22234.4272135045,9970.30827582228,4759.35635333586,48964.293913742,314890.73170768,97721.2304462049,22364.922662243,10039.299156798,4790.34181713228,49158.422360954,313112.831635546,97812.2592102976,22489.1249874037,10107.8340185001,4822.65242108873,49337.5660854747,311203.234508846,97863.0794108541,22604.1486957743,10173.1542744256,4854.37968203054,49500.9057274952,309176.553379613,97877.991875099,22711.7012086447,10235.2981449999,4884.91269514599,49648.7754094516
383,386703.703176753,86668.1245489268,18042.6707875214,7679.32038210502,3416.58474024272,13197.598612182,362013.830099448,76258.2306742229,16213.2917521045,7133.01307559226,3231.90054468389,12793.9671207193,362702.393350235,75369.9728336315,13815.9304030047,6174.17375801858,2936.97579835937,12848.0424236536,363399.855323132,76637.843636655,13385.9957761785,5567.79591394495,2557.33338701469,12751.7028349988,363631.676141679,77464.6195739839,13533.8913693861,5509.61718691526,2436.29275297165,12708.8311745827,363421.261991827,78148.3957304578,13701.6805480484,5559.1686272434,2430.95191534025,12783.1355799789,363111.289548993,78772.4171783512,13864.0161638279,5622.51914044144,2451.35769984197,12920.2503917273,362760.858548559,79365.0791253071,14018.5790737969,5684.9686548712,2475.34454633259,13077.9853327247,362938.150924249,79979.3935067783,14171.4375699535,5746.80374042357,2499.69045953763,13247.9155238559,362772.444210771,80572.3759260678,14313.5218077789,5803.00052298517,2521.37619847303,13410.0461264063,362368.437222538,81132.2606017075,14462.7095849954,5862.11082902577,2543.81960652729,13568.2809679633,361656.765250044,81640.8284400391,14607.444965432,5921.44379211891,2566.9278292126,13721.4350093233,360880.657360929,82118.9267180498,14750.5138396155,5980.86581912754,2590.50406700453,13872.7082344068,360631.583448027,82614.1219639661,14889.4182951343,6039.15043079725,2613.97898009486,14029.3891370785,359906.569502622,83076.5675549028,15014.0241880718,6089.82836290508,2633.85843517986,14173.47267673,358820.246298847,83489.5663931306,15146.1325112868,6143.57456746045,2654.42344950546,14311.2049194924,357476.540596195,83848.2417663173,15273.9035231675,6198.06301857875,2676.01828470979,14444.6068263094,356028.48457056,84168.5272424905,15396.1870839461,6251.05100460972,2697.47492122227,14574.6971379864,355207.093008578,84515.8270758645,15516.302502382,6303.38140571539,2718.89716717844,14711.8734429339,353972.061213067,84832.6850370396,15618.5061121282,6346.49178177822,2736.00842263665,14835.7549501023,352461.034402854,85110.8636936484,15729.7792370747,6392.7904712843,2753.66560348766,14953.6350381047,350567.700140444,85322.978564502,15834.7631723201,6439.10821941859,2772.00236920089,15064.0828889418,348531.102575744,85493.6777365459,15937.7699784593,6485.6645072443,2790.97906867347,15171.2715450235,346976.355431401,85669.9815540328,16035.7411581154,6531.06604052042,2809.95731307322,15283.2375964739,345203.985571853,85826.7816601902,16116.5090327251,6567.63188559339,2824.94041822099,15385.147104768,342933.181544807,85930.1768509358,16200.1213009827,6604.33131684462,2839.10627530299,15475.848392726,340454.250207408,85974.4413779983,16284.4995401547,6644.01493487247,2855.04497756959,15562.2238840138,338321.618594468,86021.0634683481,16367.5828040187,6684.70024129355,2872.27768352553,15652.0324979533,337849.442548164,86191.5159965409,16449.8379748516,6724.5944739293,2889.54218489106,15763.6948988421,337213.060608854,86405.5271942193,16503.2123920725,6746.90869305472,2898.10809600208,15859.2434535088,336385.043443636,86628.0278100023,16584.6726439938,6777.87486473159,2908.14641959245,15948.6559935566,335239.72332381,86797.3750058467,16668.4140396699,6814.7224198689,2921.87895139774,16032.4051527623,333807.073481296,86914.6166314445,16748.9526831496,6852.48459429396,2937.34968812356,16111.4865741617,332246.992543731,86991.2436716405,16824.6909204882,6889.62343660104,2953.35983707929,16187.5676107743,330542.377033273,87030.0528265055,16891.5727729639,6923.48562387121,2968.36339205931,16258.6460482223,328728.955489097,87040.3879295982,16953.6320988798,6955.14981633063,2982.40835461766,16325.1097719918
384,182066.85177669,119634.073553393,61051.3717817422,39193.1254932163,25031.9694323619,60748.770025699,153702.399762262,102950.938961415,50957.5121890345,32591.9931873213,20838.6146036384,51344.5387727463,162973.543343521,113171.218848195,55565.3136690614,35602.0869484174,22839.1035038477,56326.9814009954,155178.758958158,107039.242561746,53388.8778854998,34099.9831925423,21869.3743158325,54486.520160582,157230.914376966,110567.268659251,55257.01186993,35404.4193946984,22735.0434968821,56802.3520393906,154173.790126127,108747.291551699,55141.2264494532,35440.5779177552,22795.5206576927,57116.2567012536,153334.222396772,109249.980620311,55777.7025152692,36063.8756916332,23304.9746202767,58519.2558778612,151720.053084303,108782.003075742,56090.077783009,36431.4637115773,23651.6281637629,59677.9938823078,150554.943699214,108609.238764673,56423.3280154221,36834.8277804056,24029.2051411808,60990.6293121147,149407.367266759,108492.342636917,56760.9433342506,37211.897611149,24384.8053104655,62333.1265038068,147941.43268662,108135.45350098,56989.4845208651,37511.0790461602,24679.8582153631,63542.1473884161,146510.195013574,107842.485028775,57265.872998513,37846.1990309136,24998.4789239607,64812.0358838285,144894.866127361,107344.450164337,57453.1921101745,38130.8956255642,25287.7418396446,66015.9310715581,143709.440629809,107037.031258506,57709.2606531387,38468.9401694613,25618.9839977244,67360.7695767882,142304.395234258,106627.987626613,57856.0653097353,38722.1303808003,25894.0480524844,68606.2304836803,140674.624082759,106098.632295986,57967.6430380659,38939.8535160302,26137.3510879814,69776.7090794333,138993.885484491,105517.471557433,58082.6435644408,39170.3627961596,26389.7971283664,70964.9320299796,137188.98643123,104792.401731745,58122.6569516959,39361.4267751621,26622.8958270996,72114.1831004368,135804.428064573,104236.64893675,58224.373063378,39599.5082909173,26894.1562320417,73407.6574094698,134277.943805977,103637.542577013,58234.684816683,39761.9448574716,27113.8187562609,74616.0628102531,132572.438842199,102922.566811543,58205.3967004512,39881.4420337503,27293.9920527685,75728.8971034118,130778.197605916,102163.770664074,58174.6786875405,40006.9677104016,27476.5751488318,76837.322941763,128819.10708988,101235.853489544,58068.2132329843,40090.4946652003,27635.3627441608,77880.74537983,127188.445153904,100431.436961027,58008.9009951454,40215.9823344443,27830.5503960775,79056.9777496724,125545.179459165,99644.3447202663,57894.4829610607,40293.8101926837,27994.9976274644,80202.994992547,123603.007084582,98680.9547662089,57689.4375394719,40290.9621212186,28094.4561185839,81186.2588769617,121624.365047853,97678.9495628454,57498.8133536722,40303.3582797282,28200.9406100367,82178.9391525326,119755.891100358,96633.866150486,57286.1414481715,40312.9253533242,28311.6666184045,83192.0799228508,118819.208314756,96027.2345515536,57236.9759028642,40440.8885684127,28512.4388132699,84527.2421645463,118002.787949591,95632.449504868,57150.7709833663,40500.9925619193,28656.709056771,85775.2107279762,116923.290232385,95086.3967341586,57006.9613141519,40472.4737608291,28706.2170687586,86713.363164128,115852.634560884,94606.6951923811,56951.1459294965,40510.7181744992,28788.6335443597,87642.6259489684,114615.053183999,93977.2899743963,56845.6395513421,40530.9317384145,28862.5911190484,88462.9489113354,113288.836613065,93261.3000495215,56691.2165596443,40531.3064709424,28932.9896946232,89240.2252747972,111965.140426198,92541.2405188262,56530.0660719745,40531.381993591,29010.6569742133,90053.5229448781,110576.209083148,91751.6509789437,56322.0406548508,40498.3890291731,29067.6590904424,90833.6444099564
385,138038.200864387,111481.624790404,71590.1152147048,51923.3757688601,37350.1578580057,96499.0562583191,121674.130898173,101068.387065795,64019.4514717703,46593.5345219172,33651.1787950725,87877.9460313861,109782.700788822,90742.2880509091,57667.3336108056,42395.2624989529,30835.4066540781,81323.1142216753,118600.177611391,100513.731741381,63796.3285250892,46878.7738237975,34386.5153045915,92725.6888094001,114192.474525496,95714.7884064164,61725.155930968,45467.3308019993,33388.6975263287,91945.1870880194,109971.87685816,93086.3183443752,59752.4479163392,44210.6734743173,32592.9934740868,91269.6334911848,112241.638687422,96084.8817290649,62282.6015056403,46090.3312439781,34038.3229865257,96780.8590015848,109949.517177831,93992.726823172,61582.6708404719,45816.8372322078,33931.1499228559,97719.4085990118,107668.991040473,92493.6291725021,60719.8491290922,45396.7213036077,33783.3217861164,98587.7915869068,107904.112600255,93322.9917266973,61618.3188359696,46178.1595879362,34485.927788598,102070.670956956,106501.610127068,92323.2435504587,61387.6068142945,46170.5441001802,34587.2674130507,103762.198576826,104654.577595852,91161.7976708218,60869.3980010921,45949.390824059,34545.4383579406,105012.027699315,103761.032262132,90895.0645895056,61054.4924727094,46224.7948018383,34864.6477556131,107388.457013668,102692.940122062,90183.1661425907,60965.5460070355,46326.2885262038,35055.7674530633,109387.199325076,101350.442025931,89348.2597252984,60645.7660162349,46247.9225478579,35122.0175436531,111043.310806334,100121.346841038,88697.2386983542,60499.5423996342,46263.4093577302,35243.7429788945,112907.832551603,98773.4306620627,87884.2001427506,60296.2234511068,46250.0042626513,35336.6858877152,114664.720438204,97254.2289061676,86892.2929100437,59953.2892307889,46145.0708896223,35369.1627198056,116230.975355738,96039.2517731439,86062.1117194122,59695.3523680634,46105.1936498092,35457.2550584942,118026.671434211,94935.2459773453,85382.2473680851,59475.0747697835,46082.4095110714,35557.6523633621,119926.198613826,93569.5076080794,84474.3896863054,59113.1218508847,45928.4094305998,35544.6669991008,121467.956323392,92088.7548224686,83498.079658339,58716.2669571081,45749.7767182195,35506.0582773304,122901.556530189,90606.5866073924,82503.7648266737,58335.9112298266,45590.9030213384,35484.695720109,124384.197196728,89266.0921917025,81510.5301050749,57942.0569472007,45434.1516999045,35472.2976554017,125921.403922031,88008.4291172767,80625.5197839942,57548.1388272261,45269.5355310569,35458.017571257,127511.034529009,86576.893467702,79634.3769914252,57086.6002758146,45027.3571233668,35372.073276916,128879.642162666,85000.694315117,78497.609284654,56555.5112464866,44731.5791639784,35235.70804394,130048.677379983,83532.0777634545,77388.7850603311,56046.3566094882,44464.6823228893,35125.8383566753,131306.834962759,82664.9642338691,76589.5232724969,55694.4736285545,44325.4888766626,35122.7596825898,133003.433611246,82132.9629088522,76194.2042993595,55471.8311553741,44255.6937252257,35168.6400850668,134947.913339611,81371.5263686525,75645.7215242348,55161.9024408001,44058.5562565195,35079.3854560352,136335.404734855,80434.7987013082,74977.3170922467,54811.1798265677,43828.1408942408,34940.7762464487,137356.9752577,79528.8872497676,74360.8299378997,54542.892817656,43679.8266006514,34868.4172621189,138469.025405971,78588.8748268201,73680.7428706436,54251.9126932263,43533.9829009119,34809.6439022265,139542.821593211,77554.4452228675,72894.0273585823,53867.587739919,43324.4919611297,34712.5769461263,140451.191211823,76503.1990453277,72097.1708423232,53462.6248407748,43095.7228065862,34605.0758839504,141351.449807071
386,110158.25704188,98695.584152543,68310.463788953,52010.6120390779,39315.6805376752,120522.964741126,109745.242487577,101168.40107459,66610.7554956418,50658.6453723686,38358.3885772856,118797.039347718,87212.1627952372,80096.0484661566,52530.7269540513,39654.3656449206,29895.04927591,92785.4300705264,96053.3322022165,92208.9459941075,60719.6680634032,45569.3037188196,34290.2689335349,106669.371495942,99609.6171793557,94360.9419158255,64219.0736066635,48456.2665210211,36415.7576538483,113544.480210946,90202.5228521012,85079.2693837074,57552.8444888236,43947.8062672812,33291.7325942248,104339.650046436,91043.4141804248,87648.4781334122,59321.0501596572,45265.1366865512,34452.7779923273,109227.874846169,93312.620504844,89889.9934473503,61898.7009329293,47369.4610642842,36109.6643058966,115796.016521184,89518.4558087734,85921.2680556809,59360.8622797089,45764.8884192081,35064.9926495152,113770.911838907,88109.742456554,85342.7602697919,58942.0671518649,45548.1620504798,35059.8786416938,115369.948176366,88880.444913072,86528.881924558,60283.4643667436,46658.8547161874,35992.7965550094,120101.979309347,87248.7836108332,84986.8496879256,59575.6522058016,46313.0455861706,35836.1295809201,121138.729226539,85306.142033114,83504.6396716168,58704.9494191987,45789.9667898208,35562.1692823752,121824.861309093,84946.5865638709,83510.8803599921,59051.8250462264,46175.4945919304,35965.6212504883,124880.6507547,84249.8134052443,83016.7324247529,59016.4500881469,46305.1039261913,36175.174977519,127287.746719479,82691.6131304577,81753.9063677074,58338.4869056747,45914.6086828978,35984.5072189733,128318.381261764,81486.5236634001,80947.145270535,58031.9427157424,45790.5705451918,35988.3219873572,130045.065309314,80523.297480983,80293.7829548802,57904.9552179951,45826.5001564175,36115.8277055207,132213.613453316,79400.051684889,79311.7682024596,57483.5304719787,45650.751994137,36090.3481868426,133857.464432399,78303.0779941023,78477.0767986614,57064.7450617773,45454.0667385545,36050.1873690955,135518.078259478,77271.9468367533,77722.9963473989,56759.5288916786,45317.4585372967,36038.8189254936,137313.016982697,76081.6202832739,76800.1509873393,56351.5898006214,45111.6826456975,35966.5509966564,138844.486646331,74737.9727066772,75716.1098595625,55829.8726704835,44822.9219792983,35833.2479659833,140124.698844047,73579.1397615468,74726.8799502873,55365.602599287,44585.6547912065,35746.3948542945,141608.716025359,72585.1173065947,73922.3716614292,54977.7369225634,44403.2507755456,35705.8552116957,143332.729745012,71409.9178543828,72975.4469354907,54486.5712365251,44116.9651403427,35572.4395145331,144720.362404914,70055.5646479009,71837.4067790834,53879.865628325,43736.3034367893,35354.7743527945,145746.65460994,68782.8981455116,70742.0554012808,53309.7893485073,43394.0909724977,35170.2174027706,146891.665261823,68029.2855369412,69940.0174347456,52906.0991183753,43191.6973452177,35104.023504002,148560.184559332,67600.7053149406,69567.2326532718,52663.2622152403,43090.3200046578,35115.5604740585,150618.77932706,67007.1116735567,69075.3713186508,52358.3704962061,42880.678907066,35005.5561107266,152117.520384492,66207.6487251346,68409.0974589492,51964.456292245,42597.8265400773,34812.9061880071,153066.523057888,65412.0207543956,67774.0411546306,51637.5768330457,42385.0708480352,34677.7063719224,154071.912205312,64652.3478169259,67144.8400358504,51341.7777727721,42218.6850371604,34591.749931294,155181.762990685,63821.4216793309,66426.0716852151,50962.1532147625,41995.824735348,34472.9008632714,156122.79676671,62921.8164946975,65638.3515754354,50516.5496185799,41715.8368810266,34312.6175794098,156908.450359261
387,252618.438902329,162040.249034983,64230.6211801793,36038.3619686417,20060.7976410762,31488.5764830892,181432.191679924,107692.038247263,42079.3454019576,23709.1244398518,13257.0514406393,21802.7551866786,239330.800962529,154763.718845918,56664.8932404124,31751.0290059146,17814.0741759866,28704.1279845229,188553.56963974,115892.169512527,44378.8247588323,24552.3745540684,13732.375395524,23054.5531049091,230748.669638502,151966.649892988,56295.4986320477,31121.5678972839,17282.0371151261,28316.103668459,192647.883020444,121948.928005113,47614.4686533139,26348.7235999719,14622.1741108124,24354.3818589987,223885.830912417,149314.814342626,56915.4012886556,31794.5368700732,17739.3491793712,28872.5309467438,194497.652909122,126007.638760916,50116.093666657,28075.2107482036,15743.4758705295,26136.4014651568,218342.030423693,147340.790197092,57523.7894793719,32500.0532147705,18337.3517516104,30103.3029441245,195629.05020789,129180.502095177,52214.4542485123,29575.2996981504,16770.399261309,28094.7753961425,213477.174443462,145829.142037954,58109.1883207849,33151.7597589644,18895.6459881975,31457.849968777,195430.223306384,131550.152301212,54039.6481723664,30905.6830775164,17694.6252841492,29980.055646014,208404.610350462,144283.345016824,58718.2032770274,33823.028946434,19461.9516573104,32843.0005970387,194652.007291549,133328.067576438,55710.828527805,32185.969665575,18609.3792900344,31895.9879055342,204106.553710612,142979.06400053,59320.7961947676,34505.2717694835,20050.9367265017,34331.5072496747,193149.410974993,134551.547658007,57082.3543423818,33287.9092521855,19430.1061328864,33741.4811713588,199290.045529951,141540.789331725,59868.422141503,35133.866483901,20599.8410324055,35783.3648779551,190569.161997369,135054.416062261,58289.5334225939,34318.6767900389,20216.0862775796,35551.5290291547,194700.392842423,140051.940580938,60415.2404795641,35800.5304072511,21191.7035886275,37346.8638917758,188243.384527658,135328.772616249,59333.9618681304,35278.0845759032,20984.2479357674,37429.4234670506,190295.407959436,138630.926467325,60822.9765028188,36360.24101723,21722.0203985473,38896.6273624511,185009.868156695,135103.631283346,60174.0852604901,36088.4607459889,21652.6067133248,39184.7518524211,185250.99687692,136850.477331442,61167.0838805379,36891.5000959218,22231.6227203332,40410.9108011723,181344.87756031,134386.113153708,60883.4441792087,36863.3788495848,22319.5032653062,40971.0132530815,180817.235700928,135178.363663153,61482.8733963551,37432.4039124758,22770.6210945468,42058.7400183785,177443.225943342,133358.974600959,61323.1873607541,37464.8772645254,22891.6445690576,42699.1220898328,175794.873132535,133270.059016572,61661.7062465441,37856.898355334,23227.1292651224,43613.3114247186,172898.66595156,131796.91066706,61642.8251514125,38002.6275515751,23421.6188916817,44371.9665163462,172016.197910705,131681.248198323,61959.340002148,38395.1404269311,23772.8702806123,45380.99674963,170681.247398124,131043.71901145,62017.6900877766,38569.6267805152,23987.1828230815,46246.097499235,169676.054358153,130905.808844906,62166.4549051771,38771.5620150965,24189.1683045326,47018.9475445246,168257.526515926,130406.033149715,62311.5452625277,38951.8669393001,24365.3584308062,47727.568111842,166767.257869782,129924.49502007,62414.2950287421,39136.9544058465,24546.4693903494,48370.2009662114,165132.031790057,129293.565849667,62525.1156016569,39326.5002065777,24739.8029810958,49052.1953650549,163437.039004819,128602.453239552,62564.3621770085,39489.4157103202,24922.424128069,49710.5284682928,161682.173598566,127862.317409887,62601.0643076433,39644.2661377678,25104.4989375429,50402.3922201144
388,228244.180777711,133965.224398014,59830.2489157441,35667.2394046633,21192.8749699413,43602.1115165511,200542.557086045,121968.041325641,54563.6130557668,32657.7815777522,19487.0276386263,40405.136098853,204022.380247991,125340.471489561,56113.721014625,34041.9978412099,20541.6943555197,42619.3286494496,200172.840881769,123944.110504324,55808.7480302163,33784.6192706985,20530.5688082075,43409.1160276034,199332.951070576,124741.050568179,56487.4130649844,34267.4358844923,20829.5835350955,44421.3111067145,197451.455968372,124708.839300832,57122.2784441324,34755.1615456205,21174.6849698491,45405.7449086846,195601.760336647,124555.726853471,57566.6345247085,35222.0837793063,21545.1838275613,46334.032899297,193925.833042763,124555.465754599,58111.518511384,35725.287876196,21960.7905825126,47459.8670253843,192412.688915648,124399.155217976,58537.358722827,36171.6352683328,22341.8977364175,48546.0758693976,191011.65975374,124420.097608796,58988.5832014616,36614.4842917228,22723.165102629,49699.3817392711,189266.331255245,124204.420078295,59346.118548235,36990.370730423,23053.284614294,50748.572856763,187500.826660317,124008.508148148,59735.6324948832,37390.5830831029,23399.2108851769,51834.8078852857,185518.61138506,123620.188224758,60047.6513321585,37752.6323846443,23725.5345637095,52881.0271667952,184016.380166696,123384.607661569,60417.5315589565,38157.9272282774,24085.5852194059,54027.9312787602,182318.414829557,123069.537711274,60683.094296548,38491.3436613733,24402.360343912,55118.7161473627,180344.686831825,122634.698784323,60914.697414871,38788.1737049621,24688.7947501279,56151.1141889608,178257.477494923,122111.089888143,61141.2865980772,39092.0206156863,24979.6712929592,57188.6099380936,176015.524641321,121444.912518858,61303.7302578312,39367.4563129858,25259.8036256687,58210.3969468314,174253.95377807,120915.587685943,61515.0137819169,39680.6563595462,25570.9689883237,59336.6005886617,172382.437310212,120364.612351092,61637.1324466433,39927.6117918015,25841.1910854269,60417.4972876891,170283.507667995,119694.090346556,61718.0863591463,40129.1584760015,26072.5782693746,61420.961524712,168047.296426323,118952.625265623,61792.8486058628,40333.6290950262,26303.7541832829,62416.2914234892,165613.128937471,118038.484329446,61799.1418315705,40504.7031013162,26518.5895202414,63373.4462278136,163541.09650188,117223.600682952,61842.9966931757,40710.0964865057,26763.5518371492,64428.5732708503,161488.134440324,116424.70779232,61826.132950924,40870.0697553089,26982.1458861504,65469.8262361827,159103.939017745,115471.300236966,61728.1292286774,40958.0129740934,27145.5421289248,66400.1107124163,156620.195856518,114436.510551588,61632.7476941638,41050.7916010816,27307.9860433136,67320.6143779885,154230.416830607,113352.419936518,61516.60232825,41144.8183505103,27477.7581482371,68264.7560226037,152931.38585438,112672.128414943,61542.1836586734,41338.010537181,27721.2548066739,69438.0121453826,151910.430659556,112275.654665632,61532.5374534545,41474.5767618236,27921.6848890625,70577.9865893837,150595.367834871,111745.73176012,61461.5162070764,41514.5973100614,28026.4091391667,71463.2923777391,149273.299109002,111276.910459763,61477.6657067815,41613.6640085518,28154.2516350757,72322.4014762791,147712.658923922,110622.670036856,61432.9190382017,41688.7611008711,28269.178615034,73078.6999655709,146075.535277126,109902.252678368,61359.7697901179,41759.1570253371,28390.8462489861,73826.9394404621,144401.902483738,109141.238719151,61263.1442812902,41819.8434447763,28513.4422203795,74591.4109650125,142651.026346523,108304.700762265,61118.8032000885,41849.3693986658,28618.418329452,75336.6753845765
389,316413.663222441,69232.7621760137,15379.8959377293,7018.35691715108,3560.23009242898,35453.400626738,298638.88489351,64585.2659151711,14654.5765999594,6864.11410663515,3510.03862236673,34948.5824365172,296347.052738889,64831.2662058178,12983.799727713,6080.15186281624,3250.3202572477,35078.1364534703,295178.91059899,65271.7833808632,13038.9776749192,5840.38415907733,3027.05376374866,35245.8063813849,294158.712976146,65585.6591360764,13166.5995605913,5864.94769321617,2991.44286332693,35519.721037296,292945.110222822,65865.2781543052,13277.9083972984,5909.17798445905,3000.41322848302,35862.5905968673,291690.581608593,66103.7110699744,13382.7227240799,5953.33230161753,3015.28410609094,36228.5146092136,290422.410891282,66327.7716452887,13482.3043688,5995.48919782085,3030.19025227505,36596.5449995878,289598.460374869,66556.5296080307,13579.227918333,6036.92406176364,3045.09900640123,36980.266047139,288660.795292299,66826.7580851365,13674.684031106,6075.98836313434,3058.59131322717,37355.7006910219,287526.191958497,67065.8138054677,13777.9541679976,6118.35114356967,3072.79115423139,37715.778240253,286171.462558058,67266.4815504054,13877.8825934713,6161.52723559278,3087.94743453218,38059.8316805263,284743.231805375,67431.0656643789,13974.4872131012,6204.23440664342,3103.4373370868,38392.6643756121,283748.534642371,67596.4662357986,14064.747011671,6245.3427829212,3118.97059060824,38739.4025684894,282517.655981443,67798.9663084615,14152.1531918917,6282.71517490485,3132.36320184993,39070.5061599509,280983.933311897,67952.4779869116,14247.1886962288,6323.51403328153,3146.38022084162,39379.8044701605,279265.164716751,68055.5799331951,14336.8917306061,6364.76482874901,3161.38940257495,39673.3542454254,277456.843353506,68126.4955505821,14421.0533107047,6404.29952693408,3176.18045186851,39954.0602230678,276130.553408525,68198.2562783036,14498.6983888487,6441.96332692745,3190.70961526498,40251.443829484,274608.980268841,68315.036406396,14572.6939968246,6475.09621265516,3202.61599046574,40533.2777489347,272903.035890509,68391.3429779051,14655.531866576,6512.0766776659,3215.23280817621,40797.848973543,270907.310238581,68426.7166839948,14733.5008696849,6549.34412378511,3228.6531985971,41040.6487058202,268782.935472998,68414.2053796544,14808.2270666716,6586.40116597703,3242.4943926446,41267.4313105268,267035.886469743,68393.9771579544,14874.6209064666,6621.32914577428,3256.24466828213,41505.8481287556,265207.868660118,68409.8251367657,14935.0121492576,6651.09052499763,3267.31353164472,41732.9177051643,263033.268583539,68393.3688006966,15002.2285407381,6682.9084754134,3278.14393163331,41932.6759829087,260682.579969011,68318.421673219,15067.6899222439,6716.95093907217,3290.53732983988,42114.3127534377,258610.318877171,68223.3556236553,15127.5915094817,6750.2138557106,3303.65302401622,42298.4523011994,257798.628436038,68205.5313064251,15177.3270296222,6779.44287890503,3316.02475784017,42543.7509372397,257048.862594023,68339.0887961902,15225.231583989,6799.98456982203,3322.76752180191,42784.3262464828,256163.435935025,68463.0492118916,15299.186443802,6830.27447317772,3331.46173590721,43007.7061814296,255061.987411907,68553.5593545406,15374.8236786335,6866.11237663494,3344.08586993256,43212.5446246292,253737.045854158,68602.3111613044,15447.5414373473,6903.02271270629,3358.69113625311,43398.3115524595,252305.043801103,68613.4974661704,15514.7800354641,6939.14802389617,3374.03662278217,43571.419256572,250773.738724323,68600.9995554214,15575.7112617892,6972.8246907725,3388.82771024168,43731.6484966979,249154.149662503,68566.3829769101,15632.4017783176,7004.62831162517,3402.83168202695,43879.3471992595
390,333395.713159509,91116.0529321668,22296.734083529,9997.70566459201,4611.41851932796,18567.2242104338,314508.929925882,86836.2894415122,21687.7141479032,9903.3898300968,4602.59103868397,18241.8225951359,313833.544375249,87759.5245091585,20479.3755716053,9378.62829692298,4464.88111889149,18412.9849552198,313843.764740757,89058.7199658013,20744.1992696065,9211.32982522542,4280.40085556399,18465.8457892948,313517.85721836,89955.8841475314,21130.6432229179,9355.03230309429,4287.83991228424,18557.8385586812,312815.45138428,90736.433420637,21471.7341420042,9525.60875633689,4358.79366051223,18734.5230449607,312049.750810926,91464.3395633844,21801.6239687408,9695.9717428393,4440.37981844465,18955.4412313895,311263.155845791,92161.7451896987,22121.9306595518,9863.11613968865,4522.61055241864,19188.7013083775,310939.441036015,92880.7655393846,22439.7988922924,10029.7213764313,4605.21201031469,19436.601054854,310327.31305576,93577.8276250948,22738.5959715057,10185.166862958,4682.34586445201,19670.3358531503,309475.057853635,94230.6740221135,23045.9539356923,10344.4710910492,4760.46194995327,19896.1155677524,308369.764686647,94824.4652471472,23348.4524264782,10505.6369971956,4840.78116842533,20115.0045259118,307181.557732118,95376.9826279007,23649.0479974113,10668.30495323,4923.14988874221,20331.1824982044,306478.817785695,95950.2852728759,23946.2125204276,10831.6486629154,5007.12223187407,20560.4699584079,305351.544678112,96483.6402409444,24216.3807149378,10979.3625904639,5083.59977292434,20768.7953640611,303900.594668164,96957.8332533065,24497.7577465033,11132.1061441731,5161.34444259667,20966.6796008122,302200.798451797,97361.7987738266,24773.1010152492,11287.5035644737,5242.11350206014,21158.2059656304,300417.043242428,97719.3573474568,25042.9783958422,11442.9337860243,5324.58442769221,21346.7558652574,299197.285198781,98108.9800167031,25310.6383558324,11599.3643421411,5408.78409845642,21551.6607920933,297601.083211725,98459.1164712121,25545.8118815009,11736.6768193667,5483.60691624917,21733.8448491012,295778.242729073,98762.866774877,25792.9881796905,11878.602271471,5559.10026420518,21907.1204996417,293593.608474927,98984.4855981816,26030.2516354091,12020.8044003877,5636.28308474739,22068.2856885959,291276.10505284,99147.1675314862,26264.8071659481,12165.0717669278,5716.19274387467,22225.8672885097,289398.600719678,99325.4128555491,26495.7537461473,12310.7557822365,5798.57321520986,22397.5377069597,287322.103581207,99473.8229365451,26695.3445016498,12438.5480190154,5872.52324441152,22552.9321890442,284828.174375353,99554.0202077027,26894.4067758377,12563.783543968,5943.66662635571,22689.5721923687,282122.540047051,99561.1361009346,27094.7753481375,12694.805311732,6018.75439957038,22819.9397977401,279754.358814138,99562.7960044319,27296.5857386388,12830.8808250043,6098.71439027159,22960.8425467238,278901.156783883,99744.1654728312,27503.5382087537,12969.8334253807,6181.56255099075,23149.9756258312,277895.738720064,99957.96826225,27650.3257318146,13066.1897771671,6240.85286801242,23305.5053619465,276776.378406172,100183.758617701,27831.2215847954,13170.1502998309,6297.72242803266,23447.5772819451,275376.245669881,100339.381689789,28011.1572251756,13280.4386234665,6358.59912987216,23576.7117501753,273725.58721678,100430.398386067,28185.3522664922,13392.4430283087,6422.8636036689,23699.1354836082,271946.875804432,100470.126360251,28352.2205025532,13504.3804027274,6489.14461358216,23819.0888153148,270045.834496575,100465.135166021,28506.8918370787,13612.0802077168,6554.73881232769,23934.0163416212,268039.90059114,100420.935726037,28652.2010853044,13715.8665611213,6619.01907178752,24043.2521855119
391,359607.606879123,101552.704199795,22215.1209778294,9738.31478692374,4556.5241073349,28645.4290347346,341633.509452953,93080.7072253577,20848.7209532452,9285.77722284823,4381.5384564506,28330.640714845,341066.078302958,91055.2383110413,17758.4763400852,8216.51907178212,4098.10731774363,28449.1493901936,340565.948325514,92299.3308605072,17168.094636338,7401.32168095537,3600.58862968999,28418.2077455919,340150.437232366,93107.7581857193,17357.7042578917,7328.92619499802,3440.8461025022,28473.097511041,339403.38779249,93797.1568671775,17573.9807427175,7399.15980980226,3436.16494487307,28685.8701428358,338638.716350101,94400.8035447662,17782.4733217058,7487.24331580615,3465.73463475962,28981.1180342043,337723.670897184,94971.5695388734,17977.3447815265,7572.59843344102,3499.57449223315,29298.0021834319,337309.699935401,95525.4751889885,18168.5740436571,7656.87017999843,3533.79139314187,29631.9049184269,336743.849992475,96113.267806773,18348.5985811562,7734.83344117927,3565.20886838338,29958.4330069324,335940.313398895,96655.7847154974,18538.6949994504,7816.41392697853,3597.20922562156,30272.5749330744,334831.613299022,97136.3848065761,18723.7908376979,7898.90234615556,3630.39039830641,30572.1343201331,333553.199685537,97555.3377793837,18903.9100378086,7980.81361073807,3664.04587233511,30859.8300540482,332718.135508493,97956.0349486109,19074.7054344488,8060.22653713809,3697.45239033516,31153.7420120334,331662.115773662,98384.3699212883,19233.0277715176,8132.01958374557,3727.27838001053,31434.9039253996,330224.915604815,98749.6898103554,19401.4817554811,8207.35197688586,3757.48029319469,31697.4379735251,328541.709900984,99033.0922462283,19564.0272608794,8283.99685327936,3789.23441297279,31945.1191769971,326633.655028235,99257.8153299447,19715.9210925266,8357.63930681392,3820.58194167452,32178.0544339614,325245.988125894,99462.2388297665,19860.0272848183,8428.99105799323,3851.50572783788,32419.9409083135,323675.185654153,99707.8729603025,19990.0084375452,8491.56211253643,3878.27617947487,32649.2823593087,321875.325840825,99899.7574330397,20131.2885127711,8557.97405552245,3905.3851452664,32863.2184492494,319704.662709612,100020.116672885,20264.3647614646,8624.31555898149,3933.37949675908,33057.5907281633,317270.775399081,100058.908992883,20392.2965390784,8690.16328368925,3961.89571635376,33234.4979272525,315236.003550364,100065.94427179,20509.0555009975,8753.5271085574,3990.42616254055,33416.552012055,313165.501356241,100109.981468456,20610.2474642818,8807.74988824555,4014.87033340281,33590.5379124515,310664.933884718,100104.798408271,20717.3073693741,8862.49596684128,4038.07013254692,33740.8571227346,307928.098283446,100004.372178902,20823.5079287781,8920.56591981962,4063.37018835181,33873.7082171188,305236.722551483,99856.6131375762,20917.9804967122,8976.37971998802,4089.15344633052,33998.2588707539,304038.733429955,99794.4813945394,21004.7972723596,9029.41234639217,4114.73748623117,34170.1901205348,303094.108289391,99946.5022161761,21074.6897296984,9066.22865394972,4131.65706760685,34347.3310467604,302028.027850376,100106.96467914,21180.2241427927,9113.14423372254,4149.23410319672,34511.6744376475,300693.114370855,100213.812773608,21287.9628946817,9167.10305118007,4171.35944795194,34660.3048980527,299086.147354462,100252.800879416,21390.7334726433,9222.10529356412,4195.80918221806,34793.3976634575,297299.327830782,100229.101041338,21485.1272416934,9275.59954173006,4220.9131949569,34913.3890624602,295416.44072809,100162.073966359,21569.8054552533,9325.81208290686,4245.33515278661,35023.2318758651,293391.238515132,100059.619617335,21646.4381225027,9372.44377680778,4268.3305063216,35120.7384907109
392,346041.732573254,110538.734498709,24710.5326391227,10600.7366186155,4660.58312529893,13914.4183414796,323565.156553455,104759.005073482,24013.7963998402,10402.2330102386,4588.9970628919,13672.0259333415,323191.219969694,104174.055279011,22125.6122800819,9820.50377679706,4490.01200102423,13813.6878235166,322995.423878516,105648.502840526,22087.8597751463,9379.73957262197,4180.62995065153,13752.1365158681,322736.463744403,106691.962916586,22493.9117302511,9477.54762969561,4130.29822737358,13721.0503239879,322215.843690764,107618.705872179,22875.9461629356,9654.65394401843,4191.15035015025,13814.2556893031,321564.531368609,108461.569162357,23242.4843771497,9836.97217944393,4273.58004431978,13972.7707077067,320813.840545595,109256.38667306,23596.5497172427,10016.3193464274,4358.68795492525,14152.7983960066,320469.224295051,110035.718789295,23943.6751031367,10193.6864996694,4443.92167027712,14344.0032955853,319986.400231339,110833.134006619,24273.5319995502,10361.5219663158,4524.97035680129,14531.2210937802,319291.052209608,111587.438717262,24613.9437598843,10533.0222427925,4606.66179018353,14713.4238384116,318302.920648649,112271.075868075,24949.6937995402,10706.6135351321,4690.57697739372,14890.8280983508,317098.511017507,112885.658190241,25282.0187246754,10881.5615346146,4776.49716663334,15064.8265983385,316361.275728781,113476.625360526,25607.0080058394,11056.3864336384,4863.86614791001,15245.3495005702,315370.947778252,114086.87207528,25906.4333745046,11217.3008700093,4945.23800178071,15417.6309172579,314035.658251708,114629.786717834,26221.8159246519,11383.4461779911,5027.39174222255,15581.4149447642,312420.052318647,115076.61807685,26529.0055156687,11552.5070225338,5112.82876048631,15740.8486233573,310559.018480275,115450.479739991,26827.4341624552,11720.3935483535,5199.54380897961,15896.2033811638,309213.522214272,115802.001090927,27119.6908464935,11888.4810945985,5287.74787626845,16059.5972758424,307683.652540027,116185.326833774,27383.41935602,12040.6764229942,5368.96174556104,16214.7101900661,305952.191888854,116510.828227159,27660.5478551411,12196.3099388333,5449.82502000356,16362.1586610279,303806.468956023,116747.110532749,27927.0120709028,12352.2639833594,5532.4106725431,16501.2918386843,301431.881084795,116886.897330621,28190.1639326372,12510.4595848081,5617.74869592197,16636.7315906281,299385.215856584,116995.097674801,28442.0069219229,12667.7192427371,5704.8443717994,16778.3140696242,297359.616600497,117126.841112084,28668.8208741056,12811.2751228394,5786.11234015946,16916.2192230318,294887.130583997,117199.389689644,28895.232724469,12950.818963771,5863.73491188738,17039.8004940377,292164.972443948,117159.071562509,29123.8628524423,13096.7850858744,5945.31719402268,17157.8221263624,289439.851965093,117057.976953784,29338.5858781251,13241.8919915441,6029.4070652768,17276.1240193576,288191.366101496,117072.04175927,29554.1110915495,13388.6090093617,6115.80593257871,17423.1866068103,287218.812676374,117299.153793078,29722.1981081457,13500.8611011903,6184.08684139233,17562.2721907842,286123.072312419,117534.38582994,29923.2501997263,13615.0762561574,6245.96655278117,17684.3878626835,284751.718094359,117696.628839525,30126.8234489397,13737.1646373501,6312.11065428209,17797.6164157915,283107.729072144,117776.538211701,30323.6904157767,13861.2353035653,6381.81463955939,17906.994122311,281286.440442914,117783.476579236,30511.212631318,13984.6285272591,6453.34856357306,18014.5020746335,279346.29972964,117736.863642006,30686.4612619064,14104.5709149206,6524.78215842621,18119.9589835705,277299.653300076,117644.923102167,30851.1048051085,14220.3020811708,6594.96092333706,18221.8838327025
393,381793.256225835,79934.2946510388,16119.3498645065,6839.98523252138,3040.31091212476,12210.1109110682,358768.748805891,72848.3698396542,15201.346661105,6656.35919615474,3000.31105074668,12037.7777364756,357665.937604135,73103.5477005901,13219.0971213955,5788.1843560948,2724.30016858569,12049.2687918931,357460.254084594,73957.6421682399,13192.1048455385,5465.65648587033,2462.32511384256,11968.9895987846,357226.550724062,74589.618119981,13356.1261695329,5483.49640129754,2412.28165766178,11975.4980239323,356687.319402132,75154.9776725363,13512.3808619975,5542.46317324433,2424.80360129309,12069.5348511061,356043.386996619,75668.3354425904,13660.7200720081,5604.09349905776,2447.86736210392,12200.1564105938,355368.63617652,76155.191606425,13802.6035272374,5663.61118926387,2471.63611917377,12340.7791806535,355156.446131348,76643.8395041699,13937.9538069865,5720.57601831377,2494.57250751008,12487.535475894,354716.604847469,77155.2668068782,14071.3692047379,5774.87204315893,2515.93432372381,12629.8010993112,354030.658883461,77626.7321031587,14210.9062676341,5832.28987578232,2538.22254829199,12767.6702004854,353054.004675196,78052.8125606514,14346.154931021,5889.83383982161,2561.21850567476,12900.881007615,351948.567716694,78434.9592229744,14477.0407580531,5946.36982708667,2584.20954331319,13030.5164929194,351331.081458986,78812.4998371071,14599.626949316,6000.0930142225,2606.39860370945,13163.4211960648,350336.158887015,79209.4958640465,14716.3192256588,6049.14016384857,2626.14248642793,13288.3250481346,348999.247872727,79547.0523367907,14841.4879544439,6102.12013148954,2646.95989626943,13407.189236654,347380.750068273,79827.2065217881,14958.8803355902,6154.56303287131,2668.46195361687,13520.9976552326,345632.149458498,80062.115980156,15069.5792066441,6204.68196818224,2689.39513368724,13630.5789446904,344432.222465992,80297.6013584227,15171.6864505807,6251.62580460681,2709.23756219022,13744.2269221704,342932.850620053,80556.8403331323,15267.7669365122,6293.43957234772,2726.31581464156,13849.7920766767,341214.923762216,80767.7980479557,15371.3095508274,6338.77801058014,2744.25686126629,13950.1246369824,339074.395445219,80925.4181652446,15468.4741976145,6383.60953983243,2762.73698631421,14043.031906363,336772.424950724,81020.0497517284,15561.5850312797,6427.97077956381,2781.50454551797,14131.5388061454,334882.126243135,81106.2951996032,15643.6250331913,6468.67492889267,2799.31319907143,14222.6089635848,332883.272156423,81212.7451773429,15717.5686969223,6503.57887021784,2814.18176144086,14307.8359287596,330404.418329611,81272.0187595369,15796.6547770603,6540.05644900989,2828.91432752065,14382.999449068,327710.693643255,81260.7007805833,15872.7015221677,6578.27138342818,2845.09074739088,14453.4083721818,325293.860478491,81221.7476549632,15941.3748322268,6614.56553426539,2861.2970234801,14524.0714061053,324448.466778097,81283.3488459641,15998.4956821776,6645.60752396196,2875.60914499794,14613.5869566296,323631.264387635,81480.0387695684,16052.2080021835,6667.61073567681,2884.20871194253,14695.8382147319,322628.84035728,81662.3234395867,16131.6638951166,6699.76947233241,2895.32915248846,14772.435481415,321346.210635327,81799.9007134151,16211.934247387,6736.85529786744,2910.05005868419,14844.7268815974,319772.507304438,81884.0812004776,16287.9716140559,6774.1699183542,2926.10656516103,14912.2435914594,318050.323926369,81923.6235338976,16356.9738414539,6809.80941506197,2942.19553323641,14976.1438881146,316212.838869523,81931.6433356608,16418.7674210611,6842.54687692271,2957.33253241828,15035.962251016,314237.563149442,81910.3799658224,16474.7375483755,6872.72977225207,2971.3558878389,15090.7273797981
394,281611.423872215,125644.310894946,36152.3120065698,17252.6252064012,8227.00041100829,16466.2851236514,251826.1800459,112743.630219446,32612.0447478961,15743.8286311118,7539.81826722767,15193.985246394,252579.009111032,114167.098165496,31189.5281257382,15225.3963359086,7499.36218865416,15567.0928847057,252249.979364443,115929.648725692,31417.1621052445,14904.0414260895,7213.19818663114,15531.2960712832,251281.797761089,116851.889953219,32005.4732146044,15100.067871634,7195.17659925836,15461.1329905593,250242.74941908,117664.63733892,32573.233764018,15420.0212791375,7337.94608652391,15569.6074436574,249123.15157692,118357.165444082,33098.8362719538,15740.5222692237,7514.76792655738,15790.6129253796,247941.839738841,118982.80212312,33593.7316451047,16048.2528064173,7693.03383274882,16058.4798537569,247190.175490579,119655.140558711,34088.400981129,16356.1252850914,7872.82787167691,16355.3352884431,246247.672542259,120301.33363236,34547.4780439841,16641.9893407166,8041.42636223764,16643.9024537792,245119.794912062,120877.708292502,35013.5454029847,16929.9596181771,8209.38869775576,16928.0072102485,243778.040793816,121365.059650514,35467.2928469986,17218.2669362047,8379.78967302046,17210.2816540473,242271.948057349,121763.256809155,35909.0359049433,17505.053356697,8552.1306184863,17493.0109665507,241235.810792311,122216.14697459,36356.8466784768,17799.6660875871,8731.09072794821,17795.5728111845,239943.559071618,122629.651499199,36757.5455539147,18065.8179214565,8896.16352019928,18081.6030547516,238351.133532284,122941.727561456,37164.5365805651,18332.8383535995,9059.3896444761,18357.8164318726,236526.054893528,123144.742500168,37559.3663655537,18602.7775773938,9226.99586034593,18633.2650756522,234573.346796638,123254.313525664,37937.8620619201,18870.2029774697,9397.0533608367,18911.4029722626,233137.067128693,123443.436688612,38323.0272270205,19145.4651624409,9574.05862164802,19213.4736342657,231440.710775081,123582.747636786,38653.7478317786,19386.0554438421,9733.15234059034,19493.8245505126,229579.380218808,123653.409752718,38996.5371240211,19629.9707445363,9891.00885954197,19767.153729176,227405.547649559,123597.511202421,39315.0935707211,19869.0819737104,10048.9027190797,20032.1169901243,225082.383369164,123440.535609918,39622.2393979797,20108.3082199849,10210.2027276225,20299.9741827768,223135.89687596,123325.403273066,39930.4120093959,20354.0689034186,10378.5784376441,20589.5207430909,221096.679291503,123189.212967054,40192.3732707751,20570.9854701662,10532.6662478091,20866.1440061943,218703.971825766,122942.999472056,40441.459597447,20776.2523487718,10677.7945055782,21123.7284069209,216155.249352568,122587.668964127,40687.2335518587,20987.8277954278,10827.9264387521,21381.1099070338,213730.754794839,122184.225829466,40916.8468424771,21198.6617734293,10982.3460525054,21648.0674034519,212666.217686119,122125.410151037,41195.3849720921,21436.3869582681,11153.6146663239,21974.0335223361,211603.905091885,122153.417536852,41385.0709200581,21603.319880155,11282.2939911309,22251.8902598149,210443.785882834,122186.963184361,41614.7979118528,21772.2012406304,11399.1882215915,22499.0660500889,209070.776165229,122120.90779545,41836.8541053415,21945.7260306033,11517.8472108446,22726.8113003092,207492.686442385,121962.01517568,42044.2759984699,22118.5224224665,11639.9727586601,22950.4317243388,205788.389159574,121727.013313605,42236.6093873087,22289.069790824,11764.4684030001,23177.126108979,203994.408883261,121432.219495839,42410.5207767708,22453.2211694368,11888.2889505049,23406.3081607287,202113.241104763,121080.94489682,42566.3530073987,22609.1346853875,12009.2233486922,23634.568954477
395,355931.92784768,111626.788798704,30412.3880134183,14263.10263518,6861.68732461875,30530.6724987802,343501.647382549,101724.71846687,27220.8193682385,12911.3351788119,6256.45774029947,29533.2225271915,343043.105933923,101373.842285767,24150.5041361971,11684.3545192988,5872.1284524816,29516.3606719481,342318.44301809,103272.553621234,23683.4223284886,10809.3233881872,5299.52373255706,29348.8232467035,341461.184486036,104460.68141236,24136.736936002,10815.596329067,5125.34262277612,29257.9749497385,340346.619744048,105420.85026174,24591.7176810309,11018.4499476052,5172.48086042637,29387.9009079067,339160.529378638,106274.133141237,25016.4177137892,11239.7817877923,5272.4674028049,29653.8768251883,337893.673948898,107074.718345586,25419.86370164,11455.7816183786,5379.64614094014,29968.6926726532,337137.627753991,107874.552709749,25818.3067377362,11670.4374850968,5488.21899768144,30317.7187125102,336165.676413267,108667.776275637,26190.9045746778,11871.1077774536,5590.48057203653,30655.7235360116,334941.48260745,109413.965263823,26573.7073703305,12074.8262092149,5692.85350768632,30980.5072840114,333432.756339225,110087.035043077,26951.132967763,12280.9837288217,5797.78099522874,31291.6836552877,331736.023251055,110700.966102738,27324.5032857646,12488.4238497746,5905.0613062595,31592.7925930771,330563.992870917,111311.874540075,27695.7611645744,12698.3398647381,6015.40813749821,31913.5760030619,329077.699069264,111908.035781421,28034.5287692814,12890.8054032346,6118.00747948332,32212.847999225,327212.911947676,112436.198146979,28384.8201407539,13086.5022197549,6220.43963733206,32491.155620067,325069.001094349,112874.391512644,28729.6680983565,13286.2092161492,6326.61590097255,32755.872715951,322730.444716544,113246.306058335,29065.4380911203,13485.3970485497,6434.83947836755,33009.6483718188,320984.958988882,113624.953094579,29399.8789934034,13687.2365117398,6546.26155714655,33288.2451304898,318983.496134428,113996.368693036,29697.5916218849,13868.502721723,6648.175099887,33544.7727702576,316728.656977496,114308.954994927,30006.5620930006,14052.0679751571,6749.03208999946,33783.3838950011,314096.122939484,114527.246444891,30304.2910889857,14236.0884290237,6851.66979177301,34001.1114220224,311217.663836814,114662.402352789,30596.501429576,14421.4784943168,6957.0800720807,34205.3136560596,308793.461757697,114789.652754486,30886.0346452972,14610.3703796832,7066.73020514182,34430.2469359881,306284.72168494,114912.003399737,31140.6169345446,14780.3986521595,7168.18575927626,34641.98696598,303332.345449671,114960.909801674,31391.7881277271,14944.5612426689,7264.67866780439,34823.0545532322,300123.38197751,114911.201369551,31643.7243021945,15114.6457484662,7365.02393624743,34988.4614667459,297079.366248961,114822.712521872,31889.9774690113,15287.9847370828,7470.12173982867,35157.9272018645,295710.163481821,114910.298779273,32147.0171925161,15468.9411622312,7581.59859519194,35410.9014833751,294468.690113311,115126.619732233,32338.7068908157,15603.4450866411,7667.83748142751,35642.6676338623,293092.492756716,115345.162518638,32560.3772402229,15737.8208334994,7745.50229583269,35846.9827372545,291396.304135446,115484.436965759,32780.8936933597,15878.3162763618,7826.08940766393,36025.5623161708,289427.031666459,115543.700021666,32995.9697519444,16021.7217234536,7910.96410961377,36189.1461740276,287307.131855908,115537.468966308,33201.4382824554,16165.1058352682,7998.62166520259,36345.7053190953,285054.597785876,115478.900921703,33393.1003403478,16304.0226656614,8085.98950722228,36494.1306800345,282692.11057072,115372.808107353,33574.0803635282,16438.6745374836,8172.15492948032,36633.7684753877
396,137954.98154876,108326.734168687,69669.9317024014,50852.3596673636,36875.9641042961,101627.269974053,123964.833619609,101186.16244703,62779.9806188127,45833.4101978765,33344.8009165352,92927.0428895671,113621.951016989,93196.5944753115,58101.2093982659,42402.5700020311,30843.5855362603,86449.200046517,121186.11339923,101747.991584104,63876.3896575941,46576.6709772842,33970.3102590006,96134.3757382468,117142.600697569,97430.770725854,62215.9488236062,45597.3931373154,33306.0481463942,95191.0789578522,113344.750669999,95170.2084002395,60619.2379253566,44688.0071511808,32817.6730345324,94760.8123402123,114985.304502237,97561.9719987864,62730.7224200144,46302.0865694001,34103.5038764055,99652.380742119,112771.894010719,95648.1442632623,62127.3190589534,46098.0002869304,34067.9981314636,100687.111129062,110709.61001758,94351.3176664396,61453.3922682663,45818.4996904466,34026.6989338486,101809.021352175,110688.316587359,94938.7803517085,62188.3784246454,46488.6973373579,34649.8694806444,105062.350595254,109246.455035486,93961.5641749467,61967.1188398685,46486.5121655298,34758.3344800735,106761.201950699,107477.486694762,92898.5526720885,61545.1234623409,46337.4920365997,34769.8173445484,108153.702877373,106454.229106179,92525.7492861724,61671.3633767563,46575.148287573,35061.8941818623,110445.066700107,105344.934905473,91795.5220785025,61573.1018926482,46672.2671018069,35252.167586834,112440.07504602,104027.761359275,91015.1353596482,61301.3379368752,46630.8050682277,35347.2412593405,114185.674020243,102725.426525582,90314.4768228742,61136.6455435591,46635.0360379428,35460.78179221,116022.558677914,101313.787559846,89467.3653139185,60918.5346491694,46613.5802971595,35549.107807813,117760.373393985,99762.1342256449,88479.4160049373,60591.6874180746,46522.9813783029,35593.7872795935,119361.027944825,98534.2304520524,87637.9200288453,60340.7167455564,46492.0873348801,35689.9824971911,121182.712157709,97388.8157267077,86947.4903526792,60114.3114767282,46467.0975304205,35790.5259127521,123086.8385554,95973.1932184129,86016.9333331157,59750.2038620525,46311.9577984953,35777.0147563747,124623.71748161,94446.5371804346,85022.3634794753,59354.6547340374,46137.4435578018,35742.471650031,126062.781131277,92914.2369475881,84004.3756684129,58970.8849211613,45979.7122692739,35723.6535936723,127546.657479445,91544.5787375095,82995.3840184294,58577.1640322721,45826.5179438034,35715.996114005,129096.985129883,90262.4031141867,82106.6073938461,58186.9449350778,45667.1559943375,35707.5278732622,130707.979931677,88779.8782940879,81092.5876543032,57719.9559249357,45422.2466965211,35620.3264048221,132067.862966246,87150.3526831705,79926.0328364809,57181.917713078,45123.7685177093,35482.8526022281,133221.86029814,85631.8114534681,78794.2867919445,56668.527485981,44857.0862842649,35374.8210038875,134476.727085638,84782.0067256861,78001.2292603703,56330.0655477762,44731.9359045748,35384.5879420447,136223.328013674,84243.0107060689,77619.2496103159,56112.8092525038,44667.1334012895,35435.933963057,138201.013283254,83445.3322383955,77043.8463201052,55793.15566091,44461.6931997041,35339.5826157607,139562.691009243,82478.9574666903,76364.7992364259,55441.1920423728,44232.3608774913,35202.3066887794,140581.337066021,81550.7211270895,75742.3818248988,55178.5449601739,44090.492582579,35135.8965842675,141710.403520082,80581.0173090693,75043.4077663325,54882.9315130983,43943.9041178236,35077.9398658927,142781.816347167,79513.2942270222,74238.8346995577,54492.041435059,43731.7294031635,34980.4919432262,143683.57593801,78433.0860106462,73429.8163537825,54086.2203549335,43504.1322964776,34875.2161927848,144589.221140233
397,321000.16357832,92060.6952604313,23118.2507793074,10425.4404536405,4778.1575795657,14711.3617219284,300709.435414181,85555.5710403713,21732.367743981,9988.47708840821,4617.86882454137,14203.9807349693,301115.934891583,87191.4204513843,20523.3457245157,9386.35067134055,4442.13094139229,14368.403245511,301523.869339642,88675.7496001132,20872.7469305331,9248.97290685674,4252.68036916486,14362.3387651915,301269.743368569,89681.8814141498,21314.7807276237,9418.64456962451,4268.09826720119,14396.3748581408,300690.170680471,90575.7773857426,21720.8095307636,9625.81067939506,4356.87209085043,14534.3746673397,300053.081920601,91418.5379551461,22115.9449725122,9835.51709934114,4460.22744380694,14728.3199466979,299401.539137961,92224.6898643693,22501.7368043839,10042.5948451615,4565.32900248284,14940.7590266502,299204.753342941,93055.3023085342,22883.8129605538,10249.1527217771,4671.19638615487,15168.8284132149,298697.627488103,93856.0127542783,23245.6506275609,10443.4937296465,4771.12307583349,15384.8723635417,297971.389462282,94614.2389135925,23616.7793009229,10642.660908164,4872.68205591399,15596.5206238514,297003.801226206,95316.7589415537,23984.6056766931,10844.6393218299,4977.1477153936,15804.9023120572,295963.638544787,95973.7392122317,24350.7512573581,11048.7745175748,5084.25286931999,16013.2100391462,295376.525452716,96656.9521579586,24714.4527760313,11254.4885036572,5193.6570324046,16233.9305100691,294362.306653158,97287.9391755925,25049.3645333781,11443.5735159986,5295.1562284415,16436.6150801449,293043.721142704,97862.7535643506,25395.9792336063,11638.4915599848,5398.58058375641,16632.8637938505,291488.179597039,98371.1584925471,25738.7474949117,11837.4829614213,5505.99488073637,16826.929520397,289846.8884469,98825.3352323681,26076.1270347552,12037.1909548922,5615.80983065244,17020.7456116472,288754.197207047,99322.023151974,26412.9431828852,12239.4253073785,5728.48419477253,17231.1202246001,287255.621693441,99756.562244026,26712.1309917242,12419.4985345573,5830.31403231367,17419.7708140566,285556.443333425,100151.459159175,27024.6456666289,12605.3883497524,5933.59034156808,17603.5173969822,283495.795420466,100460.839620396,27326.7812849271,12791.6078213297,6038.85037487478,17779.1116634195,281320.718697941,100709.617844218,27628.2741924072,12981.4851373657,6147.9741779076,17955.4120851398,279595.540899755,100985.021479165,27927.7236960296,13174.449379892,6260.87647302803,18147.5712486861,277609.091522482,101208.317840377,28188.9130179947,13345.4536239186,6363.35916962676,18322.5612106273,275213.245775585,101359.202357149,28450.6368669317,13514.6216858315,6463.39979328067,18483.0986384408,272648.731143746,101444.269272076,28715.7475838506,13691.7016340636,6568.93294142344,18643.4669659153,270418.668123449,101510.849695285,28980.0194780236,13873.1360595153,6679.50140015693,18814.5615777548,269709.361145362,101793.092919864,29253.4505359662,14060.0275340003,6794.55334642835,19030.866603209,268722.936812288,102042.183370577,29445.0200349965,14190.2532810259,6878.02335542297,19201.7624062277,267662.517769256,102322.290541903,29673.8633590033,14329.2447518227,6958.88814460042,19360.980560374,266308.728815426,102519.501208654,29898.3686612407,14472.5910128556,7042.55846678663,19507.1142857913,264713.222347593,102653.74313814,30117.9420786411,14618.3522047425,7130.11104841161,19650.0634565226,262997.728065746,102738.628939533,30331.7400340816,14765.3369269878,7220.60274705295,19794.4152008513,261171.92416005,102777.129129633,30533.2664414739,14908.4331159058,7310.87860181385,19937.2375479956,259226.555205508,102772.51744241,30723.8417050626,15047.0412941483,7399.78457184117,20076.4879820804
398,179044.200096005,113824.319066213,53469.6354883147,32652.2469838972,19811.523624208,36509.3772660265,149902.409765039,95564.2320280138,42694.4582289683,25972.542524572,15757.0121795387,29420.733650913,163768.783606732,109790.865346902,48374.8988389144,29348.2578383933,17872.0050645281,33578.312525325,149484.123257262,98490.0067877804,43890.0379484619,26488.6120542071,16057.4962791191,30443.1411729143,159126.192620871,108703.305341882,48723.3280870617,29377.5308442888,17800.0640306492,33802.9357363691,148808.586140935,100372.176956818,45758.0625109375,27766.7445840467,16827.5176965413,31917.2384228928,154848.290890117,107261.907794855,49170.7801851453,29978.2978064689,18287.8028693406,34768.0244360095,147495.975360113,101459.705808756,47171.7855961879,28941.1495321408,17724.9203717011,33878.505533741,151249.959853825,106021.081937254,49550.1784732982,30545.3877702528,18829.7712646273,36263.1754189127,146374.928318627,102334.275282205,48358.7267092485,29963.6441043917,18545.3979095664,36026.9950537732,147963.920809843,105020.873087879,49897.9591443616,31045.1530189194,19316.3534725199,37854.0094774433,144435.392684407,102681.357485824,49315.5939573714,30823.0519869994,19249.6083091095,38047.6955424566,144506.561742022,103951.951889427,50268.149263044,31563.5479675901,19810.0821934001,39485.2919650064,142271.555670203,102623.875902023,50112.5026207672,31614.8688657019,19926.6199773637,40067.7723181578,141724.411949498,103148.298913578,50673.5106943758,32112.6313293447,20338.3667042796,41268.033227469,139705.315212874,102249.332783383,50662.9438662481,32233.5083286361,20495.7242132692,41965.4917653983,138427.425823905,102151.783947675,51006.8048012393,32593.9197942622,20813.0545701074,42984.9222420058,136496.405996988,101364.336316199,51062.0960262321,32776.2288718289,21018.5417263007,43789.2622567663,135326.540378728,101085.973823791,51316.0882532179,33094.9370463565,21320.3414122493,44822.1985905913,133784.375698308,100526.397359654,51382.6358644658,33279.4258315222,21534.1307627084,45707.5417178129,132218.784795817,100013.910704867,51486.5533223753,33475.8178135125,21748.2721190322,46600.9559483385,130476.813009545,99366.5141527984,51551.4108936693,33653.4460045835,21948.9967509779,47461.5196112683,128583.830436927,98583.5862112043,51559.3233585361,33803.5754709596,22137.0991966497,48300.2724251273,127043.998777744,97934.4288191414,51621.6649612074,33997.6392470237,22360.4441020281,49241.9452993653,125444.287152746,97245.9235834984,51601.4490141354,34130.155792665,22545.5180798375,50137.3821617036,123599.841087661,96449.1269152285,51531.4414123196,34214.0239430988,22691.1186732436,50960.7045933866,121676.388817049,95571.2116692145,51460.4815164762,34302.44854438,22836.9286091669,51779.621345774,119824.474125472,94642.3172954604,51361.6454903766,34385.35329446,22985.558200878,52613.7988821294,118947.830058097,94148.6257098424,51417.9534142134,34575.1595212508,23212.0892884696,53667.6519986518,118126.249591673,93795.2596272295,51390.0301795473,34672.939979595,23369.8158899569,54609.0728667174,117118.281396699,93360.5610654184,51345.2225272744,34715.4110212303,23462.5347419842,55373.627405059,116098.208011111,92968.7623005407,51370.3399705886,34809.4688410935,23578.1876634056,56118.5346721695,114869.773030248,92393.5285593002,51326.4733366035,34872.1651391921,23676.8124129005,56770.7167164814,113618.972367476,91800.9395350386,51276.1630536664,34942.1482266361,23789.1199550605,57442.7944298296,112320.416627168,91151.2225429085,51194.5337671347,34995.0190290441,23895.5550155733,58116.006211701,110967.698228932,90449.4278016302,51076.4949541472,35024.1287239978,23988.5977412073,58780.1665884714
399,347379.438236401,105614.62366662,24378.8775054076,10577.7360683151,4685.51677330606,13425.420498414,325588.255525359,101405.134963089,23920.8814088722,10513.1148405297,4678.58077080667,13153.9245296397,323847.858959817,101587.519330787,22675.0268572578,10078.3797635462,4613.39260204746,13306.8197955769,323378.377636767,102820.962383548,22965.1971930902,9925.55751550864,4440.33166696798,13303.9245202992,322732.749387742,103736.017140831,23399.0966135098,10096.1881895799,4460.18100519648,13329.0457197913,321767.620874643,104542.733164363,23795.1854249884,10299.3728242317,4548.07094340067,13446.1176238359,320705.206426624,105275.520965027,24177.9012924856,10502.5823733466,4647.5238197088,13609.9110675734,319589.048762777,105972.027045492,24549.554352842,10702.4744644409,4748.00382628085,13788.5498865582,318916.719494785,106668.663200967,24916.191694224,10901.2454596632,4848.83003066122,13978.5315514636,318070.639906109,107382.061894645,25265.5571631398,11089.6357327953,4944.87847024143,14162.7597382662,316976.818744607,108040.423931162,25623.2022791701,11281.3175895004,5041.51695667057,14341.1889325776,315616.485307346,108628.105753206,25975.5608633598,11475.21493849,5140.76724978438,14516.1981962465,314076.484330343,109154.969451247,26324.1574136272,11670.3839296662,5242.24975539659,14689.1055680583,313020.395263179,109675.602318562,26667.4957360952,11866.6893130418,5345.97732569564,14872.1585514976,311694.216866684,110207.901230587,26985.3735713227,12048.0142168739,5442.98205096123,15045.6160131705,309987.190727022,110659.346371394,27313.1989622354,12232.7532147517,5540.14962196513,15209.7286914793,308019.762817986,111021.831039005,27635.4229685819,12421.476398208,5641.2823688728,15371.3095627408,305860.600275488,111317.075417244,27947.8126015175,12609.2319484332,5744.19855089963,15530.922858022,304289.400765553,111619.905286141,28257.7943143476,12798.9047945334,5849.66436764751,15703.8287731222,302466.810207906,111940.554994952,28535.3735508355,12969.398673889,5946.20581031696,15865.044433669,300375.134748832,112188.188068685,28824.6328623236,13143.0501781651,6042.20525407059,16017.5830918402,297956.97724374,112347.937014669,29103.8788506093,13318.1180721285,6140.85361045417,16164.6625716996,295287.555712692,112421.845991507,29375.0021357231,13493.2304193004,6241.67036053406,16308.6444710037,293037.849384236,112485.337033537,29642.8632397765,13671.0811798388,6345.97342531651,16464.4106784034,290720.172615077,112562.87198975,29879.8690348044,13831.8462751958,6442.85496923583,16613.7800514454,287987.160619763,112564.813896319,30115.2968115489,13987.9971889261,6535.57828115852,16748.5492721488,284989.782683246,112465.029514288,30348.8561696696,14149.3108277055,6632.11912149427,16879.2025859328,282172.222012421,112325.720191564,30577.0837702107,14313.404904265,6732.95452002273,17015.8048395919,280923.594852258,112364.539259103,30811.6422623605,14482.2761832636,6838.0943909164,17189.8227556608,279795.148557213,112564.236686648,30991.0292144228,14608.5337291083,6919.51254093024,17343.8728820728,278498.602949417,112745.021467426,31200.4264839317,14736.2334839787,6993.59886710693,17477.5930145255,276957.255097588,112856.334143883,31410.0153057268,14871.4173674143,7072.00851995362,17602.6916385455,275137.775416829,112889.163866885,31610.6147605599,15007.100141415,7153.40734496156,17723.8978388651,273162.253480265,112854.298520848,31803.1768034418,15142.8280858469,7237.06591387276,17845.1579129549,271066.995006082,112769.459889438,31982.7187628156,15274.8461344567,7320.70761779332,17965.6709140576,268854.924734491,112637.630061027,32151.2411611343,15402.3723694408,7403.02531588319,18083.3173059896
400,121872.31736025,107458.938729793,70623.2130139053,52637.5899413894,39020.7148279045,112414.027335943,107068.278005264,96755.0202353457,62847.1904142417,46867.2367772173,34832.0252462055,101373.825195869,98078.134042823,89340.4062829001,58416.5843677466,43713.4521271254,32554.5497185293,95405.7562958297,106222.126625013,98509.4748511179,65166.7981992874,48864.4579623624,36553.4930329313,108475.869688025,102973.827793576,94265.1927167171,63220.7334243995,47741.1479375269,35860.832429933,107961.593122793,98041.2441959061,90534.5056722497,60333.2248968561,45788.5561920971,34602.4468111095,105821.348319815,100141.544623161,93615.4450554273,62934.2059206497,47739.4282456007,36150.6805364961,112321.311054863,99097.0890780756,92440.0918157294,62862.546262431,47918.518026892,36375.6435443815,114557.991776802,96198.4557482399,89976.1547752201,61266.8797489245,46946.8858449491,35808.7737827958,114332.116153831,96157.4951782565,90634.2739128846,61970.4069426643,47577.0327389393,36414.4219829966,117978.974445268,95655.6544427676,90367.240039878,62266.911631485,47947.9243886705,36794.062787491,120871.450061539,93656.6511327356,88744.6988993049,61405.9102808375,47470.6791489071,36552.7175773823,121692.856143425,92485.7028702611,88127.1619387665,61263.5326018641,47493.730725652,36689.1483397972,123804.83568,91923.449030604,87834.5973908528,61447.3332468443,47786.2176206485,37024.6761827889,126612.007469576,90725.095992171,86923.5489757162,61068.3854855066,47658.7063477582,37048.7100649768,128395.21308966,89335.514679615,85966.7065896374,60642.7831144738,47455.8653677246,37004.6945810191,129976.434231034,88214.1604174013,85261.7011005148,60474.1752430368,47452.7239387978,37103.4198475993,132045.798008684,86960.1336588341,84340.9620505075,60163.3791269945,47362.8449327536,37142.143323075,133900.595887804,85752.3392890978,83360.8454105428,59746.8868991244,47195.180155899,37130.4946827248,135622.214633966,84722.6467745842,82647.9648891363,59455.2638643433,47102.3961935044,37174.65579863,137618.271956623,83571.5449181705,81809.1194188485,59115.0389946147,46950.8439190745,37156.7051938433,139404.88740185,82208.0959177917,80773.3144091222,58639.8876369472,46701.0450455357,37056.7041842588,140855.047848443,80817.9405219517,79709.7919346509,58160.0944529509,46452.4672773218,36960.8000508954,142308.217873746,79640.1760446334,78744.2101256982,57741.1148228259,46261.5241370013,36916.3381926673,143984.159755278,78533.2415882941,77872.2247208323,57320.3873173346,46062.0533716816,36868.4976572026,145707.147144204,77225.393207152,76849.5512006498,56794.6804619136,45755.00675156,36723.9774967092,147083.337986391,75789.0266584537,75693.0878780422,56202.5623116278,45395.0120688322,36528.4335980744,148234.29820208,74477.187733531,74584.2856139289,55650.516728463,45078.29576544,36370.9291450895,149525.824935853,73714.6236340542,73803.9387776674,55265.1238456455,44899.9311107473,36331.0317002495,151340.01550897,73239.1121642168,73408.7186381182,55015.4657738928,44793.65420161,36341.7751464226,153427.663758634,72572.1918095233,72872.437604267,54691.097730301,44572.435193995,36224.3517674108,154920.675557308,71713.2219160366,72186.144354876,54299.54075231,44297.294633527,36041.4145517156,155936.028190578,70869.8486892626,71536.8138120296,53981.0237218984,44098.4107749362,35921.7113932879,157031.044914556,70041.7265813836,70872.7637031225,53674.4371262689,43930.5950231962,35839.5645183034,158182.829861025,69131.2453690209,70106.6106270903,53275.6993682889,43698.7355883367,35718.3749327388,159146.913050513,68170.1646717181,69293.1538169221,52825.9704172862,43422.2941062078,35565.9379879262,160007.070363599
401,381578.502479482,81800.4698076504,16823.3898206441,7141.32402768715,3171.03066723333,12595.3416592303,361724.378401817,76204.979199721,16015.80549352,6978.61641659363,3138.98116050426,12463.896319446,361918.530914103,76482.7832652289,14431.894159429,6309.57443355597,2933.04366259051,12540.1713565544,362237.659534274,77575.4354382241,14416.702513716,6003.08083501845,2697.0546338051,12507.735411764,362301.162283465,78342.6330065491,14627.6079271839,6037.89230796825,2652.91493445841,12534.1900884443,361993.408985619,79023.0293016889,14823.0422074759,6115.19792804701,2673.00850771632,12641.4246325594,361587.062391731,79652.5945856427,15011.1117364759,6195.59809476329,2704.46001998228,12785.7128526921,361157.73839616,80258.7200756251,15192.8707217868,6274.2105892909,2736.93569960035,12940.6980173157,361213.706850567,80874.4628650592,15370.6095795268,6351.26064788783,2769.03193488512,13103.4516895274,360974.753724149,81484.6817868806,15538.97259296,6422.8091214363,2798.42261408504,13258.642225336,360457.556906447,82057.9202782401,15714.5911169111,6497.47140200512,2828.62307200351,13408.7864097694,359661.524822882,82581.652173128,15886.44677407,6572.95144865516,2859.88098643987,13554.2888248342,358764.23162809,83071.7976784409,16055.9759020453,6648.44229803543,2891.70028614015,13697.2680346127,358365.303274473,83567.3528725335,16219.7749000299,6722.34611849126,2923.30567706892,13845.1708000255,357543.351251035,84046.843935409,16370.0108461973,6788.53418320598,2951.24012156063,13981.7882905049,356346.008499437,84475.4966275529,16528.432231309,6858.15704110041,2979.97206776032,14111.4779677376,354870.981205674,84845.3360672437,16682.0051636962,6928.72289004104,3009.99043384683,14236.4725721785,353295.695131738,85178.0880360868,16830.8364349267,6998.26728252259,3040.21390344707,14358.41639769,352303.071138476,85522.066778533,16973.9075382179,7065.98681075879,3070.03847435249,14486.5539134666,350935.489394457,85854.6582414865,17100.8479249551,7124.44635178839,3095.40836514332,14602.6538344413,349298.754140424,86144.5157687112,17237.0168710648,7186.45656014559,3121.44681550731,14712.5739075446,347262.030416573,86369.9064721802,17366.7084306853,7248.60692188183,3148.38468471719,14814.8872989696,345073.404552862,86547.7847434319,17494.0703621443,7311.17477440684,3176.18835766219,14913.7134825308,343332.723201281,86724.3304966181,17614.646404333,7372.09324889898,3203.94261512289,15017.1685426172,341401.956237983,86890.6891944966,17718.182682116,7423.73126592586,3227.43064686085,15111.4108960776,338985.025477203,87005.3775478079,17824.8763341805,7475.58030665179,3250.06735209396,15194.3863179881,336341.496992506,87056.8488766497,17931.9070693921,7530.66886218954,3274.75676512077,15272.7411982466,334045.482591473,87104.288471043,18037.2999147732,7586.95494341297,3301.0395240148,15354.8832527083,333383.169394615,87264.033043206,18137.2970466631,7640.58903223457,3326.66308315981,15459.3785306455,332598.389380015,87493.1182491364,18209.8193761942,7675.12801545184,3342.34928607195,15548.9800327616,331649.017414747,87724.1222807037,18311.3879013342,7718.83993981333,3359.39077336956,15632.353940445,330375.024906289,87902.2115607521,18413.9721850552,7768.26674404496,3380.26995529824,15709.9496050181,328819.320702848,88027.5751220559,18513.5574724979,7818.87147818427,3403.13982329648,15783.3151376816,327111.357874309,88108.6712368836,18607.215001998,7868.61072364994,3426.59226304609,15853.4388999346,325273.500477332,88153.508657913,18692.3201964525,7915.21415298815,3449.16095691959,15919.1790567538,323309.992020851,88167.1134114972,18771.3085929974,7959.11909396679,3470.60980143217,15980.0023726267
402,309023.029950888,112363.257602941,32841.8251566642,15690.0010868659,7475.06231729761,13082.3907407103,284149.919164056,105866.555630247,31532.1310936065,15248.233607737,7308.24467518803,12679.3665086046,283090.066503492,106337.129195238,30397.3987992433,14949.7466317002,7353.30642761393,12991.8762140153,282797.156867042,108012.052410045,30681.624661561,14741.9560881774,7176.34231316452,13053.036947273,281694.238273963,108897.695078754,31260.6941201619,14968.2121508071,7200.74288759892,13049.8681218486,280399.746975573,109666.913105769,31792.207180052,15279.5387092743,7350.44123638064,13173.3165760108,279050.668722442,110354.966552874,32297.0410326975,15591.5113434855,7526.98971098155,13386.9158245036,277662.264272351,110984.516087465,32777.9933961735,15894.2202249403,7705.09147848886,13639.1131823407,276744.583247517,111647.797652051,33257.4925281155,16196.8724841892,7884.64870852183,13915.0484267563,275589.218049958,112270.823974122,33696.5290479686,16475.5544213803,8052.12872572761,14182.347836674,274219.725382715,112843.792172822,34144.5783027251,16756.2199289036,8218.71889256292,14446.1174143117,272647.781130373,113334.360455064,34583.6793755243,17039.0260152687,8388.38542871492,14710.3776966464,270906.948867794,113753.687370988,35010.4027535629,17319.9798971579,8559.97872332119,14977.1837463121,269674.561355843,114211.910189881,35446.083634972,17609.5072533386,8738.26286819919,15261.5205363519,268089.975324028,114604.313281125,35825.9873527195,17867.8130697362,8901.63117351823,15529.6546787327,266212.939023355,114931.27245219,36217.7457208786,18128.6619172469,9064.00439194401,15792.2473030979,264113.96095661,115156.814221387,36599.2117755757,18393.0707060104,9230.75746020586,16056.1759267436,261885.604137189,115308.665108638,36964.5451425191,18654.6996156516,9399.82534609519,16324.7850510188,260199.537825721,115512.267557336,37338.0933615437,18924.1996162123,9575.4886694858,16613.4261642614,258226.52319733,115659.886173046,37652.7711532793,19158.8835238155,9733.67168631662,16883.7550751725,256064.665591935,115760.272402998,37980.0541209808,19395.303210072,9889.7080613944,17148.00639714,253574.716212349,115742.057294496,38287.3138021615,19628.7561893973,10046.161154384,17406.7112381137,250929.320578331,115639.364654024,38583.7086145246,19862.5961352174,10206.2867056745,17670.4224867446,248688.964140619,115560.855314244,38882.3025908782,20103.2169814034,10373.4518297545,17953.8544147231,246347.875583142,115453.057288321,39132.014549608,20314.9288609753,10526.6426889609,18226.6029225117,243620.196545459,115257.231536871,39368.0355565208,20513.410291962,10670.0208135834,18482.856480162,240717.558666125,114964.674921877,39604.2937066768,20718.8358418193,10818.0811832294,18740.0223562387,238005.835480229,114641.288462062,39833.5540514224,20928.6307681779,10973.0091013766,19010.7128738154,236753.752046149,114590.555731272,40104.5443428557,21162.5440481637,11143.7416515008,19329.6144464535,235515.902031022,114613.521623881,40282.0919698854,21326.3414030308,11273.11525935,19604.8680425711,234196.610306569,114673.27220432,40499.6135653653,21489.2208864409,11388.959038589,19849.3965588712,232617.243755483,114632.360951272,40711.8698365492,21656.5916981055,11505.1884013671,20073.3685439003,230807.235422079,114508.570910454,40912.2020963445,21825.1389595188,11625.8164143072,20294.7484476619,228873.617666695,114312.765683195,41099.0448072999,21992.5296874044,11749.5869684785,20521.5543867518,226850.190130244,114062.982262159,41266.6347728656,22153.0465982624,11872.580401593,20752.4376455815,224724.965635082,113761.958642026,41416.1661677848,22304.801939914,11992.2309979367,20983.4048795978
403,335554.165713729,79749.2042600072,17980.5073411171,7899.13605604509,3685.10867754373,21874.1820597665,319541.232373125,76920.6720784152,17265.9607711837,7659.36516335143,3592.21351467394,21622.0183395515,321025.185525201,77013.3280467037,16246.6662904843,7307.70267932131,3509.4596698998,21925.5726468066,321992.135973472,78368.2408575736,16219.4981693959,7010.05246624125,3310.22420562503,22112.7101785848,322494.406416821,79282.48471061,16499.9887998886,7068.09320400181,3272.09957487005,22307.134886592,322622.155039431,80104.3276444771,16762.5018045414,7178.41439565497,3305.67263440647,22570.9417244826,322661.784004156,80881.2380559135,17020.3376279996,7294.43739518179,3353.68186956295,22872.7786341639,322698.536748618,81639.6116133454,17272.8170135432,7409.86698698781,3403.82988901164,23186.1152249113,323174.257410886,82400.0641468158,17522.098224654,7524.26416525126,3454.05369681477,23510.6153755628,323325.746731592,83138.0321447473,17753.2361312971,7629.52490848649,3500.01298555796,23819.091450421,323275.823914582,83857.1184886633,17996.7407260461,7739.2791662913,3547.07561542602,24120.1138721715,322963.169564785,84526.3373121321,18237.566112324,7851.09316445337,3595.83433045378,24411.5792823034,322572.294005421,85176.1503244341,18480.2159001926,7965.19884297232,3646.41766346344,24699.3915821068,322607.21889226,85813.1339642013,18717.9260004246,8078.79208989315,3697.5759618338,24994.1973472422,322247.555815234,86422.0838440615,18932.32283015,8180.73127047763,3743.53488777097,25269.0154638203,321570.145593336,87003.3933563765,19160.5157508669,8287.33412359679,3790.43108815361,25532.5004423429,320673.277246828,87527.1764917541,19387.6572247051,8397.52984459439,3839.87988457085,25787.5222078752,319646.773771887,88021.2520175115,19611.0213909364,8507.93089377152,3890.50032390429,26036.0974715877,319110.451171217,88500.7745787705,19829.5528994233,8617.46899198854,3941.42467383653,26293.1841832527,318220.187083571,88959.2346746129,20020.8821057791,8713.3112371437,3986.17358273225,26529.7080672628,317112.529513896,89395.3363472003,20227.1673361053,8813.66148862532,4031.51093742555,26756.0453295055,315667.301219064,89768.8410919508,20428.9636471209,8916.05269790516,4078.6663972824,26968.5374579304,314047.531826341,90099.1289045742,20629.91738959,9020.155919904,4127.64453248622,27172.9094021369,312782.075131493,90406.0996357774,20825.1425776329,9123.90599232044,4177.52601082492,27382.6231997751,311348.621150287,90688.7632713572,20993.781153061,9214.74996204105,4221.86957453916,27577.1530689649,309503.886751573,90943.6621408422,21167.5855795513,9305.19210675158,4264.67031553136,27753.1763011221,307447.681829772,91136.7812511676,21346.9787029343,9401.70457273191,4310.69319839907,27918.969561007,305552.355886037,91311.8856611392,21523.8348374166,9500.57261709103,4359.46656890085,28085.458026139,305045.169332668,91528.2408154824,21690.1828259675,9595.62948970444,4407.71345340346,28286.6374907319,304479.52974711,91814.2707940792,21805.8707960454,9660.47693742924,4441.10314164515,28468.351813024,303813.447127663,92141.3727128918,21958.0051718551,9732.93003131721,4473.36160174781,28639.7032685513,302872.054853023,92417.2700017759,22115.8121393869,9814.13522457398,4510.44755211429,28798.2365066051,301673.93456512,92643.8463590248,22272.1051718365,9898.33849350631,4550.99959670716,28947.0431920073,300322.510103267,92821.033397071,22423.0752199036,9982.82724515575,4593.21784631907,29088.3436226137,298845.336700898,92958.0482398294,22564.5381616081,10064.3708411394,4635.08656630386,29221.3846554835,297239.101170768,93059.6722035855,22698.1852343493,10142.6645996619,4675.80200577469,29345.169958925
404,302172.42802724,132147.149500275,45379.8475010364,23374.1225685596,12030.8214838022,27733.7342737052,280109.701223874,125338.128510086,42849.9128431841,22170.6251697377,11442.4715860457,26462.3164813755,278950.867375877,125336.258777257,41830.4180307005,22107.4432925013,11660.2088988469,27068.4131751579,277593.39369927,126756.92505035,41816.4342730549,21697.8223060387,11439.4360927741,27281.4421102377,276412.691856678,127932.643398601,42704.2334062119,22042.8546592316,11496.0444233888,27493.9508254062,274970.572833337,128650.434335522,43430.8023201091,22514.377718804,11734.8682964479,27776.0417565566,273444.411202414,129350.623902745,44145.4821417685,23003.1255194347,12037.9584247893,28238.8050736967,271802.878036914,129888.703512432,44780.1042446544,23460.0685559889,12336.6811407888,28750.214491622,270658.91947607,130503.402064667,45434.9908025102,23924.2221008482,12643.1351649142,29334.1278089178,269380.148656826,131074.720406458,46017.7263656744,24347.5343025872,12927.6393731692,29900.7600583761,267853.78218815,131588.441206029,46606.4849154798,24764.0585835079,13204.723696277,30456.6247027364,266118.429982186,131990.507011541,47180.899677882,25182.379681856,13484.206571383,31006.4201278254,264136.383378698,132288.7294193,47730.179088833,25594.2735653725,13764.9929427182,31554.2407350319,262659.481929196,132612.639962301,48295.4723144077,26022.1232676353,14058.8951014084,32143.4900091593,260993.365710975,132917.634993332,48788.9453066797,26409.0095128256,14333.2216718163,32713.7374297043,258955.246129049,133103.785973642,49273.2746566929,26780.081427277,14594.3695375319,33254.3262865723,256701.063982771,133181.493107866,49753.3839989958,27160.5127096429,14862.8163120143,33796.8046616601,254200.640784508,133127.344551165,50194.1822689259,27529.4467846593,15131.0997015226,34335.0380946011,252291.730684137,133133.845588835,50659.9030657662,27918.65810535,15415.7901046824,34928.1249356041,250221.979325767,133127.068647324,51042.7150609699,28258.5465837499,15675.3989864665,35496.2628600887,247896.158129305,133026.542568799,51420.8945663786,28581.6639159025,15919.5839425377,36034.7407490254,245285.19619474,132811.803062757,51782.5103404204,28905.3801206335,16165.0093820112,36562.3515812009,242405.994769126,132444.29484156,52108.1933948052,29218.1671669177,16409.4918293156,37080.1760124549,239953.982979002,132115.434371079,52451.6203091105,29550.7347873273,16671.4122188604,37650.9935564986,237515.541769707,131783.342198522,52728.1482267442,29843.7755319965,16914.3715662733,38211.6390069658,234667.125041624,131338.575861294,52966.0792542813,30100.7364465544,17131.8089454696,38726.3067930937,231611.489271724,130767.042694338,53203.4770612899,30363.7471070772,17351.6360273256,39232.2203628739,228567.085658846,130114.00035086,53414.8583280473,30625.9422864366,17577.800449584,39749.8681152696,227052.239119377,129789.928509515,53715.4733810699,30945.2771793765,17843.3469477386,40398.6056160428,225784.980591438,129679.603189914,53907.2900732173,31178.2681952131,18056.2494826891,40999.5131455076,224306.334006948,129534.362297087,54105.0141629684,31368.9506254515,18221.7827154212,41499.5503236305,222697.624026377,129367.646370339,54339.723529706,31587.1693367015,18394.8277617178,41971.3072224696,220760.314184286,129024.98257999,54526.0188052769,31789.5745164274,18563.0044984981,42397.6264714627,218753.147931449,128643.154858161,54714.3968433112,32002.5084255118,18743.8048772594,42843.7631425943,216613.069252918,128156.356925562,54858.4783383261,32196.3229935538,18918.557436891,43283.3263557203,214411.213219449,127636.281967782,54986.210597103,32381.6637990084,19091.2094425686,43731.8990468227
405,219432.461912352,145097.27780623,57739.602299392,32504.9745213166,18187.8116016635,30310.6824940764,173674.371447187,112362.182464364,43707.2294616293,24620.0199978623,13800.2829367832,23583.8970505187,199195.735001296,135938.860077112,51672.3129075447,29147.9907401669,16457.9378757258,28031.6826416985,179560.398291487,120043.125919653,46448.869151224,26012.1380146892,14657.9726792005,25500.9956336109,190851.682446098,132038.275018598,50936.1637156193,28517.954294788,16034.3461177432,27833.8137841933,181189.200910799,124516.135930173,49087.2026649115,27575.5883193641,15500.8236062005,26933.7265870521,185545.657011132,130089.923862067,51481.2563519179,29104.1160097698,16450.628691206,28494.2091932355,180236.162953976,126468.754830962,50813.443710035,28867.295735102,16391.6811082364,28518.8554734292,181923.189243352,129283.801389687,52261.6087270754,29859.6006856579,17052.9763489658,29767.975595548,178873.330286336,127583.942122042,52139.812892859,29924.9407032782,17170.7442474033,30176.9353797846,178895.021806262,128959.17391837,53069.9706624257,30600.0376250057,17641.9299499182,31168.656226683,176526.048746687,128014.831107238,53231.2906367068,30828.0920652301,17849.7464430755,31731.5819128937,175575.841997989,128502.184978553,53881.1130539407,31355.7852233114,18240.7008488873,32600.5980089905,173959.968157571,128043.723506554,54204.8033754344,31693.8041626044,18523.0590345807,33312.2737547214,172829.430089402,128187.06690709,54666.511528364,32111.5801214922,18856.0304829952,34128.0872181095,171041.119493698,127778.392482006,54967.6306794575,32421.1119596379,19118.4161211181,34829.869389023,169405.518260568,127555.163599873,55350.9000891785,32793.7068582854,19421.1818405933,35596.4747874269,167427.697353439,126990.599230401,55614.9314099824,33103.0487370396,19692.3530830865,36320.0189895912,166038.586281343,126736.395907509,55978.93023853,33479.9892966362,20009.8195105992,37148.0245620904,164351.072393285,126249.854536515,56187.2647837641,33754.2015709991,20266.6295192901,37898.3567933742,162645.326710826,125837.429212932,56440.5458985391,34043.3861621497,20525.6841683643,38656.0201686448,160645.021262173,125178.31273961,56622.9682531642,34297.1682853271,20763.173779742,39371.1563388296,158567.242885165,124462.354728853,56789.4821534141,34552.2950780626,21007.3754050319,40101.9398430388,156762.776460022,123795.875480046,56969.4501674928,34823.4077875598,21267.5699496958,40885.1359071697,154930.688537889,123108.455315318,57076.2474751637,35044.8356061658,21500.0783482873,41647.6621732963,152852.980110131,122306.799144369,57140.6359028345,35226.0977552577,21701.8324266142,42363.315571354,150654.267216936,121396.523063331,57194.2191288994,35407.0949979565,21902.0511150332,43071.900690814,148520.775572107,120422.717960547,57221.88206023,35584.2559949435,22106.3696199494,43796.9259069257,147434.490672461,119926.431496298,57389.8755846221,35852.2780157735,22373.2729899233,44678.7607359156,146441.171472591,119527.052338322,57439.1540300652,36013.4255756676,22567.2921728124,45462.9621224641,145386.124609041,119191.791346301,57527.389557614,36155.3629993345,22723.8853999985,46152.4185982144,144171.052056409,118749.496420154,57619.5102031532,36302.5146485327,22872.4450124114,46771.2810866913,142787.268601393,118190.630489315,57680.482553848,36444.8343699333,23022.3509508341,47353.4170811863,141336.468866444,117558.559030669,57721.8411521321,36585.5385371829,23178.8133995296,47942.8198934932,139815.356055127,116856.010353324,57724.5800003552,36708.0725448795,23329.8737605486,48535.3430309516,138249.116467596,116104.77061835,57700.2792870239,36814.0792983263,23473.2172771956,49132.1919532687
406,265183.659472656,121310.406627615,44088.0221179545,23435.8550879722,12363.137895402,20948.8074769565,228846.091816016,102522.7577743,36710.4177178294,19611.6137142085,10367.4687837372,17892.3857560814,240211.057885581,111359.548883325,37760.2553351396,20289.2441764591,10921.4344850804,19228.5900031115,234036.870285722,109361.328287776,37135.8628822449,19495.7716358199,10364.0086246824,18698.4903214064,234889.401769655,111659.618969849,38235.6574568801,20000.8291814862,10519.5567409981,18901.9396583323,232827.705573252,111769.804535294,38779.0724716775,20366.4150862035,10703.3541626535,19017.6025939293,231763.989534869,112527.620145158,39436.540510392,20827.1166325634,10994.5487999284,19403.1847850472,230254.57308256,112905.883647046,39974.6427353517,21222.1725774941,11259.6144229637,19824.4611693425,229380.872053518,113492.22962789,40552.5656016885,21638.5702464323,11539.141535162,20319.5723718172,228122.800425695,113908.856701649,41040.8468886226,21999.5179976683,11787.4174289818,20787.2783206571,226799.338857016,114341.890685783,41555.6202226294,22370.8767308316,12038.4255525252,21263.354616913,225212.146115103,114635.620830985,42040.6013058082,22733.4093614683,12286.5633393267,21732.3995906234,223559.626852545,114873.127640074,42516.4485818723,23097.2125956442,12539.4502181247,22212.6373738661,222374.919332292,115192.18869129,43010.3037170262,23476.6194605374,12804.7216415776,22727.4297182814,220784.26592057,115367.366835417,43411.7992888631,23799.5010325712,13039.7148161392,23205.0242163654,219024.385132203,115519.651286829,43837.4238751061,24131.3224670477,13276.4100681266,23684.1211161693,217026.380540934,115529.480219907,44235.7902862254,24458.3752608629,13513.3667932641,24159.6922902722,214947.193193639,115467.138418118,44614.8402464464,24782.2198957198,13753.8504031238,24646.7085950588,213415.902424212,115519.553129975,45021.8066153734,25127.1142614477,14010.241053806,25178.6502058728,211500.282807301,115421.826258374,45321.8574225234,25404.4029223856,14229.1094439122,25663.7911529248,209538.822630514,115346.987448957,45658.8108014246,25695.6064865284,14451.1830847264,26154.4677114899,207217.927122715,115083.582138208,45944.5174350011,25966.311683111,14663.4648146105,26623.0227537207,204818.800851213,114764.185566163,46225.3182113166,26241.8729244392,14883.1811077212,27106.8135393563,202813.869711935,114498.95864821,46518.5715106545,26532.3686504211,15116.5053726685,27630.2580392977,200646.379244674,114159.848134175,46731.8070778587,26771.9012252361,15322.446525195,28126.6436597898,198185.223349747,113741.945258234,46929.8251889874,26993.4064521152,15513.534542011,28600.4453699541,195575.491806411,113218.644930093,47121.6435092985,27219.2506141614,15707.6677947436,29074.0811106268,193175.13996863,112670.402157834,47305.8084055026,27451.0621343767,15911.301077969,29571.7622162699,192133.442759605,112530.395728352,47586.0498627301,27741.4860848152,16153.7327466059,30172.0600446535,190903.673769739,112332.071943289,47707.0722499738,27909.8191826228,16318.6472992487,30664.7869139851,189722.695280699,112270.130797292,47907.9542706766,28095.0469429187,16474.6871728726,31125.8225995315,188230.432685939,112031.507273889,48076.5402132006,28267.6961530298,16617.9519980273,31527.8248902316,186612.791284667,111752.032677406,48244.9224931272,28451.2253009215,16772.3260809834,31930.2064310541,184866.826692532,111373.998909469,48385.801514215,28626.2813877585,16927.0641214455,32333.3017149935,183062.817426801,110953.810712604,48505.6941137326,28793.6035672887,17081.5438336843,32746.1714052722,181174.974315592,110474.888619979,48599.6196218583,28946.4080707573,17229.3818524026,33159.2195552859
407,307530.898120236,125905.572232738,36206.1807721256,17201.3430006912,8107.01342262833,8569.19357199426,280156.33425817,116321.719149794,33580.8909725803,16085.5964605426,7612.15942615969,8075.87675249888,279120.836838856,116922.49366214,32363.8537936757,15735.0680726395,7627.5690788191,8309.50380227691,278594.592890258,118676.112436945,32603.5628192724,15471.460334934,7412.68601278205,8279.23808674805,277355.796922922,119576.613092444,33217.3496023353,15696.0036889341,7423.44584742779,8201.52304151704,275976.296343041,120363.911322801,33793.1765202252,16030.5937516475,7581.03648850827,8270.76865554445,274552.87150874,121050.215435947,34333.0551938677,16365.7482309716,7770.47082713594,8444.84795896683,273043.608718693,121668.21910795,34845.0824147881,16689.1285079905,7961.31557308791,8665.28652106234,271989.794832322,122317.308641053,35355.558450736,17012.9648363002,8153.97020802921,8908.7227061725,270786.455423283,122946.65736788,35828.0494361934,17314.1673850916,8335.52226394215,9149.84575334291,269362.661143784,123511.351105783,36305.6836837767,17614.9997782387,8514.9378932539,9389.6519346671,267739.498552611,123986.434787197,36772.5444157992,17917.1949454002,8697.0522491375,9632.9150139361,265916.444183567,124376.324594829,37225.6278809846,18216.8864654871,8880.78925818952,9881.6633541026,264567.809450623,124799.819629123,37686.4211661083,18525.2196128642,9071.40951531273,10143.9944503969,262984.893161982,125185.439721195,38096.8942476628,18805.257059802,9248.89872392655,10398.0459940074,261067.714204223,125478.360646988,38511.6114269849,19083.5712323006,9423.17657414731,10648.2027959706,258940.373515859,125663.387666603,38916.1450640569,19365.8456929374,9602.05896659897,10903.5604208759,256628.245556923,125754.973244239,39301.5317562107,19643.9837447635,9782.71470530158,11166.0783585161,254864.974246113,125902.276528283,39696.1506998817,19931.5923841087,9971.05045477781,11445.242275268,252876.774555127,126015.562678855,40033.5386984689,20184.9358336843,10142.5130678135,11712.5877370525,250689.107947454,126059.476436879,40379.7705241089,20437.6895584319,10310.3874895154,11975.1991598523,248191.825142952,125980.444770725,40704.1087637882,20687.0254479088,10478.661031654,12237.5433399559,245505.609065484,125798.273118357,41014.6210580643,20935.1084755557,10649.774655925,12507.427108317,243211.173521552,125640.422159921,41327.7305820563,21190.8929516033,10828.5796657506,12794.5355653541,240871.21113275,125472.702015974,41593.7782834899,21418.9504947569,10994.3399936284,13075.4970383153,238149.25394729,125201.541616216,41842.5329891455,21631.3223004194,11148.8895430455,13344.4998158903,235245.225987214,124817.836900619,42089.3401008546,21849.7718412421,11307.6915674142,13617.2390772695,232438.517068877,124380.65849071,42320.9750832346,22068.8985138942,11471.6698124818,13901.8766599886,231093.772035399,124253.892277777,42602.856613274,22316.7159523584,11653.8464815855,14221.2350859279,229867.316942503,124257.750872738,42797.693927486,22496.7852139885,11796.0064778713,14501.466634524,228536.318626916,124273.677101877,43024.9028700064,22670.2251327048,11920.7300266744,14747.6463812391,226952.079135755,124189.129380991,43247.3925375099,22848.1576864547,12045.571885432,14976.6300947864,225150.784104648,124009.938511982,43456.9961777598,23027.2021047012,12174.7295629357,15206.5183377765,223222.490542452,123752.936399746,43650.4370222819,23203.9169955134,12306.6069223062,15444.18922393,221194.471505015,123434.696817875,43823.7571472585,23373.2846476717,12437.436151348,15688.0316096688,219072.798042043,123060.85185447,43978.9557099798,23534.3759695501,12565.3445802995,15935.0296757647
408,337787.700775573,86404.0566971416,19471.3655539889,8449.15572299003,3818.8625899878,16328.5838475328,321853.143809171,79289.8527753473,18205.1032054458,8065.23725050468,3678.6315511561,16052.1743079495,318879.863223075,78085.4625132647,15405.2638262633,6938.53389980652,3338.41942961328,15973.7135801744,317279.357733327,78784.6703383391,15076.4137702762,6334.56492967219,2920.82317336474,15785.6393102335,316017.227264512,79258.7463197107,15239.866831543,6302.71042693821,2807.68861645388,15702.0311868657,314581.328582618,79653.2794554534,15413.7468593623,6367.6558717463,2811.65814281346,15757.9551261814,313104.70890271,79989.3927055032,15579.0885285023,6443.08882366951,2839.64488875221,15881.0626696152,311580.492688476,80299.4546989784,15736.396562423,6517.13376403818,2870.85095470365,16024.7684804743,310570.587010292,80619.1019820384,15891.5278019894,6590.92445012208,2902.70450723109,16183.1153137359,309434.893006572,80978.9337462654,16041.5339134521,6660.73827164885,2932.6682981747,16338.4149307784,308070.607147268,81297.2883148357,16199.6673099599,6734.05703468647,2963.52731950526,16486.884661158,306485.315910104,81566.0952164627,16354.1565162982,6808.59806020897,2995.79383365654,16629.1073183391,304746.023151911,81789.559302576,16504.2928894734,6882.66879572578,3028.56547695205,16765.4325259167,303516.132742297,82017.3131723453,16650.8589121738,6956.61583991843,3061.97590797726,16910.103565018,302058.73218864,82280.5898567855,16789.2260732148,7024.73959227872,3092.62808701144,17047.0587171415,300250.810864439,82481.705159333,16936.0458555456,7096.47610796942,3124.04614657985,17173.1306122595,298229.5081824,82621.4583091379,17077.5249844601,7169.6184090433,3157.22758754235,17293.0433221855,296051.146779662,82714.6238135527,17212.6689273694,7241.27050218939,3190.57827931192,17406.4375113659,294439.74976863,82818.2037490474,17344.3536242318,7312.78872325222,3224.50952825754,17530.1656547018,292636.430153616,82963.643699541,17466.0738046898,7377.10034836721,3254.93639891179,17645.6126429743,290598.532555183,83057.5097348192,17597.1079472642,7445.17291406915,3286.03797283746,17752.026296586,288266.071227577,83095.3900403676,17722.4749934897,7514.07736747482,3318.57472110718,17849.77975133,285721.66269099,83072.3298141621,17843.2757783969,7582.77111345284,3351.86609877598,17939.6684820393,283608.996755305,83045.7584963794,17959.4789494649,7651.47991346115,3386.1209024733,18037.6070130223,281459.350589794,83056.1461655692,18064.2343817981,7712.92211381856,3417.10272538131,18130.773072329,278902.233408824,83018.5180238959,18173.1655191547,7774.81243274633,3447.19394345496,18209.3673465884,276148.778148382,82907.7256287099,18281.7117820275,7840.28747643575,3479.73386961061,18280.8777389856,273574.96113024,82770.1215854176,18383.6953173802,7905.36517259216,3513.51417031631,18352.7986403569,272487.326210566,82755.512045781,18484.5997319741,7970.22096803191,3548.00880752012,18460.3271653321,271518.135268732,82902.4322513366,18568.9529910778,8018.32798354646,3573.12698221441,18561.6774461331,270407.755966582,83034.9657931264,18678.6685562349,8073.57334100667,3598.140911022,18652.5756687773,269052.012356915,83122.4387584214,18788.7882667942,8133.94001303767,3626.76874903221,18735.6479679076,267435.846493266,83153.654371889,18894.995400897,8195.28703718158,3657.36791594571,18811.3307494032,265695.787902013,83138.6489749042,18995.8047922665,8256.41630756072,3689.03812549842,18882.8587323599,263850.816363325,83094.3036257507,19089.11871197,8315.10539786309,3720.32962782273,18949.7981204308,261913.567636387,83021.0011013921,19177.5486936923,8371.83349871943,3750.94110753614,19011.5498750127
409,116769.110810324,104295.172761245,70430.3105766787,52703.9267350476,39149.0155470354,120271.880743201,99556.8873840951,90490.4151881103,60389.1553195032,45326.9412138122,33784.5341547221,105035.936415703,88369.6398756238,80616.3580740229,53478.2819777991,40569.3002623938,30469.591758252,95602.6482502895,96906.0105946132,90721.258876682,60437.4041122089,45708.197594578,34547.402001248,110540.957217297,94870.4682558682,87536.1036320586,59327.7066880118,45048.283642167,34087.4348467162,111202.969778565,89083.5810863615,82734.8281754749,55674.8309624245,42496.3182764228,32310.6560363329,107144.529566643,91008.1269943034,85766.2965477017,58134.6668544316,44329.0305110991,33757.5213598808,113631.579874419,90848.3749253022,85452.5696671532,58681.9261814843,44946.4964521166,34292.0048185908,116908.161550463,87759.8134674667,82614.312760818,56816.9069783193,43767.6756194778,33553.04918769,115851.959254502,87436.5461409699,83006.4407305467,57245.8468007244,44181.643184112,33993.1010695323,118986.850864873,87372.7953429522,83191.1991550007,57840.5211970517,44754.4148613777,34515.3439710202,122416.522841296,85528.5112545079,81604.2772946913,56999.6213828486,44282.4098421113,34263.801692343,123063.809706174,84199.6025711577,80786.6875590999,56653.4071526643,44140.7355016799,34267.532935212,124646.21132396,83786.9388014102,80641.8356290145,56904.7381273595,44464.9559573867,34618.0728625124,127517.955787388,82801.6074988379,79893.8319911648,56628.3790950193,44402.4281498958,34679.7149302684,129368.879091885,81423.6098938868,78882.6219172098,56129.1564462509,44133.2492960631,34574.9951165191,130627.929214894,80361.3552193387,78207.8574328383,55937.1449082526,44097.3064819073,34639.8895294156,132511.139201213,79282.3138123675,77432.6390837957,55701.5521201008,44049.6452899587,34700.4241008354,134374.093526029,78168.7849562918,76496.9605773195,55291.616011972,43874.053183534,34671.6407390889,135934.808249598,77177.8740329385,75792.8451269213,54971.536950895,43746.8746959769,34679.6268407218,137710.158043578,76144.9927173455,75041.3128085151,54666.5677264686,43609.2695581124,34662.9225135714,139410.622840544,74920.9760236167,74102.9980200104,54234.7842313396,43381.2854983062,34570.383361944,140775.730094389,73620.9077670923,73090.7202728018,53758.5845142953,43123.1023934387,34457.5200887725,142041.99262727,72528.7184632614,72181.0912368609,53348.3549502787,42925.0499325839,34397.6905813483,143548.539092479,71536.7937323695,71395.1319923395,52965.0349187237,42741.8528149933,34352.7255107621,145177.850657743,70347.5400932543,70458.5167061063,52476.0327508483,42452.2520727876,34212.3557861772,146440.785865315,69018.0538748658,69371.4692603287,51905.6638171507,42097.3983381685,34011.5469012039,147421.859452926,67793.7723046736,68333.1682719643,51374.638267644,41784.5548357624,33847.7433196728,148545.486576914,67106.8485957706,67605.0774392179,51010.2967001483,41610.7288657403,33802.0144057466,150225.839664065,66684.2919165629,67259.3272628314,50780.7292771477,41511.9589477443,33810.991844685,152221.328393479,66075.7367613636,66763.3018644001,50477.2142695389,41299.9670297233,33693.9150231646,153606.134819419,65283.7143253807,66121.8838004281,50103.1735738023,41033.2943491149,33512.364370079,154500.867456037,64513.4017510472,65522.9207223973,49803.1558302972,40842.4973821652,33394.2582289609,155494.787711332,63764.2168169177,64918.1397401358,49520.1970983907,40685.553402969,33315.2838773083,156563.998111071,62929.9415699165,64209.6915013212,49145.410336745,40463.6950140845,33195.5110636052,157425.120928597,62049.4803041845,63453.9741925738,48719.9564291273,40198.0926458164,33044.8295487947,158172.09450725
410,386302.572648784,74816.7027708039,14368.1542394256,6050.71517285235,2706.95038981179,13219.3069101336,367621.803292264,72776.4143462265,14227.731175995,6112.90953085948,2755.17957544678,13214.089639389,367377.337888876,74162.389073842,13502.3690641499,5734.01874337646,2631.48128110651,13334.2488100762,367517.07702062,74989.6384523758,13849.5373519449,5736.77365385799,2554.01439877874,13409.6972940285,367513.716592409,75647.2854206952,14066.3587601404,5838.64786475067,2581.97683347726,13543.8608403825,367180.612441449,76270.8776121019,14243.6440321735,5918.66909262993,2616.52948686671,13710.8045252979,366749.22337672,76851.5824007855,14413.095734103,5992.01667428491,2647.51277732515,13883.6089923104,366272.486772093,77412.1277834862,14576.9833353828,6062.37694104982,2676.69521866591,14054.4275859512,366264.114736405,77968.7367732956,14734.610003855,6130.18408438166,2704.67966760027,14228.0560723743,365987.743954466,78544.6545079667,14887.5753360864,6194.18150802501,2730.57708624529,14394.4203181398,365447.12184283,79081.4867989026,15048.3267533996,6261.74055095281,2757.46525739756,14555.229475808,364617.175647238,79571.9518341921,15204.5093539162,6329.65861326241,2785.24286420146,14710.6183022779,363670.923910461,80023.842893548,15357.4152578221,6396.98770674523,2813.24327307777,14862.3207857671,363186.547176414,80465.65979299,15500.9276673086,6461.20105804143,2840.36063390054,15017.3330646271,362325.208642393,80920.4553551866,15637.0470474882,6519.96129487056,2864.68032350316,15162.939404342,361092.893623135,81321.8457536077,15781.6180312073,6582.55544719427,2889.98569936908,15301.1563465878,359567.938617716,81663.9448071138,15919.6411954364,6645.23861911596,2916.23605550971,15433.5463198482,357931.588874497,81964.3139292921,16051.9861681831,6706.22362591066,2942.29546077465,15561.7500688574,356824.560511496,82258.3119819795,16173.8726196491,6763.41245407124,2967.08435667782,15694.1535735666,355407.417387042,82571.8838908309,16287.5998993339,6814.3040520671,2988.55747411812,15816.8997071099,353712.489839657,82837.404577701,16409.5845706631,6868.85746022226,3010.83271716246,15932.7711646351,351627.133609547,83045.8465364725,16525.427493644,6923.38899288798,3033.93233767095,16040.6315091245,349351.79829512,83198.2349649254,16637.0574891784,6977.37241211499,3057.38548505998,16143.1313847789,347516.955995899,83335.52968878,16738.1156649593,7028.03708547585,3080.0359932726,16249.0221931867,345514.800410895,83486.9188595257,16827.2934822337,7071.22491107742,3099.07499732238,16346.9862437458,343035.809111217,83591.5496413924,16922.6258434024,7116.13956101401,3117.89610697994,16433.6206047427,340321.120739482,83626.1569972468,17015.38656016,7163.20882835644,3138.39773833891,16514.378936502,337926.237571141,83638.8786892631,17102.0618773678,7209.16570786695,3159.40021374064,16596.7208757122,337125.346885013,83737.4934273081,17175.1786857624,7249.00662114198,3178.20641744793,16700.2473674938,336302.113679714,83963.5417355795,17238.7682542268,7276.74008750321,3189.86143114697,16794.2845797787,335304.055782421,84176.8846359328,17330.3904675015,7314.97124035805,3203.83052147412,16881.8904266316,334012.583110129,84345.6222076687,17423.0742978567,7358.66818654925,3221.72262587028,16964.1414317755,332415.937262565,84461.1916353768,17511.6552486305,7402.84859598802,3241.19465601499,17040.6946173968,330657.463238268,84529.2942230762,17593.372272834,7445.56055756544,3260.88654847746,17112.9316157178,328778.34798303,84564.6003194247,17666.9958985726,7485.12572759653,3279.61454325681,17180.4220221336,326762.546136397,84569.6834019857,17734.4135937764,7521.90042527333,3297.12998962355,17242.2672427457
411,247638.673088961,127866.893090345,47453.1753769899,25808.6982134267,14035.8278807075,29119.3382814898,210539.461813612,114817.236093281,44091.962580427,24137.6560272451,13177.1131133095,26892.8414021602,220543.631798848,122483.796385064,47628.6017601047,26643.7074568803,14829.9966487215,30035.1627212376,213337.194386734,118301.681933392,46442.0789958051,26069.2962992393,14651.3871187255,30108.1039514305,215052.847012333,121158.493043488,47789.5294429822,26907.0686101488,15182.345944877,31447.9294682372,211886.051371257,120171.02685416,47960.7604108394,27110.4611768744,15341.12363273,31883.917598833,211131.623942178,121092.735638726,48743.6771270017,27692.5813416391,15744.3515028377,32767.9594684512,209002.736253984,120866.572258455,49148.1139632584,28058.3489122953,16025.7856869709,33416.0969490045,208087.801328384,121345.110112301,49771.5321322603,28556.3440650845,16390.3900092308,34253.8003227164,206529.340307621,121394.520278427,50196.5009485376,28930.4260896761,16681.7823421521,34969.271016955,205074.759654235,121603.953044057,50696.6653997866,29341.3288887434,16990.7187788831,35720.9325273672,203284.503534188,121575.057668586,51130.9889312327,29721.7343525743,17282.79807834,36432.2244018219,201473.191724094,121525.723587197,51561.866849524,30108.6850807205,17584.2056380342,37164.4324121517,200086.906073198,121547.573012628,52012.3912667484,30513.2756076056,17900.7170083312,37947.6636178291,198420.052445174,121468.689181184,52364.1205844883,30853.3604889751,18180.7342459811,38682.2193146173,196532.074569739,121319.710086969,52719.7103402762,31186.638804385,18451.4402055575,39398.8686196827,194459.472236749,121037.452492077,53050.0547980872,31516.3932561626,18722.2079230969,40108.3250716503,192280.946992083,120657.60643957,53343.8385149725,31834.3455103149,18992.6528808613,40823.1829440018,190606.700827744,120406.435273182,53676.5101368368,32181.2497786483,19285.7364718504,41610.924150537,188704.379765095,120059.85391599,53903.170456224,32456.2509576706,19536.5674872616,42342.8179249254,186662.333187291,119676.486929319,54137.8193084498,32723.7541013524,19776.0585074362,43055.2999829384,184372.74504331,119143.714778704,54333.9266623441,32976.3351908943,20006.7467787675,43740.6392809892,181946.968553921,118504.028952811,54498.4091886085,33219.495172385,20237.2686341792,44425.8239506096,179901.509356255,117943.366532138,54688.7272451032,33486.8606987369,20488.850230277,45177.3885353877,177786.007990435,117348.65768854,54800.6547516557,33701.0484800446,20710.4716518341,45899.8862918265,175356.145615878,116634.379147092,54869.6945624549,33874.6033982543,20900.8778401658,46565.414134434,172823.124328987,115830.888269954,54938.4748959528,34055.3217890969,21094.5207030464,47229.323960697,170389.699449316,114967.679132416,54981.2487765584,34232.1918787257,21292.552148059,47909.2224187516,169226.896802789,114561.669064827,55165.5192204411,34500.8854013258,21553.7873467766,48772.1046200682,168073.862487921,114227.766525617,55218.7917439734,34655.6074660873,21737.8730766813,49522.8432432721,166833.799011229,113930.956163439,55309.5725135838,34791.8138893933,21885.4403708513,50177.6350159214,165438.443692382,113561.615679422,55413.720173956,34941.1060849231,22031.1661250746,50771.5502243569,163837.240370485,113062.509730201,55481.1734643862,35081.1170003193,22175.6055599244,51321.0659899268,162154.898663431,112502.217101639,55531.3816150497,35220.632099878,22327.0796127403,51877.1615237689,160412.342670483,111875.851568429,55549.3803095464,35345.6346733392,22475.0775462664,52437.4396261293,158600.13541411,111198.467585991,55535.5424748589,35451.5604376692,22613.9456119304,52996.254221689
412,268383.177356802,143436.93323327,57540.5751912363,31943.8856262601,17579.6745293266,26884.2109289122,246913.854338877,130979.15514802,51089.054001496,28421.9247622607,15677.1552846147,24346.6056533693,244724.770784407,130994.30866465,48878.8283453954,27587.1384938776,15469.1576762041,24370.3322288341,242885.775983536,132703.737683357,49016.5830605225,27013.5037241971,15093.8474367731,24472.9071100539,241063.197024277,133309.826709181,49846.5413540684,27309.1078521622,15056.6551822002,24420.0441636546,239539.548353222,134001.967251314,50756.0109374178,27914.8837439747,15371.8901450251,24705.0054378103,237562.802565158,134154.080179043,51385.6447558669,28433.8420256727,15724.358225574,25153.4197107798,235837.356035991,134508.38826397,52063.086868799,28971.0448597558,16111.2899266242,25802.2279013213,234330.435758989,134691.813239304,52647.2939434205,29457.7520540488,16471.5672631754,26491.0340664631,232943.042557246,135046.363698827,53235.6130477344,29934.7850606541,16826.3469598672,27222.5258441109,231156.62324105,135162.139918098,53749.4238943668,30360.2731932408,17145.0382495844,27908.936151134,229330.765387131,135293.430788638,54297.5699311962,30811.2678558784,17479.2939201964,28623.4697327984,227182.663363403,135203.813869708,54768.2575091334,31228.4215662404,17798.9193818113,29319.9527755281,225616.752004819,135257.399126613,55297.6673926825,31685.4204281761,18147.0225150468,30082.2625786859,223834.045355926,135236.71739675,55722.619459857,32080.0646608003,18461.8394530448,30812.9297089066,221729.633769796,135102.484202594,56135.2310746779,32453.1520877399,18758.468494059,31520.1577595518,219453.569526135,134846.88813966,56536.2511229336,32832.0620145787,19059.8767823644,32232.1258038236,216965.106675968,134453.32741867,56886.5599547452,33192.7406249854,19357.9197909097,32947.9592998566,215024.990083408,134155.281234653,57272.1823731784,33580.7896873117,19677.8369045029,33724.2938044322,212976.681614359,133857.944024944,57573.4704089984,33914.0804888851,19967.9757393469,34478.4511312429,210663.198745483,133427.34044069,57846.5615386184,34213.6819051155,20230.5575976688,35192.9363757801,208169.741889937,132918.625253816,58113.534513443,34519.147390808,20496.58086947,35908.7698097602,205379.63308163,132207.022239893,58314.3842904754,34795.2426918154,20750.5993529314,36608.1268149122,203038.767598873,131590.56566227,58556.4545835132,35106.0380590701,21032.361269383,37376.9442583509,200711.919038291,130974.647719179,58723.7210535472,35369.7292607526,21289.799488713,38133.8550229441,198017.700277099,130224.115561144,58834.9103414711,35582.0436620098,21509.9175810957,38838.2814453317,195155.373014289,129352.710641289,58942.7798187178,35797.834097707,21729.7207500975,39537.6109487364,192315.593066445,128398.025649941,59019.2327404755,36009.683051679,21954.2424912334,40252.4101686382,190855.087471769,127853.629520181,59222.2383411677,36304.5929322478,22236.7620283563,41108.0093398419,189672.533802562,127581.263182779,59341.723519472,36519.5745416765,22466.5163464999,41909.5151296953,188220.644457195,127205.927745074,59432.2336541332,36664.0488146979,22625.3177819398,42564.7860432608,186725.959645852,126871.939940859,59592.4076890883,36855.3523285389,22800.8671838328,43196.0253139332,184896.385125277,126305.528610335,59676.510606242,37014.5993637694,22960.6164870593,43760.2239353398,183038.144113178,125728.754798069,59769.4575730345,37190.6004183732,23138.8926355181,44354.7911815857,181057.433984452,125030.737383976,59807.6837376435,37339.4771427426,23306.2680161148,44942.6189316143,179045.24894285,124312.997910969,59828.1803883059,37478.9391972071,23471.3341795004,45546.7887147443
413,282464.304744687,120710.839537489,30244.2647633762,13640.0964866127,6220.57650517372,17380.9074212965,250002.189434303,105571.551083699,26644.6395910822,12249.2619074994,5634.44531016012,15764.8545809923,259806.731274282,111000.348869178,26538.2164973066,12169.3912850536,5729.779311553,16709.5340239366,259702.112215645,112350.791411207,26663.8966109363,11879.1950849795,5466.11705727516,16631.3292888765,260099.854062413,113786.972317743,27255.8251681859,12081.7685439943,5468.63789969879,16665.7828877603,260141.772421001,114977.509323989,27833.5173914533,12375.4366592071,5589.86642025923,16830.2110294294,260088.092833325,116081.380425866,28383.6980938876,12675.5848099577,5739.95616291714,17081.4737827563,259939.596400467,117107.350740275,28913.2421902926,12968.7399869636,5892.59271995108,17362.5646691936,260206.943825829,118207.078339586,29448.2531768616,13266.0011837136,6048.83244674025,17671.054723367,260104.868006394,119192.093418707,29937.4334455015,13538.6500661328,6193.46653982624,17958.7154988442,259834.258092786,120139.935355605,30442.8558929476,13819.0128639585,6340.94060352344,18244.8278658823,259343.13196367,121007.23600929,30941.2793819629,14102.1119548902,6491.90113209421,18527.8310230571,258722.62504299,121793.94055905,31434.2917807668,14386.5526178242,6645.7685686973,18809.3234107365,258535.819925569,122672.370431918,31938.3119207816,14680.2791178347,6806.33774083361,19112.9177326915,257845.475284142,123378.022656035,32380.4902738631,14941.0808189656,6951.4319909416,19384.0037731244,256979.868175865,124062.271280823,32848.1453964596,15214.4746127477,7101.65997091577,19656.1344438864,255857.189464069,124633.785955691,33304.5689178683,15489.9847753697,7255.63406086025,19923.4224217372,254642.538077362,125132.289862404,33753.5097998645,15766.7241061849,7413.12460734174,20192.1979732416,253927.502673637,125740.873146035,34215.4163925476,16053.2156936148,7577.66661327383,20486.4367648986,252746.44166227,126165.651702892,34601.8901611473,16298.6311741531,7722.2833973183,20743.7645957629,251464.510769185,126600.257176634,35019.2898861568,16557.5337232969,7871.71204574283,21003.6301050355,249808.642103662,126876.534068189,35412.8204757507,16812.1306773033,8021.4599509158,21249.9961806195,248054.437172441,127090.0892865,35807.2491891563,17072.7271459638,8177.22825949778,21500.9222918469,246663.869178573,127362.647785445,36207.5565784272,17341.3001171626,8339.99392622159,21773.3801889877,245017.479311657,127515.739825076,36544.4054662233,17575.4996436705,8486.58328026647,22021.5304882593,243052.970935221,127591.349694675,36880.8590078487,17806.0820469594,8629.50119213026,22255.263832483,240895.76728401,127572.0371918,37219.511464765,18045.0729493181,8778.41204978895,22487.399578661,238948.721108502,127523.247146245,37556.3069631367,18290.2444051018,8934.37662498622,22732.0076422501,238407.165730914,127866.618794246,37939.7052687162,18559.8591378797,9105.15553136973,23042.9272311512,237492.529461714,128002.59046848,38165.1513834255,18730.9570637766,9222.39553143854,23277.4869360082,236689.601881279,128317.490322619,38467.9475618071,18924.1990965001,9340.70824954291,23510.6691338631,235500.543260254,128427.716044556,38740.5864673143,19109.8630320108,9454.90474804426,23712.1966611979,234177.405396782,128511.036057712,39020.5559479338,19305.8049142989,9577.78571288064,23918.2637205575,232689.779234622,128498.499214638,39284.6545366216,19499.1959479893,9702.57037185972,24122.4762329866,231110.547158827,128435.596532801,39536.0568902624,19689.5570900254,9828.31831396986,24328.1649095525,229431.713136873,128314.156590961,39771.8369166881,19873.684051554,9952.34199409415,24531.0771671519
414,304980.237108686,68819.5406357067,14198.4991983807,6005.34146607468,2680.83045599892,12356.4182521994,289777.523236936,64704.580175294,13516.4902536082,5852.28956041006,2640.87866051395,12127.4406429644,290187.297164282,65829.5790399055,12649.7198538275,5391.43841667776,2483.41135681691,12261.1358319286,290585.956968344,66741.3032420712,12826.3910084173,5281.91116651976,2354.07737863389,12312.2528617607,290715.699374127,67435.538085659,13046.6583950941,5354.10513965238,2351.326434211,12410.0322861233,290571.859589947,68072.302968584,13249.804296152,5441.27044233264,2382.51397858505,12558.7104109738,290395.378065604,68682.0100312493,13449.2035819388,5529.52432610544,2419.21774293647,12730.5466322704,290255.755968359,69276.2934519348,13645.8129147525,5617.03867099806,2456.45057640882,12908.5582590184,290554.048406357,69900.4041192748,13841.1389206001,5704.3700512768,2493.86508570156,13095.4965514231,290567.406566742,70512.5974357814,14030.0221249236,5787.4141163946,2529.01000096081,13272.0591843572,290384.691573074,71096.6449844768,14226.350967005,5874.39424246021,2565.58607460261,13444.7272982387,290010.92991709,71649.2279051288,14421.5105789786,5963.10356694616,2603.6387776895,13614.1327741553,289615.506792541,72177.2029980248,14617.4776282409,6053.27650149213,2642.86889299863,13782.8345445428,289665.232335123,72736.3582002814,14811.2726699082,6143.54464072456,2682.70735692076,13960.0968480522,289288.015838779,73261.9265432281,14993.1736818923,6226.7965301052,2719.07837649898,14121.6831247354,288651.992861233,73751.2691799326,15183.7353028573,6314.61865240849,2757.08841929196,14278.4180222191,287817.142142695,74202.9873768208,15373.1490973966,6404.7018782195,2796.98122049442,14432.207513623,286970.409713326,74628.4152462437,15562.0141217201,6495.81603783919,2837.99123566441,14585.1847143366,286631.922638821,75093.9164368518,15749.2645727595,6587.14414479536,2879.64729231397,14748.6902770042,285886.101485983,75516.6856376708,15919.4271819848,6668.79117361608,2916.5747248635,14894.0674545642,284940.540372014,75911.9950200214,16098.9033550707,6754.90277822601,2954.92899727965,15034.950357333,283678.200943484,76256.6502549168,16275.1079959878,6842.32067328211,2994.70721259854,15168.8256624191,282363.005032641,76572.1507467062,16453.7535368031,6932.58499887393,3036.51745183338,15302.1757796167,281476.539139842,76915.5683908892,16630.9494902514,7023.76593857076,3079.55894442421,15445.0743799692,280305.741056886,77219.4628921511,16788.1214396329,7104.35993609543,3117.72753808379,15572.6183018524,278728.020937742,77472.1936113785,16948.1361937799,7185.70041402178,3155.51551339785,15688.0448561297,277011.525104151,77690.4172061788,17113.4415000494,7272.63002613985,3196.57570938137,15802.2858722437,275709.208982786,77920.8874087515,17283.1063016412,7363.65317288343,3240.63367048138,15925.5125299536,275793.141285019,78297.8561624758,17451.9976180428,7454.08500739442,3285.10811582707,16078.8035089571,275437.492584568,78614.2348177343,17571.7302660271,7515.23402303073,3314.76979801436,16196.1841156736,274952.765337079,78941.3609028252,17715.3479746759,7583.80450320237,3345.24405687089,16307.7567217634,274190.067989439,79218.069259072,17860.0927218708,7657.22279780881,3378.9487261625,16411.9418831753,273230.716989161,79458.9585412734,18005.0266056197,7733.4143168727,3415.34893631066,16513.3019553784,272167.860205607,79671.2628349267,18147.718676504,7810.54830812794,3453.2291336949,16613.1397699791,271001.068307199,79854.5778575994,18284.4402837739,7885.94155875806,3490.96165924657,16709.2053196731,269723.715834459,80010.7483291952,18416.3940578481,7959.60419606505,3528.16947582291,16800.720356577
415,371813.044662747,98452.3802103195,21604.542880888,9402.24636799941,4283.92766715447,20465.574539113,352532.058371928,90027.4253714857,20144.2532911148,8946.49536805895,4117.02181072645,20095.8930876785,351814.07508911,89210.6671956518,17487.0632844423,7935.01686182467,3828.49268756242,20163.3287031846,351526.418291037,90527.0363243489,17173.1752798711,7317.1641591839,3413.83217197379,20081.954536799,351226.672593251,91436.5238668925,17423.7751592921,7307.03783066701,3301.42423566051,20078.8640943524,350606.10817703,92221.3408629397,17679.2381107259,7404.27073721637,3316.40200844778,20215.6386690042,349885.245905898,92930.3417809139,17924.3182022596,7513.07688578061,3358.15556635935,20423.1751048207,349054.522726247,93601.4598455564,18158.6942927416,7619.7589918704,3403.35591807827,20651.6775721849,348721.861983973,94268.0897343534,18388.4789535069,7725.06809880798,3448.79556845389,20894.8449009839,348202.342030446,94950.9385913924,18605.8328864441,7823.35474977834,3491.04460877613,21131.0645943781,347415.165127454,95590.9721172569,18832.7477108758,7925.19676550346,3533.99117428816,21358.4867910894,346342.496585842,96171.3312389597,19055.2429134708,8028.33883816862,3578.39839226431,21577.0442711704,345091.26317758,96700.0143601265,19273.6538506486,8131.21232263309,3623.48491721927,21788.3948158808,344308.5258851,97217.7565435697,19484.568203034,8232.37148016071,3668.6158730352,22006.4328246724,343246.059186395,97745.3443564879,19681.1561552939,8325.03227517218,3709.8019935796,22212.3737456353,341811.39231456,98211.7649633305,19886.6485366434,8421.1697980176,3751.54976643533,22405.8628134127,340078.290327116,98605.000621235,20087.613607423,8519.01796055312,3795.10109753003,22589.561217546,338136.037229359,98937.8569262188,20280.1239374305,8615.09680768372,3838.87469575484,22764.3592417294,336781.460678566,99265.5693796492,20465.3725691728,8709.2673499477,3882.54559437623,22948.9560163877,335176.519612083,99615.1678531555,20632.8358869722,8792.69362098758,3921.12414402736,23120.6939063638,333295.573855793,99908.737995644,20811.7149162232,8880.18326181418,3960.18849447658,23281.0055986695,331051.400647982,100129.031899507,20983.2183357526,8968.2976144375,4000.64473441122,23428.8062241416,328568.022984157,100278.164150442,21149.1986079225,9055.95842310995,4041.86912997078,23566.5940729469,326509.595294212,100410.064910236,21306.4454265849,9141.85311768511,4083.35132289706,23710.8883494902,324362.849439726,100557.081431575,21445.5684312262,9217.41051294332,4120.16366801152,23846.1622574396,321767.783243573,100647.661433981,21589.3965227134,9293.28439388726,4155.80747624228,23963.7897787338,318915.308541177,100651.671194621,21731.8686916123,9372.63132000282,4193.84690158371,24070.7726126388,316218.87493019,100618.052118696,21866.0603440978,9451.08916038204,4233.02947346957,24176.5617902031,315119.520925651,100696.870027271,21992.9531403062,9526.59523302341,4271.84118431065,24320.504135997,314151.450160324,100932.373044049,22094.4235734554,9581.04599725602,4299.29654217477,24456.4981895324,313030.27572686,101162.211626088,22227.8248162333,9644.50723788648,4326.90434883218,24581.1962327377,311626.506992951,101334.404773841,22362.2934804034,9714.45696060224,4358.86279333622,24695.3643503846,309938.154998041,101440.928809517,22491.932342039,9785.43122303877,4393.13065848135,24800.0706931499,308067.311062388,101488.596360789,22613.6359189047,9855.15269270974,4428.15103171732,24897.2087543154,306080.137662725,101493.172516198,22726.1403924386,9921.77890031319,4462.55711391799,24987.6071563079,303962.808781915,101459.695783271,22830.3579465545,9984.93588183643,4495.66093021368,25069.9635725638
416,171847.243594454,120895.559985402,65548.8157264826,43567.8326228508,28775.024954188,59893.8617065187,145758.46160023,105300.268127785,56365.3357368994,37423.3208019368,24777.3011179009,52059.0610479363,150609.860706162,111485.273458759,59711.6722945807,39898.1456753528,26548.2785619459,56154.8576055451,148312.425346975,109673.427431388,59639.438954502,39861.0170789044,26634.5445952704,57206.3104238334,145223.596133853,108242.64057024,58987.8651886769,39629.782426159,26569.2725318561,57779.5038398608,145714.170522309,109792.863488553,60378.0344967696,40646.7169646517,27331.47456212,60122.0200816894,142889.997809237,108022.114220904,60014.7641451537,40610.5330986128,27403.0485353417,60884.1362436922,141877.359684816,108174.378987567,60473.783521356,41124.2632735362,27886.2917497297,62622.3427438894,140744.557555006,107792.555143117,60779.0147373681,41507.7280643244,28269.3914174224,64229.2866118832,139263.55695225,107253.936247779,60835.7637776608,41733.3839088578,28550.0210033575,65647.7018100782,138028.540920459,106990.661699283,61089.9380147108,42060.1039376573,28887.9954522441,67230.0262992072,136446.17931668,106383.508348728,61188.1279620113,42292.2733591607,29156.5873880817,68649.5866180605,134859.259111673,105773.117766569,61270.1049505264,42523.2659790318,29431.6992254069,70096.1762739593,133659.134045963,105315.99724788,61426.2032706389,42808.5640600388,29749.0884279376,71680.4968158272,132268.829052364,104773.705538497,61465.08884875,43002.6229618228,30003.76871863,73156.5165113045,130642.333775602,104090.876094546,61450.9331553998,43143.0002192978,30211.4993732912,74532.3815975248,128977.081832059,103371.778566503,61448.1445001463,43301.3059719968,30430.6012596423,75933.3912136611,127213.010139948,102516.099645633,61371.5439773399,43419.699932282,30628.9295191777,77299.5993914626,125818.640432024,101811.588438988,61346.6560422305,43580.3326008602,30864.0938540454,78802.2595516975,124358.189838296,101128.652447785,61263.2597495238,43683.527911248,31057.9459482296,80252.1062396634,122665.494338212,100268.664951982,61100.6791843241,43711.8525290966,31186.4345621628,81547.4318601061,120911.533481715,99390.9864227233,60947.1815377426,43753.2997782505,31321.3634699487,82849.251034758,119032.253343349,98368.5712838434,60728.7988102667,43758.0271259459,31434.6199645235,84098.6721873908,117418.451763506,97428.1376908049,60534.302519603,43790.0666587526,31575.2822050585,85453.9148489113,115860.719806985,96575.2279140625,60322.9819089916,43798.9675834339,31701.5068708972,86823.7985515381,113990.515449617,95512.8097583455,59995.9068677201,43703.6668057274,31741.7843904469,87982.521243843,112056.960636321,94390.2368021299,59665.1353307544,43610.4683238562,31778.7076041427,89122.8759904398,110288.497912053,93284.9118971738,59349.1830920833,43540.3862987059,31838.2489635318,90335.1858230327,109340.590367429,92572.6630902323,59186.9907664746,43586.2472374446,31989.3799124661,91855.5390228028,108590.129019104,92152.8269842925,59042.7254360705,43602.096181847,32109.3976406924,93342.2472715801,107550.212227913,91541.7034095489,58812.4498965073,43502.201455774,32109.2343398851,94436.0485752673,106484.6442764,90970.0862689102,58653.9397194958,43459.0734298553,32133.798338722,95476.2688641967,105333.475120316,90322.1200744467,58493.0201963497,43431.5679391391,32173.4699928249,96460.6571525721,104060.961351664,89540.2962840745,58252.6030764026,43363.5000676577,32194.7914181394,97349.4303298126,102780.52282877,88754.0261149051,57997.5252751906,43289.670488539,32221.0862675053,98265.9624280602,101478.36105254,87934.1795973047,57719.0441400538,43197.4176188084,32236.5601099882,99183.5258346597
417,352450.131624678,85790.0418895395,19712.7877371694,8817.52835664621,4240.32365303867,30653.9194969014,330199.156230952,78316.9409507558,18167.7259321139,8286.97265084484,4027.84634806321,29732.3458137047,331953.865986754,78157.6015196406,16511.1062207969,7653.31137424472,3849.53778192206,30125.9658168046,333256.306144135,79710.3899456179,16281.7013867741,7176.00804768147,3546.31935549002,30379.4764421247,333812.225092757,80694.5019923839,16541.7097618691,7181.37413090924,3457.8730075063,30630.3729081166,333881.31327284,81521.0046553552,16798.5686373128,7279.24625033224,3475.87224527723,30971.2274862733,333889.849907946,82295.2895065548,17049.0147976244,7389.00520492082,3518.19082401129,31370.1108476572,333860.755233388,83043.6128356318,17291.7046542853,7497.80039659405,3563.99248889044,31784.9113933975,334324.186914927,83814.4347804578,17535.239932733,7607.35847176782,3610.93702820847,32221.0520998628,334415.444490557,84541.7089981202,17758.6851284616,7707.08131194004,3653.24674255292,32631.5497988227,334272.082234977,85245.4760717094,17992.2007307657,7810.46602533371,3696.35303246674,33030.0594264332,333879.194132628,85900.4735034829,18223.8803819547,7916.03968236213,3741.0880283213,33415.2940111525,333414.141393128,86534.5541357266,18456.4377491506,8023.52864243793,3787.46801701488,33794.4375372719,333461.013814573,87183.0014737106,18688.4512083346,8132.20954120934,3835.21148966272,34189.1972042507,333021.019396512,87775.3228451346,18893.5797575432,8227.66934056376,3876.89196866384,34550.0073778405,332242.058612269,88336.7459727154,19111.2654400575,8327.39286446629,3919.34597236821,34894.0898419999,331223.026095422,88841.0531410918,19328.0639107794,8430.6021913647,3964.19679750901,35225.088755819,330111.37011761,89316.9588984811,19542.2210049443,8534.48950444705,4010.37678598002,35547.7543003367,329576.202815307,89807.4267385521,19755.3687953599,8639.14668650286,4057.68355602486,35888.5446834815,328599.006290197,90246.2363222285,19937.2396755007,8728.18197110197,4097.75854389251,36194.5773559256,327387.573548607,90663.7136180619,20133.2803995223,8821.51444157738,4138.3337023079,36486.3139041807,325813.437809481,91012.581240415,20324.3962807709,8916.51040230753,4180.40684984816,36756.6176069567,324097.89105304,91325.8475748179,20516.4111106848,9013.9808606564,4224.60160563423,37016.7007008026,322805.306469961,91633.0770047695,20704.8317573375,9112.00385763745,4270.15154601982,37288.0320495039,321272.856633294,91900.2826153967,20864.8510548407,9196.08348564754,4309.55525964632,37534.3974556229,319293.942253217,92126.871447829,21027.9581171215,9279.13025664512,4347.10394142895,37753.0903834928,317119.565349469,92299.4255003581,21197.4163935069,9368.4236244643,4387.9051046925,37958.268338001,315211.262098241,92470.3619577444,21367.9417019011,9461.48618432534,4432.01679105497,38168.7547934289,314804.521289909,92731.6692716198,21535.8582100616,9554.10378365252,4477.2453301316,38436.6741531733,314184.83148496,93002.3728938564,21645.9055376937,9613.77104537662,4506.34085738092,38668.7169740734,313457.976905236,93317.8009862572,21790.9873318652,9681.07631337143,4534.68058282123,38889.1600274403,312441.315266614,93577.0146487868,21941.0500820875,9756.63353214781,4567.56012124335,39090.0091713029,311159.665123343,93786.0659030858,22089.1377824134,9834.97883950858,4603.81038333644,39275.208652603,309734.604631111,93950.4937741841,22233.0309936085,9914.01984614802,4641.92623996589,39449.4877508156,308179.090512449,94073.9454227035,22367.5540605797,9990.20670644834,4679.75353700598,39611.5392149272,306493.060970915,94162.3859090168,22494.5885291517,10063.2552525917,4716.47742905122,39760.633448551
418,295531.775272716,59427.4231358753,12243.9271075392,5279.29869772228,2422.29263540591,12827.0952215846,271944.107662605,51368.4104058717,11174.2558572391,5047.54564101621,2360.16043543763,12498.344324498,269519.491384035,51824.5956230704,9351.80481815735,4159.17049053614,2055.44852436562,12483.4367102164,268460.021607039,52226.8694279508,9333.20343121515,3901.71367063317,1830.19426972191,12428.5225818282,267562.684974479,52504.3815046314,9411.51899616575,3899.30857872912,1786.18726402585,12470.0348843265,266524.362979103,52748.9886155314,9483.87746112429,3923.51349566761,1787.60162227309,12585.6264024654,265478.734199681,52965.202415071,9551.52568192721,3949.23669015685,1795.99054945276,12730.2244413432,264474.600668972,53169.4558042818,9615.68562501339,3973.64447679584,1804.76081981379,12882.7612964621,263886.359577969,53391.230574348,9676.99738970248,3997.01927343075,1813.24232541801,13042.0108525884,263159.641261705,53641.6496604666,9741.47375320415,4020.2099726534,1821.23152703372,13198.752682369,262275.745772089,53865.4590870996,9810.49506545793,4045.95853631192,1830.07769290441,13352.3564291215,261219.881321405,54063.3627453829,9876.83946533303,4071.83109473985,1839.42950278661,13502.9132451414,260123.978630061,54230.6546587978,9940.18311265111,4096.83140047467,1848.64983342614,13650.9036994528,259436.969177729,54409.4431083464,9997.39457425614,4119.79205509776,1857.29920316332,13802.9655371978,258510.446091961,54615.2947692575,10057.0221592318,4141.74919881579,1865.00795567406,13949.9238521423,257342.33549784,54781.0127569165,10121.3911474922,4166.45650950478,1873.57359344127,14092.0684932952,256002.533261538,54911.9762389996,10181.1267785608,4190.81097419548,1882.55785736018,14230.9421569324,254636.130491728,55012.4708969266,10236.5137492398,4213.54539371295,1891.07979957452,14366.9915510288,253713.459811582,55125.6028597948,10284.7522279438,4233.66029211001,1898.68959095656,14507.4036017139,252593.198560217,55270.8631325361,10335.5190179302,4252.49360509091,1905.12084176679,14642.0603446255,251303.639945756,55384.4419772413,10391.6275833341,4274.36530848616,1912.48784911214,14772.5692518912,249768.431735722,55466.9141193258,10444.8965824431,4296.41087030389,1920.42495134784,14898.2540956505,248166.123462915,55510.3328088872,10494.5123153583,4317.63104411981,1928.31222456965,15020.6052244435,246913.27688686,55555.2285026602,10535.8643196958,4335.95007368357,1935.29978757702,15145.8417222997,245554.252251077,55628.4591369368,10576.9297458938,4352.11541363571,1940.86442666119,15266.052572863,243897.382711764,55673.2813842179,10623.9442633501,4370.84432274004,1947.01005621332,15379.1261627223,242110.787550139,55676.1015839427,10668.196338283,4390.39981072372,1954.02190566928,15488.6615633621,240637.637281245,55654.4828277908,10706.1719941122,4407.94380018244,1960.65253116999,15598.7703443689,240267.459515094,55704.2325515856,10731.3075487086,4419.90435233405,1965.18757411141,15722.3634768969,239852.577615929,55861.0715306344,10765.3201023931,4429.96090775486,1967.36408217483,15837.5323241807,239313.368226871,56006.8104919483,10817.3242992165,4448.51633108105,1972.32648830092,15947.7783876916,238573.644064631,56128.2372528431,10870.7648885835,4470.61449983677,1979.9160332571,16053.901290997,237660.390698884,56217.0682723975,10921.950316184,4493.14798879458,1988.52550301325,16156.2190068783,236654.68388679,56279.105725979,10968.6277331232,4514.50907190704,1997.1279249045,16255.3893337547,235570.753672362,56322.8529657207,11010.875199096,4534.07230195585,2005.11969074576,16350.9273314543,234418.249618739,56350.2777274225,11050.2117220788,4552.29890256168,2012.48931036111,16442.6880044897
419,293439.418474915,121443.248628077,38029.2221565476,18811.0113575268,9245.79733726656,13377.6444345659,260521.712127758,110385.095032236,34727.1480889621,17306.2600282795,8544.76131814372,12427.3594209445,265052.965957752,113856.595623652,34812.7018414187,17568.6510892812,8836.2388793817,13029.2255161487,263626.333794152,114831.973185112,35054.6309272734,17384.0147100363,8692.13200909822,13100.7926274379,262507.656267428,115730.502272944,35700.5718392905,17677.3942836199,8766.40683788284,13166.486742065,261392.152532416,116561.684455628,36334.3427043669,18065.9319412413,8968.08276472978,13354.2910992598,260078.916549506,117227.358622325,36914.788646718,18445.4611589675,9194.90048166652,13630.9169731184,258724.239943566,117840.797252958,37468.0289431448,18814.7706170605,9424.21258999672,13954.567877005,257864.753213812,118517.118265332,38029.6743894142,19188.7866393923,9657.77544982603,14309.6751152534,256710.543633643,119098.456201218,38527.0724746254,19525.8322334421,9872.48648852043,14652.2143450771,255412.307083187,119658.184671826,39039.5399585018,19866.6179939085,10086.6517138171,14994.6680023715,253857.498361673,120104.134801261,39535.1114849495,20205.7094688508,10301.8887972708,15336.5686338855,252189.268054876,120483.265870695,40021.7438377141,20546.0401389429,10521.3356244739,15686.781807164,251004.284583649,120920.8377263,40520.4626377829,20897.80432808,10750.0219507109,16059.0764221064,249443.472899363,121242.842817953,40942.0608085722,21205.6643162761,10956.9004177005,16410.6096913407,247644.97941518,121524.885974104,41380.9290800289,21517.7328998788,11163.1439877063,16759.7285706297,245613.962226126,121679.424995422,41804.4676888124,21831.5240900312,11372.932894931,17111.0415110102,243450.047150678,121753.509611827,42207.9915918712,22141.8594630078,11585.6594225077,17471.0497423223,241828.711152691,121908.125033819,42630.518078261,22466.7413835227,11809.4416918789,17858.526893164,239892.367262576,121954.782430249,42968.5258522888,22742.0749176367,12007.7904092598,18221.7594192668,237839.222881773,121992.934526368,43327.5976201381,23021.5942175951,12204.518480277,18582.2630528154,235424.110412125,121870.102571492,43654.3318997642,23291.5217943191,12397.7218857169,18933.8752254324,232872.793569291,121669.734043077,43971.7722883371,23563.9945096012,12596.5114479881,19295.7414194149,230717.037802929,121504.645638204,44297.8879640976,23848.0493484607,12806.0229836806,19684.3314112493,228444.69157523,121281.368356511,44555.5382969003,24092.1845901125,12995.8588797538,20058.9994529916,225844.140124463,120983.651921721,44798.7101712125,24319.6246820548,13172.9376351276,20417.2125291958,223048.054776457,120571.393048109,45038.475686067,24552.0934864667,13353.2118292795,20775.7419792551,220421.176096886,120126.430793589,45271.5115618766,24791.1175257737,13542.549966449,21152.7849777872,219192.860305464,120012.675088323,45569.5806097507,25068.6647419186,13757.1814087024,21589.6839924604,217937.376235658,119922.262246408,45741.5706284033,25253.9492875365,13916.59485031,21965.6974024768,216692.992832246,119933.529382874,45968.594985773,25440.7893749431,14060.6427554505,22306.1401194502,215143.156059926,119799.788270939,46179.5658189871,25624.439226871,14198.4853489922,22611.6506069693,213415.249905582,119600.027713087,46383.6927682455,25813.9402688753,14343.6060847163,22915.8268927619,211551.244046951,119309.990931773,46568.178517985,25999.6124529635,14491.2918145281,23225.8292118481,209602.804114121,118964.370704625,46730.5307423007,26177.4984753504,14638.3770004294,23543.2557802565,207568.225709993,118563.505452299,46871.6863668608,26344.6728307245,14781.3147082453,23863.4743332566
420,272940.317721671,134587.794164209,48734.3439656627,25850.1593539655,13671.7881043111,26971.0458869258,238790.017156589,123379.444539571,45329.3486285055,24169.3494863615,12821.5834548562,25064.526617673,240059.568356405,124823.682044539,45861.0767393897,25119.2982333144,13643.9716879862,26649.5544342929,237283.626263853,124557.929205254,45348.7850571694,24656.3657817137,13496.0743398832,26980.9192264011,236545.737840566,125977.542918364,46389.3589996348,25128.3300875631,13690.2718399717,27608.6593865484,234498.186632763,125966.695732247,46864.928316989,25511.0197559827,13906.2938797918,27930.6545037597,233111.047001282,126613.457820648,47619.0264237503,26043.8303135434,14259.8472647897,28563.8516087447,231144.82817655,126661.670270322,48099.7463534092,26454.4736944636,14555.2520904629,29111.5782580877,229984.668817164,127116.74853181,48739.9528724274,26937.9953655736,14897.3268320566,29812.8520894988,228496.305612008,127325.727680329,49216.5994332679,27334.746885685,15189.2784513647,30439.105218967,226944.356913335,127612.504521059,49752.453935705,27747.9447986091,15486.7403053062,31089.3371435184,225116.938137699,127695.403093109,50230.6886404271,28141.2861974006,15773.2179642108,31707.9395498675,223159.974194918,127735.379422692,50705.0006264331,28537.6409562109,16066.8483229715,32343.7212511754,221610.081243905,127780.090621704,51181.1247378008,28943.5736739322,16370.2816803164,33012.4709228048,219944.937542881,127842.303964144,51598.9008462995,29312.4799139044,16655.5317967501,33671.3487790007,217929.253714793,127751.046582678,51986.9430333399,29653.1802864095,16919.3147652756,34290.4281351652,215761.89962725,127574.794947604,52375.3486902391,30004.7504069625,17191.1037493221,34917.4592345015,213382.945064169,127256.072438106,52713.15631898,30338.1848383516,17458.807628119,35538.8894279905,211530.941798333,127025.995018937,53083.4094485435,30695.9823095,17746.0073929175,36220.5889870927,209561.964371016,126791.507550236,53374.4728297068,31003.5062931908,18006.1073400498,36878.343376818,207354.9849479,126447.811434005,53648.311194108,31285.5956046278,18244.5416582052,37498.6137569578,204937.755925131,126009.449724363,53908.5528235563,31569.1000207258,18484.0915967915,38112.2234207487,202276.499722789,125404.960921526,54119.3051075068,31832.8887731333,18717.290841739,38711.2818614169,200019.63095863,124867.308373593,54356.8149437549,32121.73374799,18971.6900219313,39371.3122904379,197778.240821227,124338.121629482,54529.5489461161,32369.6770434918,19205.2457837003,40021.0370365836,195187.582352717,123686.305203416,54655.3961706786,32574.1219883643,19407.106560709,40618.0231985313,192430.717418619,122919.733338863,54777.5262000201,32782.2161159441,19609.4139315696,41206.6823111368,189685.905997242,122071.272311908,54869.8711614052,32986.180140129,19815.8747871569,41805.8795388668,188243.404894002,121578.883994187,55069.0468120934,33259.9133569976,20070.909889989,42544.2014865683,187113.501685564,121354.570141808,55195.5032974962,33464.6331489961,20281.2130261355,43247.2908146189,185724.447099007,121046.528057453,55299.6400028798,33607.0830978779,20428.9616125524,43815.0123286499,184281.819944467,120761.938165839,55463.4602035731,33790.2900420495,20590.7091462152,44361.0755279574,182523.234472483,120273.045838129,55561.9358728863,33947.4558096633,20740.7598709122,44844.3656044573,180723.073471609,119759.83745219,55664.4591088862,34117.2121838448,20905.7881907415,45351.8121526615,178810.923195864,119143.645436344,55719.7739680299,34264.7457406677,21062.758267251,45852.627525739,176860.287996484,118499.033300561,55756.3484334187,34401.8605911048,21216.4121625243,46363.9637720363
421,253558.272736861,122717.818209411,45371.1242563251,24398.8986324196,13016.9781443999,16205.643447336,224539.843322866,110971.330965841,41491.6294222893,22468.1976803808,12036.3934991938,15037.8895470865,231105.568296175,116943.989418482,43036.7089068476,23633.5037822192,12910.6018913299,16477.3582054773,225827.944955377,114806.264988181,42466.8845219416,23148.4637741859,12643.6205844633,16532.5428852231,226518.184872307,117024.357861477,43650.4986831729,23791.5896426607,12968.7830825994,17079.5360316782,223990.167838222,116671.506494493,44048.5280974248,24126.1362522482,13175.3790282986,17377.8339990062,222974.571551216,117473.273834021,44780.667264869,24657.6665781226,13534.9044934563,17936.4940869219,221096.032568129,117536.831484188,45265.0285223175,25058.6201219826,13826.2431397128,18456.1654793311,220144.912187497,118052.470274927,45877.2799754619,25528.867995647,14161.492523088,19072.6507543762,218674.957304396,118275.703093396,46345.3687035462,25911.6150924085,14445.3950794294,19639.6643882363,217232.597413965,118582.619297398,46866.0646956809,26317.3836657048,14738.9163274235,20225.3247587213,215478.989083257,118697.575490883,47334.0860114981,26702.2157363596,15022.1909730733,20798.9619747922,213687.540767819,118775.769501041,47797.910253756,27091.1752168788,15312.6104934326,21392.0462316582,212340.839253528,118917.842103135,48275.246137161,27494.5878513667,15615.6266479284,22018.5086955987,210673.765667462,118964.195608554,48662.7660654391,27839.620218628,15886.3320220905,22615.192145184,208775.454094968,118936.19901038,49058.1175763467,28182.2331192056,16151.0874814648,23206.6111936588,206687.590292578,118785.303535498,49430.3078727125,28523.4033935206,16417.9406144708,23802.8187476975,204495.576256997,118537.051193789,49770.4894409699,28854.3904028312,16685.0557754162,24411.9264749391,202848.015453693,118414.838010196,50143.8673111344,29210.8234210666,16971.8392296945,25069.9514821991,200890.091167052,118179.451813257,50410.8938074887,29495.7927839568,17217.2544151152,25685.5313595884,198831.395609108,117923.962024731,50700.2625325233,29784.5121803146,17458.8505305025,26298.4962057587,196466.873004793,117504.409214612,50942.3299077919,30054.4774892269,17690.8119384178,26896.0315113209,193995.648809603,116995.46818002,51165.8996331105,30322.0198172285,17926.5499731196,27508.2249880022,191925.703219042,116557.290416879,51406.9911168832,30608.8571878198,18179.7401507292,28166.661214728,189734.782456544,116068.860538577,51568.1518841046,30841.4723764531,18402.5388872016,28800.3526864926,187234.80772562,115479.395603211,51701.2577243744,31045.6396830308,18602.6393772065,29405.841193019,184605.972336425,114784.310038759,51827.8247078436,31253.8722062096,18805.0656061135,30014.1798812454,182144.883139338,114050.594880387,51937.5726853862,31463.6821223844,19015.1507533549,30646.0153216191,181040.374811044,113760.153719892,52168.7167622648,31750.2482483047,19277.1692330357,31388.6855049176,179827.912669479,113490.155881263,52252.8238934735,31913.6686484765,19457.2088424372,32018.3047907218,178571.641423234,113285.596492694,52397.0194930778,32077.4980672031,19614.4801114772,32585.879312792,177107.48891941,112971.007102903,52534.4025596737,32244.2154965719,19766.2450235458,33100.6319998531,175451.788276606,112554.878410042,52646.6342510869,32407.8432258565,19921.0877805954,33598.9340893657,173722.625415673,112074.280100855,52742.1439170014,32570.3701984634,20081.6717149574,34109.1183161215,171907.689355391,111527.181556859,52803.5523064362,32716.8538170098,20237.368934505,34625.8052883228,170025.419725361,110930.115532776,52840.0330943559,32848.6798294245,20386.2612658157,35147.9393313997
422,222231.726773367,136089.598280532,62112.4088954274,37188.4552937529,22080.3190837951,34064.0213354833,185689.015289191,114680.255090725,52400.3763911553,31504.1633154709,18771.2425119846,29196.2675236181,194852.652527745,123355.729940762,55201.1988263961,33696.9031367656,20391.4527382478,32184.5981696796,187266.188069624,118761.596517567,53528.8694385071,32381.6549731308,19660.7079014985,31899.9758666403,188645.229218268,121643.264150792,55020.7577090785,33298.8965064501,20167.1668978643,33118.5536935566,185622.870403948,120446.904185565,55258.30824452,33529.8851255401,20320.9999341138,33564.8459259083,184532.950084674,120924.549336223,55932.8723205907,34149.2312257364,20787.4113326405,34521.1164199754,182599.822087214,120560.765243351,56331.6099213099,34559.9648644395,21144.1233292373,35415.4162523766,181378.677143675,120594.086653857,56810.8257217657,35039.2300459101,21547.6833546438,36454.440762981,179938.719862137,120492.477424369,57199.672525281,35437.9752003725,21899.1919774598,37461.2222338971,178343.298219149,120325.259855643,57563.3905750872,35815.0988976991,22229.2249753474,38444.7129737163,176638.456363087,120085.266611583,57920.4909588891,36191.9630804367,22559.0167053633,39433.5367651606,174789.346360832,119708.14378505,58221.6516086859,36543.8639388897,22877.9709301689,40414.9647597127,173386.086031779,119475.079746439,58573.2869052162,36933.7636216916,23226.567591715,41473.7892243917,171753.219639577,119144.378128081,58816.9928913178,37247.5088113591,23528.4930948927,42478.1020416831,169894.882407397,118714.373446184,59041.1026710305,37536.4244660566,23807.7853791228,43450.5601328136,167910.521917737,118182.682198051,59248.7248995124,37825.5193438412,24088.0480651498,44426.0919208742,165808.316382647,117525.940785542,59399.9324662423,38089.9346689703,24359.7529378936,45401.5331597985,164175.702167855,117021.824431045,59602.6122183847,38393.1756213507,24662.559812592,46466.2812250103,162375.989523588,116459.256811443,59704.3577664602,38620.5125058746,24917.2100092602,47474.6025895387,160409.619999234,115810.62951118,59786.1666490162,38819.0829464201,25144.1604288822,48439.1948307186,158280.360675867,115066.753169846,59845.7290440297,39010.7026593696,25365.4661041639,49389.5146868446,155985.438639227,114169.13585878,59845.529987581,39173.8678889604,25573.6671272614,50322.5357826267,154053.789113416,113381.576920814,59885.4897855395,39372.5687524893,25812.3519373823,51342.6876166086,152101.689138738,112593.087084363,59856.9781928903,39519.2075696245,26019.6104197516,52337.905571229,149844.117164158,111656.055529831,59757.6238047372,39601.5789093934,26176.6022190359,53248.4024086309,147498.436318643,110642.113943945,59659.6130425191,39689.9303102808,26334.3422865855,54157.6892789594,145272.43065681,109583.778563628,59541.3498992306,39778.6299517584,26498.9682462263,55091.998519609,144121.837769115,108971.327998411,59575.8861161683,39972.7027750772,26740.6897568153,56223.9221059743,143123.578873644,108562.801186053,59547.5858255382,40087.2825989462,26921.8640429258,57266.8234637431,141900.682501538,108065.455875101,59491.1948717232,40133.8747338602,27027.3125177634,58117.5634033239,140631.29865838,107590.119675745,59499.0882782133,40226.2872153829,27149.3546698809,58926.1682910065,139150.891042429,106944.490085453,59450.8185749448,40297.7650993278,27261.4124774453,59658.1682303528,137609.939441411,106243.028988318,59377.4904710469,40365.9171853939,27380.8959600644,60393.9930137104,136027.739906455,105494.132238567,59276.2295375559,40420.155006717,27497.7818908369,61141.6524820128,134379.463728515,104682.743438962,59133.2925480016,40447.0925190952,27599.1990426545,61881.0934232643
423,351519.537224876,70902.4203735806,14056.9917495807,6047.97648979642,2815.95152034527,18646.0035142786,330542.281754251,67595.6408881966,13766.8536929278,6078.73435281288,2853.241731798,18462.0797321987,329871.848251118,69226.0697346198,13070.0101976691,5657.81869203229,2703.62078013717,18634.8879216636,329742.936542968,69939.8698460274,13426.3300196369,5678.96470503305,2631.66875037225,18783.1795782767,329496.262059953,70498.9040915199,13622.0120747956,5774.54847397041,2659.57404725816,18994.3362832093,328946.050194025,71024.8669854434,13779.237487521,5845.82099851836,2690.68062562327,19233.954209597,328337.820735707,71512.9454840042,13929.0287130883,5910.48956476073,2717.8307615766,19478.0435994386,327739.968012452,71983.5056067491,14073.1636798074,5972.03595207279,2743.04998808661,19719.2880952827,327581.71581248,72463.8396016439,14212.2757807526,6031.40706409333,2767.21689509314,19966.1587499456,327185.840238051,72963.4499397211,14350.3348478099,6088.36637881774,2789.7387675208,20203.3949682408,326564.99682821,73425.7012252291,14494.9192157199,6148.8172218621,2813.3514936947,20433.2003990454,325711.445673831,73847.2732790586,14635.5457326667,6209.62908523297,2837.81477193059,20655.8626297502,324775.214519932,74232.2362544626,14772.1417539354,6269.50406974852,2862.32605167682,20873.1627489956,324281.336801948,74620.5387497857,14900.9416820752,6326.78780292899,2886.17770099405,21097.3528842697,323460.097734525,75022.2889899325,15025.7182908264,6379.90630510857,2907.63830143861,21308.6997542109,322293.560195972,75371.8438567334,15157.3932104527,6436.60478939696,2930.078729933,21509.3534900688,320899.632494724,75669.8286884609,15283.2202521945,6493.46236003414,2953.44646102806,21702.7482009967,319428.435017774,75926.8264956721,15403.3222653484,6548.47949832801,2976.50535136231,21890.141128291,318480.036142309,76195.3132104748,15514.2044293156,6600.20144481539,2998.54465462322,22086.6078291586,317220.071340862,76479.4598980574,15620.2875967374,6646.72383898387,3017.51835293437,22268.4727429727,315729.007409606,76717.9164080531,15733.8442630697,6697.15452060988,3037.53408511608,22441.2891714268,313893.582451413,76905.5740621124,15841.4407325343,6747.41494478575,3058.27047966153,22602.6957727139,311955.147021141,77042.4328475496,15945.3476100636,6797.26278314944,3079.37065687636,22757.7683824527,310404.397978018,77178.8942851007,16039.332537429,6843.89318727414,3099.7067313957,22919.0447942348,308677.541226864,77326.6282917424,16125.3292150831,6884.50223163678,3116.85678265787,23068.4848622348,306556.021464082,77426.2637594221,16216.4985237933,6927.0580252998,3134.03316568792,23202.5445275427,304235.905914652,77467.6472292136,16304.3875251512,6971.17872963841,3152.63788508275,23328.5171466815,302274.229350241,77488.1186111518,16387.3157225059,7014.44520711944,3171.74079037231,23458.0732407853,301753.211298211,77619.9615236595,16459.3776252268,7052.72117486896,3189.25190582342,23622.5473207759,301125.254929776,77847.7034472114,16524.9790480221,7080.07107356509,3199.84618816767,23768.5274693532,300328.80631579,78058.7905168909,16614.8530337245,7117.46736258855,3212.97119569969,23904.7561392288,299250.34533323,78226.457087015,16705.3097862808,7159.73562735754,3229.74107970864,24031.1597373997,297929.653688769,78345.9002653837,16792.3628362972,7202.8074422745,3248.22607667413,24149.2808519719,296484.392599239,78427.1035434814,16873.0091021049,7244.53255287429,3267.02619353746,24261.7155723758,294924.949706301,78479.7101233632,16946.6126779618,7283.42104976047,3284.94951141288,24367.2848906377,293253.484740847,78504.9642132963,17015.0749305852,7320.04385122705,3301.88751451513,24465.5263269467
424,208001.774792576,129221.918932495,60671.2795684967,37148.4325383261,22583.6824891647,37450.0748998854,174775.650279775,111807.615912399,52598.0180228965,32259.0425218379,19681.4014123358,32969.2165286575,185427.136235501,121295.937034289,56992.4831074364,35345.4895472082,21763.0226212202,36715.7273027606,176441.187611913,114966.990143009,54817.0814134901,33972.792153315,21060.4366395157,36355.1968575134,179545.674425479,119007.036220509,56658.9202448461,35260.3152700679,21903.4282553838,38302.988592179,175484.876408005,116780.236158505,56488.8472640523,35207.1462312674,21922.3334447293,38802.3809230638,175242.110288827,117834.032198674,57316.5329914733,35963.6570770243,22487.5927075789,40109.404997576,173016.596872841,117093.967781964,57600.8674120698,36285.3077693993,22801.36797238,41114.2568506072,172025.607747616,117223.327031746,58071.9814414524,36791.4288691398,23232.5133539177,42326.2191610869,170627.772123607,117049.432104934,58450.1466575658,37183.4634573681,23594.2648313773,43495.61090097,169083.202367128,116812.372861192,58752.5725196964,37541.0707485139,23922.8377185082,44595.2804436732,167510.494445488,116582.923401402,59111.0793853397,37924.6559746567,24269.7249939184,45745.7740931074,165721.610830069,116129.077317987,59359.1112089474,38255.7906464531,24586.079186122,46843.1937876621,164416.472010875,115895.599156962,59696.9955170293,38647.0689489559,24948.6414103396,48059.6440833702,162847.545371519,115502.480266984,59897.9901748535,38943.1383956436,25250.0520443125,49190.5712600281,161100.600967743,115059.229110946,60091.2055492263,39220.1366080763,25532.3533061116,50295.4856079714,159194.874735135,114489.434885603,60259.8326383378,39490.0668948277,25809.5308891055,51391.6177618408,157207.631038912,113811.415587146,60378.0922479855,39740.2711175533,26081.2559145063,52491.8377899829,155643.622605474,113276.712967978,60543.9974458441,40027.660650138,26384.4202292266,53690.8735129598,153932.926746562,112682.521114278,60607.573205686,40236.3672521378,26636.3435322872,54826.3060254245,152060.356603074,112010.18308352,60647.2725281482,40411.5036197544,26856.3422890001,55907.6835842214,150044.327427615,111251.369422843,60669.9126469576,40581.6382197177,27070.6974234023,56973.4707988452,147871.90616822,110342.924146878,60629.5340501388,40720.7081986863,27269.5963416117,58013.4875171876,146017.048111798,109533.586790195,60627.1912956943,40894.1633797981,27498.9003095158,59146.6529234235,144166.995703073,108728.119712244,60561.8574430848,41019.092060365,27698.5856970149,60258.3046157122,142026.624773041,107780.658639798,60417.4958931609,41072.1773541685,27841.9834213633,61268.0140887511,139797.625076946,106762.154448608,60275.96131037,41129.8149029776,27983.9458756031,62272.0708910923,137682.989511794,105702.760034116,60119.096600296,41191.2700651983,28134.5424179561,63304.7091451857,136556.086318381,105059.558966897,60112.4813044366,41359.9567856598,28365.8019657494,64558.2128009713,135619.040000059,104636.003469202,60056.7942808416,41458.7299956885,28542.5409110449,65734.198235128,134436.616159012,104110.461072342,59955.054906521,41473.1206563076,28630.1471763649,66674.9273080816,133238.988394244,103631.037233418,59934.6746253065,41543.9357618487,28739.8793551034,67579.4592946787,131838.050217034,102985.356130279,59858.809811141,41594.0391480539,28838.7454323031,68390.8971302858,130358.723559811,102269.106594916,59748.5694850423,41635.1379591953,28941.5378207519,69190.6312013857,128863.680844262,101525.541718185,59620.9792111286,41669.8028005237,29047.4821327461,70014.1454437513,127292.766790565,100709.955293396,59444.0294386421,41671.1869499341,29133.7322452277,70818.8181718774
425,264660.814783815,92827.3904342954,24196.2736790612,10995.7464951784,5078.4444478668,16161.7182254905,243734.952914933,84804.8800002776,23163.9101852962,10860.6587841376,5083.42274438965,15608.4726541072,249312.988651592,88367.5306271666,22660.2237594093,10624.1129841801,5120.54855238217,16291.081170021,249258.337497217,89578.9644460874,22992.9188870715,10499.5287415807,4945.37465439589,16296.3845821024,249687.207762767,90834.8526753654,23550.8319301551,10732.6980003334,4992.60494618759,16399.7746105749,249749.802033457,91892.2055111643,24070.4361964977,11010.1742033334,5119.50489075069,16598.9847733737,249731.337937649,92892.0918108524,24569.6572469974,11288.5440989838,5263.89563809329,16862.8167033762,249678.794612622,93840.4625969808,25055.2303885518,11562.1543698589,5409.7624826562,17148.727375028,249946.403061472,94815.7154002361,25536.7637756945,11835.3979057921,5556.85011684575,17454.1806841292,249876.544314961,95719.8336548521,25986.126033386,12090.1611796696,5694.87563396789,17740.7807830781,249651.908412099,96597.4702853789,26451.2062431579,12353.0515727452,5836.24171847742,18026.5667805949,249201.401826552,97406.9052063271,26909.3842133011,12618.2163910314,5980.81865357498,18308.2671114666,248690.150220757,98165.1825088334,27366.4893863457,12886.4814683491,6129.07781129769,18591.481572,248539.629752556,98963.1173526554,27822.6541112357,13158.1756802961,6281.23745290889,18892.5267045562,247919.390241496,99649.3441309907,28232.277055838,13403.30194513,6420.42439921667,19163.7009916291,247121.250409321,100319.194567896,28666.1300035068,13660.958012239,6564.92101509193,19436.0282961108,246062.45489621,100892.270246936,29089.9626178332,13920.9073574966,6713.20431861991,19703.0242635746,244971.252158508,101416.351270872,29510.0133639562,14183.639842386,6865.77146748807,19974.3136967478,244287.440563759,101993.485121224,29929.7277572449,14449.7128219917,7022.34264940743,20266.8259750289,243188.779604453,102447.840173413,30293.2179925526,14682.920298306,7162.32721684012,20525.8839324984,241983.401471455,102907.653867236,30682.2393991134,14928.1867797085,7306.89201649575,20787.6241853884,240412.351382688,103240.709053029,31050.7785213563,15169.5635018549,7451.69664232875,21035.0887375134,238779.356398783,103530.32540697,31423.6682439784,15418.3901021613,7603.1456741716,21289.4350604569,237482.91745511,103843.937352239,31793.9907562981,15671.0940885549,7759.64377668888,21563.6694579738,235914.529311715,104064.380832165,32109.3433991753,15892.4477090881,7900.88537751767,21812.7114208288,234040.720221091,104235.953906334,32430.0085937423,16113.5620820564,8040.19667528337,22049.5963465207,231989.812103948,104323.730554298,32752.6424071852,16342.8710243777,8185.50527117987,22285.2704423759,230254.022358337,104397.967499008,33075.3764607326,16579.0167875514,8338.2821253338,22538.4048147477,229762.598820575,104724.893637804,33414.9077535395,16824.7825461331,8498.54110314089,22849.3826444239,228905.797316111,104908.04459896,33627.8296641047,16985.6709755884,8610.48285541001,23084.8168326488,228145.873628642,105236.213239639,33911.0818813534,17169.4010064,8725.15077214806,23321.5979065239,226996.847910818,105388.939802329,34164.8621725411,17344.876604575,8835.38798379078,23524.3513023181,225736.788092541,105534.042787352,34430.4122377172,17532.5432952929,8955.2600214262,23734.4555694955,224323.026097347,105593.534554721,34679.4021526465,17717.0305910161,9076.59083348162,23942.037032029,222820.246073904,105615.799161998,34916.9620460748,17898.3479803778,9198.64953628109,24151.3416027647,221214.390634149,105586.451351896,35140.9826612332,18074.0289438792,9318.99490342074,24357.5824640223
426,296567.278440253,98565.5779339919,27657.0003044508,13111.7014468607,6269.71679841718,18129.4876685017,273585.010593671,90990.1166774078,25340.6653653184,12127.9066917298,5824.08631852187,17047.8045930883,274929.273546074,93376.9005417526,24557.6734342684,11722.4121048087,5735.76249098077,17376.0317653632,274688.106344535,94686.3454763999,24988.8520118698,11647.640563532,5578.58313944251,17397.7607486231,273838.509733762,95566.6507391239,25480.728787602,11859.3200963199,5618.82727335316,17450.3287484047,272877.864240358,96383.4392051196,25957.9533318986,12126.170205219,5745.73162043742,17626.8873727643,271843.2013062,97121.323205921,26413.1182074627,12392.8135835146,5889.75574322895,17869.2721272145,270766.499339399,97812.8158814038,26851.4274261378,12652.9453222863,6034.71428855602,18135.7861695978,270167.500392535,98546.4557766413,27291.9925003824,12915.3637203571,6182.01488882526,18427.2143469241,269290.735483763,99236.2361308524,27699.6754600441,13158.450928813,6319.77071618975,18702.7873887247,268218.938206357,99883.0926472862,28117.320586658,13405.6559618828,6458.3938901317,18973.300798813,266905.963000033,100459.096170166,28528.2864025107,13655.0585604961,6599.97688760094,19239.1205935506,265496.111400552,100977.267871599,28934.6043673116,13906.1963876564,6744.75211418871,19505.224011229,264593.645767545,101545.970208936,29346.065343894,14163.7333157443,6894.99201877037,19793.9828009948,263266.983245036,102038.897480307,29711.5082312599,14394.4490953063,7032.1172569006,20056.4291324295,261676.401990455,102475.758461003,30091.5218225036,14631.6185417301,7170.96320718193,20312.2312244006,259875.416185554,102835.132272346,30464.5426971194,14872.9514283322,7314.47869937822,20566.1926709187,257935.934423882,103121.342158568,30825.7142442023,15112.455169519,7459.96953094495,20818.495559864,256603.409204978,103481.220102318,31198.5707001228,15361.8732945444,7612.81782673642,21100.7030321584,254859.335566011,103752.723839063,31512.1749313952,15576.4008678673,7748.18769946421,21350.7403905529,252976.08689774,103999.222066645,31846.7791419727,15799.1693218851,7885.43357313209,21598.2929209795,250739.812367631,104133.564095227,32161.6931093999,16018.7688644558,8023.22373593833,21832.9683775537,248387.967386605,104200.843786038,32473.4013803449,16241.6588349334,8165.55419203989,22069.9041485167,246488.132599776,104311.657896242,32789.4897489295,16472.1887055467,8314.91755731129,22332.5521104463,244366.750405442,104361.271854892,33054.633033948,16672.5594905409,8449.45578882253,22573.056585025,241877.001975545,104335.138340921,33316.7164684307,16867.5378556968,8578.92580775776,22795.2336930796,239242.586077416,104233.797380227,33581.6351995354,17071.2840445257,8714.57329709734,23017.8426525587,236842.70514573,104098.26039861,33839.2225166414,17277.5172972594,8855.42629236821,23251.6909629811,235970.773442242,104256.124471282,34135.635756818,17505.7362681794,9010.31903431485,23558.3003908111,234830.919053819,104361.454371242,34319.6780911182,17655.2006760081,9119.83633101253,23797.6578202174,233687.520946044,104538.129785726,34557.3301885831,17817.4033030746,9225.78865268455,24024.3500892624,232233.66965095,104594.863543193,34779.5703703963,17978.9983958034,9331.02265699243,24224.4158948154,230596.266222974,104599.680885959,34999.1494551193,18145.2381525897,9442.05437964714,24423.2402744757,228820.507503923,104536.331994836,35206.3309175372,18310.0659068023,9555.40473325462,24621.7777316399,226963.374659609,104429.639939548,35400.5855800317,18471.0239047914,9669.09627370955,24821.8214616689,225002.377570625,104274.067501966,35579.5882449575,18625.1569019089,9780.45161760862,25018.4407181887
427,352528.447824484,81556.3650328317,17642.2425921961,7488.10864798037,3236.22041924842,7147.33012092039,334440.214503861,81339.2093870879,17849.990487204,7700.30460202262,3351.40122587717,7195.14991726407,333482.866390739,82958.9647374861,17446.5747761001,7458.07216625105,3290.10206762734,7278.22917816014,333242.112726569,83858.4000152532,17977.1309108149,7565.11028369243,3256.32254535716,7282.98499973636,332860.212337024,84598.2827157399,18304.3006406559,7743.52152673728,3326.42774984623,7345.30217122588,332186.618513444,85305.5692688894,18578.9046707326,7884.89662614394,3396.32097139041,7445.74851762044,331408.118670163,85969.132813556,18845.3562295792,8017.04876153876,3459.71840766882,7552.8723816131,330583.904934217,86608.7574492902,19106.6507513573,8146.44046584914,3521.0653074305,7658.9929834069,330212.802173577,87245.8953788075,19361.8388978801,8273.77753937483,3581.53207278849,7766.62585942547,329625.739571645,87900.61784676,19607.2851603654,8394.49583896654,3638.72514287345,7869.35998884373,328779.06124001,88511.4477987285,19861.7190772474,8519.31422832488,3697.06667538841,7969.41813419809,327675.016051508,89068.8737486651,20111.8450939069,8645.72320222376,3757.31800858034,8068.50857254405,326450.218288475,89582.319783124,20358.4838826854,8772.34847171315,3818.6700096989,8167.47862729507,325687.434040278,90089.0233192285,20596.5359566767,8896.84149168649,3879.90280911919,8269.74348929552,324583.788666266,90604.5278339732,20820.3866933588,9012.08774581827,3936.70489417071,8365.71766623719,323122.869991144,91057.8913674524,21054.4155584702,9132.06343840176,3994.78319966793,8458.24125245665,321413.140333658,91444.6813027531,21282.4189452113,9253.87603801307,4055.24956940157,8550.27546973924,319571.123394016,91783.8036869643,21503.4119069999,9374.38218033833,4116.35764225722,8641.9708335561,318263.509229441,92121.9972634928,21716.1656497094,9492.69011519466,4177.23578995107,8737.76847714112,316661.861845357,92473.4498449194,21911.2013616715,9599.47551797536,4232.49657992458,8826.31547058282,314819.602816082,92770.5808999725,22117.3162841838,9710.84185070638,4288.66799685866,8911.53916330576,312606.987839021,93000.0567046899,22314.6632928742,9822.48982907611,4346.45289629964,8994.31185499901,310228.67378202,93166.4239656825,22508.5339847111,9934.91725504503,4405.82481918957,9077.06352514507,308262.083689418,93323.0552858904,22692.5063190483,10045.3632984351,4465.57018826227,9163.92331951519,306152.621549695,93487.6569945515,22857.4631578034,10144.1249341103,4519.82228851282,9245.11525759636,303611.695580881,93593.7521041534,23026.4972774329,10243.236728368,4572.99094897452,9319.71851126327,300855.091532799,93622.6442148108,23193.7556119248,10346.3489866813,4629.23747465536,9393.76916585843,298385.58398082,93628.2921242222,23355.5464822074,10449.9329146964,4687.52551813584,9471.71606025681,297429.600241994,93753.747595381,23509.1207617362,10549.6774886596,4744.76907715294,9562.60532501331,296479.958233492,93999.7766100045,23633.3349548828,10623.7453774867,4787.3878510777,9639.52978579307,295367.399612627,94231.3485221439,23787.6717691781,10706.1895337467,4829.39084563769,9708.46641277131,293969.255245243,94406.097441113,23941.8434690378,10794.892777236,4875.80414849961,9775.44516575853,292300.759177813,94518.5395513622,24090.9894875777,10884.734529197,4924.76439691337,9842.75935844895,290495.330491163,94580.0105084198,24232.3139054263,10973.6684893394,4974.79368533684,9910.963952834,288570.927086652,94603.7290680115,24363.4186459449,11058.8658174181,5023.96318924308,9978.1927170907,286527.590523615,94591.5188859186,24486.8517369389,11140.8334230982,5071.92504552276,10043.357870942
428,270094.746302071,106859.271017854,29369.4504222255,13729.5700463625,6482.15868399124,19259.1066344138,241460.590676116,93047.3884390988,26361.1587042666,12619.3959365194,6011.46114635014,17829.7631715209,243806.258464382,94952.9467574774,24526.6030888854,11868.5475102714,5883.88253956608,18303.7286566422,243702.568397876,96611.9221465841,24638.3053199869,11446.0250892397,5520.14909751692,18223.2198797366,243186.955900018,97654.3756662308,25166.2585880476,11590.1595587153,5466.12332446726,18156.547118775,242579.832887319,98545.784953441,25678.3346499038,11859.7539591525,5573.1889488328,18276.3781429871,241855.034644054,99327.6856532746,26149.475031494,12131.1697913346,5714.22661865358,18505.0933240424,241107.178744927,100060.871619077,26601.0646886936,12395.2551825909,5858.79298477574,18778.6965306873,240733.076996368,100825.056281804,27048.6231726249,12658.2814809649,6004.47535279081,19080.9698162334,240143.686781742,101556.009130998,27468.2725607034,12904.2463981126,6141.64658212022,19371.5512583223,239378.830347429,102237.529786923,27896.2996000947,13153.971460327,6279.64651182291,19657.0097437692,238397.194354288,102850.252517407,28317.9354383078,13405.8881575911,6420.60880624664,19937.9479327219,237309.274898872,103397.537936604,28734.8906886215,13659.380521843,6564.55064367104,20217.6765962082,236639.72108199,103989.665540549,29153.4249152233,13917.6722572335,6713.20091230205,20517.9971327472,235650.60551471,104523.285238994,29532.6082433621,14152.484383751,6850.38035802245,20795.1442480055,234397.322451948,104987.799930102,29923.2166827408,14392.4425243271,6988.73781956233,21063.5057450364,232938.995734992,105371.895213983,30307.4881093432,14636.7494616541,7131.818805017,21329.0597779258,231369.090591252,105680.726679978,30681.2358556209,14880.2868157119,7277.4169334286,21593.275049012,230303.939058319,106058.133798544,31060.2922257845,15130.3974441499,7428.76755016099,21884.5235818975,228904.587446848,106362.203532879,31387.8344556593,15349.1310271323,7564.19315138277,22145.7064116219,227361.097593465,106627.095746192,31733.5059326758,15575.3741290445,7701.29527828364,22402.6738675833,225517.377720487,106783.977434268,32061.5305134302,15799.5125737406,7839.61930709103,22647.6471788416,223537.611514378,106862.996055926,32383.618333522,16025.5962127891,7981.75709430724,22892.300747994,221938.430061853,106981.728404749,32708.1393397306,16258.1842525027,8130.27096747094,23161.0115828055,220170.897373553,107051.828105035,32986.2280113796,16463.1879291634,8265.32481671414,23409.5475697072,218077.048894557,107038.864026639,33261.4339937744,16663.1528866676,8395.61369274585,23639.2805329928,215823.475985528,106942.20746685,33536.2736656332,16870.3599908523,8531.403394061,23867.0623401965,213755.600064996,106804.953890498,33802.7224046389,17079.4672057659,8671.9849568215,24104.3480822766,213003.999357611,106955.864576321,34098.9915946835,17305.5703150313,8823.97931272801,24410.8390746381,212070.19275272,107086.940790295,34294.7081642078,17459.0013200938,8933.72828021533,24655.156924524,211125.805371857,107270.866174909,34541.5457489985,17624.6934238967,9039.96058964977,24886.4959033264,209900.714898818,107339.195861774,34771.1369325001,17789.1192019209,9145.57760345407,25091.3825163882,208506.302506718,107347.639617793,34999.3379971747,17958.2985417422,9256.79917053182,25294.22553421,206993.336537883,107290.439867476,35214.8289121218,18126.4478504583,9370.64365836202,25497.0069825024,205391.839374524,107183.499675047,35416.0738506648,18289.6948901027,9484.20557321065,25699.1435153022,203721.350983767,107034.784659242,35605.047648169,18447.9364904587,9596.38008770378,25899.542272686
429,245091.419500551,132746.440135021,53854.7050440015,30447.5807755745,17157.0802561897,35951.4744082497,214756.494875121,118914.992831103,47265.576557438,26748.4212195875,15104.5167855219,32076.9331129065,219048.538437066,123727.909835201,48432.320095765,27671.7683980234,15807.099893222,33748.8032232768,214533.781301845,122184.10411695,47868.4321797368,27085.6191859257,15465.4975423859,33561.4460072844,214395.460741469,123888.193202107,49010.2500811726,27686.6279734283,15739.1282402872,34253.3655617349,212027.315402852,123570.548475814,49454.9994284195,28063.7112278384,15965.3504970906,34588.4920612497,210686.833889265,124069.933326733,50159.4287575989,28610.1479654218,16348.2430917671,35315.8527671678,208715.810489775,123981.101513633,50620.4706379077,29027.5941558935,16667.6212431504,35983.0895556888,207524.386301212,124263.410190782,51200.4838631196,29506.7634520788,17027.9651285462,36809.8137474754,206017.812304111,124345.963013341,51647.3468813632,29903.4471626719,17338.239315294,37572.9985105681,204433.270457748,124448.057801488,52121.0553708769,30304.035645455,17645.8041417417,38343.2770960135,202624.129857612,124394.4048035,52555.428023612,30690.325739989,17945.2716748575,39090.8249049777,200696.95506974,124260.233537042,52966.1574353051,31070.4011752163,18246.2666679098,39843.9062458426,199223.260291354,124205.737436262,53401.8413649768,31472.3888864799,18565.1826280985,40654.8779445372,197539.526367367,124100.115782681,53752.4526741765,31818.194190005,18852.8625592794,41428.6004742764,195576.465208202,123872.291052761,54086.3684703515,32143.1858142134,19122.327667612,42166.1220483211,193473.824378402,123544.939104549,54407.8181923335,32472.4911162307,19396.3059866856,42905.100705896,191199.596892193,123084.28569597,54678.4374630935,32781.2796566078,19664.6153130744,43636.5706402384,189455.75240473,122753.380089487,54992.0575157468,33122.2869440582,19957.8916056878,44448.2794118441,187536.384200111,122376.569605187,55212.1746065161,33399.0948838515,20213.871055108,45214.6058341905,185435.032212516,121913.516790571,55422.4154450922,33655.7168414149,20450.088890274,45944.0744552614,183130.712586924,121340.791103768,55607.7390278829,33906.0358366643,20682.6109794384,46656.04452533,180624.37872659,120616.439763636,55744.2167440747,34135.8872197146,20907.910592343,47350.8454329336,178518.897435169,119980.890459049,55912.8191518017,34394.7979018551,21157.6418492437,48120.9202551115,176395.625531153,119342.967233656,56012.8208775553,34606.6986698611,21381.5208409183,48871.407287794,173942.878340804,118570.992597531,56059.7453940816,34770.3270763999,21569.0026732591,49553.7496683316,171362.30136006,117697.650878837,56103.1503537986,34937.940505979,21757.0885762245,50227.5932975991,168862.388044113,116761.634022313,56120.677822557,35102.8640872105,21950.2629455565,50916.9530796364,167618.334081049,116260.366922024,56271.853192461,35355.7546085746,22205.1153595124,51793.1819986833,166510.852338951,115943.921401271,56332.789164156,35519.7404120162,22398.6305921809,52592.9995276601,165206.925630047,115574.162310228,56391.9411417152,35637.4087978892,22536.6221917884,53253.5238730108,163823.596020309,115193.316056162,56494.128378601,35787.0874983965,22684.15091,53874.8014742726,162187.920089862,114642.001175974,56541.3943967284,35916.5077276673,22823.4079195163,54431.784702347,160497.701597411,114043.919986572,56578.1790476559,36049.9995926882,22972.9633546346,55001.5221071152,158736.119295007,113374.846709286,56578.5846860819,36166.3302632906,23117.502606597,55571.9002075891,156910.068595236,112653.088897736,56547.4336570332,36263.3980343264,23252.6438015899,56139.8693190958
430,345309.432039315,100403.28798144,23906.3034662602,10576.5682304899,4845.64599259593,20802.50148779,324942.201821418,97682.8313347752,23521.1894031773,10485.6450842919,4815.42188933296,20509.4117543484,324019.116988755,97206.0486217493,22314.24785591,10144.7711270048,4780.99216767566,20712.6460568087,323470.490167697,98478.645599929,22369.8296924163,9842.07337960536,4564.36041204484,20781.6633870148,322855.378348421,99349.4481608636,22768.3110980041,9966.11954339677,4546.35926570346,20864.7372096771,321958.107404578,100120.297743166,23129.8917542629,10145.1790676072,4616.1205959289,21042.0362525337,320968.487141982,100821.563785466,23478.6604966325,10326.3896071391,4701.89934642327,21269.7787111413,319869.864838192,101482.168141898,23814.0168390679,10503.7736065387,4789.10068865257,21511.3345390016,319230.812807645,102138.377971193,24148.1828581401,10681.3174237296,4877.2075322398,21767.4772183596,318424.177258284,102804.859641583,24459.6048661889,10847.3220434983,4960.29712052684,22015.6650052947,317403.365106471,103436.804190926,24784.0643862203,11016.9907499993,5043.73887291219,22254.556384598,316116.186363136,104000.696958643,25103.0498120717,11189.1141583886,5129.64462664971,22484.4236002418,314607.834528945,104506.966699429,25417.0354679644,11361.6839486878,5217.29986470592,22706.8256850621,313572.074724073,104996.279962184,25729.2377663705,11536.3380351923,5307.40986683266,22940.6045754569,312306.651181106,105495.363409014,26012.5882600445,11696.2120136668,5391.27519699171,23162.7921246773,310672.313730682,105937.992961405,26308.4542915439,11858.906302577,5474.70366879734,23369.6850722861,308777.772403822,106290.145855522,26599.7985085964,12025.8642765723,5561.75821544908,23567.7024935432,306670.242229971,106581.106096298,26880.7776694619,12191.5751689622,5650.38682678721,23758.2921078081,305089.595974265,106861.494916823,27159.382878915,12358.7115595861,5741.14725301283,23962.9554888703,303320.325730984,107162.343980021,27406.692082402,12508.8608706588,5824.33181544126,24155.6745119395,301313.489797506,107412.256620536,27666.7789450312,12661.2826457902,5906.4304194645,24334.9301544626,298967.874257538,107576.485618404,27917.1977053052,12814.9593660453,5990.61863203626,24501.3659610155,296360.972496219,107662.029472285,28161.2885551241,12969.0888308716,6076.91474260841,24658.1311140347,294131.123236486,107722.378850306,28401.1927867516,13125.4302576425,6166.33290731862,24826.1661376082,291884.658701149,107798.276719384,28611.3481532442,13266.3927928979,6249.39722918698,24988.614356039,289223.140817201,107820.051569165,28820.7293201563,13402.2261640424,6327.9787029458,25129.3960256369,286305.990329205,107741.599380346,29031.655471877,13543.9913108348,6410.1836235347,25258.9428238378,283470.515922717,107619.536526128,29233.7173751857,13687.3319714714,6496.09894779666,25389.988748775,282108.652129294,107619.640684695,29441.6336323015,13834.9952283176,6586.05200516072,25570.6609534637,281015.399096579,107798.631462301,29599.2568436365,13946.7628283195,6656.88778234525,25745.2709887534,279777.345421187,107988.734869983,29786.8827810544,14057.8172411674,6719.57806559887,25896.4085249603,278282.869199617,108109.461091045,29978.8947964217,14177.798075968,6786.61956288277,26033.0117562041,276531.053955772,108158.123422436,30163.169975082,14299.5014184746,6857.3651084458,26160.7335085748,274601.63196125,108140.804608559,30338.4391356373,14420.4498557966,6929.99378949446,26282.6548617207,272558.431952324,108073.126657993,30501.913504314,14538.2493201366,7002.76770341597,26400.2375998832,270401.82619559,107963.124304359,30654.2797671055,14651.5147576592,7074.2126451368,26511.4783228015
431,257266.497579743,122732.255539767,42249.0316823427,22108.9174497142,11537.0783793999,21618.5652952335,228702.150964854,110437.399958595,37379.5810856601,19601.0427149424,10243.0478789848,19384.84501809,237546.798613801,118235.837053483,39347.9565257517,20665.3001190258,10921.2378062117,20864.1599663952,231927.962141696,115894.411187581,38865.1909805463,20255.8323408238,10637.4975228532,20544.8434641943,233030.695216385,118342.271452491,40055.7234967135,20875.5997812776,10934.1608885063,21054.1393780754,230812.879044322,118240.909427965,40507.5177898471,21220.7565673009,11135.1708177228,21287.1329186353,229994.069243504,119179.764906362,41241.387735467,21716.1880359712,11451.4204485913,21796.1797134319,228402.429293483,119486.883402704,41779.1312510323,22115.8289197676,11719.5531270432,22257.8959435731,227635.813837145,120157.418163612,42411.0420852902,22564.1278270653,12018.0128231217,22812.0335474914,226397.531363412,120578.913816517,42924.4226371256,22943.5986369041,12278.0196723123,23315.4023223427,225142.585355103,121055.835193883,43481.4795340546,23341.9261187189,12545.6443185678,23834.4522655194,223599.014170095,121358.988903286,43996.9625813616,23726.4511539167,12807.927196104,24338.9998889319,221980.910949023,121611.583158715,44506.09359045,24113.4358813609,13075.8844280697,24855.937120502,220832.760792581,121939.828408049,45030.6183508088,24515.5720381174,13356.2100500092,25410.2004418846,219300.155012513,122139.220883644,45463.102827293,24860.3873552135,13605.8633877303,25924.5287822618,217562.806639417,122290.89385047,45918.2421664603,25213.2355722384,13856.3412972031,26437.6246118569,215612.48829257,122299.910642347,46346.5925455002,25563.1760903276,14108.6843459152,26948.1977133074,213545.786660259,122217.135411773,46748.3004615594,25905.760261406,14362.6169781586,27466.5562168547,212058.740504218,122268.46119978,47182.3274663166,26272.5599570656,14634.458947423,28037.8413281664,210194.115677718,122173.421625037,47505.5699972777,26568.1405200606,14866.5528994336,28556.2072820879,208255.131199608,122081.941951178,47865.8667249841,26877.3602823301,15101.1814342357,29078.3866511552,205987.42218637,121803.769430024,48175.3236438467,27168.0123562984,15327.6086620964,29578.0965182288,203594.839269532,121449.160886105,48472.659459735,27459.3676902177,15559.4883535387,30089.5795850582,201595.773414354,121146.892371312,48782.9767012647,27766.5417377548,15805.6782084633,30644.3146867725,199494.858573682,120799.28004757,49018.1060867728,28025.5856035308,16026.4079434402,31175.6771956976,197043.765167709,120338.649777,49226.8986310794,28258.8185767623,16227.3393102315,31673.9925622352,194476.173495471,119780.411959789,49436.8980100979,28501.8065003109,16434.4469483727,32176.0818667105,192058.313510504,119169.284464328,49625.4516550639,28743.4647659848,16647.40875229,32695.9850650659,191027.249920989,119006.350797912,49919.2515585667,29049.0573214998,16902.5332515803,33334.8629077395,189826.252687211,118807.361172971,50051.4863251493,29228.4737213991,17077.0524195377,33858.4906191327,188645.598060063,118724.741746067,50265.1451525316,29424.2939374622,17241.1462918517,34346.8689504494,187179.539486013,118470.353490947,50446.6464802837,29609.6487041362,17394.1010421608,34774.4809382565,185575.18439639,118163.225078465,50625.0828056395,29803.7925097543,17557.268452659,35200.5166133204,183837.666860184,117750.403742492,50773.3108400625,29988.4919795894,17720.361934521,35625.1604114279,182056.978561358,117299.181923663,50902.8881471571,30167.0290634549,17884.3562745215,36061.9976192956,180167.434419706,116775.785331745,50999.7423476824,30327.1318603662,18039.5015340622,36494.409250639
432,328443.531396333,88864.9336880589,21867.663786581,9683.36537628832,4325.9703362387,9577.56759218953,313545.218110047,85611.2944421509,20987.5316006395,9425.68689693955,4238.13661218014,9427.61950067922,312239.227611092,86257.4538309667,19569.9112998498,8794.66428043524,4056.54030366755,9462.82471099382,311728.214351178,87371.132614807,19769.6313846675,8575.35946832845,3836.15411511335,9362.12764401356,311124.624960529,88195.5250892125,20133.8494881223,8701.95150159974,3830.07764379615,9321.15148419653,310233.304338696,88924.921320693,20466.5146790878,8867.73473378484,3897.36516956757,9383.6650798596,309253.29305078,89591.3100672436,20786.719000772,9034.58730902888,3977.57708162792,9497.35550531467,308255.230717071,90230.4387499908,21097.7435944408,9198.79527522633,4059.16363563195,9628.56828445632,307692.62959289,90870.4159245732,21403.3358897527,9361.22445760445,4140.60507625879,9768.9540247789,306942.185057005,91528.4040693331,21695.8162556504,9515.40335772395,4218.12547159471,9905.42638011175,305955.900672892,92141.5915000318,21998.0718498167,9673.69274277029,4296.70982904953,10038.8938412014,304724.027927195,92698.2878884224,22295.9456169492,9834.18624448047,4377.73839897582,10171.1870403871,303381.058423517,93210.6004542108,22591.0809345118,9995.79535875474,4460.63113110833,10303.835735302,302485.25119642,93717.8155207286,22879.0468296607,10156.5025750434,4544.32834973047,10442.2837571698,301284.295513241,94235.0498295574,23148.8587222846,10305.8245643159,4622.69402301398,10573.250872398,299750.000429462,94686.4429214914,23429.7991867729,10459.9939163098,4702.24422623884,10699.5132133824,297966.016234372,95067.2704894681,23704.364749606,10616.7848545042,4784.91538397671,10825.0865475989,296062.879511996,95398.3983409599,23973.0743637448,10773.3894924495,4869.17114745798,10951.0477527967,294679.718706175,95731.4895539568,24234.6707906553,10929.0826230007,4954.25034091681,11084.3506460543,293042.428326386,96079.5687600843,24473.8963367432,11070.424604612,5032.39685802746,11208.953512957,291163.781601391,96369.0974413891,24723.9714608199,11215.7636577543,5110.92243498747,11328.6531296582,288940.080110793,96586.0093371757,24965.3392884004,11362.0568085364,5191.61628926664,11445.234315893,286552.57547568,96736.2979456438,25203.2640626031,11509.9388680865,5274.7686683682,11562.2012763066,284567.563033097,96878.718920756,25432.9735484282,11657.4477392199,5359.56364822568,11686.5275266867,282463.41171243,97029.6846553188,25638.8835891481,11790.6321693561,5437.73771283657,11804.4479679447,279950.178815837,97117.0695391617,25847.1396286718,11922.5385173899,5513.74344501812,11913.2654793911,277219.211734109,97121.6152752975,26054.5696540009,12059.6121886121,5593.59732215612,12021.228890445,274747.107680194,97100.8262524745,26257.2150199237,12198.6412563581,5676.8537421945,12135.2237630596,273735.446093553,97214.3289933418,26455.4057441981,12336.2013338992,5760.71297060852,12270.138513568,272750.870918587,97452.6094248943,26611.865430461,12439.3941933389,5824.98282311279,12386.2903587429,271622.505662202,97675.0945681094,26798.4151875707,12548.2216126965,5885.74505331871,12489.4910554478,270216.000698634,97836.8412424979,26983.7631276981,12663.1811401951,5950.58850710479,12587.4678364677,268566.517307086,97933.014667204,27164.110708152,12779.9749609115,6018.67354701329,12685.3589579749,266768.719268347,97974.5057857158,27336.1020228716,12896.1268237439,6088.41150682151,12784.4194003404,264869.29982002,97974.8224487691,27497.6655580022,13009.0183272664,6157.87915924898,12883.4484875603,262866.909345524,97938.3530647818,27649.9094855611,13118.068678655,6226.11925149179,12980.763663487
433,131047.727583802,106734.234905392,70251.0172227724,51987.6867666727,38209.9075934698,106590.170091312,127748.315604316,107240.336753896,65623.0681167319,48449.5882278125,35704.4941389573,100685.908560423,109653.473277425,93180.4817934894,56652.887468347,41136.9878201015,30035.6081586424,84785.2467669768,119774.230579766,105653.996000329,65109.370739538,46962.5410155675,34051.1120055532,95617.4071224551,117284.114583776,102046.586346287,64697.6766725431,47026.8769210533,34060.8846847491,95034.6048572959,111051.223651063,97291.1214879818,61422.3087870116,45099.5888681155,32928.5426575445,91866.22996828,113683.248306768,101062.114687275,64356.630746555,47307.8095535707,34700.7958028252,97562.1222133255,111946.580868887,99307.7611006008,64060.7244122719,47353.0270838483,34861.2627333813,98933.7721693859,109053.839698356,97127.1173861984,62765.2908027481,46661.3074862761,34545.8715495344,99178.5457664378,109355.045304369,98158.4330550314,63775.3142216648,47523.5662717576,35321.7635657479,102782.790640249,108128.458559633,97262.7317367848,63688.3951942024,47628.1039736184,35509.6747541915,104692.825363834,106072.499820011,95848.8590389719,63029.9974203046,47321.9285186447,35414.0721180117,105771.091738497,105140.764004052,95577.7132780222,63228.4124040511,47612.5809436237,35750.9751488422,108186.245654318,104133.184177696,94889.2571567632,63197.075912311,47764.9806505625,35984.3760234173,110311.167545554,102732.090057494,93966.3668229877,62840.3997557159,47670.418954743,36045.0668541317,111959.591377838,101453.50380403,93260.0008067747,62680.1663013937,47681.4926023194,36168.4258174957,113839.74916057,100101.139007366,92418.3976806992,62491.4193171013,47686.6091074936,36279.5161032353,115665.642176632,98534.2137502223,91352.6282071982,62130.4579946247,47578.1170076717,36314.8022732949,117257.376092471,97294.3871418185,90464.2787500701,61859.9416919888,47537.9486772451,36408.4103559855,119088.227069713,96176.9106920249,89762.2065544217,61644.5146633886,47526.2063214781,36522.5468362937,121052.033604083,94777.5328521792,88786.7838093632,61266.9949686561,47367.7031959149,36510.5815387447,122621.596166124,93263.444356093,87748.0947311445,60853.5792486797,47185.1442132223,36474.2665937417,124088.80034656,91749.837694972,86696.5025112395,60463.3149266736,47027.0295307505,36458.6469413252,125617.560438851,90383.0286355221,85638.4566480801,60053.607631442,46867.0439169315,36449.1947653184,127192.579358136,89112.6207369616,84711.8400581655,59651.0727991253,46704.1459817528,36441.9282689957,128836.699358625,87656.5599678288,83665.8140451849,59176.2928236243,46458.5606043477,36358.1662472041,130247.211615713,86047.331903531,82456.9360954115,58623.3409294821,46153.7322593314,36219.5239953465,131443.363497689,84527.2616965686,81271.9167980634,58088.5856400372,45875.2420493452,36105.7654809287,132720.841925422,83666.0575940433,80434.6456821797,57731.7072277243,45740.9816280007,36111.7706905305,134479.588069815,83145.9765159266,80048.709574658,57517.8404496455,45683.2272071932,36172.1126863904,136506.761937011,82358.1183279681,79453.3663458814,57190.9442645608,45475.0154794258,36076.3871173396,137901.596607768,81394.659954323,78738.1945261475,56822.2352286625,45235.2480140337,35933.040521905,138933.038803175,80477.9646262503,78092.9252702951,56553.0010098681,45091.1126856236,35866.9262296657,140091.970555825,79524.7694611459,77371.090044137,56251.8271884265,44943.8226300676,35810.6878994009,141198.768348848,78474.8452456575,76540.2454280703,55850.5683046437,44727.306810193,35712.4831942699,142132.497672825,77404.9375409154,75701.6451038144,55432.7262525242,44493.0068054554,35604.2975097538,143062.862208147
434,222578.207446937,127643.216976838,56116.5284479804,33172.3205168043,19490.882141798,32502.3980036351,189795.5421998,111939.264387165,49221.8352695572,29150.2765755512,17178.3684314337,28868.4938644087,200012.274760253,120838.653374714,52885.4402363011,31683.4568053624,18880.1368579038,31957.0207097593,191489.731387354,115491.343577599,51106.8690669958,30532.6342906736,18272.58166621,31555.7145518182,194081.461962045,119140.567942407,52863.7516840733,31665.0970943937,18969.8043781797,33080.2515979601,190172.849878057,117313.209605041,52787.2901278726,31713.2503178007,19034.8430452517,33414.3384761421,189812.253277413,118409.542048579,53676.0180601589,32439.2877551624,19562.0237284776,34521.725730375,187439.024909854,117745.610379298,53941.1062758134,32752.2451549858,19846.6239451208,35292.9786125982,186569.398065011,118116.963104067,54539.5452863554,33291.4258812567,20276.4094429758,36358.3130424056,184947.557926034,117914.742284603,54882.7993326443,33649.674176859,20592.4761541862,37271.1750395167,183497.818896115,117929.244536477,55309.6705316425,34057.1600828541,20933.1174686105,38233.6596138609,181730.989187962,117702.710194774,55667.2821921396,34423.6871065796,21248.0863186252,39154.9904049789,179918.731569484,117432.697305183,56005.775473674,34790.0572555765,21568.1848495179,40093.0363445986,178539.442025532,117269.268440933,56383.1840671705,35186.1044198019,21912.3352380102,41100.7786353534,176881.535103612,116991.368513811,56643.3565080518,35501.9182815166,22207.9896826126,42047.1156704199,175036.808902232,116645.847372358,56902.8088794391,35805.1291987048,22489.070040916,42973.7753883286,173054.226688582,116187.89996847,57139.0239670552,36104.8991364689,22769.2030152086,43898.640562755,170937.296357346,115608.083201792,57320.820134664,36380.3647338379,23040.8820145094,44820.9805158612,169325.43846261,115188.51635386,57560.8526839465,36699.0109777104,23345.7691566065,45837.339257379,167489.081169467,114671.893674919,57683.5846300219,36932.8496772422,23597.6644048721,46785.139811973,165524.261891989,114108.350931876,57805.1407330814,37151.0763980713,23831.0679536653,47704.8874151669,163366.07791486,113425.463223596,57894.7143185452,37355.9939217916,24055.0022125142,48602.0376654622,161050.149650917,112607.32861468,57932.7983645807,37538.1285157563,24269.6713746398,49486.9230648148,159108.049698928,111894.281762511,58011.3460310773,37755.3174500183,24513.956460465,50457.9443118106,157118.340152609,111157.910897308,58011.7686276966,37915.57604936,24724.129959345,51396.9900267092,154826.854631833,110290.638941424,57951.1479010373,38019.1767369417,24889.9457532315,52260.2067551076,152451.98975207,109348.378968016,57893.8861181783,38130.1741985775,25057.6774662413,53123.8260585037,150200.195978567,108358.072247255,57814.6152151046,38240.1275876488,25231.3638288758,54010.1300477899,149083.194292422,107824.771655279,57891.680556065,38457.0712678816,25482.3981469483,55100.8778070628,148036.751382071,107425.155284098,57872.3781659154,38573.4580858501,25659.6544923084,56076.9761378245,146813.450590425,106985.396944982,57850.6697183692,38641.5835599306,25776.0278119304,56892.7889919621,145523.595951001,106544.923127227,57880.9886193757,38747.1701042434,25904.1135784693,57661.1218929291,144013.333545442,105940.152496973,57855.490587404,38831.9245853108,26022.5647384291,58355.8034583026,142447.235896674,105286.064816478,57811.702269243,38916.8175976284,26150.1300548937,59058.6951806576,140834.364479722,104579.24943664,57737.5813822626,38987.0214693738,26274.4554828197,59770.7510417401,139152.112870503,103811.307598779,57623.12134854,39030.8512573747,26384.1511451104,60474.7694695288
435,161889.955052389,118351.377706623,68882.337690765,47445.3889947715,32434.2351977744,70751.0676233756,143882.07485514,108180.231090483,60703.1468858893,41754.8971495718,28626.8672595155,63060.1588364732,138575.125203334,105842.278429256,59136.2744150458,40663.0492466785,27890.2007586665,61803.456219181,143392.999874381,111337.083408015,62910.4032758029,43101.332841151,29591.5684228628,66269.3910689699,137051.718526141,106032.463279661,60634.2587532017,41753.4677094314,28683.7933106091,64711.3001839725,137467.215646325,107952.988609062,61907.1469522322,42806.6616684608,29532.3549434032,67176.8327723061,136182.026495171,107343.471120079,62359.1793487568,43278.8290439636,29954.4036614545,68786.7466818632,133647.52419069,105896.281176945,61898.2944523839,43216.3568308124,30059.4551776699,69752.8399099108,133230.579465047,106265.118103416,62536.5900414227,43835.7714458479,30634.0457920151,71975.0327626101,131754.786217129,105512.009311475,62535.0401969735,44017.7969261437,30888.1482974663,73515.1147450925,130214.074686781,104890.883793828,62514.5368009305,44174.1807884715,31123.4599785682,75042.445669825,128944.416590618,104501.651875474,62712.128217335,44469.8818619501,31446.1312552356,76797.2816530935,127253.32495924,103658.592290346,62651.0665807293,44604.1974306389,31658.667438841,78289.0394362084,126002.094717765,103084.488157515,62699.0646148627,44820.6611901075,31938.583825192,79984.6289021209,124757.382368873,102578.493690468,62738.2384218099,45015.3704786362,32201.6378186043,81688.1563478034,123110.273286802,101753.950064159,62609.0723590649,45074.9890307586,32357.9627018615,83136.4706227842,121486.961912549,100974.312705257,62527.8494879158,45176.6062768419,32542.8187231701,84655.1436033413,119788.315799386,100081.503019424,62396.608098265,45252.3547255192,32714.6234293855,86156.0477247547,118366.783012399,99254.0023603844,62269.7321212743,45340.0755794042,32902.6917406403,87741.6639202824,116996.315051775,98556.0502315109,62140.5597815387,45410.397688778,33078.7835945801,89351.8672835399,115368.134592298,97646.0396720193,61908.6523960144,45383.360086078,33170.3767866176,90752.8242347728,113654.920428352,96697.1914283725,61668.5391934631,45356.7119886055,33257.8619693609,92129.072263319,111853.143832923,95648.8484910539,61390.8100399608,45311.1784999411,33335.4155616937,93479.0903346726,110254.995870331,94628.5295877189,61112.1573206913,45276.2156392673,33428.4381607314,94902.5227852482,108772.845248149,93743.1405739322,60842.5203688722,45238.9229849386,33523.2503765351,96386.1508341554,107008.073241249,92670.5600528181,60461.8302826663,45096.2152991619,33529.15109896,97643.8218376614,105130.955468271,91488.8193787384,60045.3084137304,44929.6142345205,33510.6001126168,98820.5760416486,103387.583833721,90338.9546492865,59654.0631543588,44793.8955480338,33520.0025566688,100083.112721576,102421.836827375,89545.0331965053,59418.7845967795,44779.8788910412,33627.2012259173,101680.913372846,101743.533031184,89134.8683984358,59251.8405809879,44778.2564319852,33737.0875642088,103343.411218236,100759.827191821,88507.0799627654,58977.3064440488,44636.63497267,33705.1128416709,104529.952052704,99700.7732128865,87876.3631961016,58746.0838570709,44530.1528168787,33679.5722583332,105595.547562802,98623.4152379634,87235.5595792735,58558.4852761189,44473.9616059275,33694.4732635328,106667.567634584,97423.073247929,86446.8545724169,58284.0345436333,44372.1767925601,33687.0296210665,107614.516702895,96180.7693554294,85624.3785669767,57969.9669743352,44246.9746247707,33672.4292360709,108546.084565384,94942.7784968502,84797.7504199673,57651.9177861765,44116.427270271,33656.8422558158,109509.232607409
436,283439.021165071,134528.261802509,46278.0456325846,23948.8374305694,12297.0995462243,14338.8042793144,254932.639050718,125298.731774725,43115.5639938112,22419.4775109979,11556.8498642882,13549.1925426415,255667.516790475,126401.555831046,43063.9851570266,22801.2363093236,11961.5797646647,14240.8425950923,253797.24718739,127267.362549958,43174.3375061171,22603.1795262402,11891.2589034178,14546.0774238096,252492.08943333,128137.864295358,43950.8257108933,22969.3065456558,12012.7693858571,14765.3013091906,250984.360181032,128758.349128658,44656.6577337618,23442.8154266782,12277.2854331921,15062.992497305,249337.814970397,129240.030812019,45309.3555811021,23913.7894123354,12582.5795590639,15470.1545059832,247652.109283445,129659.539165122,45920.6214877341,24368.8191615273,12891.0594748491,15941.1515042017,246384.36646131,130110.302329625,46533.7789251978,24823.7756576354,13202.3655314504,16453.2580027296,245003.893608543,130536.069793681,47086.851893758,25242.7313204859,13494.6449540346,16962.4779446177,243446.017705369,130901.986831593,47638.1040340313,25652.1160517519,13777.8560055228,17466.4105838743,241670.167725929,131157.291491292,48171.952677284,26059.4618891614,14061.2461512657,17972.305354671,239713.234029221,131314.268825472,48682.6524031045,26461.3718496133,14345.9186842709,18486.8900495427,238186.551628615,131506.231035415,49207.541216178,26877.6261275243,14642.8160359067,19030.0515972028,236495.169297641,131662.558406062,49661.9046373745,27253.0983346533,14919.7752135687,19562.0737416845,234480.882583795,131714.857285861,50104.3414968703,27612.0511336357,15183.4379312661,20080.8522562446,232279.791042771,131647.67032086,50538.0614944134,27976.4933026882,15451.9699223453,20606.8976856195,229879.363228992,131465.526950894,50934.0976827301,28329.8495052852,15720.4059805581,21142.4002635895,227993.295760192,131347.042505139,51352.9742890994,28701.6793804194,16003.886053655,21714.8098585137,225980.983355428,131211.975074174,51694.2807485022,29026.3994929652,16263.1116949241,22272.017772505,223740.225616886,130989.145933634,52025.7487320788,29331.9020243862,16505.5362134007,22810.303562536,221234.433826594,130642.419269764,52337.5774758918,29635.1663128,16747.3217721556,23346.2068066764,218507.146274391,130156.5240721,52614.3686024763,29927.8429711794,16988.210486045,23887.4156847188,216167.769692062,129710.263559354,52906.9731478806,30238.5374720542,17245.4248228444,24468.2922027442,213838.817104056,129268.029386621,53135.9448453262,30510.6544605604,17483.7729974725,25043.0960810637,211123.212771172,128699.570424445,53322.1896344155,30743.9201855572,17694.5113527904,25586.3664747832,208262.087918796,128018.963424367,53509.8184142679,30985.0431751515,17908.9144019094,26133.4436954394,205443.472199844,127271.614062385,53671.0530789806,31223.7705328994,18128.6525511719,26697.2573134778,203937.706734182,126854.553702813,53919.2505701166,31516.7632488426,18385.3732034508,27338.2371667975,202738.985843644,126672.336692787,54086.5342177909,31739.4318299204,18597.7210850841,27935.2645444443,201332.508230509,126451.136715038,54245.4624107263,31912.9496496042,18758.913239042,28439.0233894074,199801.352129792,126202.843505157,54442.0389810356,32112.2428506655,18925.8826214246,28913.1465842328,197992.660155782,125790.939106237,54592.7531735397,32297.3304832299,19088.4171036878,29359.1444799363,196101.640052904,125326.09172818,54737.7318756675,32488.1035766993,19260.7984619545,29822.1983804543,194110.929361739,124773.462528303,54844.369010008,32662.6578706425,19428.6071101694,30290.9726906021,192053.199880698,124176.548527825,54928.7561638631,32825.0279235206,19591.9612611207,30768.7277674565
437,128243.332012105,104274.719148209,65918.6186854002,47855.2737601686,34491.9700283275,89184.7382170077,107439.062753882,89699.7255405756,56886.5264950471,41322.1129742462,29869.56568524,77929.1914722332,106221.018972703,89793.270995473,57331.1838271404,42133.1086915358,30681.7563102619,80915.9376699696,111220.647450356,94584.4436394388,61055.2685464351,45018.7203181384,33051.5968215595,89031.2371724449,105226.349627812,88766.1235139551,57562.4438105862,42680.9364619309,31488.488105457,86655.8974369689,104376.199115596,89404.8538155982,57834.4935735321,42949.6353408848,31809.6892920597,89293.6921056688,105434.760781461,90784.5052519395,59473.9988060892,44221.1329567227,32792.96254639,93584.2221531184,102528.252069831,88240.9324903371,58200.6738407965,43524.0461034596,32390.2788454204,93727.8027631806,101518.126241148,87986.5619925001,58182.0701661672,43671.7573986357,32643.7349077232,95836.8049163035,101495.092410604,88383.6591276531,58856.6935744201,44294.7865188785,33213.6555628841,98930.8940587427,99802.7565337397,87117.8944044453,58346.044927992,44079.1764438356,33161.7769024327,100139.834036586,98442.2412320704,86427.6699129404,58132.3118008014,44061.7317771602,33264.2525493278,101821.197215937,97630.4876268578,86128.3020516047,58313.8266348284,44333.5399475197,33573.1794508237,104148.776871786,96513.6373289098,85333.6211810769,58111.2751024793,44348.4633128821,33698.6186580437,105923.539820407,95333.8277613478,84656.5002014122,57873.6179283676,44314.3654231468,33792.1763308585,107653.437038055,94216.684082705,84058.0731234749,57765.9137284726,44352.2224201952,33922.8274465166,109522.546794091,92905.5671353618,83235.7933599967,57530.5727086892,44312.1622510523,33992.436736024,111177.163811346,91513.9009416979,82320.6877502139,57214.8786794722,44219.4405743873,34030.6033264713,112743.288465774,90463.2834911201,81609.2707077884,57012.6494963305,44214.4110658811,34140.5159778258,114597.433975187,89401.0390088389,80945.6098734941,56783.6650613158,44174.0812601352,34221.3860087243,116412.792632431,88093.9028863496,80065.4925098924,56424.9520361464,44014.5764373289,34197.4875166348,117886.885677909,86721.7619930262,79161.9091418822,56064.3396590983,43857.7247981727,34170.8109025616,119330.438482568,85352.8908917706,78225.2185326495,55707.1857681552,43711.7353211239,34155.5617575831,120808.224627519,84128.3910106424,77308.485648077,55337.1279685135,43566.7695383772,34148.6769132177,122345.449135342,82948.612160448,76480.3489906642,54961.9375170742,43405.4173000007,34131.0509363369,123903.29507891,81584.5657910928,75525.497218033,54514.1480052662,43165.308364769,34039.7008027235,125220.558060931,80109.6220286258,74451.0864407594,54010.884768413,42885.9734768332,33911.1359813855,126382.274953398,78784.4225805141,73421.6951156023,53538.3445227256,42641.5981344792,33814.9871043134,127662.432969787,78075.268829833,72754.095905125,53243.0413435407,42539.6885660387,33837.2173465908,129435.601090935,77565.7365281787,72385.9520970256,53026.1997831644,42458.8791542925,33866.5968693325,131291.42087554,76816.9134993372,71835.4444925066,52713.9719360042,42253.4509193493,33762.214812057,132566.144857865,75940.9734577586,71214.60909474,52392.0500917303,42043.754366266,33636.322425935,133579.724357083,75099.2245193367,70637.3721601553,52146.7591369576,41912.3160695479,33575.6681202223,134694.673537962,74210.4307287239,69983.2415273798,51860.8074207704,41768.1324802826,33517.0134992942,135738.646400027,73234.3467871778,69234.6532828334,51488.456460387,41562.8064349608,33420.8062991105,136627.7847981,72249.4655015962,68484.2356141475,51104.7653276476,41344.9783125872,33318.2727358053,137526.960032698
438,155314.987824678,110310.198459833,60269.8676454787,40167.0812944668,26620.3814531551,57795.7058484099,130650.602605446,96515.205867087,52662.5110293108,35128.0759409097,23354.258112966,51099.439308921,136358.19101116,102536.559256647,56566.1525848489,38196.5293957081,25605.888370714,56472.7404732993,133146.667259231,99609.5983448606,55592.390257368,37698.4105127614,25488.6846444776,57341.3921634457,131001.739711848,98962.1294798487,55200.1195395256,37589.4783190062,25542.824015388,58536.6040727033,131289.459179019,100127.820211329,56382.7871612813,38449.6494356677,26191.7263355265,60950.9555343729,128639.396884731,98419.803275111,55936.7302628458,38334.9345665594,26198.9509195754,61701.3696350946,127839.821868336,98655.1887040217,56414.5624930971,38840.6585346186,26666.9555398687,63535.9569705386,126732.775541489,98190.369247765,56629.9561362674,39153.2019056907,26993.4135398731,65086.519449878,125410.138497446,97701.9100729897,56665.3546203339,39351.3894370394,27249.3905263722,66496.708984674,124303.853085936,97450.0457248893,56889.2435430082,39646.3503654064,27560.0612990589,68065.3543220395,122857.54412888,96856.1573526464,56947.6597146237,39839.9287893268,27796.4198395243,69442.5642027173,121413.674109167,96282.8324060461,57002.8145717055,40039.8809053717,28044.3794208097,70856.4775778844,120322.019483577,95834.8310943582,57125.8276856119,40290.3765303649,28331.8542415553,72404.3905779574,119062.676594841,95323.1680446581,57140.7421975644,40456.8647757458,28561.6745775641,73847.3671972197,117586.245843394,94673.3187380629,57102.9089635221,40568.8208082006,28743.6436040031,75181.8155833805,116086.449305735,94003.0680788348,57080.89018047,40701.5353311324,28938.9126448518,76546.9037813577,114481.53323777,93199.3632482816,56985.3645796564,40792.5736468394,29111.0751281539,77865.8307452976,113209.568404445,92526.9059687563,56936.8360524767,40922.7824937163,29317.7115659276,79318.2348918662,111903.109928166,91897.3909049909,56844.8558276192,41007.5069833261,29491.5338019476,80734.5029315262,110373.009012922,91094.064454847,56670.8203745729,41014.6804526871,29597.9263563998,81982.0656181212,108778.560903803,90271.4353429139,56503.7379318576,41032.5155555547,29708.6814763315,83229.9643228034,107086.20036424,89328.4925703619,56284.7399201738,41022.2496266876,29803.2195525274,84434.602303267,105619.191547651,88445.8715326277,56079.5415675531,41031.6463058987,29919.5738600565,85731.9049385525,104215.781953366,87654.7740886772,55864.579152939,41023.8522529074,30025.6343081625,87052.8976870637,102537.832001684,86681.2536286417,55545.7992631191,40920.3548148364,30051.6221223981,88166.9927103422,100777.511400796,85632.6066615665,55212.2218849666,40809.5485026799,30067.1230093426,89240.370436756,99161.5256037598,84604.1012013012,54896.0426331904,40723.7046280368,30106.2153242857,90389.0647070903,98303.3913901006,83930.4412820758,54726.3673916168,40750.003344782,30234.9016172581,91854.2559474252,97639.1786224438,83551.6531341758,54582.2778786666,40756.117128492,30340.9311729704,93310.0543648282,96697.1105710718,82979.3775396285,54350.3524115417,40644.9088742945,30325.9237357819,94355.4400364901,95728.3047703086,82444.5006116034,54185.0031928084,40587.5519626146,30334.2920187222,95346.6794694143,94699.4456878716,81855.6347215363,54029.5949744931,40553.9446360709,30363.5766021333,96300.094362501,93547.4785941637,81130.6482844412,53791.8773776832,40476.444617856,30371.2440632536,97140.8798958947,92390.7720129117,80402.1048371974,53539.4900444029,40393.1465364712,30383.6297814355,98006.6372276725,91221.1144620194,79653.6375561018,53271.6115596224,40296.7573336503,30388.9527509339,98882.5927082102
439,276142.863990864,94056.9727740298,25684.9338168649,11898.5773107132,5518.33000560703,11082.956105956,254271.364234091,86764.3396225932,24018.8124310094,11324.4874925717,5294.32022688331,10558.427695452,259833.775656286,90794.0158154469,23879.7050565221,11220.3662792418,5356.73458578278,11028.8387046407,259334.454937925,91743.2736859124,24278.8062086188,11169.9806207077,5223.09352028146,10991.2514534828,259574.761076894,92983.1848400088,24852.8771879104,11433.491657979,5299.39017441707,11051.510033818,259417.729928145,94011.4333764334,25390.0208592715,11730.4615917979,5443.37464802608,11204.7801672727,259185.812117135,94986.8027707228,25907.386770603,12026.876996796,5602.31245531544,11419.0809685769,258908.959056666,95910.8444367802,26410.5534711364,12318.0705399296,5762.11361442781,11655.9758768933,259005.320368168,96864.8146944355,26911.3934063896,12609.732572594,5923.45855130568,11909.5959676899,258769.622965524,97749.7173345565,27376.0485182202,12880.4775091114,6074.55973950938,12150.5293008214,258369.335179514,98611.1826660045,27856.5406505595,13158.925315463,6228.57316356709,12392.395405641,257730.677805938,99399.5595072922,28330.7220415848,13440.0730827052,6386.02274712996,12634.5266863151,257027.491397059,100136.399157194,28802.3556957452,13724.1230581417,6547.36914665129,12881.5277801504,256689.975568674,100905.181582438,29272.3412469022,14011.1821290461,6712.47397086791,13141.7924065941,255920.183320879,101577.510872371,29696.1423061506,14271.6752448837,6864.64450344669,13383.4660093769,254929.552572437,102219.7711582,30140.3543365117,14542.3334741533,7020.84450090794,13626.1630350986,253703.076633031,102774.794557934,30576.9250924124,14816.8753689821,7181.71056031745,13870.6391492427,252400.571970983,103267.940422264,31005.4095233769,15092.0559950522,7346.01029494644,14120.4094535409,251566.837285387,103816.485838009,31437.031224758,15372.655675542,7515.44328831285,14388.2906090411,250303.202548572,104248.632707878,31806.7392133228,15617.0402772392,7666.66210690899,14631.3259219113,248937.008796969,104685.300850131,32204.7374694022,15874.1420248974,7822.41899592101,14877.9403090528,247183.515825866,104990.295027662,32579.1007517352,16126.2213343816,7977.97776817488,15117.1103610481,245367.635438314,105249.099801103,32957.8505014933,16385.9064069769,8140.47497227316,15366.0158821616,243903.958040193,105527.882113568,33332.7855834699,16649.321886882,8308.17027471699,15631.811073655,242182.515276687,105723.955923729,33652.1304931288,16880.2806966919,8459.94088359458,15879.7063513285,240134.478708822,105863.92904608,33974.874510293,17109.5548605023,8608.79172607855,16119.2630091059,237917.421531753,105921.981978366,34299.8362148729,17347.5722641633,8764.01707616273,16362.4897698552,235990.040318835,105953.442762795,34620.8133378964,17590.427423223,8925.89836926842,16620.2009722608,235397.288362305,106243.145036221,34963.5405912879,17845.8995581432,9096.88341990615,16919.3073321697,234454.71514872,106414.88509519,35177.5662824534,18013.3852171138,9217.28976009544,17153.1162976512,233592.574805283,106719.967144302,35462.9262867157,18203.1209244362,9339.19556135822,17381.1800188553,232350.255943886,106857.186643741,35720.017903247,18385.536947737,9456.92058599834,17584.0815143257,230981.929514067,106980.097177405,35986.5739227939,18579.2909892686,9584.09077129522,17795.494081425,229457.638145331,107014.554178692,36235.5491235169,18769.2562764232,9712.45962539811,18008.5629654652,227846.75087437,107013.335380162,36472.3769334525,18955.8774348299,9841.59230275652,18226.5863932299,226123.651203116,106956.650508923,36694.2170788058,19135.8447602545,9968.45547444858,18444.1590056242
440,355368.707999864,103813.63679662,27405.5889875577,12693.4345537235,6046.01392940601,27042.9101073274,339260.340614032,96780.1605728737,25343.140053646,11868.1253474813,5690.28470430976,26319.5358422446,339245.593375692,96684.9689170887,23289.372628323,11092.482766912,5475.22666924262,26453.659715249,338824.530742049,98389.0619923523,23052.7773267822,10492.629265203,5079.50537011085,26423.2293618062,338046.999261889,99465.4945093109,23487.8839407655,10551.554926963,4976.09462876442,26422.6452500114,336987.828913127,100360.484786573,23912.0991158777,10750.2351663589,5036.30145926288,26582.3326918391,335853.400009726,101172.998080274,24314.3177764561,10961.5213086048,5134.75800640651,26841.8503747583,334652.620783968,101940.046909591,24699.9381604405,11168.8027984265,5238.45389281118,27136.5748729752,333950.64196101,102709.499389226,25082.1766782144,11375.4726792038,5343.51058630683,27459.0159098652,333012.409442532,103461.667631874,25437.150126979,11567.7742473439,5442.0699114801,27768.7599076171,331812.665010682,104175.565288287,25802.6932934361,11763.1083631384,5540.75817303427,28066.3066601513,330348.035194804,104818.549474197,26164.0641836066,11961.4283558269,5642.18521876013,28352.5638575471,328734.039175319,105414.25417833,26522.1034216241,12161.2999337866,5746.13365837428,28631.9370072519,327611.059676645,106006.104996842,26877.9905914921,12363.2052150255,5852.75587781588,28927.9227295132,326154.416664566,106571.702558445,27200.6849444786,12547.6393096279,5951.60166033113,29202.9336869267,324306.601575461,107078.889755317,27534.5800461464,12735.0852829767,6050.28379120914,29459.0322415658,322223.093773984,107503.355057247,27866.0072535989,12927.772981116,6153.18679079656,29705.1759024177,319949.547133451,107868.734138774,28186.7838240339,13119.2930553308,6257.90866744489,29942.2136867775,318277.048353588,108242.411118657,28508.6732538395,13313.9589725645,6365.81100528282,30202.2255599945,316305.905847808,108597.189853121,28790.6527185496,13487.0871525288,6463.80429719388,30439.6092595439,314100.442447824,108905.273453298,29086.3034172781,13663.2448866969,6561.07167884719,30662.0433919159,311513.615174466,109120.672543308,29370.6786756901,13839.9444390657,6660.12646794775,30865.6371188717,308702.499685431,109264.096681937,29651.1055381846,14018.5934968347,6762.22844376424,31058.9482801457,306340.506540498,109398.062806764,29929.2175153829,14200.7008242647,6868.4287563058,31271.049478273,303868.858793053,109517.895032853,30170.49508253,14363.278559409,6966.13009158429,31469.5022999825,300956.910870085,109574.791250156,30409.9369533221,14520.5198895485,7059.12894920701,31640.5525956307,297819.653532003,109541.529543678,30651.9280122834,14684.5147145453,7156.32937510448,31799.4777437595,294869.401518757,109480.900549717,30889.3707026212,14852.1238009058,7258.42921507782,31964.5096106765,293531.205417215,109574.095149991,31137.2165487935,15026.6313061596,7366.24611685697,32201.0017722126,292302.571675777,109773.71366405,31317.2033933651,15155.0424916087,7449.30009287208,32416.6240575304,290943.335449832,109992.212622352,31528.6366185172,15283.4335323922,7524.02007866459,32607.0724802831,289291.987812483,110133.509081876,31741.1188010955,15419.0857716237,7602.04048532996,32775.5799056589,287361.866936997,110201.692056221,31946.671573257,15556.8132732668,7683.99944629141,32930.6246500052,285279.002592563,110207.049332401,32144.49307343,15695.0000397474,7768.75038712939,33079.6939779708,283069.497176495,110161.335258987,32328.5218873137,15829.009256156,7853.38241820164,33222.1556799599,280745.345518382,110071.430967434,32501.8345183028,15958.5629943181,7936.71780277748,33356.6734715329
441,264907.641785845,91826.5327669364,25945.9965823795,12212.5734571291,5752.18816618593,11868.3596860975,247102.614621363,86355.9197009578,24523.6493787301,11708.3107339601,5547.97973810584,11421.2156403572,248169.848566193,88360.1270856983,23790.1478168357,11377.142266393,5522.2912747596,11719.0574631118,247866.146164196,89531.1290395275,24153.6919043254,11291.6994473925,5371.82208428532,11704.9426675153,247410.915969047,90498.5232213423,24672.8536574409,11513.5611297639,5419.37235102394,11728.7063080153,246763.051018257,91346.4166783263,25166.5206709165,11793.3400576699,5554.37803323501,11865.0623365054,246041.498473812,92115.6363279252,25634.4705158431,12070.2001124764,5706.15840550123,12069.1436970713,245284.674844025,92846.5668767608,26087.2537784031,12341.1492957412,5859.06176621122,12300.5051643783,244905.701023325,93591.1769795214,26535.6606448716,12611.299688714,6012.78847681045,12549.5488813944,244302.191534914,94317.5475726742,26956.955576035,12864.6818747806,6158.20226918587,12790.5066188,243512.699209048,94996.0755614809,27388.5525153986,13122.4315867708,6304.61034473666,13029.3173031563,242514.174651694,95610.8629770159,27813.7109549582,13382.7789121271,6454.37820107343,13268.3908216423,241427.524549086,96171.220287184,28234.8582992472,13644.9563937788,6607.40572596414,13510.9886746086,240735.207338043,96749.671939582,28652.7049816228,13909.5722206768,6763.96882057402,13767.3208610043,239708.253708791,97288.1308235091,29033.7362451216,14151.5992811546,6909.44552274704,14008.6692246742,238425.453114082,97765.1212178628,29428.8442335315,14400.0334097116,7056.67697727319,14246.9010465702,236941.40762955,98163.4886037287,29816.0453889198,14652.3856576788,7208.65879756106,14487.0360339655,235361.091854482,98499.6381206803,30193.4686660625,14904.0613268469,7363.32358895727,14731.0866137501,234246.101190288,98869.2223572058,30570.5368742633,15159.5352494137,7522.30873527221,14992.7283755891,232819.665125987,99194.5409010306,30901.0191483342,15386.003309212,7666.55497448191,15235.3864571347,231233.499009072,99475.0210581234,31248.6315197732,15619.03076429,7811.89305049018,15475.5843162828,229342.546345195,99659.7496756817,31578.929827028,15850.3731390971,7958.76105486847,15711.1819253965,227334.811739854,99774.5478383094,31905.3084898469,16084.4914022712,8109.96564249497,15952.1097460917,225684.336808172,99903.8580229949,32227.9429609627,16322.3456192205,8266.3146824782,16210.4961771926,223874.439415117,100000.721832856,32507.2842515399,16533.7379375854,8409.66640437966,16455.7964444224,221729.591246395,100025.131229935,32784.7541710241,16740.1449407581,8548.10965460547,16689.1171094459,219420.26191377,99965.2057221708,33061.6906839791,16953.7978798589,8692.07507798193,16924.6362706427,217358.599459979,99874.4838144499,33332.185548208,17170.6612056032,8841.7721502523,17172.924257844,216570.998705763,100006.131018973,33618.330495957,17397.451051158,8999.31801279245,17462.7812829733,215629.364905535,100155.912608457,33814.6587381405,17555.5338816974,9115.84763436264,17701.4592194167,214637.941439571,100341.880873299,34058.6849744883,17723.7683320868,9227.26207862412,17922.4897793683,213386.928651971,100426.769179389,34289.6751196406,17893.1229961523,9339.13659683593,18125.2954372779,211955.325895071,100458.123848703,34517.4492706985,18066.4992330812,9456.48753014919,18329.9534722239,210397.785783486,100420.267104956,34732.4425935636,18238.3152827255,9576.06679309231,18537.6548402431,208767.056596545,100343.007881095,34934.4699835859,18406.3334996045,9696.1134519216,18749.868332847,207044.514867719,100218.830137822,35121.2927327823,18567.3027418765,9813.64414046159,18961.5287760152
442,238441.527981445,100883.700918808,30295.2245393144,14864.9696386744,7381.62703654951,25952.7414291048,212850.631351436,91637.2900747248,27186.673739584,13415.8094374856,6672.46121232402,23722.3865680303,217091.765097857,95319.7212638734,27429.1901186606,13585.1560556773,6887.1059767245,24845.4676942117,215049.328563608,95437.1780406789,27468.9036874079,13398.6217806977,6707.35660895152,24746.3733272528,214892.032450154,96593.3028146501,28107.2698462932,13674.5981965141,6789.4133748996,25010.2157084066,213903.879212494,97183.3994927957,28584.1427558248,13968.5594107636,6936.81147149386,25261.1695487153,213065.93656976,97834.85037644,29072.7045499717,14271.4505740954,7110.91002656287,25618.1836745558,212100.998002204,98388.4617723811,29525.7565218754,14560.9382458769,7282.3034183951,25987.1929197771,211542.457415777,99001.2910130869,29987.3844432161,14854.9510833993,7457.6670941122,26394.7648296893,210794.532931759,99575.8556483452,30409.8230543738,15125.5668688696,7620.96176908044,26779.9311538857,209866.042595835,100101.979743848,30841.5760363127,15398.8733935702,7783.92246422832,27155.4945383684,208759.529906879,100548.927431429,31265.0655128937,15674.4777079712,7950.07860876702,27522.7550303487,207562.110874382,100933.912674383,31678.9490849142,15949.9189145809,8119.12504633551,27887.8968809267,206740.244948779,101363.304990676,32097.6097523999,16231.833472437,8294.20733501564,28282.6034538781,205648.815247897,101736.536281686,32469.0021239421,16485.0569476911,8454.7362700851,28645.2348446441,204324.610920738,102045.456302235,32852.0593530503,16742.4832421353,8615.47950211197,28995.5615323384,202825.725868882,102261.11944073,33224.5696958704,17002.8824880444,8780.48124647288,29338.5737567836,201195.657576301,102399.395828861,33580.111397169,17259.6283061836,8947.18813228353,29676.2718423499,200050.266911854,102613.736453497,33949.6905168039,17528.2533503919,9123.07146422145,30057.3046009322,198617.952786735,102757.512806383,34255.3516059932,17757.3099921534,9278.2655116389,30395.5890054466,197077.032186785,102869.165234742,34583.4276747221,17994.3659013869,9434.5841461884,30729.3698194367,195240.672421787,102860.205770445,34884.0423521009,18224.8465534274,9589.71981708982,31039.6730148042,193302.050327993,102778.431944003,35180.2186363706,18458.2692654736,9749.69848689644,31350.8521410028,191677.159509305,102725.394861016,35475.9013686179,18697.7865646302,9916.77743397825,31692.6575030619,189963.102384531,102645.296489757,35725.6323816177,18908.4392279209,10069.3097418869,32013.5760798071,187949.198890737,102482.067437243,35965.0122811431,19108.2130866322,10213.1385181337,32305.0139354976,185785.775508443,102226.327437883,36202.3576811714,19314.1027740864,10361.5421615388,32589.331751659,183762.098101116,101925.30600727,36427.4941661262,19521.1323768063,10515.1241447512,32883.602517598,182952.753113092,101933.374552829,36700.914367527,19756.859815038,10687.8594561197,33286.2419536326,182028.407876385,101949.653421799,36866.3459643642,19910.5480873569,10810.8702082507,33609.3509746679,181068.784185731,102020.668592978,37088.1202515549,20075.4774553373,10927.2394703962,33912.1904648334,179880.148524309,101970.182566209,37291.1627101734,20239.104002698,11041.795491324,34174.3609289305,178549.679590057,101871.691098678,37491.4195889469,20407.8208942522,11163.0863378837,34433.1429897686,177109.91994057,101693.771550863,37673.4238795573,20572.2724642212,11285.5630679226,34685.8106804736,175590.24041494,101476.470012014,37840.4376292645,20731.5417034859,11408.0152836385,34938.7896196896,173988.042203451,101203.282111547,37990.5477761357,20882.8226937654,11527.403962656,35185.1796372437
443,186435.533903317,124166.327641223,65599.1989212399,42682.2528424777,27589.578985659,57525.3581464299,159514.920175841,109815.19868961,56900.1478445097,37029.703862194,24007.703317262,50551.0301024581,163121.745630034,114466.33150044,59231.4152024539,38868.2289105407,25372.1394714732,53773.6644959083,160305.001743606,112867.252232325,58970.3721437166,38622.5452519057,25326.4922616016,54600.3114439066,158026.646729439,112287.613890867,58939.408675446,38717.1739482126,25423.2474221491,55456.4948787392,157615.854089297,113090.554923067,59950.5889163571,39490.6485997695,25990.9661602405,57193.4427559238,155031.383342026,111805.21429388,59846.005253621,39629.834536467,26180.8635609048,58056.4767503729,153921.571982243,111944.812304644,60363.4942133802,40170.5692362449,26668.5700296657,59664.1397591781,152465.009637174,111409.107316606,60590.4879197222,40507.9225808403,27015.6112413336,61051.228226779,151128.038514371,111134.403942246,60814.448720048,40840.6703186626,27363.2175427271,62498.1438711955,149653.535592598,110757.776383095,61039.755252324,41146.2065798017,27679.062503749,63903.7216967038,147992.552331192,110232.332571477,61196.6267056273,41418.6166517879,27970.6587708743,65250.1924042225,146294.250396542,109664.083088085,61337.3952200595,41686.7232956716,28264.8477857546,66614.8820918773,144963.654719511,109191.333204879,61514.7511211376,41986.8855418084,28586.3233887811,68076.7927178794,143497.33449703,108706.89337274,61607.9932624139,42219.7050116926,28863.6847174222,69478.2383302398,141736.587490043,108033.983737605,61632.466317659,42387.4375390444,29086.4439325357,70762.5379071082,139958.555453436,107343.863889477,61676.0604133945,42580.1472727726,29325.7985331498,72082.0747535448,138032.919105026,106498.137601059,61637.8352962952,42727.4260466737,29541.1736242231,73358.6701693607,136532.642718342,105802.030607044,61657.4814568855,42921.0331351116,29795.364520503,74772.4027339022,134961.205082824,105139.210385289,61613.5401502533,43057.2413184352,30010.3603519837,76141.1521903935,133145.255983337,104289.655056935,61491.6408898403,43118.2773270456,30160.7974829437,77362.1516499082,131270.956474409,103436.730940637,61385.5339651387,43197.7261524253,30321.269622423,78598.1517426451,129208.646271883,102397.770842411,61197.0254402866,43228.6645716635,30452.1556157615,79760.6705881342,127475.191363059,101464.400831783,61049.5565091421,43300.1220145502,30619.7130516229,81049.4315132411,125802.425174973,100615.62601766,60875.8881760135,43343.5179185875,30770.6961795615,82349.8685716972,123790.63826843,99554.0132148191,60584.1872745281,43281.4730930304,30836.4095372719,83448.4147696915,121713.400523952,98438.6713562961,60298.2059303466,43227.1084105257,30902.2072638837,84537.4088794354,119749.800113991,97304.5597862032,60008.3142418086,43183.733293412,30981.6776684881,85669.5605237901,118708.006579278,96566.2416373872,59877.5869734183,43259.6934297462,31154.4291506421,87108.0268856798,117905.12308811,96158.1873977326,59761.4091156333,43306.5791573068,31299.3953573478,88533.9923113863,116781.936883073,95540.5833320312,59551.212741638,43228.2751337789,31318.5879481055,89573.1683228465,115645.9065228,94986.6483819002,59426.6446438586,43215.2998606543,31367.1558784346,90577.1396204879,114396.981205458,94327.5382230353,59286.6708551001,43208.5959587114,31423.4815964525,91507.5986567471,113020.979390443,93540.1524545945,59070.5545551624,43164.8841468231,31464.6903545459,92355.941375412,111649.819768078,92755.9046149194,58847.6160962053,43121.1120429953,31514.7061059971,93243.2334001592,110240.398594973,91923.2684819376,58591.3078055744,43052.5610140565,31549.6707014491,94119.0086989615
444,365409.374891368,70392.7868655385,14705.3182669697,6548.14377986534,3205.11789198109,27508.5168487793,348149.704727161,67191.0660752427,14220.5355829267,6491.29262908004,3203.32574709527,27315.0128018894,347517.576470612,68626.0055500683,13201.3505951878,5949.60251368031,3016.86716357953,27567.3906383876,347430.811092685,69372.2814162266,13475.0913817154,5885.78241979159,2894.27239066085,27801.9058506738,347242.739956876,69951.7441164826,13664.5540235112,5963.40613148092,2902.69750706663,28107.1927601767,346760.246728854,70494.3746619971,13821.8318537258,6031.60368839734,2928.83016873011,28452.5221854478,346191.563112184,70996.7628962239,13971.517785291,6095.0892904236,2954.22714069574,28806.932691293,345617.607319043,71479.8590145671,14115.8014690804,6155.85053017826,2978.32783502683,29159.2694043408,345475.552691368,71962.350435592,14253.6941097788,6214.03712975367,3001.35461902411,29519.1690512655,345111.091759523,72470.8235689737,14390.242521581,6269.62860990455,3022.65024911135,29867.4059307616,344507.790864453,72944.4768265544,14533.96537835,6328.68746866156,3044.86862010097,30204.0020413629,343636.021261929,73377.6012401849,14673.9875274939,6388.25271315342,3067.93445510642,30528.3456072903,342689.420162369,73773.7677780799,14810.4352193367,6447.1350580627,3091.18830179332,30844.6275104302,342171.976519167,74162.5786331805,14937.0453443955,6502.67641781503,3113.56207659102,31168.3801897994,341313.744739516,74573.5352052412,15060.3008133935,6554.16391525597,3133.53263749131,31475.4631892785,340125.863145389,74934.4809333687,15191.2687569486,6609.42374495345,3154.42874832986,31767.1818308323,338664.597879139,75243.7747109607,15315.9493270736,6664.58136733499,3176.07760772906,32045.5756264054,337138.000550986,75513.329253365,15435.3228291126,6718.07589720304,3197.47637419997,32315.0126793029,336111.870717963,75779.3086695264,15543.4852511373,6767.49971442295,3217.58875594533,32594.5408993737,334783.064116106,76072.9233728779,15647.5282179637,6811.94651905621,3234.70015424763,32856.2538952102,333202.279876151,76320.245593987,15759.6539208029,6860.31508485046,3252.68837473458,33103.7096501683,331270.93104619,76518.805651275,15866.2037359576,6908.69825387904,3271.42159428155,33333.9008089948,329203.811354553,76666.292893583,15968.547894061,6956.38136272146,3290.37281999032,33552.3434193798,327539.354862819,76800.7767560595,16059.4001172514,7000.28270908972,3308.36668909067,33777.92608291,325703.202977781,76955.5582989694,16142.553681903,7038.1508716408,3323.15789790179,33989.0646061929,323446.659095153,77067.9872341418,16232.1828808258,7078.23940858856,3337.89380847318,34177.7357674135,320974.640408581,77117.8762100967,16318.6280773054,7119.9803140544,3354.02466661101,34352.508369457,318864.153836473,77142.6581194294,16398.661240478,7160.33988774567,3370.51016970021,34530.0733024078,318206.714587663,77245.9358000513,16462.8450783139,7193.88586862424,3384.81946730133,34753.799243994,317516.500444606,77475.2717379583,16524.0233375535,7217.90312924117,3392.86397907204,34962.5870105737,316648.077406255,77689.8838062494,16611.728923657,7252.69017758392,3403.54464846492,35157.3399221858,315496.535238675,77864.1874900385,16700.7772199044,7293.0226365722,3418.23834930433,35337.0219267669,314086.10470671,77991.0168285095,16786.3806218955,7334.21656156664,3434.79782336107,35502.5156605055,312529.19234581,78076.7808388675,16865.2214156468,7373.93312736277,3451.70713211648,35657.5236385604,310856.19302561,78133.3259457072,16936.7063860793,7410.69520456746,3467.75047370872,35802.0943453977,309060.329175474,78162.976189988,17002.6825579895,7444.91788021531,3482.67129059102,35935.5409913847
445,186089.811272372,125131.27047995,68884.7795159559,45813.0279079327,30230.3166025021,61370.3124644999,175073.915281689,118456.891241261,61943.2331177837,41231.6837795404,27330.5215009362,56387.761456474,166432.765087558,114470.8777365,58345.5126761658,38473.6083025266,25389.1314568583,52378.0185916802,173896.885041442,122866.760965954,63520.2910688934,41420.6539174606,27240.0372498846,56620.2625636026,164476.082257754,115389.184479053,60493.4325519201,39683.9730043782,25991.5721406383,53788.4889321126,168223.321925235,120442.472526511,63491.5559131298,41787.5091059697,27496.3952862309,57005.5503677764,163637.0843287,117119.756757378,62652.8958159082,41473.5855080301,27377.5305162546,56978.023967441,163060.244319982,117970.512906798,63418.8842602999,42225.401924684,28043.5827174467,58816.0645537249,161650.756404078,117481.809247218,63799.2821699136,42661.9680507526,28465.1692013465,60336.8560588582,159991.386917275,116951.899168774,63891.1492990647,42938.3452771587,28788.5936311925,61717.9133194021,158785.355595976,116887.412242153,64304.6524128533,43375.5727715222,29205.8267883209,63371.6513948759,156926.317265694,116208.032793851,64418.8904137736,43631.6436737695,29492.6287857878,64741.9568516908,155248.699695039,115738.730602759,64627.1511447356,43956.8137637493,29834.8554634172,66252.3344119539,153816.038744264,115235.112516596,64831.1603261258,44284.2881819142,30181.8163099636,67808.8932471707,152332.685120083,114757.755231215,64957.5228773765,44556.1108457647,30495.1575601918,69334.1513221092,150559.311507564,114121.355556107,65018.5905654122,44759.9694261434,30752.4808079682,70755.1879129845,148698.877380441,113413.786018356,65077.9316811652,44971.4251572686,31011.8094442598,72179.1876551927,146723.192218338,112584.759770546,65077.3726499344,45155.1784516446,31259.3222750006,73590.4494923845,145100.961762977,111841.427277703,65104.019807118,45364.7503616324,31532.336764231,75102.1053729912,143524.028690562,111194.93419984,65098.2521294155,45542.2520343684,31785.3203144163,76621.3118146395,141631.826601118,110328.274403966,64982.8554466169,45618.3735407466,31955.6327369845,77963.0423470366,139681.192440546,109458.042440701,64890.5069392172,45715.7755189993,32135.7524537072,79320.412942765,137562.802228839,108420.310402348,64728.4389209111,45775.1356578741,32293.5680370359,80625.7383243728,135682.665400429,107423.27713488,64572.6356113393,45850.7250005904,32471.3908877976,82010.9206443501,133955.712964819,106554.97860116,64418.6938428087,45921.3594127083,32650.0314399014,83453.5559415417,131881.635938181,105478.904172446,64136.1106444551,45877.659513432,32738.179965739,84696.9455085751,129698.762791454,104319.471735152,63843.5305940201,45826.7133702278,32813.9234458841,85903.1914375769,127632.378864853,103160.107104915,63563.391639667,45799.0255770184,32911.2418545651,87170.9988338128,126404.757838988,102311.726968307,63403.4180722347,45864.3198085308,33083.4447713077,88679.5251924569,125610.234796915,101902.070454172,63312.0585646799,45946.3363921108,33263.6922383478,90272.6814313295,124443.655808873,101268.00634487,63092.9551957564,45870.7629284364,33295.0113290856,91438.829650134,123248.202885355,100681.757951429,62956.1872817017,45851.9249284988,33344.384025819,92535.1928473558,121966.815457697,100029.803610992,62831.8449570784,45860.0047955271,33414.7114633644,93585.1529560887,120521.999891877,99210.7291686775,62614.886519576,45820.707101041,33462.3107415127,94524.6364489037,119081.408937435,98395.9574959165,62389.5602134318,45782.4152324859,33520.945848362,95504.6878849622,117604.072151136,97536.6925578051,62134.4265077512,45722.0259097943,33567.2221204949,96483.5512614982
446,306065.540843128,116458.324424541,36995.9273224126,18202.8294461922,8872.01068596543,11813.2875626883,287258.334714388,110560.798900015,34249.1015458243,16911.3412452471,8262.58552355062,11161.0714035271,287619.389160057,111131.483160015,32955.4350173461,16479.5528219496,8194.18853966677,11278.3706802193,286441.744304199,112681.787938479,32931.40114167,16012.702448094,7883.0688146024,11177.5566166358,285371.981583609,113723.635819149,33591.7333518297,16225.5191507071,7859.77356606821,11072.631487772,284181.812300237,114577.338231877,34204.3053050312,16579.5162988161,8018.90890654046,11138.2074575714,282832.855075926,115299.174284066,34766.3949261439,16933.5456647031,8220.11103547488,11332.9139624727,281450.500004319,115962.765568855,35300.7733520661,17277.8954832325,8426.30904717124,11589.8005164094,280492.026787519,116635.393487596,35827.9209444513,17618.9424231066,8633.06866244463,11876.5693831229,279375.813346989,117291.23583138,36314.4753487125,17936.1594463667,8827.98302439852,12161.8198617916,278035.836889647,117895.98398179,36807.8481733671,18252.5038755463,9020.16399295487,12444.6868285259,276449.228013573,118405.039644953,37290.5963183076,18570.4991332009,9215.0626201416,12729.5806173363,274691.77180387,118842.631182101,37762.6635733463,18888.3811139453,9413.19054796078,13020.8949935669,273391.108830691,119286.676328148,38237.6891535373,19212.7940707213,9617.61298530579,13327.915731958,271852.08023489,119704.285916796,38659.6256718006,19507.7695814121,9808.38853963509,13625.4099607622,269998.489134703,120047.973308359,39088.6609431022,19800.555541982,9995.20603773858,13916.6922285239,267874.300889611,120277.980723305,39507.2555653617,20097.1769225214,10186.341625206,14210.8227652766,265582.06978348,120424.061255765,39908.7413731806,20392.07459947,10380.9529029236,14513.0694304091,263803.76152182,120592.660161743,40315.1857601796,20694.2182345139,10582.6536213347,14834.646674182,261841.980664059,120745.529293973,40663.4278700889,20962.664192888,10767.9833604797,15144.7053279519,259668.211541174,120838.356033692,41018.8596647502,21226.923746668,10947.3170765396,15446.4411171753,257168.914947283,120814.43800253,41355.6851775831,21489.4065023016,11127.3395858192,15745.5956899138,254440.426877471,120688.912433143,41677.2611739286,21750.567708472,11310.4988618943,16050.881098104,252108.117761413,120564.180645699,42001.7833854806,22020.3850848114,11502.3972771944,16377.350029242,249761.399150707,120439.026652245,42275.742284849,22261.5848601383,11681.3170891962,16698.7148348352,246999.463634886,120224.187012109,42529.8386932964,22483.0775832942,11846.2319616614,17002.8396132432,244042.489910984,119896.58968213,42785.8056929783,22712.270411598,12015.6322576398,17309.0485050008,241178.187610509,119520.286544368,43027.904438369,22944.1562115496,12191.8116468919,17628.870377602,239759.471101271,119380.650952297,43313.1288537308,23202.2830111542,12385.8407371049,17992.2631390954,238530.213074003,119400.651848432,43510.0898658558,23393.4185124728,12540.5660418463,18318.887813839,237172.20009406,119433.113018293,43734.9048113513,23569.8385888341,12671.8330049255,18602.1123825172,235583.00054761,119385.544098028,43965.2215687145,23756.1097599611,12804.6998141121,18865.1891156372,233746.190926514,119240.152477338,44178.770446279,23942.1487346865,12941.3758172758,19124.4744695232,231776.61675064,119019.203208404,44378.616321715,24127.4045338541,13081.9580971554,19391.9606913907,229703.118739029,118736.558743318,44556.3198063506,24304.8722572341,13221.6785419026,19665.6821129072,227529.350765841,118399.922115839,44715.0092219711,24473.2344651637,13358.1661387695,19942.4573686288
447,175122.865300698,129707.692601742,70817.4778623191,47133.8008450681,31178.54008613,62242.745949568,154200.181307128,117765.732830618,62537.6171137959,41625.2712983956,27629.0113082131,55707.7417467886,151234.105631949,117240.705271952,62255.4520154385,41556.2134014272,27655.331044852,56178.179664299,154079.975288178,120816.540315171,64903.4475996862,43250.8263647324,28870.0952275038,59452.1781408915,148282.679026692,116307.810024708,62995.5985950759,42184.494122925,28205.4437951499,58692.1387699755,149270.086097487,118749.019392822,64699.2161890594,43463.2458789268,29168.2608557473,61315.8039595999,146714.383818189,117033.503280023,64547.4800392292,43562.593100624,29333.6824136583,62277.059756599,145024.803129088,116578.673585466,64685.2448569328,43897.6197341596,29711.572616373,63772.7506238689,144161.289093141,116500.93721047,65191.8964774993,44426.5451166775,30206.8234550637,65643.9089809803,142502.435420384,115723.847044687,65178.9611306204,44621.7841206781,30475.3937512502,67075.4090567699,141167.512034115,115377.312303735,65402.5738170977,44943.5959871094,30821.8380257472,68715.9670753161,139588.633133327,114748.391859638,65532.3259755446,45206.965592609,31119.8968785645,70251.9004211811,137844.291991714,113978.117915465,65563.6406292456,45417.4865734503,31389.1520011576,71733.1091899049,136562.541379442,113431.245448634,65708.3186246124,45708.4872894682,31719.6171592601,73391.7661920695,135165.7800182,112847.304977286,65757.1028253329,45924.1380683137,31998.8970805036,74976.5993880836,133443.257160891,112044.148114915,65703.9758555229,46049.3968627298,32205.085418761,76407.2718715364,131728.269305047,111240.560018515,65687.3230730802,46209.1775544429,32433.1158698836,77887.1008630146,129872.548066758,110279.828437229,65586.0009901467,46322.583956799,32635.9752903135,79323.0216445591,128364.596009321,109432.807283121,65519.5984273657,46467.2665961748,32868.2799635425,80873.1936494197,126897.137660742,108706.747489918,65438.8751472879,46587.4118618978,33083.9660478275,82436.7930863783,125142.995711119,107736.693624311,65240.5765201466,46601.4207348019,33211.1061460884,83797.9346088443,123317.482234988,106754.638353779,65053.3483100231,46629.3229924993,33344.0522925342,85163.0013493233,121373.068841507,105627.43593131,64808.7532637293,46626.4103074564,33459.1438446398,86485.7049825184,119656.217045664,104548.368674562,64567.1617127602,46637.4690993685,33592.9263696507,87888.6298172625,118079.181214371,103620.644460075,64339.6185044148,46648.5020414057,33729.8131578373,89354.7074434534,116168.361776636,102466.731051642,63981.0373480089,46541.4659223614,33770.3544750543,90593.3306058763,114163.163249312,101215.202888616,63601.5663278984,46422.4856959952,33795.7444688232,91782.2033339964,112264.944309395,99979.245783536,63236.3809759127,46327.2912190832,33844.2001192942,93039.4337447454,111186.777404367,99100.8543925784,63016.286591509,46343.4864878102,33981.3167668121,94584.5520857649,110472.238802548,98685.3009907653,62884.4627838337,46384.88246818,34130.7466030941,96221.9446579304,109407.57510301,98008.0405111031,62623.3429418891,46267.8750484639,34125.8258037271,97386.9009080348,108286.485640304,97353.8417650605,62424.4200351585,46199.0284362138,34135.6279221424,98460.8125283331,107131.71364892,96668.6506133467,62259.4283390382,46173.4071574902,34179.9648479028,99523.8659889021,105821.203021298,95809.4853521686,61991.9615081864,46092.1986981669,34195.6809686133,100457.017011734,104496.174097985,94937.512640662,61702.8618452036,46001.2391482235,34214.3624932723,101409.586963326,103166.669113926,94051.4027879047,61402.3480567051,45900.5591045838,34229.1706234652,102385.703564712
448,387700.849642574,82157.4510663314,17170.7281207287,7265.92666488341,3174.78426018616,9332.96927378066,368212.000830958,74583.7558705403,15861.9897640219,6919.24464923101,3072.01723242058,9149.06825165577,368323.169918949,74573.7220169907,13860.6355470295,6067.34959173801,2802.06214733692,9152.69419265471,368700.000636833,75718.7713562049,13692.0832010155,5638.34339571577,2498.66770776659,9027.21271158901,368782.068016799,76516.5089730777,13882.599894802,5637.28748202196,2422.66899026292,8967.46191919688,368504.31784496,77210.594610175,14074.0565451676,5706.79074907218,2433.69662598103,9009.8393978235,368108.193931482,77849.8852386237,14257.7677715225,5783.53839564983,2462.22471539087,9101.93355960714,367720.7991771,78465.7356665244,14436.0631813676,5859.41516460645,2493.09909179242,9210.68231091843,367808.4192478,79091.0745157518,14609.2777451408,5933.42666040855,2523.64463319205,9327.28057298025,367585.848608926,79710.0082790203,14775.0174200596,6002.77957732863,2551.88279788203,9438.98012340047,367085.81904224,80291.8225730991,14947.2847603843,6075.21695921355,2581.04526763628,9547.70699296328,366308.65770476,80827.1490133587,15116.1622646835,6148.40551308558,2611.20979819453,9653.74094608742,365448.040007997,81329.6622299824,15282.7677602314,6221.57293597483,2641.86300510766,9758.4955823027,365095.857410085,81841.4219895878,15443.9434671871,6293.1481655132,2672.22607004962,9866.85150381961,364289.249443427,82333.5986178911,15592.7395210618,6357.68461178796,2699.23817683641,9966.48139293165,363102.8342731,82775.904457211,15749.590089155,6425.81115365853,2727.23256232896,10061.6304664202,361650.797569802,83162.5493484143,15901.8612869906,6494.85353257252,2756.48649114985,10154.2163295464,360106.564502586,83513.4518900999,16049.6070751206,6562.84603090706,2785.8704078466,10245.0450649768,359168.751552029,83880.9647929448,16192.2663947743,6629.21342768082,2814.86846649604,10340.5046127406,357827.349705579,84231.6121527044,16319.7486008766,6686.94471104108,2839.73535662456,10426.4419792048,356207.790288789,84540.7271602219,16456.0657107123,6748.28420720763,2865.42969671478,10508.2837600325,354173.731308856,84785.3002935482,16586.0208584953,6809.68424096485,2891.97925822994,10585.0993584333,352016.949653204,84987.0104219152,16714.7129829719,6871.87385302097,2919.5036201385,10660.4773120553,350330.305238525,85192.1973673917,16836.734053414,6932.39059214247,2946.90941883508,10739.4779404077,348400.897991577,85381.6066768987,16942.5452464446,6984.06193207557,2970.23919741012,10810.7206395266,346000.061744227,85518.5775473903,17051.8546523084,7036.46219215678,2993.09212175503,10874.3244671624,343371.48387314,85596.3636988959,17160.8069783398,7091.66209844309,3017.83650431353,10935.3011227311,341127.107454531,85673.7623326473,17269.480578181,7148.35877074582,3044.14956400236,10999.900525172,340566.707400608,85871.5898064942,17373.5010078914,7202.70177797457,3069.8375872447,11080.4263091692,339830.650358038,86119.9482620563,17449.8443050858,7238.36514930302,3085.91866006758,11147.2747794072,338892.782261759,86364.9623526736,17552.17756571,7282.32780131787,3103.2565763739,11208.9696746609,337640.777133239,86558.1453533541,17655.8962772532,7331.7714516884,3124.24929609363,11267.5746227027,336106.70007041,86701.5129151669,17756.541711079,7382.21277075149,3147.04002497091,11324.0828807293,334421.812809102,86803.4268317836,17852.0186762477,7431.95408851957,3170.35773955155,11378.981122317,332603.303444856,86870.6731364468,17939.7588610331,7478.90520070899,3192.88830428969,11430.9506328948,330654.574547187,86906.4486706857,18021.6599043106,7523.3989092637,3214.4217077754,11479.4431816548
449,117986.944613361,99883.2012289451,67018.5016471123,50153.6759837871,37280.6446369006,108218.738283465,101950.382251352,89754.5864059637,59269.8266859986,44396.4620777779,33087.6947585579,96944.4506151386,91639.0697533317,80520.6175233618,53605.301421256,40460.4419840659,30275.096748899,89399.0259446754,99339.9387669559,89341.2890573021,59683.9031341048,45102.1786858961,33983.8630609352,102046.360948679,97498.8264697518,86650.9552043012,58825.3506038308,44650.0470729557,33732.7164214086,103110.616558194,92018.8399942972,82222.9508982311,55511.380594024,42360.7458356719,32169.4247168806,100003.740577934,93587.8711339545,84793.6338370814,57601.9469897945,43933.8712164528,33433.972436605,105644.566936134,93380.3944327353,84537.2144957188,58146.938216482,44530.4060276867,33954.0298428248,108766.791779876,90468.359311986,81968.2553535255,56506.2942194817,43515.4171462285,33332.4077296716,108229.704239942,90014.7514640101,82204.6221410649,56823.0453023905,43853.5109233388,33715.5357031903,111080.653816978,89848.6500206258,82331.2892252855,57349.051770465,44370.7244175383,34197.3370539393,114248.946537184,88071.9157084747,80888.9436848458,56619.9646078795,43978.9411242219,34004.9969789333,115123.27286365,86709.5014304663,80066.8288855472,56272.8712076793,43840.5634954171,34011.1864377352,116698.863727135,86212.174958017,79863.2096043424,56468.3860835487,44121.7399839703,34329.8721494513,119375.636847158,85230.3267953408,79166.3821645316,56226.1788248891,44082.4561286901,34408.8083397999,121252.935682713,83843.0884031839,78195.9743717397,55757.2368416083,43837.0549869102,34322.0160247196,122575.093911854,82718.3843348959,77497.9609876531,55542.5965835516,43784.1519159712,34374.1413505945,124382.61065542,81595.7959140343,76729.9158449323,55305.6142374574,43733.8792655536,34432.6963086612,126210.192088088,80478.3352128994,75831.3346128428,54923.0533475812,43578.9551977277,34419.6066193438,127816.657507197,79462.617275088,75136.8467351418,54606.0849471051,43454.8737635328,34430.2685903859,129579.393475854,78380.4667771555,74382.2324812857,54292.4577130323,43309.4645834703,34407.5461803054,131237.623922535,77122.6668889175,73459.4955537163,53870.0032175064,43087.62100102,34319.3728132387,132615.704256099,75797.2861243856,72473.1154027177,53408.9219280737,42841.3728389676,34215.8726918829,133920.995877697,74671.9404847474,71570.1062205276,53001.2795328192,42644.7602540946,34157.1512285105,135424.710159767,73640.6154093831,70788.5538109689,52616.8094757814,42460.4841419198,34111.3011997202,137035.595707636,72420.9312147938,69865.6843082231,52135.8809646195,42176.6596641654,33975.4684932105,138318.352613596,71059.9033963286,68800.6612000524,51576.822103713,41830.6046253304,33781.7961448371,139345.166324708,69804.9791766694,67775.0182744688,51051.8941417001,41521.750727869,33620.9901896281,140492.828540232,69102.3020040839,67059.4643636302,50694.4162860928,41352.8693694794,33578.9488925394,142171.386739911,68669.1021414985,66717.8811390425,50468.2191294841,41256.6284598592,33589.7251471254,144134.066533708,68041.2993753655,66228.7570396288,50167.3825604777,41046.9790306107,33474.754035815,145507.986831691,67223.5115639663,65593.7120938593,49796.9305963552,40782.9261096582,33295.4373403549,146413.139921995,66429.0584196891,65001.0038295725,49499.6128940373,40594.3628351265,33179.2849007189,147412.445079537,65656.8872403065,64403.4650347712,49219.9159619185,40439.8062684537,33102.3697144472,148485.095043664,64802.0703955056,63705.6556479609,48850.9370660744,40222.4105740622,32986.2359958396,149367.200712062,63891.2254483182,62957.930959344,48428.9271180509,39959.107688012,32837.3807989991,150133.907145397
450,126969.113281578,102069.246844836,61731.4142750641,43465.9576453054,30363.9187181571,73443.2370324647,111829.766992803,91543.6452743408,52322.8960246339,36703.8663764744,25696.5703646047,62866.1434822396,108252.74388917,91231.3010527929,51646.5457359932,35974.5783122852,25111.2683796692,61691.839939993,112259.586448397,95931.1161221481,55335.8761206496,38363.301257271,26697.8928769078,65894.8247299196,106557.135748026,90593.306916655,52820.4292169162,36864.8778233628,25678.4568566111,63523.7477696044,107455.002737473,92946.6875921289,54383.5852897636,38108.0261359071,26666.1410596665,66309.1051308441,106357.223087893,92112.5771182642,54664.3396315406,38471.0870908664,27010.8650919365,67679.1789456925,104145.579722405,90670.2652410344,54079.6165868037,38296.480141613,27034.7923495805,68383.9374133407,104102.795002831,91247.5661217439,54812.9661209777,38961.5502016311,27632.6538687552,70728.489237968,102847.213261239,90407.1294835161,54699.0557042266,39048.0102739329,27807.4479056359,72065.6789764389,101570.063375194,89810.3253135911,54618.9622683055,39140.3795790061,27987.343577457,73451.9920740132,100700.464597383,89548.0551436771,54847.5213057159,39439.1559827958,28301.0600436598,75207.1320559612,99307.5266836282,88709.6842180849,54717.1880536073,39505.0060545531,28453.4531291821,76538.8017792468,98321.2268066641,88184.9088803627,54727.7065515425,39672.0215498776,28686.5969048008,78124.7102233577,97402.9429124843,87770.1019805314,54771.8275818051,39848.8560876589,28924.0885498013,79771.9063715863,96079.8191731433,86986.5277296696,54605.9393481163,39862.1605342168,29034.2194549396,81081.7269558214,94809.4010488831,86290.928592304,54509.5463604866,39931.3861081446,29183.6897214978,82497.1176063496,93496.2416721811,85507.1015230077,54381.2519761396,39986.2167505397,29326.9251727649,83908.7221931801,92379.3405714743,84753.01320271,54233.4881338204,40035.6796667109,29473.5546303031,85369.3894221532,91308.1052611058,84136.5235489288,54098.2386345568,40078.1624395172,29615.2409166977,86871.2536459694,90039.2112436209,83328.0961340317,53874.0676323229,40035.2303153569,29680.8004178694,88167.3072912682,88689.1153895272,82474.5119310864,53632.0710159063,39985.5384887335,29737.9825427448,89423.9239383568,87285.415223144,81552.5050185815,53367.3330708913,39926.4934395041,29791.5975753069,90669.8307348885,86040.6078661464,80652.1305176619,53098.2333908283,39873.6429119451,29856.5638111855,91978.4391326817,84895.7081056648,79882.4917642369,52844.0046947222,39823.1776555157,29926.0605540632,93353.6467588165,83509.1623039724,78935.3211845537,52486.4753430344,39673.6231428704,29910.7930944507,94491.6168546098,82026.8640443263,77882.6231152038,52091.2637360836,39499.5820576789,29871.1490880758,95539.6119942291,80667.6916681968,76879.5615871059,51729.6110783768,39362.0042590703,29864.0166771618,96693.6126668387,79915.8839229657,76184.5981189852,51501.4574834671,39328.9361673182,29942.0212692079,98167.0252955926,79395.6453414799,75829.4728135631,51342.3409094086,39312.3152467446,30025.7547452939,99716.0858858955,78632.8280200825,75279.213795667,51087.6049251467,39171.2882874387,29981.6752823403,100801.977659623,77792.7128606852,74714.1364874807,50862.218914185,39055.5686950544,29939.3656707591,101757.452726229,76957.8668841246,74155.0840076079,50687.6728289772,38994.559939676,29941.2244771351,102744.806857305,76022.0270697172,73469.1911869742,50435.0958579143,38892.2332761921,29922.7398280119,103607.797048413,75042.9265360355,72738.2581794587,50137.9812817683,38761.2782986442,29891.7988893378,104432.536241773,74079.7212501121,72021.8653425248,49846.7665652107,38632.8243055591,29865.6721508105,105306.161326623
451,356488.158011392,91644.7678908832,20509.3019791661,8941.13019392295,4054.47549924055,17607.9788918585,339007.178771713,83767.0953192333,19046.4301947469,8513.46746146512,3906.62715169211,17298.4780670066,337335.01512568,83308.0239424605,16418.2195339894,7409.22367202824,3563.78559124744,17291.9285888929,336700.782930493,84415.8178267463,16204.4791396138,6866.66904760945,3168.37328343966,17160.3111324068,336145.590562923,85223.1071136127,16445.7025785569,6870.76904354987,3071.93241712295,17128.0064048056,335373.749957173,85926.2117217594,16691.375057545,6967.89955031835,3090.53636452441,17234.8594886863,334506.845296364,86566.9575755052,16925.996510478,7074.20580825814,3132.56368456568,17408.7896127622,333636.845673936,87177.9469910553,17152.8925543435,7179.15496225426,3177.78810561679,17604.5763388939,333207.663059678,87792.0337761993,17372.9690609217,7281.76046770528,3222.78511522862,17813.0227895565,332593.974776546,88426.8616007076,17587.0891874015,7379.76288353614,3265.44523569683,18016.0604951451,331732.381309896,89019.6153713291,17809.318599787,7481.63016356364,3309.25336162998,18212.3613042887,330618.072837966,89560.9883411605,18027.747699428,7584.72033551226,3354.53544160585,18402.1599758622,329357.164378573,90057.8039971338,18243.6807242197,7688.10577307043,3400.67925172993,18586.6406703822,328593.327202426,90549.3178446401,18450.6837844346,7789.35515426984,3446.72101563092,18778.4384463496,327516.61716987,91060.2344903187,18648.3731386561,7883.59541406619,3489.28655958213,18959.2451753639,326075.931771324,91508.4058425644,18855.2205915676,7982.34204021864,3533.05785826246,19129.6984713695,324384.627819564,91890.6683458096,19057.3832956938,8082.72961197861,3578.77521859565,19293.3646921631,322561.971749047,92225.750057646,19253.0650821377,8181.89505631327,3624.90580412252,19451.3544007148,321294.390670528,92562.9614556528,19439.878112501,8278.44795469055,3670.58605670538,19618.359723172,319749.446391722,92922.465032534,19615.3013800502,8366.52398765205,3711.9529836107,19773.342667636,317954.771870592,93225.2371052804,19799.9644719874,8458.9678092785,3754.32205208856,19919.1843072905,315807.526803753,93465.9952945957,19978.3198536572,8552.00514020435,3798.12134644263,20055.1493155426,313477.334917212,93641.2444018518,20153.5418079325,8645.66239848683,3843.11807625902,20184.1770539457,311570.542748137,93808.4382842663,20318.2759921253,8736.92255498058,3888.18288973394,20320.1329858525,309553.4356861,93992.5790450904,20469.2457127025,8819.14598117268,3928.93025994872,20447.563854855,307079.518314167,94118.8686901502,20624.8146375774,8902.43477275217,3969.04623930326,20559.1942046311,304402.372033479,94167.3591357429,20779.7370855799,8989.63878295326,4011.93765018355,20663.9245634345,301988.816206274,94188.8749445795,20927.5401325129,9076.22377006965,4056.09598160771,20770.6654844561,301078.397008605,94326.9842387804,21063.5189165217,9157.53379986567,4098.72466832283,20910.2977823424,300201.71932766,94597.6450260896,21180.064489437,9219.46637813684,4130.21828143283,21037.7513607206,299160.180445306,94847.7098223009,21323.3601602958,9290.00542998711,4162.2245849935,21154.1976533055,297843.478472865,95044.7588462341,21466.619472002,9365.95522609994,4198.1949180014,21261.8943687759,296266.466566505,95182.339547634,21605.753757276,9443.0370426742,4236.37767828759,21362.4259950189,294539.927224756,95270.3067196521,21738.0050234097,9519.21815596834,4275.40441038138,21457.9009853217,292693.700185151,95321.38376076,21862.1370809688,9592.62585438527,4313.8899739104,21547.9480135399,290723.568413281,95335.8729609298,21980.1010288482,9663.58145511042,4351.51487481278,21631.3700654412
452,295904.509863688,133784.566924273,39134.0201789763,18710.7322513625,8919.53121488713,16265.5969100504,257604.297703736,114605.563482551,33554.2369353409,16183.8020839808,7757.42192217176,14645.095603717,268523.955657681,119802.901388959,32990.9386304084,16255.7681852469,7985.32767249662,15281.1727612846,265646.160137989,120374.371488946,32544.1337199895,15461.3207683337,7519.42699347712,15091.7312624911,265355.760048139,121850.371747588,33260.6609540582,15656.1019521762,7452.92439443717,14990.7686882937,264604.849260465,122873.314120308,33936.7675042772,16015.1766689311,7594.35575824983,15054.2977400725,263729.736945442,123753.822903377,34555.1856074324,16388.2949767568,7795.09493457713,15268.3831340107,262742.44231434,124562.492750015,35138.8936936775,16748.7569754915,8002.39650096236,15551.998036619,262203.096165018,125409.759716837,35727.8744779587,17112.0768456391,8213.51385487715,15874.2091753889,261429.207125729,126165.992616087,36253.5563274543,17442.8145345434,8409.60595003562,16190.4741941366,260505.076762666,126923.433636094,36796.6215388418,17776.2975954641,8604.55803442422,16504.8354935278,259303.420109197,127551.546006228,37329.0839469997,18111.5324460793,8801.95944374973,16816.5960540845,257965.573620224,128113.621030256,37853.1323768736,18448.9020528514,9003.9908326893,17133.50937659,257000.879828754,128691.359125745,38381.0114470527,18792.6622788219,9212.16412910047,17466.7468153094,255803.913491037,129192.010829918,38848.2808321116,19104.9181692974,9406.15724383322,17787.4743088278,254320.097680378,129649.788256526,39324.5541727024,19416.1180977455,9597.15712672065,18099.6247440915,252623.111502863,129982.09536809,39798.1755083154,19734.3605654693,9793.65570189709,18412.5748796666,250682.887646038,130210.996025368,40246.234241299,20047.6379944877,9992.27887903423,18727.6768520482,249256.102503883,130490.356159833,40712.0416497165,20373.982893706,10200.5059924825,19066.6623960647,247579.32337621,130685.683134816,41099.8881022601,20659.2385889213,10389.7206435976,19388.9228777598,245789.045246007,130880.245807623,41508.5062692591,20946.528088333,10576.1795057201,19704.4793935785,243644.921050173,130908.024781101,41891.7067075407,21228.6718792083,10761.5588824857,20011.0913952196,241298.317727739,130853.348410117,42265.2285195438,21512.6021553647,10951.6467255011,20321.3476871069,239257.649896343,130784.520961574,42641.4984450627,21804.9612805577,11150.1135021192,20651.8954177753,237200.090483963,130687.829384797,42959.8742751781,22067.3466673809,11335.7943702546,20977.2633222697,234821.517197534,130527.704349769,43262.8203671728,22312.4219955869,11509.270778455,21284.1815801842,232196.372159659,130234.684370514,43565.7946279244,22563.0910109098,11685.7051376002,21586.6535928946,229608.456746507,129876.684723026,43855.3142695873,22817.6457982238,11869.4192295119,21900.6207474769,228305.550113083,129767.92190081,44185.5307026646,23096.8531218932,12070.1380564336,22265.7884750851,227194.738395879,129775.951208035,44410.5407070213,23304.0044367136,12230.7324080223,22600.0654640674,226080.468637148,129881.509817421,44672.4236275619,23499.6615257382,12370.0915785752,22894.2056993274,224670.763592489,129848.838149347,44931.9848960869,23698.6219252237,12506.7439509756,23160.8067898137,223066.7510688,129744.079276078,45181.8857739634,23902.2160880773,12649.6121626386,23422.159999899,221304.710364303,129536.792003512,45416.2788514688,24103.895020936,12795.7482492977,23687.5257329529,219464.234322895,129273.35379941,45630.4319791832,24299.9785377762,12942.4926284069,23958.3279557946,217508.966688372,128945.463604072,45823.6421581561,24485.9697038926,13085.6572666227,24229.2042936609
453,175688.388447356,119266.905027175,62546.4513818874,40600.1488261311,26174.3337145025,50215.0816552253,148225.348426164,105418.489792052,54116.2184397243,35079.0644350445,22673.1431513902,43843.9867623617,153569.940960487,111342.924655528,57728.3475382465,37684.5975805933,24470.9980624687,47639.7755728124,149653.426257767,108327.806758087,56814.0199625414,37172.9402450005,24282.596728171,48026.3382041427,148348.48907662,108586.037393478,57084.0222443369,37491.9118148473,24578.5786690268,49302.6435838041,147588.053269769,108915.111136799,57868.9529497017,38104.2540269929,25044.5874735066,50829.7624917619,145270.233990355,107802.561182032,57785.2785176554,38251.5997731854,25240.2924231144,51744.930817223,144295.281078327,107960.815182357,58315.2886198168,38785.565320897,25715.7804636382,53299.4750781294,142832.97786113,107352.791517477,58477.2052354875,39075.8132621672,26026.6138240577,54575.7910092074,141654.010956806,107154.788047645,58730.0755140191,39419.8348663827,26377.4226329009,55985.1489750216,140253.859364798,106750.376276482,58930.4896377756,39705.0202575196,26675.8412061191,57307.4504516595,138716.199620133,106254.347012473,59082.3505757356,39969.3441552029,26959.5384185329,58596.8581897936,137131.293510999,105703.31985709,59218.5797120346,40228.074417151,27243.8049797867,59900.9907118076,135863.093438156,105227.85584647,59378.9397593837,40511.4798196567,27550.3308881058,61283.7653745131,134505.99186534,104762.535202835,59472.5763350975,40739.4575126168,27820.9895152073,62626.3051018799,132870.353313716,104116.671825079,59496.1302367588,40902.7625913157,28038.0059013531,63862.4910542598,131201.409909077,103439.748222681,59531.5809020559,41084.2566683317,28266.6410030621,65122.943262509,129402.128479528,102624.102490003,59494.431122651,41226.8487813813,28475.3645460584,66353.3517910353,127987.980704166,101941.340677631,59507.1098372744,41410.0788098661,28718.78099213,67702.9128957382,126525.846737141,101301.009021913,59464.5457840793,41542.0784793233,28927.3425106629,69017.3766741547,124830.402252167,100482.704570757,59345.9245156363,41601.036679693,29073.3183341069,70197.0433959575,123072.139283146,99650.6359760678,59238.9330701627,41674.7887604206,29226.6812101337,71385.6717433921,121161.321222807,98657.5158856788,59060.6320828761,41708.2233161259,29356.2548359331,72520.7910186903,119520.032625093,97744.4129873965,58908.5724383296,41770.2000159721,29513.6092877351,73754.2535378361,117955.040853932,96921.7247959629,58740.0849399317,41811.7354984653,29659.2865775753,75006.9572307646,116072.781547458,95898.014488939,58458.6925284522,41752.8443546215,29724.1233293,76078.5477172379,114136.378618447,94820.1583175032,58181.3547076568,41700.4539527502,29788.4994996615,77142.2690743994,112299.409533055,93726.5555234221,57898.3806195772,41656.6446328492,29864.6362540799,78244.0230064675,111305.816962797,93000.0554642522,57761.6475573915,41721.9654756385,30025.7696835696,79610.7219831315,110563.976512398,92613.4591621561,57653.5449605708,41770.0303780098,30167.684739358,80977.4612904622,109510.851590554,92015.7395930148,57449.8603491509,41693.9704523162,30186.0573737226,81977.223650837,108449.720347637,91478.9060603507,57328.5378057219,41681.3428787291,30233.2522693895,82943.3912948645,107282.37169649,90844.9646206268,57193.3731214249,41675.3407486062,30288.5559805784,83843.9122193219,105995.705622259,90083.5457474396,56983.3834944014,41632.3393474769,30328.1497610607,84667.7678514801,104714.192201099,89326.9747181189,56767.0206967541,41589.4303669774,30376.3353277635,85529.5743410379,103392.069095746,88522.5015220044,56517.8247859616,41522.0787695405,30409.4802030349,86380.2973163704
454,240813.604105217,130635.514911453,54847.3345441249,31542.9604851838,18023.1830950978,29096.4857100281,210786.691537852,116935.324329381,48637.0433792287,28029.0098494491,16058.8237129064,26125.5901705249,217120.506675387,123137.0508691,50542.1077033954,29411.8385580985,17049.50528181,28009.4572169075,211500.282695946,120605.113025132,49813.3497720498,28779.6363062007,16693.6883245713,27926.4600640965,211918.266292518,122644.310991427,51034.2844527406,29506.1179846622,17083.0571496739,28742.0957596403,209257.884692246,122065.166276805,51413.5739609619,29848.3626705823,17309.9846981852,29159.0226887551,207989.787192054,122579.960183376,52112.4037894779,30420.3782746497,17725.180717007,29942.4086186527,205988.514717697,122418.701919115,52560.4980458649,30841.1753569445,18061.0521555752,30674.2781472831,204805.484163553,122665.312351088,53126.214771042,31332.590595043,18443.6489666951,31543.8520889276,203246.786825743,122686.253313715,53555.5353665657,31731.7789276347,18769.0366889698,32354.5336940179,201630.527955233,122732.218954503,54011.2553201189,32137.7565602183,19092.9195972902,33172.6889601328,199787.638574302,122624.50851455,54426.9758836981,32527.5200426197,19407.6734641903,33976.2708170669,197845.061897551,122433.88081694,54815.5321193947,32909.4842664655,19723.051391572,34789.7975691748,196390.408050475,122352.735468221,55239.2126512795,33319.5984340165,20060.6524029549,35664.1118007351,194645.001622173,122174.505083299,55556.1693600809,33657.6684801588,20356.2816785016,36490.1959085286,192665.782948306,121904.057963193,55869.2393390327,33982.2819796903,20637.3280151344,37295.4097356791,190531.354127119,121519.481271882,56161.2003218718,34306.4491753681,20920.1620945687,38102.4935831806,188266.624374325,121015.125579509,56404.955982882,34611.1727218836,21198.12483328,38913.2841541768,186547.947358844,120661.173192248,56697.3979790217,34952.1283964522,21504.1019467226,39802.7390501077,184585.766358852,120222.58707695,56879.2284831052,35214.7630207453,21762.5950294189,40635.5753878337,182478.505719513,119723.153324732,57062.3703143934,35464.226413322,22004.7726484287,41444.0727479005,180143.925451906,119096.873939654,57210.6101891299,35701.064971734,22239.2706507581,42233.7975967624,177649.521737577,118334.548441229,57314.3551980016,35919.8922663592,22468.1002643045,43019.2268690496,175567.169301266,117675.802391084,57453.3581577156,36170.321765386,22723.672876211,43880.003065732,173422.547875027,116990.92158567,57512.9365183675,36364.0609601048,22946.2008427602,44711.4316118881,170959.328726622,116178.923814014,57521.1583616264,36509.6087719988,23131.1162541246,45482.6988902756,168380.241176303,115271.203284829,57526.1448556181,36659.5676088165,23316.8325923096,46251.1941979274,165935.647205302,114316.13498788,57510.8684207723,36810.2095823939,23509.975202783,47043.9674688162,164737.273413071,113818.855842932,57640.6764765409,37057.5024647131,23771.5745210565,48011.2083569875,163596.561097905,113453.868493716,57664.414270808,37200.9284857032,23959.6189415799,48871.562707619,162297.300536085,113063.937436673,57699.52158654,37306.6207798874,24095.7861880032,49602.0029096658,160901.040442352,112651.864466219,57772.5770044083,37441.2365998292,24239.217116472,50283.8907043593,159264.985116939,112075.686693763,57792.4831129954,37556.5457117455,24374.6681819755,50907.0150883606,157575.314298335,111452.527266552,57799.1784572888,37674.8814235947,24520.3480250181,51544.154085488,155819.365766742,110762.576193632,57769.8613116061,37775.5943355292,24660.7929703425,52186.3716717724,154000.840232808,110019.558875393,57706.7803356114,37855.1080591436,24790.3884064009,52828.3966334531
455,271895.630437215,118523.461518808,39590.8436411019,20170.9803224776,10252.6697264625,21732.0050639837,243669.117484126,106812.267024278,35825.1104142387,18418.1851870163,9394.64648398421,19957.2956648771,245154.528633094,109426.668751564,35102.9460955721,18312.1714712743,9585.88898530857,20727.9385474577,243362.89500542,110168.928980709,35170.4180865494,17961.3035225242,9312.40051188865,20714.1011918223,242224.520463807,111127.540136761,35874.3012829021,18238.0703310373,9352.0088213192,20795.4136261425,240832.331330141,111738.851234352,36479.9524872408,18627.8164327944,9548.70420319527,20998.0566735801,239370.426799619,112254.753967721,37031.7717937461,19004.9753904798,9781.2709550309,21328.8644686786,237871.772142452,112711.419536821,37549.1649622102,19367.7208430246,10014.7133592245,21717.8543015635,236827.712744992,113218.603089402,38070.0991731969,19731.693054042,10250.7415453254,22150.9962221984,235586.974478113,113686.900079045,38540.3061742859,20063.7328745703,10469.5522343817,22570.5795894835,234178.924740428,114100.155746068,39017.7206706462,20395.5947212102,10685.4848078202,22984.6104513934,232529.675950842,114411.549593093,39477.178411433,20725.1093780672,10902.2122735343,23392.5657040807,230777.686481594,114647.57771028,39924.9238728287,21054.4242331269,11122.4499184874,23805.3687979441,229506.209829335,114945.131698628,40383.5524874073,21395.0906476092,11352.4496425837,24250.4451514715,227927.373177077,115177.791761572,40776.673704252,21695.1899485414,11561.3792606097,24667.4840030553,226074.945121398,115325.600834839,41177.7219001765,21995.1057095069,11766.9682827872,25072.883236167,224037.546730746,115367.813125656,41564.5086381554,22297.9597103476,11977.2039245909,25478.0984673074,221846.989926912,115315.240228492,41925.0832820209,22593.219692275,12188.136476824,25884.9573639724,220233.989972585,115355.560081295,42308.8969659073,22906.341914746,12412.4688263669,26335.1578413117,218337.250323763,115331.212933987,42613.8095361099,23169.6870870073,12610.1666152073,26750.5351980862,216282.588458445,115254.438453005,42934.7236903476,23434.5000309467,12804.038157948,27156.3120187759,213936.19685128,115047.285646253,43225.7485349199,23692.1605558774,12996.0947484399,27548.1016435496,211431.146380583,114740.856535287,43499.2138747156,23946.9403938452,13190.8797807502,27942.6233359075,209350.399239489,114487.467530636,43784.9863738441,24216.1590989836,13398.4158775709,28376.3383589972,207160.151777882,114204.376475326,44007.709942404,24445.492254174,13585.3649938105,28789.9714444751,204644.268293131,113822.962847782,44213.3608832956,24656.4155393272,13757.717914054,29175.7794271805,201971.901112663,113336.343117995,44412.9596434226,24872.1685495497,13933.6840770549,29558.5850114678,199439.605695514,112805.387090003,44597.8488087701,25089.1543220164,14115.9249676774,29956.8012908939,198295.561411512,112633.76552248,44861.0033581351,25353.3832860723,14329.182447469,30455.4707243046,197123.295252056,112528.47696808,45009.5721347406,25526.1762625746,14485.271240548,30880.1530698926,195878.318535064,112459.13846278,45205.1131926427,25697.1406524924,14622.9011224622,31259.0500560099,194401.518111342,112284.752286488,45391.8385653781,25871.1138578341,14758.4016676521,31598.9658582016,192722.568866921,112016.71508142,45562.525726505,26045.073715592,14898.2610292175,31927.506268817,190953.517948221,111681.303795377,45717.4018147645,26218.0113258993,15042.5838809294,32262.3993730692,189105.127784382,111289.936509265,45847.5870121368,26380.5777156907,15184.7731258677,32600.7554944962,187182.801668642,110847.209223414,45957.1279480705,26531.9656362748,15322.1668861234,32938.5147695673
456,186964.156609222,130507.902758352,70719.9520629056,46494.3091366217,30324.5920820195,59670.5825370472,176543.562724872,124929.041735048,64932.8191881223,42774.4483009212,28028.3947434895,55936.7821090379,162997.94753,115892.085169993,59113.9608114676,38876.1988782587,25485.5765421673,51055.1134645561,173151.640086132,126983.666751373,65234.0496100521,42483.6382263316,27864.0380175021,56579.7951578069,162094.559996342,117741.310324571,61387.5482839414,40136.7064892579,26219.7148049406,53397.2171492286,166320.32961273,123443.45096181,64629.9403998959,42390.9710597551,27801.1799738777,56868.0095818881,161659.10616246,119883.206530526,63727.6070687935,42019.3867299637,27635.2470719237,56827.0098284683,160902.032232246,120598.601937773,64417.0057989903,42726.1652701863,28266.8712014501,58601.705878573,159554.498451831,120143.786272807,64826.0682923716,43180.4876234964,28698.8631863424,60140.5133125148,157806.92326708,119496.701715797,64872.0540134256,43428.2827335278,29003.0311946338,61476.0381004104,156581.509874793,119395.367490509,65271.8325793527,43858.8902114358,29415.7923872187,63105.3515577988,154704.640987975,118659.626155052,65367.663632419,44103.9000447106,29695.7534690113,64450.0592428613,152976.26734927,118114.878872496,65546.5673690711,44411.3587744552,30026.1364787103,65919.9036615995,151506.083976246,117549.812737621,65728.1287725202,44725.8557768954,30364.7016462853,67441.7640741354,150019.74671773,117033.955951007,65843.1149970688,44992.0446682335,30674.7808386527,68943.8609516795,148227.846127437,116339.067448961,65881.3927998613,45182.5200082464,30923.5521275743,70330.7507178006,146353.155817223,115574.341771128,65919.4274793544,45381.2368619001,31174.6183356963,71720.2254696158,144358.884101024,114686.884072388,65897.045591972,45552.1967334617,31413.8502507051,73096.1751341023,142693.897103421,113869.518336183,65894.436735538,45743.8020485496,31674.9301253869,74562.1754105667,141113.899860701,113187.257362734,65877.8813585068,45916.6202796681,31925.4564009057,76057.2754478584,139213.295344125,112259.812031805,65740.2363459574,45979.908366705,32087.869179497,77364.7742605683,137276.263087043,111346.106955736,65631.206441049,46068.5966639165,32263.0632855523,78694.982032288,135150.043301868,110254.458470842,65446.0782326138,46113.6879201952,32411.7341037981,79963.466332679,133246.768203357,109187.277167537,65262.4508902994,46171.3856252109,32577.2879595464,81301.183361426,131538.100745886,108289.131119076,65099.7675030287,46238.8697766261,32754.4967499525,82721.1990025094,129476.26693986,107167.474213244,64799.6753492807,46185.3278238701,32836.7687602637,83933.7044796955,127293.45399302,105949.489999834,64482.8799008631,46119.4490685136,32902.8480205099,85099.2196499891,125221.332187534,104737.547578757,64181.607436969,46079.3379815175,32992.197816866,86328.7862516484,123947.98565837,103821.087754862,63991.4944853542,46125.3314686998,33151.2714376804,87782.0125076,123159.816792441,103397.618353515,63898.0016352926,46208.3919291224,33333.1216636195,89356.9288956525,122012.480048131,102743.255357074,63673.0216279362,46130.8826423173,33364.291917749,90506.821173841,120821.035609353,102126.914549952,63521.8986828003,46103.2566928467,33408.2654033275,91573.7050054129,119545.611645539,101447.587960649,63386.7404422182,46104.5425753165,33474.1157097457,92596.1099524423,118104.215481407,100593.008703629,63156.4997450225,46057.2430906572,33516.4481269335,93506.4320703135,116673.407397142,99746.0728957782,62919.0791721214,46012.579910784,33571.2913119311,94460.9790747801,115215.181641711,98858.1008381068,62652.689663754,45946.1263199931,33614.1945893927,95416.519206587
457,375779.489508965,77650.3442660448,16169.6578545046,6994.46509616408,3242.30552597437,19780.43151488,360100.307494268,74366.2368520861,15737.5241378109,6917.33523221366,3228.33161820522,19743.1746001358,360741.992498355,74364.7299505637,14320.3481488298,6391.01833998456,3085.45602913496,19952.5574064948,361170.217793721,75465.6481916538,14287.7358544236,6083.23906438496,2864.47955569785,20059.5260586156,361321.325135975,76239.0140990676,14497.4037199888,6117.73312476534,2821.66412196783,20208.3468170286,361113.271891421,76937.4461918628,14691.2383274253,6193.58273846814,2841.19181238683,20428.5867638301,360798.59511819,77585.9994297246,14878.8967482801,6272.41286788453,2871.49758311807,20681.2116354072,360441.646380518,78211.9882310523,15059.7247529129,6349.33153853007,2902.67341458156,20941.8790523992,360562.057133088,78833.6345222932,15236.5679745699,6424.61132065537,2933.41288646996,21211.2043725747,360422.550191361,79460.4587507017,15402.4671392846,6493.99434826175,2961.31627677909,21470.2919186046,360007.945826277,80057.1646883216,15577.6042939367,6566.64893785072,2989.85366845996,21721.0015104912,359341.159108701,80607.9810636261,15750.1988956547,6640.78697751416,3019.66277149519,21964.0103452468,358531.741232696,81129.1085269922,15920.1890697102,6714.8499535487,3050.02701971738,22201.3836149598,358198.40819093,81630.0255258297,16083.2967686585,6786.94550489334,3080.0474094795,22443.9662866636,357499.593724953,82136.3154825275,16232.5393507612,6851.41162869513,3106.53764915316,22672.6371618504,356440.944057684,82600.4989210654,16392.4632003477,6919.67625873727,3133.70860298444,22890.4137242556,355101.40928984,83005.5097074981,16547.9060842519,6989.17498831741,3162.21139795219,23099.1541076679,353624.163912797,83374.9159518437,16698.4484493265,7057.60132223093,3190.91052799974,23301.5046226977,352694.61427221,83726.9248929903,16841.2725688821,7123.51821854835,3218.96087570822,23510.3783869122,351442.887766378,84089.5768504364,16967.4334103627,7180.22769243861,3242.67780912084,23704.65029478,349931.725167024,84415.6722036055,17106.0198963912,7241.01675137794,3266.98221012724,23888.9900910355,348071.015648249,84684.7017968615,17238.9317624801,7302.63207000863,3292.44132692436,24061.5982752899,345975.789582947,84905.0785291482,17368.3894429076,7363.95486922769,3318.41423769048,24225.0102796723,344300.410298334,85096.9849752667,17490.4511084701,7423.54898387731,3344.30062968029,24392.6171480993,342488.713068511,85292.8704537268,17594.0959872861,7473.75054477424,3366.06906729532,24549.1819282453,340235.574896208,85456.8937836356,17704.4038361329,7524.84071815047,3387.00432236323,24689.9886018505,337723.826576517,85554.5593386011,17815.7983273027,7579.48902978287,3409.96434409634,24820.5197197189,335424.984457652,85627.8982625558,17921.9413721086,7634.12738058232,3434.07827973833,24951.1322940532,334674.590723071,85745.0629440745,18015.6469873482,7683.63370879265,3456.71145053472,25110.7396650306,333956.883415439,85986.3651249909,18084.2432587975,7715.58947059074,3470.38352538751,25259.7799604196,333086.241154575,86238.9004025731,18186.1953860345,7757.33589966224,3485.24057830043,25399.8967596756,331928.307110395,86449.1371638852,18292.127266025,7806.46420802657,3504.63492014829,25530.3887389668,330494.989483471,86608.8777972373,18395.2251850413,7857.09157595801,3526.31625191081,25651.9183434881,328876.020052793,86721.991584584,18492.2831043134,7906.80235697035,3548.64769951269,25765.5467139717,327136.024940385,86796.4935225844,18580.9671125097,7953.64116257394,3570.29221403789,25871.6774485156,325266.327728976,86840.2184311574,18662.6364676872,7997.3784024822,3590.68908589978,25969.5332328375
458,364530.184386867,101375.26461872,24766.2148643529,11107.0364602344,5157.4064615722,23453.9605183338,350132.827077047,94697.7380032426,22940.4752032977,10395.5414139127,4859.87042094381,22986.3638997206,350736.035762624,94286.7662595196,20829.9916622627,9633.69024500863,4653.21591096683,23129.635089496,350674.403309875,95944.1992647259,20499.4796016008,9000.429570092,4254.71545058964,23099.5980017112,350282.899644408,97020.5423937704,20863.5915036097,9020.99289324836,4139.35067604628,23100.1979283072,349591.741954976,97943.9008454033,21232.1158896597,9178.74942414252,4177.83697094103,23249.319675105,348798.546592432,98788.0354752131,21585.7035999095,9351.41811323112,4251.98180826225,23485.7085777104,347898.592538411,99587.3778942864,21925.5343555328,9521.66682613449,4331.33149724209,23750.9811511286,347478.613113771,100379.008984806,22262.1955227244,9691.4249099684,4411.84736697596,24036.6183519388,346862.213157439,101164.777369233,22576.5374659378,9850.12290939993,4487.6391419401,24313.5051412547,345965.408537451,101916.788750586,22901.0257464639,10011.6847094934,4563.62858102979,24579.6190608752,344807.998999625,102604.255592817,23223.7513943866,10176.5930944216,4642.18123768009,24836.1553192759,343438.655031221,103242.407325976,23542.5298289042,10342.4040104227,4722.55381487364,25084.2882828952,342579.737827792,103864.136593366,23858.7018982215,10509.5973278085,4804.87346714179,25344.2607943348,341394.049076247,104475.139650141,24145.8595152911,10662.2018646526,4880.97501224246,25587.8739170055,339823.101895684,105036.086332553,24447.0861454733,10818.9826352054,4957.48548822961,25816.0533572852,337965.638695085,105512.375435871,24744.540899645,10979.813049193,5037.35012905341,26033.5152365601,335915.148566264,105933.786926007,25034.8513339042,11140.4239834158,5118.92472385791,26242.7131885738,334439.676668821,106343.209268388,25320.7624250881,11301.4616737336,5202.05331203181,26466.5660936498,332682.366761997,106753.794036733,25575.1540413895,11445.6298262014,5277.61795421717,26673.5921055805,330676.786981424,107117.190238174,25843.7694430652,11593.5897574577,5353.07595616829,26867.4930696323,328280.714009556,107397.092116679,26103.6771856069,11742.8037562272,5430.51846096291,27045.5715113351,325647.112567424,107605.93614326,26360.3737682227,11893.7378343741,5510.40969956206,27213.694029088,323419.013211044,107790.088398666,26610.9952284667,12045.581403514,5592.61115290405,27392.5646658849,321130.421106915,107973.30375591,26832.55277905,12182.4577318972,5668.51387314232,27562.4159188343,318374.402347892,108103.662665535,27054.0355228269,12315.6440192669,5740.95839089197,27709.1275290921,315351.565352844,108142.696370948,27279.7270671939,12455.4657114577,5817.24310950588,27843.3770828663,312459.928713817,108141.197525007,27498.1015701918,12597.2499438517,5897.11368216925,27979.1311444776,311173.975811409,108250.586999604,27716.9537951911,12740.5736680049,5979.57023550164,28167.836848414,310058.85247806,108495.52340533,27880.6725630882,12847.2865720112,6043.06789446052,28345.7434240414,308820.254926525,108759.573401665,28076.3809772918,12956.3488276366,6100.9656989336,28504.8043107647,307288.648259589,108955.745986654,28274.31051491,13072.8551502151,6162.7312354086,28647.4216546485,305461.115181485,109082.341063655,28467.457456687,13191.6826171201,6228.06738175945,28778.4103373832,303464.893006491,109144.90688609,28653.219931621,13310.7845526207,6295.64555492674,28902.930282865,301329.197355773,109158.556306015,28827.1795590749,13426.374517702,6363.08745044451,29020.5565357453,299067.767506276,109128.593912155,28992.1786166428,13538.4803442204,6429.55011271642,29130.3364802012
459,375062.241883421,84985.7609586985,18351.8327487814,8127.5470275797,3885.41719527741,28173.9100854406,353108.295142077,76061.0657817959,16854.6516024378,7734.93605054506,3759.32295942807,27533.830020777,352521.265038698,76154.0274154405,14542.199252069,6698.28280148349,3417.68045247177,27684.2844303029,352635.719756559,77259.5178516389,14374.3053385435,6242.35678703679,3079.6179965836,27774.9682321253,352605.912463797,78048.7600700719,14561.9600213856,6236.59814832819,2996.54614292437,27958.3110811123,352277.202984253,78737.5300875757,14752.2774874213,6304.10000591999,3004.95541828367,28248.6458318811,351853.753906251,79372.1471178884,14934.2885146205,6379.01414823995,3031.51243186592,28589.0372914135,351386.933146599,79976.6059208521,15110.5740033093,6452.79910579957,3060.31162484255,28941.6336873967,351406.409636522,80590.1276212513,15280.4359715827,6524.56035372688,3088.92265706987,29310.6394183729,351173.893635741,81211.0469149453,15445.9377791472,6592.31037337412,3115.22160579549,29665.1097139953,350673.446464993,81792.4799074389,15617.569576394,6663.18005728993,3142.31591602178,30007.206967748,349903.110647934,82326.6738860184,15785.9855026244,6734.84993004832,3170.37669631712,30337.3929244179,349047.405246145,82820.0960140549,15951.3076049516,6806.24207866393,3198.85478581675,30659.6384093912,348685.375509268,83323.5596681558,16108.4724157075,6875.16930469321,3226.94539334163,30994.1607724429,347909.389313596,83822.163817837,16257.9415943398,6938.14628114925,3251.7518120678,31305.4011693222,346781.127094417,84263.4019308522,16415.1136381542,7004.99722433679,3277.55182206648,31600.2924463751,345376.556027148,84647.6226572558,16565.7159195817,7071.93122199007,3304.25939284426,31882.4332520147,343902.102374248,84989.0701537621,16712.2397003172,7137.81315887527,3331.01757518975,32156.2034091321,342986.68703666,85348.4877377637,16849.7782735035,7200.79622978003,3357.12785718999,32445.6796407434,341705.405434899,85703.5362217397,16978.12321749,7256.57142010635,3379.20941114971,32709.6789743846,340172.072464113,86009.6800256449,17113.778753232,7316.08688593354,3402.16055423705,32960.0624581199,338267.638379845,86255.6286595161,17243.2429317495,7375.36652676906,3425.72180117061,33191.167333881,336215.43758288,86447.936649804,17368.8295360103,7434.425694519,3449.78790739453,33411.3396139053,334591.035979214,86645.8118878604,17487.2992005559,7491.60972742227,3473.79532344227,33643.2741747958,332782.366482603,86838.2144408782,17593.1229851665,7541.06601805551,3493.96776012929,33856.4815970604,330517.193991868,86973.6033450702,17701.4217131759,7590.92329375412,3513.34885192169,34043.9782465631,328007.525070796,87044.1039671675,17808.5345678183,7643.19027152936,3534.36495612731,34217.3834995663,325914.510196814,87103.3873909302,17912.8682372139,7696.17332110909,3556.78769119879,34399.393002726,325386.234617145,87302.2560779351,18009.6995120771,7745.66392136455,3578.6020895848,34639.0573184298,324724.593631885,87566.9476927732,18089.4981125868,7779.65828598423,3591.476370022,34849.0182983435,323846.747455266,87814.1113310194,18192.8749841172,7822.46362183819,3606.03797494506,35042.4295660711,322686.364743712,88010.2891856262,18297.7019771547,7870.81754773161,3624.45059312227,35219.7585735752,321239.999584128,88152.6604958204,18398.1442977726,7919.895117203,3644.74606095022,35382.032193981,319656.672762137,88253.1020591656,18493.4468499307,7968.3371508385,3665.80847464011,35535.1255853184,317948.244616755,88319.2480522711,18580.6398890248,8013.81879899197,3686.1225903623,35677.5959370231,316118.943264022,88354.0016717997,18661.9251439173,8056.66475527223,3705.33657699562,35808.8414190861
460,149471.076213977,126916.223385422,70262.9707703809,47298.9220512959,31619.7387914707,64445.34670485,122293.759822787,105713.590312181,57785.0017323117,38829.4517264577,26012.6842096157,53455.3492764597,126941.628192046,113068.72253036,62058.7091902741,41960.9688083326,28241.5542964777,58490.6025287932,126155.121526393,111624.650658472,62416.5250785547,42318.9637900595,28630.3142515237,60262.7705240005,121879.851234391,108557.426725046,60603.2524966189,41334.2772032701,28106.286328436,60098.1925961648,123338.409904283,111221.350474403,62666.7493818713,42779.9633374753,29168.6069595196,63291.8658792583,120577.678618581,108800.870339653,61971.5538024554,42528.304317711,29088.0584360234,63871.5898314858,119501.493042111,108770.405356198,62273.5565163857,42946.6409622433,29520.4435992204,65623.3191960314,118815.732737732,108577.672342278,62721.7454830018,43428.5250138015,29976.1976709235,67511.0415807259,117323.114190815,107689.835663703,62569.2234456333,43522.1160333168,30173.7289934081,68852.1908182315,116321.019373021,107433.546571282,62814.4890187629,43847.1460510674,30519.8530529045,70567.3191417532,115005.977932585,106752.646583238,62878.5254712038,44059.5927015486,30780.156873771,72080.9004417668,113559.58125614,105970.392268773,62847.54514665,44218.814234084,31012.6053745256,73539.8830712205,112534.104459975,105452.925267852,62962.15654487,44479.245535361,31319.8374021158,75214.5362708242,111364.839458432,104840.717532881,62956.5980323746,44646.2020117272,31561.3811850499,76772.6884296902,109956.082445595,104053.234606513,62868.4713198696,44737.8529333916,31740.3845886695,78193.5132409636,108541.14604971,103258.629414398,62810.7118141619,44859.4949759237,31938.6649299203,79659.636119813,107022.681101459,102314.408539905,62669.8723966593,44934.460295194,32110.7561673577,81077.248130061,105788.845091677,101499.927586499,62565.1963645923,45040.9428057546,32312.5366904919,82613.2686918663,104572.284222693,100776.004816939,62445.411206702,45119.17087749,32493.0166659459,84146.7952582914,103131.640121965,99841.4869307841,62222.7349607946,45104.5694654276,32593.9370090941,85488.3049657283,101624.988097437,98879.6960373458,62001.8695959084,45097.2353741038,32696.754267526,86823.4634144525,100031.872080973,97794.5503110114,61729.6788734991,45062.4466693316,32783.9901262072,88121.260633931,98624.861538845,96763.7990059261,61459.9632904223,45039.9515619618,32888.177593072,89497.1394407865,97308.2240470536,95857.1494290977,61199.1953082866,45011.4787286905,32989.8122651496,90918.8401601825,95746.163601316,94756.1848633268,60829.050098962,44882.4621871807,33006.8290906228,92130.9729520849,94089.2873550675,93556.0518012238,60427.7229513143,44734.7416916591,33004.8417797593,93280.7630437503,92545.4661319338,92371.9002295724,60041.2926619095,44609.706143304,33024.8989834612,94499.2704495838,91682.9663770829,91571.051689974,59805.0701685775,44599.730919491,33136.7987668353,96024.7349528617,91075.6631915455,91150.5412350721,59645.6373092636,44602.2252149347,33248.6241680177,97600.4713355595,90206.6539315652,90514.0199943957,59385.1164374639,44475.7317713051,33228.1050126723,98738.1283181786,89277.4834136018,89877.5371658415,59171.0653508499,44388.046045976,33218.7907327406,99774.1444887926,88318.9899529017,89213.8646022019,58986.7373075076,44340.6690408511,33243.2129002061,100803.103820267,87241.7204125776,88395.9081632541,58709.5885143733,44242.46486403,33241.6910789895,101709.383831982,86148.8746163412,87560.9371956402,58406.0940450323,44130.2392132043,33239.3977349633,102625.225399472,85059.191704717,86724.1567872278,58097.1559397295,44011.7927928149,33235.26704334,103570.673749487
461,162929.918243056,118096.948555542,69846.99710873,48169.6566220774,32944.1781629704,73237.26282888,154533.301358677,117090.438325287,65467.8454648868,45161.7194754836,31009.785374706,69700.8347483355,138412.871774602,104623.261704409,58612.2494775841,40214.4101847283,27528.9291213766,62061.4362926306,149680.112684306,117016.232332204,65774.1787405364,44959.4575273641,30821.4397124961,70040.737728073,140672.110112575,108576.678130215,62254.3915735039,42726.5089623864,29251.7679502998,66803.5877134181,141163.286578162,110921.735511189,63511.4048353875,43826.453187591,30157.5351973328,69288.0386834981,140660.740913163,111012.260534342,64500.5626575803,44638.4286948692,30807.3719213079,71391.227520903,137236.580151487,108712.612561268,63567.0730254484,44278.2301333649,30710.2945768817,71830.3025443594,137209.215724287,109549.896478042,64461.7424835292,45079.505831768,31420.7014576327,74364.5869917683,135643.294291242,108665.462914121,64437.3335981721,45252.741658956,31670.2156904567,75894.5089160178,133954.890381163,107946.673691734,64346.7250371687,45370.3627271542,31885.4266362443,77377.9457204506,132805.426045669,107685.724227297,64638.4769734546,45733.5953075711,32258.3323478542,79269.8920942374,130989.946232328,106749.520287426,64537.3757991906,45846.5594110652,32458.441571591,80739.6899785221,129668.962317797,106138.389269486,64579.03291764,46063.7624061729,32742.4107673868,82454.8230018315,128467.296600645,105673.644634823,64658.5612071718,46295.4608298673,33035.7557774739,84248.0491901145,126756.039734474,104804.569429915,64508.8881015185,46346.1629532207,33190.202126143,85706.7581866928,125105.294030332,104017.3705468,64433.6999955611,46455.8797779365,33383.8127209161,87262.7017299965,123368.86391395,103121.408319001,64313.2911054763,46544.8727626741,33567.9375574583,88807.7620267693,121854.786018493,102220.380796124,64163.1102549075,46621.4376920857,33751.1637459095,90391.0464229749,120490.293794636,101538.293361154,64052.4268344111,46714.6130528226,33948.6329946825,92072.742159023,118823.249984138,100603.450994195,63814.5791550465,46687.890280345,34044.970667653,93505.2858642343,117066.811742548,99630.4273583493,63567.9497808331,46661.4866058731,34135.9095632167,94908.0474394868,115222.597131388,98568.2258942815,63292.9621782804,46622.723354493,34221.5308123231,96295.2584582024,113548.763651868,97492.7981321621,62997.8724270672,46581.4248099431,34313.1507360401,97727.4779951748,112042.173865934,96590.4472164383,62728.7672869236,46553.0296270581,34419.0804138165,99257.92669828,110259.833355093,95511.6470145248,62349.6451284325,46417.4136931199,34435.0775646799,100564.638796843,108323.68951545,94292.6322818976,61917.9733072467,46243.3373112405,34414.3827320188,101754.231675855,106496.812541546,93106.0545421325,61514.9777271252,46104.0996098038,34424.1103353595,103033.01251026,105403.905278621,92209.27452599,61242.5348876598,46068.4670402735,34518.5959752228,104607.176448092,104736.834782116,91797.6091504078,61084.0432442379,46086.510162191,34649.6608926108,106356.881551106,103745.947095419,91167.350836461,60805.0803037972,45945.8782490902,34624.9314908182,107602.873661417,102655.447712265,90509.5027951812,60557.631483603,45828.3492037875,34593.4072536093,108684.754440712,101570.106859939,89871.9210127412,60374.9138229123,45777.1842531507,34613.2649508521,109798.180707844,100339.320963348,89068.1074286686,60098.5544120357,45676.0668221657,34607.4001439904,110767.102892411,99057.1927270403,88215.4092908429,59774.1401208669,45547.1568200435,34591.9144425783,111707.22870518,97791.8282704016,87373.3794028677,59453.026089483,45419.1407059571,34581.2232140696,112697.933102312
462,168413.725145817,122672.305685655,70096.5602910852,47723.290505985,32281.8111978308,69083.3181240232,150587.491514985,114948.700747871,65039.4783550643,44433.1772320919,30189.2696696485,65279.8627807026,142880.345815572,108422.01849921,62281.057134285,42973.3649071421,29385.2930779637,64137.9197409505,149020.879770638,115101.690599298,66188.3940588947,45829.9646722543,31659.8863033009,70639.3206645591,142287.197879301,109316.148236754,63487.7207871922,44098.2220126537,30545.5901404845,69559.7862171756,142527.123605802,111075.983737888,64583.7675139945,44984.3284313995,31273.4338893752,72414.7981831785,141493.392352164,110752.7705727,65195.3210759209,45540.9710315161,31733.9752428809,74520.0372802942,138657.287771426,109030.475873882,64580.4672430332,45365.8334414861,31747.5181927341,75481.2499741476,138257.738017625,109457.65739617,65257.4942984894,46018.3443416817,32348.3655502872,77938.877306832,136787.180840233,108708.213068745,65274.5976263665,46221.3484620389,32620.5448409504,79648.8728099644,135119.691603099,107993.56490661,65194.3018144936,46342.3817015377,32837.2532546191,81240.2841178141,133870.714080218,107641.387804229,65419.4332002386,46662.7294249193,33183.203888405,83163.7698324844,132118.469961754,106771.093808418,65346.8160830497,46794.5537773822,33398.7004530416,84758.9017828915,130744.110634498,106115.926363678,65356.9773364915,46990.230740866,33669.4013663223,86526.1512299769,129516.641219036,105629.926886441,65417.1659534122,47209.7793121561,33957.1169250846,88390.5217923201,127805.933369846,104770.284880682,65265.1991211975,47258.8557555753,34112.4651245442,89930.734006685,126111.751703343,103948.317116264,65160.1679754846,47347.8226420018,34293.2836458609,91533.5353878458,124385.796726591,103058.354604729,65033.3123143914,47432.0090116581,34476.1173118461,93156.3409142617,122850.994167538,102157.228659099,64870.5300366116,47498.9808243153,34654.1861044528,94807.3182688851,121449.885236461,101438.009658383,64733.8539420264,47572.6721106531,34838.9809630353,96536.7467591458,119784.80872524,100515.329797164,64490.5925719444,47542.3325364176,34934.3768651276,98044.6576749261,117997.457168254,99521.2020781298,64221.3914025944,47497.6626180393,35012.9308453101,99491.2221397319,116135.520672749,98447.7869139028,63928.1508822252,47444.2817892573,35088.6274303588,100927.654950501,114446.812839257,97372.6200128306,63621.8091865972,47393.3689909412,35174.036590923,102420.235006077,112913.490717746,96449.8025671116,63332.4248291294,47349.0184057588,35269.1210514973,103999.573836116,111119.126975724,95364.9256920039,62937.5121973357,47200.340442992,35276.202130917,105356.956234908,109169.726389932,94143.4296411699,62489.7342487708,47011.7279799425,35244.7917768776,106590.167815233,107344.669191625,92957.0349715137,62074.3317333743,46860.2641684838,35245.1550942238,107917.709671579,106231.603034783,92061.6908765248,61789.5657665095,46813.1825441785,35331.3003267366,109548.185170791,105544.645219012,91625.308060181,61615.7201694322,46818.3167868386,35452.9079274883,111352.351985195,104555.830133763,91000.9773399121,61330.2069134244,46672.5565798897,35424.8670018002,112661.02214726,103448.465795217,90331.0662681736,61065.5984512264,46539.3902449207,35381.256332724,113774.922006108,102341.597649336,89682.0405547275,60866.7757310125,46473.6222386931,35389.4118940531,114918.479307623,101105.545336643,88879.3372709764,60584.7428925142,46366.0920375162,35377.7987147872,115928.77960039,99813.7057805559,88021.8578540883,60248.4825876078,46226.7675894742,35354.0328627364,116898.955958975,98537.4146743,87175.6380627818,59914.1261746157,46086.6639931174,35333.9884453616,117917.475330535
463,307174.480853532,128097.887904713,34507.1597377477,16035.6298874686,7481.55203242587,15189.7268055278,272565.462581013,121155.0628016,33836.1414213499,15856.0527131945,7423.67537864354,14645.6220048732,270523.944182273,120664.017494303,33648.5341556766,16188.765468712,7784.25854706976,15236.5712619553,270474.650275308,122304.067008077,34096.8113992244,16240.9782103041,7813.42818595679,15559.8145056008,269292.7689441,123061.359051218,34702.0274661543,16536.0362859582,7920.65908291006,15735.9881646616,268058.98425466,123815.173576494,35267.9956355298,16884.3047131347,8107.62614749733,15977.8956252593,266746.20022726,124483.073880022,35811.0598510777,17224.0909151385,8305.01274809593,16264.9134560588,265305.928337432,125077.275235422,36329.5825213182,17554.0430343791,8500.79131441527,16569.0647221805,264306.027643135,125702.082534972,36853.5331146194,17888.016130006,8699.80555797551,16891.9501400521,263199.270646582,126315.462642605,37335.3392111831,18198.9525030879,8888.03064068053,17207.5129802766,261877.186585074,126875.038511295,37823.3773059984,18508.0202394773,9072.94246452024,17514.8654813422,260319.451169612,127328.185274025,38300.7893772438,18818.8178525112,9260.47403478839,17819.6005199728,258583.652909761,127696.702118651,38765.3516447145,19128.7243111334,9450.86869437974,18126.3258917074,257284.502463855,128084.554876523,39233.2300233547,19445.3938175257,9647.68410328784,18451.1906041995,255792.950388464,128453.792730592,39651.1966319169,19733.8894127149,9831.46246819489,18764.7873325332,254004.221956033,128736.575674361,40074.9115639815,20020.0457217832,10011.18883141,19067.1479704545,251959.355686841,128895.129336315,40485.1307865566,20308.604089732,10194.6157940242,19367.8321622248,249714.081348147,128954.398219302,40876.6345554743,20594.0458807163,10380.5400321562,19670.8511540458,247977.988140532,129048.776569299,41274.7631951791,20888.4309039231,10574.4422567986,19997.3381725218,246110.399946073,129143.692971619,41617.2754690423,21149.9186250382,10752.5538916581,20311.4514574017,244008.759638907,129162.845655584,41964.7717015482,21406.2124831698,10923.9254078828,20611.4347627847,241648.687602069,129061.10945273,42295.600572929,21662.3398347854,11097.005941963,20906.2240768855,239021.706876093,128841.201558182,42603.6967968282,21912.9909314956,11271.0882305641,21199.5228234725,236767.290730448,128626.36727709,42918.2888249719,22173.6718083375,11454.1662850619,21515.4699466726,234534.94133846,128426.983208429,43185.2350860514,22407.9812596065,11625.7464986176,21827.5745172235,231932.13001631,128130.71075752,43432.4403651124,22622.8457341134,11783.5450039088,22116.9310196531,229116.124602406,127705.408326735,43676.7875104714,22842.9558102684,11944.5550092307,22402.2410201588,226343.639236901,127218.277283187,43903.4686898816,23063.7094732877,12111.1157246945,22697.5438904469,224879.337298547,126988.728849422,44174.1368139954,23310.1823551673,12294.8802895543,23046.6836444154,223718.812768457,126972.780151429,44373.1152394878,23500.0215554334,12445.5509658822,23372.725293479,222449.543561497,126967.483674592,44594.3307271238,23672.5947967738,12571.986532929,23651.9674532365,220940.192001551,126871.501867824,44818.7496590921,23852.8614978909,12698.8322207768,23907.3727382896,219206.36191145,126670.042543712,45027.7626233715,24033.8219647728,12829.7753657417,24154.9192200768,217338.562765619,126385.355735438,45220.2335033702,24212.9132421172,12964.1808635117,24407.1473853754,215361.144270406,126033.070776177,45390.3460168472,24383.8278367572,13097.4223846194,24661.9530035109,213328.120583272,125631.613687238,45543.9794626977,24547.6692938914,13228.6249521829,24919.4365672777
464,265429.852633194,128837.1882283,48807.5361780557,26604.5156588171,14449.2366747525,31852.3040757399,232306.746274251,112259.055687956,41566.0924716267,22705.1100605815,12353.4660062989,27904.0598245603,239466.381005427,118779.212630133,42218.2678550686,23203.5380285317,12797.2790824215,29295.1691838687,235028.13001755,117856.528483019,41868.3727276544,22570.728183182,12346.3902748512,28891.6071582938,234543.79030829,119357.383164355,42805.8983072502,23000.4039839502,12464.1896030672,29142.2726499498,232780.81483875,119697.870161288,43447.1973821365,23436.183296805,12693.5648942857,29392.1148966693,231221.797490436,120145.499495824,44059.2816060829,23891.5089510537,12992.3078437928,29859.397144578,229600.440367406,120473.690325483,44614.174319111,24316.3084739402,13286.4231335259,30402.9453962189,228439.121523362,120884.676219569,45175.4669886664,24742.6076809376,13584.0042977613,31016.6551477918,227049.494142772,121215.788257083,45665.3512043433,25122.3900025541,13854.7110350166,31608.5655408448,225517.481508938,121507.74798546,46163.7591282075,25500.8440328297,14120.7316541456,32195.1997764834,223754.238133715,121677.602229011,46637.0882983636,25872.9918656785,14384.8790360046,32770.5672096635,221887.034434281,121765.709730394,47092.3273889245,26242.1360340205,14651.7130354794,33350.1541087764,220515.854134092,121945.34423617,47570.4386771365,26630.4857011131,14933.797413046,33979.2744261341,218811.955721962,122014.284313011,47957.2023576176,26961.4279216275,15184.6807002639,34563.4319345462,216871.866481716,122017.345099757,48353.0903052725,27290.6855816899,15430.3150120781,35132.9530968571,214727.711169709,121889.034136229,48727.0198063867,27618.739539546,15677.9008619974,35695.6610614342,212485.065077479,121672.250640753,49072.7987939055,27939.4957726666,15927.3229007313,36263.8061554523,210775.783392145,121567.798384543,49446.8625425818,28281.7165177686,16193.6375866421,36890.5184749589,208779.372656324,121362.309222212,49723.4219678488,28560.3443548671,16424.0216952936,37466.694258502,206652.376847862,121124.216357998,50016.4956938359,28839.2158192108,16648.9504494455,38030.8363133981,204244.823017485,120732.381471148,50270.7240824419,29104.7924771382,16867.6322659449,38570.6169505991,201705.055944945,120246.579914194,50502.389803714,29365.5894827159,17088.616760882,39112.702695489,199556.093729059,119822.797107243,50751.5006242085,29644.2413328243,17325.4280813783,39706.736560747,197316.270041019,119359.0959523,50927.9508905417,29875.8524500834,17536.8865428634,40275.2420111204,194741.75173799,118783.307225253,51072.475948833,30077.2251125016,17725.448340235,40798.7676674524,192047.815818577,118110.758923825,51215.0251435597,30285.452373172,17917.9877699597,41319.7788415535,189499.398232035,117392.37153125,51339.4497321859,30494.027658564,18117.1516073513,41859.3451656519,188306.523912561,117101.654159042,51575.4792540391,30772.154758168,18362.947189567,42547.9974856231,187081.734461246,116856.296001122,51680.3124051289,30941.9083260908,18538.1115319965,43137.641297092,185791.961861056,116668.680148047,51833.3176556763,31105.3982500101,18688.2338099926,43660.9785936687,184296.59638978,116372.835114123,51983.3415402664,31273.2686342217,18833.998738159,44128.1612636376,182605.333343957,115976.53243514,52109.2591783966,31438.7634570785,18983.1388659217,44570.4317655296,180813.953353721,115505.411600715,52215.8650832129,31601.205407673,19136.5057466792,45015.4362226115,178945.516513029,114969.804160491,52293.2482185424,31751.2372262468,19287.1824535619,45463.1106595504,177007.536812887,114383.996886804,52344.9725429231,31887.0623094765,19431.7287626369,45910.9010201022
465,339278.544221907,69297.9710703418,14618.9788374002,6385.27573477752,3001.07813383802,19895.6891171737,319973.742573221,62984.532958797,13658.7561566483,6181.22503561073,2948.00635455515,19575.6339613562,318647.168602975,63773.4909608185,11963.9962354877,5350.58229778001,2665.47918505367,19675.5801289754,318252.944749771,64512.5779984634,12021.3657633578,5107.93216040604,2440.16748807648,19727.2471477802,317877.968093466,65077.5734190948,12182.9730181644,5138.04993329804,2404.86513805402,19871.3247512747,317277.952527913,65594.8550465621,12334.8294550502,5196.98249205256,2419.76024081594,20091.9945717131,316641.548235059,66077.6529348258,12480.9698484936,5257.72830261911,2442.69601640946,20343.7505049454,316026.317443511,66543.6940102212,12623.4854163367,5317.24843054426,2466.24799100547,20603.0806305201,315858.034309641,67018.4619624597,12760.783285914,5375.0204668459,2489.344896191,20871.6643286726,315497.419497336,67520.9239080388,12898.9936616397,5431.29379093521,2511.29786222902,21133.4657393688,314940.451173044,67993.7704844084,13044.2719899583,5491.27304040599,2534.46469682088,21388.8612727101,314171.076010022,68436.2136630479,13187.5061256826,5552.23275763397,2558.66718087623,21637.9447756683,313358.008061765,68846.5158554524,13328.8939036504,5613.17417900685,2583.26460012979,21882.6172918017,312977.649606846,69260.2431034387,13461.8415426422,5671.48192830602,2607.24552808164,22133.9548827961,312277.36111021,69695.9082484883,13594.5891554599,5727.20031906612,2629.49562023867,22373.5914554608,311297.359064683,70087.5181721721,13734.7361651404,5787.05951904689,2653.08754949431,22604.190340945,310102.282991476,70439.7020948105,13870.8729405994,5847.48150311524,2677.70171103799,22827.9155855617,308873.840402494,70757.5461184968,14003.6201120719,5907.08631971237,2702.36869367546,23046.5942270157,308121.943886733,71079.9820938077,14126.5722017663,5963.33904598721,2726.03003029273,23273.0389351702,307090.017085113,71427.2350271075,14247.906234351,6015.96321358778,2747.36795093703,23486.4178451605,305847.114803742,71734.8425449939,14376.8479379423,6072.73670266672,2769.95386414558,23691.1858926637,304303.719870813,72004.7097995928,14502.7111211491,6130.29324709179,2793.59633170134,23885.721596873,302661.214826299,72229.5153572056,14626.1985233918,6188.05025093378,2817.8215369809,24073.601116736,301400.126080365,72448.437409131,14739.6114889996,6242.66840785509,2841.32826235953,24267.1620433511,299974.588304838,72685.3688771592,14847.3813295781,6292.42508499022,2862.20667449918,24449.6226441779,298171.671181398,72884.9182401086,14962.0569207791,6345.00211854716,2883.55354407768,24616.9798010549,296195.24817289,73033.0069543156,15075.3177908302,6399.8925885915,2906.62773754194,24776.7183009952,294592.09524364,73154.15249424,15182.7426252448,6453.61852085095,2930.06207949274,24939.1287340856,294282.268353912,73349.0339614117,15271.5107852425,6499.3125394526,2950.65924455453,25131.2996066671,293867.849083699,73641.532488213,15356.2875201451,6535.25048182971,2964.91201651198,25305.4321117887,293284.242484715,73916.7707829589,15462.799537943,6580.4891558947,2981.56952288459,25469.0253553597,292442.699017277,74157.7006425609,15570.9518702165,6630.54692361972,3001.74652741644,25622.8779620443,291378.257984139,74358.3638470572,15677.2415935385,6681.95168341768,3023.76888949255,25768.3560654601,290191.945103112,74524.6306766215,15778.7397890546,6732.67746830608,3046.35649437802,25907.7934080487,288900.701394927,74665.4231081948,15874.4748212642,6781.28717123759,3068.41302326141,26040.3583832468,287504.9752096,74782.5419604062,15966.0179924547,6828.13669060426,3089.74638142745,26165.4970670841
466,345092.002188559,91576.2665062286,21536.8324819693,9279.13053363145,4054.23582757757,8397.48384962972,333529.64793301,88089.5254339779,20774.8077441252,9058.72506026513,3976.31264100835,8336.80456994993,332547.391724072,87020.1806987049,18395.1750661763,8165.7149401635,3734.73693295001,8323.70226511353,331713.288560685,88013.746542176,18091.0632700113,7558.27157098582,3332.91844418939,8111.2522422416,331068.544517145,88681.0824200512,18331.5063566979,7557.05393412099,3227.86462355793,7958.62959900884,330192.513034558,89267.0215229888,18575.1456500073,7657.89204141957,3248.16826322951,7946.78995027849,329235.700251009,89779.3808518404,18808.7820019358,7769.34173360918,3294.31014171713,8007.39641477506,328171.332653227,90259.1307721476,19030.9466725077,7878.4908289232,3343.81274001729,8092.49959204325,327585.047055063,90724.3785636854,19248.7105608492,7986.36638525708,3393.5151514539,8187.73384476035,326864.737086298,91236.6612512708,19455.9083777081,8088.01695092627,3440.49905326217,8281.9486191274,325899.799110516,91708.2587267635,19675.1959455722,8193.93098659095,3488.41537929096,8373.53387038304,324697.238604248,92121.8780466811,19889.6736681121,8301.71256490088,3538.33896606122,8463.75074909905,323261.183756239,92483.565556089,20099.007986124,8408.92690143223,3588.98307529536,8552.12242424996,322304.989300086,92818.8400917799,20302.0259290069,8515.49215648355,3640.16351723857,8643.86400490862,321142.440294921,93199.8185928879,20490.6613642062,8613.5260638908,3687.63230608009,8731.41251414784,319602.302482653,93521.3572163295,20691.2898800186,8715.61877802276,3735.71094484181,8814.01816045454,317791.170490377,93763.7128229151,20885.9097241856,8820.09329707793,3786.30347150621,8894.99325062851,315771.048327848,93948.2516316025,21071.7420774749,8922.80649458069,3837.42019907475,8974.27308809546,314293.173244199,94115.9405023846,21250.763378038,9024.27220438535,3888.7742831651,9057.74010214816,312630.338139603,94337.2817369325,21413.5099558436,9115.58554875814,3935.46432729232,9136.2109556751,310723.13107715,94503.5947124113,21588.8401380546,9210.90346357296,3982.51141381639,9210.16710996022,308473.60729874,94602.5563494731,21756.7042411093,9307.42014312294,4031.51046467706,9281.26633311957,305947.342739177,94626.3901790451,21918.2305823311,9403.62365241086,4081.61513165587,9350.20074176142,303836.060580712,94621.6163665741,22072.4848311703,9499.34649809994,4132.7510934463,9423.3602417338,301680.345660439,94658.0310975091,22208.6800586282,9584.78495268858,4179.46567813734,9493.09355054208,299109.642626471,94646.4065583511,22350.1685815969,9670.08202917626,4224.67708854078,9555.53684299428,296288.082019744,94544.7350198098,22490.526640577,9759.48716985396,4272.80265219875,9615.83894018856,293544.988494972,94399.0335685711,22620.9978884489,9848.05933683417,4322.47269323233,9677.38628356079,292328.052266035,94348.8325102006,22748.887518323,9936.01213310104,4372.72955580505,9754.39847407921,291336.209406318,94507.5600179286,22850.8211709902,10001.4528462857,4410.76138577187,9824.27062238596,290194.352810578,94662.0450354102,22985.6128501322,10073.4392532517,4446.78400756556,9884.99735168826,288788.46728011,94763.4300304576,23122.1841025739,10152.8038045086,4487.5080014752,9943.50360592195,287106.41499767,94799.4517806455,23253.3189534743,10233.2404541216,4530.74377724838,10001.4975248059,285266.638499749,94776.7311763341,23376.8911219478,10312.9309188288,4575.08634961522,10059.4493433906,283302.696039518,94715.2315988245,23490.2697290559,10389.4313619881,4618.9311794517,10116.2824306616,281230.944722027,94617.9244734514,23596.5419970068,10463.0229959653,4661.77885142486,10171.0142787377
467,319543.262429561,109652.123162626,29126.2675710666,13186.4934670841,6046.87035165543,17846.4442213399,272694.100754531,89040.5775295153,23799.7660592883,10988.8006200806,5099.3070154027,15888.668800131,286962.29381806,92724.58079893,22563.2257496706,10642.9036707464,5107.5770770495,16622.5514113587,289159.699077321,95171.6081687346,21998.8713405581,9776.57834708964,4605.17851720476,16529.2686369605,290078.476276951,96637.7828848686,22468.4710254086,9770.45561952784,4424.72631591339,16397.2742630439,290608.593147269,97857.8614315259,22965.8284354883,9981.31916773986,4469.3586547573,16455.9842684142,291066.54658225,98992.7541601152,23442.5702953264,10221.0691645082,4574.42299125241,16651.3614146355,291372.298498463,100054.091929716,23895.5149458826,10456.373531126,4688.45792163635,16898.3018578693,292134.267250627,101159.662851547,24354.7188127022,10695.1994768511,4806.23313941699,17175.1004436298,292411.701161086,102135.030379116,24764.8779362006,10911.4341823337,4914.35694717379,17436.0805918633,292553.658876467,103124.984613613,25194.7213585125,11134.5040937854,5024.57685500715,17696.1945271342,292439.749020652,104039.77689734,25623.124778652,11361.8620581964,5138.07706268521,17951.449119444,292202.085084793,104923.020793924,26052.3588618997,11593.1984298067,5255.32313536334,18206.2963314613,292413.367590833,105834.821403581,26489.6568012815,11831.0776565928,5377.13423213239,18473.735204096,292043.178252965,106598.592681968,26867.3015935389,12041.3638439742,5487.17711144508,18716.4749390882,291515.860960397,107386.449684667,27272.7094535191,12261.3962219293,5600.26817245827,18956.9058700812,290695.973550628,108077.140425548,27675.2145572826,12486.6424386639,5717.50453530749,19191.4030482364,289754.211827491,108731.460763068,28076.3686685105,12715.7096898919,5838.99720550784,19426.1982827624,289286.641916792,109400.594068879,28481.1278493065,12949.4574117764,5964.45984236463,19674.3866268529,288334.760719051,109947.808245415,28823.6916093686,13153.1039334052,6076.71243512562,19899.0596815999,287300.453712671,110519.44938668,29192.3745831383,13364.6487418839,6190.62352629541,20120.6896054271,285876.88047664,110975.772876822,29549.7027752051,13576.8904198282,6306.37761459151,20331.2296120395,284265.593253558,111385.868261517,29908.8546621817,13794.5178171305,6427.02057802006,20540.7225890148,283037.504142319,111797.158566121,30273.8084487826,14019.3520227801,6553.42456514397,20763.5716362386,281514.35742573,112099.037866246,30578.1526390859,14215.8299589758,6667.99418709431,20969.1950275596,279695.095725722,112393.607975341,30890.0599433191,14410.3510103247,6779.64423817051,21162.7003293864,277654.474272253,112604.53710232,31210.9792598032,14614.4250057206,6896.62574922289,21351.1609471555,275723.265659243,112788.660965483,31530.1385901392,14824.599398591,7019.91755957678,21546.386181439,275120.5244356,113107.145244047,31860.3517539161,15041.8055747117,7148.8253927956,21779.4797487148,274313.737871197,113358.461881945,32073.6594628879,15193.1830233262,7244.93466079016,21979.172042703,273634.600023462,113761.756528906,32338.2016969828,15349.6810643496,7334.72195824326,22166.8185584248,272567.306293671,114035.405776228,32599.37001494,15510.4763859578,7425.59676391872,22335.3976683368,271317.5898299,114269.627263078,32861.6481020868,15678.2930270526,7522.92172326879,22501.8468795054,269900.345672713,114433.464112792,33117.5459094705,15847.3277224994,7623.53199596126,22667.1972900781,268352.277631698,114542.015167892,33359.4469808785,16013.0655149297,7724.70943499005,22830.6211953129,266693.096220021,114604.801426559,33590.5854231616,16174.6275457074,7824.96789982785,22990.6039323879
468,363901.985715017,101007.018527602,23300.2339167727,10215.6493677918,4615.17437452213,17380.0737557692,338448.555940075,90489.748057209,20995.7519914429,9389.74808327072,4289.39106186368,16641.0503479184,338498.094575315,90256.8093875593,18738.3161100311,8493.87060199216,4024.88867286299,16725.5974944077,338936.576187854,91935.5832093287,18482.3121700292,7915.82776715519,3637.58587423731,16646.3481721606,338841.796050912,93001.5385439108,18801.2252643188,7928.62943497611,3530.17979159527,16604.2965946769,338325.559499403,93880.1488714576,19116.1703411203,8056.78719744157,3557.75608485297,16699.5594062006,337733.510894376,94685.4405811103,19416.8139658184,8197.38671259434,3615.65798556001,16874.0686728405,337042.915509137,95451.6604406266,19706.4496383786,8335.79717417194,3677.69882267821,17074.3582976928,336903.373575458,96241.9863710024,19996.2621988741,8475.05113393903,3741.13843785694,17293.5158601293,336434.339775584,96998.5774044809,20264.035641484,8603.12274240515,3799.61945246996,17501.3720484311,335735.654867062,97719.8159448596,20542.9796372683,8735.49875935484,3859.19875786319,17703.6176663092,334774.794180815,98380.222235727,20816.9743318535,8869.38040527899,3920.52303234004,17899.6003521605,333645.701565661,98997.5344902448,21089.1959135024,9004.13527474867,3983.18483011439,18091.0300813335,333068.030039404,99634.9479674715,21361.4435515048,9140.86329953937,4047.66493284977,18293.4125264544,332061.78138177,100226.885839295,21606.1523594771,9263.500985341,4105.90291356429,18478.5534497983,330694.552263375,100763.802581821,21862.2728623788,9390.42655951568,4165.0242077945,18654.1224435385,329096.608216531,101234.678722154,22115.3502347097,9520.60176393367,4226.92433033841,18824.5489905671,327324.949256979,101653.83637838,22361.662966945,9649.84055704408,4289.67353503748,18989.4911456074,326174.983827377,102101.410883852,22608.7224508118,9780.96687199121,4354.12392889124,19167.356280456,324639.342103894,102506.576675472,22823.7949244701,9895.3966062018,4410.99308694961,19326.9152738498,322872.596959758,102871.268214487,23052.2505230776,10014.356323181,4468.55608627047,19478.7795858334,320740.727610574,103155.362901515,23272.4569761446,10134.0265905647,4527.68830564635,19620.3891737607,318386.573405353,103376.168011906,23489.4791717588,10254.7170480788,4588.54280228954,19755.9432298388,316527.075468442,103609.694248597,23706.3088770718,10377.9162128957,4651.82637442212,19902.4925001207,314487.709828209,103811.063273194,23891.5675283285,10485.1357681577,4708.1640551517,20036.0239167461,311964.339395312,103948.247011366,24078.3665545302,10590.4488537262,4762.18870160708,20152.8417177303,309254.796391291,104015.67116921,24270.1885709144,10702.6279457733,4820.22883291769,20264.8856315984,306736.283943015,104061.091200509,24456.8381578993,10816.1283600382,4880.88113965878,20379.5931498402,305825.282225154,104265.098673434,24649.5168469717,10932.5253961989,4943.87321511329,20532.0593426854,304897.480382643,104518.961590929,24786.3794307326,11014.0318339266,4989.13161638233,20664.1492577913,303791.422482983,104787.443260324,24952.6222246748,11100.4204530208,5031.74370649592,20783.6037958994,302431.917677244,104992.689031393,25123.2231350631,11194.8584282485,5078.86025079986,20894.5230775904,300788.840730122,105133.860742459,25288.1993031815,11290.6216618009,5128.80041167426,20998.6441480046,298993.115816196,105218.853568627,25446.9739866899,11386.3319128835,5180.27117538476,21099.0166124194,297073.466140426,105260.012591224,25595.5922387929,11478.8231809421,5231.32766189321,21194.6232353287,295020.67892321,105260.226720136,25736.2690239473,11568.1488013267,5281.34004555648,21284.0488957021
469,253207.678207662,100451.923887849,31974.5691985644,15850.1369207284,7807.08678323617,12841.2477852966,223295.525623443,88970.9024158379,28270.2313594478,14131.1628188915,6984.0457135406,11563.7703081116,228708.128998273,93782.3887538613,28465.4341898281,14357.9937186631,7267.59360955686,12279.3636457895,225427.636823141,93287.2298390869,28380.6245228822,14029.9938381159,7008.34367038846,12130.9731449146,225168.174750589,94612.5304153508,29069.6528738912,14333.5349033282,7094.50509622967,12215.7741448302,223673.878901538,95007.2480546891,29539.150041252,14634.7535228652,7247.51776746755,12337.0035241521,222500.31999682,95598.3052837387,30032.0864758462,14956.9850712841,7441.09310258979,12579.5242943105,221145.397340522,96033.4544200086,30476.9800732834,15258.0468255799,7628.57608298195,12851.1790940485,220312.241524879,96573.3940857246,30941.1379039146,15568.8552465988,7822.92737434427,13158.0223759806,219209.54063664,97033.0316421194,31350.4747429927,15847.5458115821,8000.50035811962,13450.3328538087,217978.552522219,97472.7771033749,31775.8351262986,16131.6759443878,8178.93662094362,13743.7971894159,216550.009951471,97824.0582659087,32187.4722356392,16415.3508867972,8359.13902925266,14036.9800082858,215014.457835447,98114.6609470055,32588.8497734613,16698.2418535788,8542.00093143873,14335.7174703949,213943.572995256,98469.5063861481,33005.5478642325,16993.4998288305,8733.99616715713,14657.5475946541,212538.887415398,98738.3113181018,33358.5198762772,17251.4195828146,8907.17375054395,14958.0824368969,210929.573188148,98966.5441767068,33728.8921262259,17515.2269861028,9081.11537785817,15257.5313526716,209119.588258999,99090.8659954851,34084.3392818115,17779.9974327547,9258.21433524614,15558.0160396575,207196.292858128,99147.1017512049,34423.5494485163,18041.754448185,9437.69367861702,15865.230319661,205799.459018262,99286.6234332887,34783.3541647548,18318.7112095849,9628.15789014824,16201.3235376414,204097.265856702,99336.9308612351,35068.5229120873,18550.5421218368,9795.04253156224,16510.7117361322,202303.929665098,99379.8308946027,35378.8333260529,18790.5966084767,9962.97162165711,16820.8360077631,200193.253388434,99286.3061990876,35656.999114932,19020.9258328606,10127.5772264548,17120.7899490118,197979.232739851,99132.9451324057,35931.2584506231,19254.8615412247,10297.7023530963,17430.7693959766,196139.943622548,99015.7095932504,36212.6585339469,19499.1587172902,10477.3083769828,17766.3507946635,194183.522517182,98858.9322504361,36437.5226684613,19708.7604505667,10639.3734558167,18087.0843200623,191909.807975483,98622.1716379059,36650.351520343,19904.9146611888,10790.8291963486,18391.4663506495,189515.829627097,98305.0672978584,36864.8091740867,20109.4317396021,10947.9213291788,18700.0896776255,187255.28075541,97942.571208614,37063.8481014502,20313.4298237106,11109.5638103393,19020.961190602,186318.484823077,97906.0703754546,37332.7361625669,20558.1178295254,11296.9062098364,19407.9511718408,185229.79573265,97844.7665715045,37473.9124791754,20709.7933306005,11428.1116737021,19723.9809479209,184167.332820986,97880.1948561373,37680.160814658,20874.6650104869,11552.698857667,20018.874520541,182819.265788444,97772.9948510099,37860.0203272525,21032.2432258935,11670.6106690769,20279.0101991146,181342.3714112,97630.9567203579,38042.5183881283,21198.4960167532,11797.1546486042,20543.4108084179,179735.849593738,97400.5313575858,38202.7095538389,21358.6681297719,11924.1516586116,20809.4530423614,178079.476194698,97141.3039963634,38350.3804395227,21515.2566402532,12052.3131628507,21084.5728426363,176325.338292872,96822.3539350051,38475.8554653355,21660.2938905713,12175.4011757371,21358.5245824289
470,344174.486167683,97025.1417623782,24094.8853256622,10811.7792233359,4954.54403835303,17146.8917461629,325781.66251758,88637.423103749,22193.9868379128,10163.069587121,4699.47399602761,16615.9267443009,323827.301529033,88551.3157077273,19549.9034193295,9022.18589962317,4344.0864444615,16582.5563164802,323191.150205136,89878.0292276194,19435.5541700736,8483.24604297599,3930.16842325895,16412.8778636653,322565.287822651,90804.5746658814,19781.5681672518,8532.67375500476,3840.91255301803,16333.3856488818,321642.612230796,91582.6228120361,20113.5551884411,8681.64321100522,3883.46720648701,16411.5469602263,320642.301111238,92283.2417702295,20428.0338906443,8838.97536709553,3953.51510656036,16573.3610632525,319611.346696817,92950.5530131362,20730.9125244843,8993.41451548532,4027.10140611489,16763.7347314677,319053.073373566,93624.8242277752,21027.9968833176,9146.05433905221,4100.91582185865,16971.443600431,318283.212538583,94311.5639360654,21313.0447551565,9290.7744537606,4170.91004998194,17172.6955665739,317275.38843309,94950.3618489123,21606.9311427854,9439.59809468815,4242.03044432405,17367.5198203926,316016.641584134,95533.0962661423,21896.3861365807,9590.23347819602,4315.28884116629,17556.8778880818,314626.912674682,96066.9579671472,22182.8296122814,9741.66489195941,4390.09256295419,17742.5137032852,313735.53892525,96606.6408059861,22463.2783315127,9892.6967339248,4465.92419161484,17938.4249215075,312509.290945059,97148.4377419743,22726.2740783328,10032.6343027185,4536.4728177778,18121.1520275511,310922.418899845,97620.3883951885,22999.4116906506,10177.3183110454,4608.20645304651,18293.5471662038,309097.221885893,98022.1778706746,23267.1013503045,10324.6909432125,4682.92790344843,18461.0474671968,307143.367338073,98371.2805149219,23527.9353686863,10471.2546610776,4758.79162799867,18624.5003656142,305752.348849595,98735.4905448412,23783.1406113819,10617.3311295493,4835.58380905294,18800.6707168691,304074.159180732,99103.7533857445,24016.9996169182,10749.637872652,4905.62317605987,18962.2972598289,302144.233927262,99411.6844194572,24260.9373886317,10886.1412613119,4976.2917907672,19114.8189424691,299864.926679938,99645.0867246837,24496.7693742201,11023.5202564017,5048.9463575736,19258.153921723,297409.575789213,99809.3495729687,24728.3597864867,11161.9994242224,5123.66788158541,19396.753090855,295396.822620532,99976.3776276639,24953.344872929,11300.5250499313,5200.08975926242,19546.5273703556,293244.124311957,100146.56142958,25155.3004241061,11425.2187536732,5270.06655102416,19685.944754059,290657.23622868,100244.981663259,25359.4854276725,11549.0170304573,5338.14477785914,19808.743259559,287862.709139189,100262.666760552,25562.65720641,11677.8334229065,5409.96090266446,19926.3443973373,285336.92853075,100254.791217854,25760.8827823768,11808.0249099323,5484.67177967962,20049.2748841694,284361.892707924,100409.924212243,25957.0983782366,11937.8374813434,5560.52999246504,20213.1753368662,283359.421879078,100667.337616984,26112.5227941439,12034.411951951,5617.56986384444,20354.7535158145,282197.354222954,100904.081389627,26296.3690427367,12137.5059043059,5672.27994164892,20481.4511818945,280767.947145787,101079.264792697,26478.8889565072,12246.4831983687,5731.11291157525,20598.5973801907,279078.980877025,101188.369534194,26655.9093617612,12356.6969636445,5792.76217773718,20709.8240729671,277243.212628172,101242.994189364,26825.6319103154,12466.6250780506,5856.07287888349,20818.3029449743,275288.212429071,101254.789781395,26985.0501906523,12573.2956168665,5919.06095081021,20922.9129299917,273229.546130895,101227.692537184,27136.1519910271,12676.7174000618,5981.07680402382,21022.7968921706
471,343308.880357575,110181.883678463,31577.849611869,14870.0728033169,6997.75339200194,14198.3014422211,324148.704493664,100042.856745027,28770.2682930896,13744.8244126918,6510.65564184192,13504.1264528568,323414.634505342,100123.088858608,26071.8134143909,12685.9833135108,6217.93204564864,13517.163649059,322972.97285409,102107.910761018,25855.9109867507,11971.0391719746,5723.11222202618,13284.4697959375,322063.551770258,103264.246248688,26388.5651645283,12051.3566899653,5597.05251575676,13067.1519995078,320874.33050932,104179.641669882,26891.7169809612,12302.4622492987,5679.81208689915,13060.9339064561,319626.429900722,104992.764807217,27357.1542141197,12564.8129879715,5811.46146224031,13194.9837916225,318340.19697297,105756.966913876,27800.1906387409,12819.7943924559,5948.98136408046,13386.6287929011,317540.415659001,106525.924876962,28236.0777602715,13072.0726413995,6087.01615246007,13605.7947489166,316476.362584589,107270.864532746,28640.9830470434,13306.6141035686,6216.61839323032,13820.2634136301,315183.297837352,107968.907653238,29056.2892095951,13544.5524862671,6346.48136694757,14031.9031231882,313623.659080671,108591.61790152,29464.0972515576,13784.4549071872,6479.06453705487,14241.8720279769,311917.695820871,109158.286527269,29867.3403518216,14025.7174311232,6614.43648121841,14453.2434169237,310729.410390124,109734.728109769,30269.9588913367,14270.2991521726,6753.3943597191,14677.2120230238,309176.072727981,110272.866902463,30632.4735457538,14492.7254888933,6882.16512619507,14887.8074615248,307273.608000723,110743.766980392,31006.0169781664,14718.3928805528,7010.80996762811,15091.6219728098,305103.760761635,111125.317137514,31373.4959106286,14948.3699981686,7143.77952607289,15294.6592422899,302801.55268659,111442.824388572,31731.1976017778,15178.2173028646,7279.57487979666,15500.0339858888,301099.32250948,111786.134424293,32089.4839802918,15411.6060313422,7419.20994735431,15720.9982025646,299065.077776698,112094.015154319,32401.0238416984,15618.1015341726,7545.88252598296,15926.032284063,296808.896388793,112349.146554875,32726.306804111,15827.9811373545,7671.82068605438,16124.8390679787,294184.847770784,112502.855883269,33036.705093609,16037.2643440078,7799.44561046236,16317.902743717,291386.202145929,112581.672038228,33341.8556365758,16248.5895843102,7930.75223965765,16513.1473897989,289021.209998818,112664.106022525,33644.6265117584,16463.7202751557,8066.74658402215,16722.9755061894,286529.842047151,112722.186289534,33905.7527549886,16655.5087525065,8192.03498038656,16923.2373028357,283601.249314534,112703.80505601,34161.5150000012,16839.8906728855,8311.36526645066,17109.0103445752,280475.685638908,112591.787787767,34418.2040220558,17031.3959215791,8435.53442188547,17294.3560573499,277587.857476256,112458.610765774,34671.0979084268,17227.3194547974,8565.63164044426,17490.4409777007,276298.357935299,112529.11540193,34943.3275571352,17434.5956357465,8703.72718390057,17725.9037429567,275020.32900997,112681.306024225,35135.7261474894,17584.7952441479,8809.6717689101,17929.0274362603,273635.731244462,112852.390097243,35362.9278681094,17735.5203278933,8905.89429606382,18109.509119098,271949.544765629,112936.790712143,35586.9903788711,17891.6665063304,9004.24888286645,18275.4328547009,270009.317754715,112943.745875734,35803.5386683642,18050.1276991379,9106.94344538219,18439.4474124457,267932.975806253,112886.183019311,36009.7842180858,18208.380471103,9212.55321725453,18606.652539001,265733.860154743,112774.720062942,36199.63640859,18361.0134120264,9317.49794958775,18774.6996194993,263425.683848329,112615.88318443,36376.7366394331,18508.1327451233,9420.6850597049,18941.7852053872
472,323978.288058206,68546.6836780015,13887.5363698221,6040.98960315267,2870.63273203682,21505.5717230261,298990.113378393,62654.1662953591,13118.7608118779,5886.52979718889,2822.3997266204,20815.5402625277,296382.9028729,63773.0225598565,11951.6124660099,5227.0348117245,2586.14236405616,20876.8054480869,295029.586408222,64100.1245788461,12183.5745805625,5161.4338900952,2454.95557540593,20942.8398140658,293686.937604021,64324.6578159076,12301.8056223908,5213.25024300418,2455.22544446442,21093.1535382157,292092.53514674,64514.7022442689,12390.2087130345,5252.67755567452,2469.37579243783,21284.6551025965,290465.800411171,64668.3945537056,12472.2097248849,5287.78611593321,2482.43677876113,21486.7948369803,288817.005261404,64800.7828977463,12548.9941478224,5320.29573037341,2494.21297614447,21686.3937455552,287730.121543884,64961.861130662,12624.7699140455,5352.78486271864,2506.13720081377,21899.9001019969,286449.523452911,65156.6366117269,12700.9184865241,5383.34671872339,2516.70247371113,22104.6864645043,284987.486803402,65311.5293437198,12783.266465997,5417.26841133942,2528.2686852994,22300.6199537667,283319.261168832,65428.6773765581,12861.0536717674,5451.19605941905,2540.51691504859,22487.4815968971,281559.341939203,65505.5666626078,12934.6307089895,5484.04042509008,2552.68452093857,22666.2806692737,280329.204952322,65606.3675321682,13004.7629485151,5516.36701052074,2565.20072042914,22858.8177285609,278822.245446352,65733.2669505052,13073.2483906978,5545.47674989411,2575.76987705455,23038.9663152803,277026.546677962,65805.6220376116,13147.1768999842,5577.66639888743,2587.12214435024,23206.1298703918,275008.862458145,65829.7435838768,13215.0499272637,5609.64114328828,2599.16483596694,23363.4378596645,272940.869614241,65812.2958379742,13277.5213974851,5639.95182833141,2610.91626427067,23513.2465239967,271450.27975147,65830.3175726437,13335.9467700333,5669.29305335835,2622.75568807056,23679.6135658892,269690.035165819,65874.8805353057,13392.7922296687,5694.81167596958,2632.14314510851,23831.3731900404,267762.016972583,65877.3678240767,13456.1045016311,5724.11209489921,2642.62881138153,23973.9479603087,265524.340481784,65834.2484076838,13514.0510498276,5753.01257634023,2653.63013099972,24102.635094438,263192.195081728,65740.8966527605,13567.7409299586,5781.35672107305,2664.87382038669,24222.7137691331,261295.885769167,65667.3112836982,13616.2472183405,5808.48079383063,2676.24541916701,24354.9455868101,259288.553314659,65620.3741142441,13661.3647855078,5831.61097692192,2685.34338339375,24477.765844748,256926.329352803,65528.7929430935,13710.4970513317,5856.39737000579,2694.42981427543,24582.5596056398,254417.502926364,65386.6422767372,13757.0579216188,5882.80142548142,2704.90877042084,24678.901587913,252197.902470586,65223.2362260021,13798.6536786496,5908.18899869355,2715.72769398214,24776.7271948711,251401.411962461,65199.7177238686,13839.2311600192,5933.19607262721,2727.10621505673,24925.2059547194,250550.888574653,65292.5163328948,13879.5798698612,5950.30377581588,2733.10745637048,25059.5499076256,249561.788955272,65368.0310578055,13941.1062425167,5976.48575715222,2741.45320591656,25183.4576564421,248342.962380829,65408.0434543856,14002.5641540095,6006.57848754826,2752.89761159274,25296.3525024381,246911.609246256,65404.7097585945,14060.7068741816,6037.1974125215,2765.74506880869,25398.9673485841,245377.809360755,65368.4521372467,14113.8785563893,6066.95235496737,2779.02399816249,25495.1026200329,243766.423607615,65311.0381539963,14161.74853625,6094.71096095349,2791.79605050124,25584.7631668642,242068.190552466,65233.8623920384,14205.8850753201,6120.82632064247,2803.87080603683,25667.0375621046
473,365751.594557135,94641.9120379146,20888.1076588696,9087.20877669457,4124.97831850388,18777.4082107929,343443.311370596,87251.5496718314,19819.3840940273,8836.30045096118,4052.72986278382,18393.9559986442,341791.56462795,87225.0650259834,17654.2709084615,7925.93304643523,3780.96428390071,18444.3561899482,341297.786397477,88391.5697160601,17624.4023420076,7526.20188524527,3462.59266668808,18382.2510356383,340838.079386805,89253.7246071783,17911.927735965,7578.91210145336,3404.28575660654,18406.3949748913,340086.90242386,90013.5704737694,18186.7969535095,7696.80102968729,3438.40270513554,18547.4440200636,339227.255651447,90706.2271873147,18449.2984464685,7819.54320167971,3490.00149858715,18743.4273520999,338363.483697641,91368.3467573204,18703.6763823234,7940.20356796629,3543.65925029129,18956.5074187507,337953.785100923,92035.4410317163,18950.7916366795,8058.29654684548,3596.87303551808,19181.7837210971,337308.059774426,92714.1989754132,19189.2257068208,8170.30969138436,3647.0057762722,19398.8599101013,336409.878794763,93345.3594496205,19436.5980592159,8286.56561260797,3698.38730065116,19608.0999266295,335270.328475441,93922.2016042818,19678.6875004137,8403.85367027963,3751.34394563357,19810.5238252694,333967.018798389,94452.2236357167,19917.4331939083,8521.00692644158,3805.04642725081,20006.6439177936,333154.369676595,94979.4745121157,20148.72768065,8636.74748316191,3859.00722407476,20211.3003299451,332012.911305697,95513.4267497852,20366.6211475228,8743.75951637374,3908.78472156149,20402.8830101049,330499.948879689,95981.6577655442,20593.8752845806,8855.11141148634,3959.62099726254,20582.8111865648,328729.800297598,96380.2564939015,20815.3481872517,8968.09406601956,4012.53617821992,20755.3017427526,326809.833492761,96726.9401336638,21030.0382568156,9079.7554468415,4065.92870672255,20921.1725120481,325480.740824173,97081.9605559496,21236.5943194125,9189.398107218,4119.2690211166,21098.6480718216,323832.425797565,97448.4759739016,21427.3668194486,9288.20620274526,4167.18767626058,21261.0877699667,321938.413137007,97754.440214669,21628.3905310151,9391.70164044759,4216.11072372087,21413.7312359463,319667.093833037,97989.710525979,21820.9277024509,9495.24641881273,4266.38554041556,21554.6718952422,317225.521590359,98158.7027560852,22009.9084665923,9599.42792237465,4318.01430111181,21688.7458967081,315207.979145759,98323.5963463972,22189.4478964298,9701.69353272175,4370.02164127628,21831.05978535,313065.120035287,98496.1582683053,22351.6049625118,9793.24651185309,4416.96420787663,21963.2587312959,310463.188532818,98603.9056538434,22517.2795639363,9885.06560644915,4462.79708259198,22077.7791070761,307635.936305364,98629.8961189179,22681.4114408195,9980.77988314351,4511.50108693988,22184.3501330551,305084.939982673,98631.3799353491,22839.6536133063,10076.6743227132,4562.00765505078,22294.2256899531,304111.96091287,98773.0249647665,22990.3386988819,10169.2202824182,4611.97097855687,22443.7594706336,303145.22739063,99035.1383831173,23113.9503762941,10237.900685227,4648.43989185558,22577.3948558763,302009.242433674,99276.7469461677,23266.1856990953,10315.137619595,4684.83412877423,22698.5429199185,300590.124348194,99459.6450803376,23417.7945980789,10398.1252956632,4725.41469057306,22809.7286502297,298896.504542189,99577.6373450758,23564.3972197659,10482.1060665456,4768.35818007443,22912.7445900001,297070.707032992,99644.6880993309,23703.8048830065,10565.329571771,4812.39067996176,23011.2261529233,295114.943351478,99672.0608551849,23833.4443380845,10645.0042365068,4855.62240808019,23103.3493634708,293042.981888449,99661.5698184066,23955.9771856736,10721.817131684,4897.81564685849,23188.8348708306
474,270492.887458881,110241.460261568,32508.1591019344,15576.5153324494,7481.39726232605,17553.459004441,239319.012470206,99912.8799686391,29566.2567593127,14263.7470593575,6863.57545893518,16009.0116786031,242143.604765937,103074.174367126,29656.668054086,14525.6748133442,7182.57959657258,16888.4095010334,239350.340959482,102734.137115705,29451.8513336796,14185.7270093234,6943.6122849161,16746.2416556814,238986.072562206,104026.274501736,30196.1391295303,14494.830028027,7031.93826290985,16918.4475874741,237303.872858966,104282.600182862,30593.4000822063,14764.7586428709,7167.88435712103,17039.2689861692,236081.640060827,104873.251669284,31099.5867838047,15079.7368601703,7351.51744711567,17310.5681591218,234529.69069929,105208.941205209,31514.2789703149,15360.7164266794,7522.24775244294,17577.4614293836,233573.416635691,105697.199265271,31972.006424194,15659.7117414461,7704.01170165059,17893.0948100563,232391.922313994,106121.244411272,32370.7594461709,15927.5559160436,7870.0020345985,18187.7829891801,231057.417675517,106513.539385489,32786.9131068199,16199.5378756084,8036.0265702885,18480.3030186933,229516.586992214,106813.088176579,33187.8982813572,16471.2808255475,8203.93963360776,18767.6773015053,227811.936422667,107039.152195655,33577.2687207205,16741.3511356504,8373.9674282922,19055.2603652334,226589.260127848,107319.649344916,33981.0954231212,17023.7580013458,8553.07033879334,19370.1860952603,225115.82495649,107562.858868026,34330.2863456647,17274.3927868536,8716.79335909026,19664.6286184075,223359.17045164,107723.776736281,34687.932210875,17525.1844031504,8877.98378398196,19948.0444791235,221423.671328169,107791.72653786,35036.3355288915,17780.5685116942,9044.24375842041,20231.350051611,219310.904265081,107770.221170829,35362.638938965,18030.0299228482,9211.33926579325,20513.8122942025,217748.711295957,107827.080879952,35710.2782619586,18294.9581370554,9389.35636135546,20830.6666717584,215952.198417134,107844.475591977,35992.647874013,18521.0408007071,9547.76586964379,21122.0226261941,213996.490659191,107810.272637103,36291.1183665485,18749.2740273984,9703.68963915616,21405.5497815465,211762.809874502,107662.179819478,36565.7251153679,18973.2953714109,9859.49197606633,21678.294317896,209341.224240885,107418.505065578,36826.4051050157,19195.4154034433,10017.7600986712,21951.2005853706,207335.054517215,107220.601581606,37099.8288231791,19430.9995644302,10186.9819826649,22255.745587864,205249.098476333,107005.873245119,37319.3007329419,19634.31850594,10340.5104783707,22545.2582966272,202837.237309712,106703.624838968,37527.1875074644,19823.9903707988,10483.332635706,22812.6381062174,200264.186219372,106301.729802076,37732.3803723543,20019.7556020233,10630.515356449,23077.8579257219,197766.806922981,105845.969495041,37921.0237145943,20214.7634789544,10782.0398245568,23351.9202310175,196665.536647389,105720.235659946,38179.3982031419,20450.1440010872,10958.759922064,23710.3237982581,195543.552951799,105660.620175717,38326.5382044489,20603.561789808,11086.9809575582,24008.7078129276,194377.576428618,105649.089776958,38526.8739366177,20761.1419217386,11203.1939463564,24278.8301182513,192963.746094846,105518.674952775,38709.8033855719,20917.728521676,11316.7471574501,24516.1225706283,191369.813496588,105327.272486032,38888.3036113232,21078.9061158492,11436.6221411989,24751.6231481965,189662.606342738,105050.056934148,39048.0081883703,21236.3954249737,11558.3133116858,24987.4951029618,187888.987334668,104740.272837975,39192.9882995581,21389.3187828838,11680.6861425651,25229.639536246,186023.267703887,104367.463749205,39317.0576544455,21531.4837643301,11798.409616313,25467.6818459491
475,214105.725309712,119487.566639747,50517.4665889127,29222.9820195931,16800.1992889322,30622.6298336565,182189.169149423,103004.158557391,42336.9796182506,24422.1775932842,14034.8532094512,25841.9949560768,196334.223815736,115873.910245051,47056.4519356767,27217.7445153115,15773.767789646,29235.9716364608,183729.998680431,107140.539439995,43946.2314461465,25294.000238719,14610.5827563023,27396.6693587652,190950.862293344,114667.357655411,47296.4139490161,27209.1256573504,15711.2593411403,29516.2571762893,183399.695026521,109676.081548048,45936.9871585231,26574.2867346779,15354.297358064,28787.751047557,186615.668645503,113804.357953579,47995.6234193406,27902.4646125084,16218.0107656182,30423.3241188112,181797.97690359,110977.469480639,47382.8693433956,27702.7735383909,16170.9367884829,30427.8770072179,183314.461855772,113397.835267488,48755.5469163344,28646.3304479118,16819.750579036,31800.7999235654,180209.038495508,111880.582113123,48562.0837265624,28669.3901602657,16906.700547528,32151.9584222205,180283.52260087,113211.606313313,49492.9256730343,29342.9504594112,17386.9514777719,33257.1409850746,177738.571125053,112278.7144969,49556.4835965574,29513.3479090039,17559.153022948,33776.7698740196,176886.432824068,112844.386171115,50215.3744178088,30043.6810029453,17958.6106570897,34737.3023515554,175190.892149284,112366.179398504,50451.5351194623,30329.5264130995,18211.0486779864,35438.1167274149,174093.785159097,112600.644327885,50905.8444743956,30736.9799591821,18541.7935733559,36315.3771809505,172183.38336758,112185.279480657,51141.6619846395,31003.7620559395,18778.4104353241,37013.2080306141,170541.885848768,112053.12710648,51508.4276331077,31362.9889351414,19076.2063864106,37826.6962006038,168521.976100445,111541.153006811,51726.7088338254,31640.4023774941,19329.2202812756,38563.9220589484,167172.402934695,111365.779178234,52061.1248153369,31995.433074808,19636.4773944041,39436.4729650943,165425.34599349,110944.208405615,52230.7194874432,32237.2905527547,19873.1760128938,40199.3338765306,163693.249583371,110599.191179309,52458.0013090418,32504.3054308868,20118.8317817486,40984.5857210313,161640.908688374,110034.055734636,52609.8845987717,32732.8445791739,20340.8243005594,41716.8694467963,159510.455752566,109404.854624208,52748.23413874,32962.3430813024,20569.0694187727,42466.0465592944,157737.597127019,108849.698387504,52908.4603359343,33215.1290917684,20818.4573228932,43283.1970029124,155866.409336746,108255.360149515,52984.6405392004,33407.3422468855,21032.1173789628,44061.4359523643,153734.916067459,107558.819413402,53028.1742739848,33564.7614235155,21216.7423758649,44790.4652347058,151487.573701149,106763.33773541,53062.6931419903,33724.2531690822,21401.6203209452,45514.2150094121,149390.184462091,105927.023965759,53078.7552789666,33884.2903873007,21593.7162732913,46262.7781297885,148438.418856889,105550.6929707,53234.2034938235,34136.5834538621,21850.9342272137,47193.205670735,147413.112226859,105212.538297897,53254.0779038016,34264.3984561764,22020.1869951276,47979.7216433983,146313.751477929,104910.78689033,53323.4693893799,34384.8998264374,22158.9340606158,48675.8108983276,145071.857131542,104535.957213,53403.6691040976,34519.1996516967,22297.4721953227,49310.3323323592,143651.562925492,104034.83252712,53444.5543775842,34642.5278235541,22434.2158379857,49901.7993362714,142185.924295899,103494.311687632,53473.379515422,34768.2387032158,22580.1886749183,50508.404947465,140630.817967909,102872.646740087,53459.9107704363,34870.9624867208,22716.558584013,51108.7476649051,139042.528112997,102220.489526619,53426.0394568352,34961.6858960494,22847.7697397271,51718.1095612297
476,351169.716970897,80017.5745374826,16993.5271696741,7308.84555022906,3301.74165961444,15131.2261077083,328558.759480786,72953.0048628592,15932.3565940977,7054.67992296284,3230.7349459739,14794.9804787178,328302.443271022,73223.4963850054,14198.2837361069,6301.33924725349,2993.17418071744,14883.4508271682,328416.900576886,74248.5640537612,14151.2803722669,5967.97676423256,2737.57876948766,14869.7001297183,328313.9916642,74950.8244580577,14346.1560648018,5990.79287960592,2684.66879648195,14919.461008741,327896.031457669,75562.2588403548,14529.3265449691,6062.04066896523,2700.9747627366,15054.6926657878,327403.053383665,76126.8824135131,14704.9463695549,6137.36356601361,2730.10194034328,15230.3046835682,326909.966992532,76669.9305116912,14874.9006041228,6211.18155956484,2760.56708516155,15417.7801226791,326877.254588469,77232.7394581428,15041.8337643744,6283.92123535589,2790.92883189229,15615.5383735052,326559.057415074,77789.4324958692,15201.3967560283,6351.83696694377,2818.78009412173,15803.7945900648,326055.318750714,78313.47887903,15368.2001831696,6423.25285535712,2847.71344498998,15987.6325829608,325278.17699923,78792.6153914209,15530.5501205781,6494.91022969502,2877.43469624596,16165.3072299557,324433.817609308,79239.0592963347,15691.4842034541,6566.91130503911,2907.78928152357,16340.3578347646,324094.138457209,79706.8550868289,15848.3454169992,6638.04887130038,2938.29901698063,16523.5533321763,323312.89479051,80153.1204391759,15992.3148818441,6701.5105676186,2965.02001986385,16691.4680053566,322222.542849331,80550.4809838131,16145.5259201568,6769.23704256981,2992.96723187929,16852.3804882584,320902.814085646,80895.1042257511,16292.7301924053,6837.41852820182,3022.06518580029,17008.0949038618,319506.330621131,81207.0804456991,16436.2994030956,6904.72968967479,3051.33353889467,17160.56682986,318678.319927348,81545.8333970355,16576.2362262215,6971.14853318053,3080.60853539278,17322.4240882166,317493.110275128,81866.9342768497,16700.9263645228,7028.54473532244,3105.42417802328,17468.875609703,316060.322674987,82148.0670066213,16834.3512689871,7089.56469404769,3131.01977126315,17608.2635505264,314267.379681736,82367.5565939108,16962.0197122779,7150.90555764008,3157.5583806801,17738.5398816127,312367.601464335,82544.6141841809,17087.7237043082,7212.89663642342,3185.0874092466,17865.4972773537,310933.724100267,82738.6086004242,17208.976498393,7274.05936908502,3212.91937966142,18000.3330301383,309264.241245367,82914.9296673965,17313.1185187758,7325.71679353141,3236.25281574439,18122.1031159109,307171.066544553,83038.5666995157,17421.3341562623,7378.25790726143,3259.05398119792,18230.8972118345,304887.170920995,83106.2322094602,17529.1340273643,7433.82282946425,3283.906740639,18334.6903433624,302947.690720369,83176.445075957,17637.0639352856,7491.07722624116,3310.50270749387,18443.9267994255,302539.90270246,83382.836877313,17743.7831278153,7547.47180722403,3337.24855469095,18583.1998718986,301943.892309047,83626.3470763551,17820.7812638807,7583.7144426975,3353.44794581088,18700.1957981819,301168.758780724,83865.9701213583,17923.9109677199,7628.3921723813,3370.85336547278,18808.9118211344,300107.045415867,84054.0137411158,18028.3157752268,7678.68026977733,3392.01865325977,18910.2201594326,298798.796733976,84194.7577067842,18130.2059899287,7730.37873810662,3415.29177353723,19006.2749980275,297361.976363699,84295.9878114898,18226.8260530027,7781.48818479442,3439.28506152923,19098.664942774,295818.765788679,84366.2307520479,18316.0177714606,7829.8801289957,3462.57760804114,19186.2266417291,294159.334706815,84406.8554956726,18399.258674144,7875.69075054024,3484.80883185631,19267.950272006
477,349989.506012212,113693.057264005,27198.885720293,12243.5527476851,5774.17546296978,32299.2167101403,319349.68346014,99825.5599871439,24115.2340450225,11055.782115402,5271.42090572633,30594.9709923323,321028.716868752,99628.6178777587,21688.6425158352,10177.0019093597,5044.00469143741,30946.560856384,321845.653376983,101706.308191052,21280.9477278606,9437.05292712786,4579.03779798553,31025.1946498938,321811.708558595,102896.700734181,21652.0179803324,9430.65187620385,4431.16932398387,31100.0048691415,321328.478700143,103849.77832502,22019.3212420037,9580.39611448034,4458.86493232918,31336.0507357151,320751.361367959,104716.554315043,22368.9310146696,9747.55823707239,4527.7972401932,31672.7485709723,320087.646604514,105535.191726014,22704.0725229602,9912.1068132663,4602.65162885122,32041.1547057124,319932.242968263,106380.749563452,23039.5410871489,10077.6842835944,4679.48953454965,32438.7512081005,319490.256554605,107182.561673314,23347.242837945,10229.2758073198,4750.04252229961,32816.1353113326,318820.537903425,107948.13573084,23666.6245175998,10384.8146500327,4821.2535328042,33180.9978681304,317890.262473018,108643.994530992,23981.5735859303,10542.5750157939,4894.55555100514,33531.1519274547,316771.4625071,109285.370568943,24293.1682000821,10701.1827993758,4969.48859554339,33869.0967982406,316181.591215036,109949.514686412,24606.9774784012,10863.252738308,5047.32733124725,34226.1996800011,315214.547193482,110559.248179159,24885.7737270662,11007.7477389557,5117.39624040494,34554.2070830259,313914.354106324,111115.89156339,25177.7078232816,11156.3803574519,5187.87529825111,34863.5255742272,312365.398121496,111593.170143605,25466.305158336,11308.8107999534,5261.44048219493,35158.1320434344,310614.193060943,112003.894543166,25745.8201133642,11460.0064473326,5336.07023409403,35438.5395315906,309440.607332786,112445.175182161,26028.8417410252,11614.813768699,5413.60386837995,35741.0120552966,307952.41729757,112836.547308719,26271.5448219707,11749.1895951191,5481.93908490045,36014.9239374729,306238.041655974,113194.901622694,26530.2507017974,11887.8600501562,5550.34775607586,36273.1183237133,304168.601609629,113453.69695876,26778.5330113452,12027.1299467203,5620.26176323381,36508.5062931834,301884.706003651,113643.577440914,27023.1549424466,12167.5895993182,5692.29537773088,36729.3526247306,299996.171321377,113833.886594456,27266.3130686017,12310.7097544919,5767.25570513202,36964.1801907756,297997.2770455,113994.208632892,27475.7381051609,12436.8640009311,5834.94152430175,37181.4817258189,295573.365078161,114090.312508215,27683.4507487114,12558.831917187,5898.97011103149,37369.1283827208,292937.202917991,114105.116596404,27896.243969751,12687.5758635642,5966.78640947164,37541.2618904859,290385.29401015,114079.055142559,28101.8730261391,12817.7844664878,6037.6741374877,37710.4593679033,289357.577734857,114222.420627522,28318.4357596314,12954.2655768901,6113.29109788907,37950.8376959461,288384.623156904,114438.234104317,28468.5868122575,13049.6720164621,6168.16639505336,38170.2679213179,287324.110396924,114695.601330672,28654.8011397511,13149.8535321005,6218.88367401224,38373.5281468746,285989.910154416,114877.809257759,28843.9449190388,13257.8870622254,6273.67510721965,38554.7180249247,284388.546161279,114984.894918961,29027.3591495135,13368.096115778,6332.08856655373,38719.2035173685,282627.8134871,115028.573514926,29203.4704973842,13478.3749678554,6392.64301464682,38872.5330000654,280748.317967726,115019.588148306,29367.5807962612,13585.0899806055,6452.99995601059,39015.0508338614,278743.373836008,114963.153337542,29520.769661052,13687.3133623234,6511.88908899371,39145.2591478957
478,343730.523102829,93003.083812426,23565.5896487273,10579.153572449,4834.46484899405,15667.8057191438,332011.865947579,86581.1382431124,21719.8269939637,9901.5534889047,4556.28153181393,15317.9544737982,330218.267798147,86216.657352919,18899.8598189064,8705.10877102579,4179.86271514917,15240.6329318514,329238.090016793,87336.67568426,18665.3566777329,8082.47624945858,3727.68491357941,15018.6351639598,328411.480994519,88109.3303237224,18952.8577458982,8095.602909544,3616.93617306105,14898.0790264655,327351.513292401,88761.2084387205,19237.610157262,8218.40845661996,3645.17943941338,14942.5837298163,326226.723190278,89338.8374754798,19506.7596633282,8351.226816651,3702.24742034857,15072.0070376109,325043.251648388,89885.0920984614,19764.4597884645,8481.3494195211,3763.01879505717,15229.5714787897,324355.720607594,90431.1976679702,20016.9892960306,8610.01725301851,3824.13338001403,15403.5026263033,323477.880910554,91006.5731019028,20259.1941693541,8731.70634881656,3881.9556285468,15572.9157328333,322366.10655678,91535.148915246,20510.5588218513,8857.42222077115,3940.78902769821,15736.4493081868,320978.757007005,92008.3998086847,20757.3433670231,8984.66764634595,4001.53197606409,15894.3832992788,319454.998996033,92430.489337477,21000.4976584789,9112.42692159758,4063.59637293809,16048.5609087681,318418.389311494,92849.8965034849,21236.6442017217,9239.14947011165,4126.29772692081,16210.9514944365,317099.728048009,93291.1509751574,21458.5770779699,9356.48563309324,4184.54037087982,16363.5714605204,315400.512728043,93665.464720567,21690.2829354504,9478.00990639005,4243.64347893739,16506.0805502908,313457.000891899,93966.357828126,21916.3419313317,9601.93623228233,4305.43726260414,16643.6082770387,311367.493646242,94216.2545617036,22134.4970442676,9724.48262774919,4368.01799447741,16776.8379253506,309840.985004827,94470.5527838057,22346.5638625875,9846.1196469958,4431.161298474,16920.5602714695,308062.169297854,94752.4111357814,22540.940576371,9955.99395085922,4488.57883712789,17053.3448134364,306037.903988229,94974.4211659047,22746.4319908225,10070.1712838974,4546.60436605513,17177.5752167536,303666.469243361,95127.8137176728,22943.0401170289,10184.8938542669,4606.42274785241,17293.6296334708,301089.583897149,95211.7594998227,23134.9635202738,10299.973164189,4667.72735206288,17404.2513393338,298941.245224777,95287.6434737364,23320.0145340608,10414.8820626429,4730.43782109121,17523.8784852852,296694.963544065,95383.9201971043,23485.559692753,10518.0399519708,4787.79631105669,17636.1881210333,294024.084107532,95419.0626195745,23654.303408638,10620.5836836937,4843.42426702309,17733.9212739089,291138.41345827,95373.0335578772,23821.6142288057,10727.4653988807,4902.2729285289,17826.2840243331,288455.694478307,95295.5542870134,23981.9692799809,10834.5331431536,4963.23364255679,17921.2459645265,287351.499373774,95354.1501765104,24141.1498349876,10941.7103506449,5025.4045487145,18052.5321304904,286300.457286172,95562.6300770472,24267.5024699168,11020.9468053367,5071.92095438663,18169.3778444572,285099.786556307,95751.8947685719,24424.8940818068,11107.445022966,5116.60300949692,18272.9933705875,283624.807791183,95885.0544994273,24580.8667286589,11199.9539675375,5165.54867430348,18368.6348865697,281883.022243599,95952.8871325682,24731.9772165855,11293.6586464844,5217.1253831194,18458.8767364131,280002.214098123,95967.7089330779,24875.4255012462,11386.8811655364,5270.15961906612,18546.780203714,278000.98957311,95943.4990664696,25008.7104258712,11476.6194178082,5322.62306272513,18630.9063440438,275892.80778217,95882.9911174863,25134.4924342608,11563.3397105972,5374.08362118406,18710.4921572702
479,342115.747293465,79165.7436701623,16644.0114473907,7165.03926748884,3265.37077186472,17030.1680263753,317351.254855208,73413.6423846295,16095.937824729,7154.09804331128,3298.39854362168,16760.0053296368,316280.484537586,74553.7121067444,14782.7019733146,6482.92396305719,3075.82014862258,16870.850241156,316151.096164202,75428.814074874,15029.4715872391,6364.38354511003,2910.94799430351,16916.4882579566,315963.851796194,76107.0266695,15262.5551847922,6450.98735028178,2912.58784652145,17045.49735952,315532.676133914,76734.6409213008,15466.3503752665,6541.6351503362,2947.01498049169,17238.8768985584,315018.92883167,77320.5031797329,15661.6300718924,6629.31566264576,2984.14977166789,17454.2308169187,314502.062777563,77883.0989074829,15852.0469110771,6714.8415814736,3020.78644512964,17673.5018411036,314411.461372258,78452.7536428776,16035.0452510057,6797.64306103565,3056.44494586289,17899.5789516822,314107.666395687,79044.4252324206,16216.6813286858,6877.39421060239,3090.16136231623,18117.7725197178,313577.941146035,79595.813706398,16405.8375998692,6961.30698288287,3125.25288694384,18329.2684333029,312822.432082537,80105.1642484175,16590.7902357558,7045.93569552362,3161.54454137491,18534.9761354881,312001.188966363,80574.3596062316,16773.0083068633,7130.33545783311,3198.29694831066,18736.4347066615,311599.686604551,81047.0045137171,16945.1414644386,7211.55712662895,3234.28745481704,18943.7384651261,310865.532453127,81533.4381089188,17112.9214619328,7287.90252672122,3267.48767718622,19139.0831232142,309815.153298853,81962.3867792628,17289.0650997652,7368.90088743661,3302.16962218922,19325.3054357521,308529.218254635,82336.1856332358,17458.9800954983,7450.42413997282,3338.21259963643,19505.0792624722,307183.098073242,82667.2532639214,17623.3116323672,7530.50018847674,3374.29099950766,19680.1302751603,306320.508726926,83007.3816359683,17776.9105860914,7606.79096538569,3409.23289086903,19862.7643158954,305162.755251713,83362.9051039549,17924.4746156624,7676.8365945841,3440.58199824515,20031.8816885705,303771.784585339,83668.2549510984,18079.8741540188,7751.27892647751,3473.19404644448,20192.73207222,302039.057580128,83917.236078935,18229.8123313268,7826.12332073168,3506.99101641155,20343.4884349403,300208.429877618,84110.0853873253,18375.5718545805,7900.99515219969,3541.60619590907,20488.9718915942,298751.023599778,84302.6890835348,18509.9385823175,7972.19108888858,3575.42491227467,20640.0671800069,297128.497708834,84505.3023983599,18634.7782435971,8036.184804164,3605.4589083352,20780.3320090348,295104.22889821,84654.5116188148,18764.7818615992,8102.19729125147,3635.51100000965,20905.9200026431,292876.950999188,84737.4861104434,18892.1886998018,8170.77965279914,3667.68312451259,21024.4988459117,290987.371737931,84794.9071607434,19013.520243844,8238.58819694463,3700.71224392146,21146.3285803392,290479.055569404,84968.6000892278,19120.7248540506,8299.79660491083,3731.46636657151,21299.1597630924,289876.842853229,85242.9151106982,19216.6148252055,8345.80556426605,3752.82956053772,21433.8450710589,289101.577920912,85495.7502787295,19338.2009138279,8402.06755996306,3776.29981450637,21558.6115722974,288059.846710062,85700.910072268,19460.154538564,8463.70934704462,3803.85764869156,21675.2845262988,286780.875196933,85853.6194573425,19578.2215665245,8526.32110208573,3833.43769809895,21785.1761405812,285374.316115513,85963.6334534392,19689.6352420589,8587.774760389,3863.57758081449,21890.2190642236,283852.305659171,86041.5726980744,19793.0090966305,8646.20198407084,3892.89208032765,21989.2466177907,282219.717857377,86088.4301365243,19890.7025542672,8702.20491028986,3921.22348933603,22081.6763776028
480,356722.573115876,92685.1352632064,21601.89062553,9432.79192701933,4228.64442496505,14194.3715736507,339123.094612755,88084.8637117274,20946.830074586,9282.48578843957,4185.8669127224,14019.1801225761,337884.135962222,87590.3777940091,19023.2397012385,8587.91163982761,4016.07767158056,14087.7140466102,337208.791749382,88798.587891649,18918.2360164261,8139.59913378031,3699.27953843368,13995.1163905093,336537.886230427,89639.789491121,19238.5721507859,8197.01233880237,3634.17316284491,13948.6735718996,335587.405107686,90372.4879609643,19543.9055937901,8334.89724061387,3676.59959703877,14023.6802659468,334561.109002225,91035.0394786675,19836.5820644456,8479.43698816586,3740.69073585471,14162.945636585,333472.399055578,91666.9355789732,20118.0517817193,8621.23614647502,3807.41070422747,14323.3328858169,332841.100564447,92290.7115172337,20394.8764617343,8761.58532919746,3874.27268429278,14496.0361756714,332036.205027853,92932.7688275822,20657.7093902307,8894.05735391693,3937.60134414563,14664.1344481072,330985.525087585,93535.2291011836,20930.2776450813,9030.08722576608,4001.65930862439,14826.6080097086,329676.318399093,94080.3837530365,21199.1889631323,9168.2584430839,4067.83065511122,14984.3798559674,328190.939760218,94578.4818377044,21464.5048651268,9307.00458158074,4135.42690607623,15138.6226997968,327184.054305261,95060.5231281722,21724.3821800522,9445.51440351919,4203.99795351336,15299.859370525,325903.491556487,95557.5385454933,21964.7636915082,9573.15679792189,4267.7800107118,15452.1903298048,324257.732684664,95996.9584153925,22216.642687946,9704.78655323879,4332.16937636087,15595.6596959704,322343.563400809,96361.6094896143,22463.4999946892,9839.25307377419,4399.35822190446,15734.2893492195,320242.286745749,96673.5138668987,22703.0345573771,9972.8724942528,4467.66922953906,15869.032389896,318702.989698474,96975.3459915663,22937.4725384508,10106.2213065798,4536.92311901554,16012.9509367374,316919.865613497,97300.4188857784,23148.6059025398,10226.1864570323,4600.0689920698,16146.9518427671,314898.783479613,97572.6221633118,23372.27926099,10350.0041305092,4663.40357270061,16273.1771832568,312521.29366755,97773.6252746871,23587.4294505605,10474.6931255402,4728.58858186289,16391.7674881906,309915.070049795,97906.8049282375,23798.7663551353,10600.2831159671,4795.58690856237,16505.6425498955,307714.716004061,98018.9080145699,24003.0140539486,10725.884997984,4864.16307703224,16627.1195948206,305444.499903567,98145.9245080678,24184.7116401375,10838.9531474304,4927.292353559,16742.4351721836,302755.243986367,98220.8819759502,24369.3002113302,10950.6240991547,4988.25998414705,16844.492681721,299816.935823652,98210.5383751185,24553.3078944118,11066.8280622512,5052.35368105997,16940.8674743795,297031.543285325,98166.5914439434,24731.6754255085,11184.2645837687,5119.15295812974,17039.6656329785,295814.837638275,98229.5114846371,24907.5419790422,11301.7275747394,5187.32216368943,17170.0687831811,294739.249380154,98448.2035361413,25043.648716399,11389.1966888571,5239.38187332169,17289.0249410777,293526.19348458,98663.5600676357,25210.9717018408,11481.6727857964,5288.00796517398,17394.4499359158,292040.765632488,98821.1462837044,25378.9533388815,11580.8912880874,5340.76546995999,17491.8519460935,290264.225498463,98912.889039607,25541.698980182,11681.4878998034,5396.34064000721,17584.2040908117,288332.363191907,98946.3018346252,25697.5930104692,11782.0885946814,5453.66498748512,17674.5447758085,286292.117614478,98938.7056631488,25842.8877032468,11879.4332916318,5510.71204456671,17762.1989024961,284135.557150028,98894.641488586,25979.4892506811,11973.1543708415,5566.54504901792,17845.6026602653
481,350888.191827342,109610.055516992,27320.9949860469,12262.9143009865,5614.45712783822,18852.9546711501,328633.088151725,99044.8404026726,24545.8187230582,11153.5113351963,5145.55049455131,18063.3031471318,329401.526642281,98558.2001997278,22157.7184384213,10283.0171130965,4908.12840841281,18160.9946138373,329505.0867441,100397.766329337,21730.6213050889,9543.99804568971,4448.93815960235,18036.3058491519,329038.745191771,101485.635202447,22110.2830595794,9545.91093005807,4305.59786442953,17928.8575349825,328237.808385589,102367.245067154,22490.1273812218,9709.14477984904,4341.82161916105,17992.8728673653,327373.459841044,103172.305182504,22852.2450248057,9889.87108688443,4420.57106843541,18163.5246516364,326423.466792701,103928.716738531,23197.9411712201,10067.3373345423,4505.31313541481,18372.1545554488,325938.421006241,104693.195884797,23541.2380176067,10244.3916550778,4591.35080582249,18602.2989697135,325227.360246983,105436.289885666,23859.9595559882,10408.9668732484,4671.93225098622,18824.9865198334,324280.697936508,106141.692810801,24188.4981575022,10576.6204809826,4752.90024131478,19041.0439956706,323066.868217896,106778.40471727,24512.7820609663,10746.5319942402,4836.07683830009,19250.3024276788,321676.932430558,107361.331775278,24833.3147437606,10917.417328503,4921.11689742742,19454.9822413161,320779.095815698,107948.261902155,25153.0696999902,11090.4383865333,5008.44779116644,19670.2408626824,319554.656390724,108505.040603965,25440.7221237226,11247.1681695423,5088.69984944669,19870.8783554691,317974.382267776,109006.875854932,25740.8377556359,11407.6364484604,5169.2562826526,20060.5310638273,316140.138552574,109424.668398769,26037.0163559192,11572.0375166851,5253.19587668797,20243.7191652933,314111.199694015,109780.740677279,26324.0978156531,11735.4627833074,5338.58611157899,20421.6154200048,312647.28018927,110146.880660417,26610.8841742736,11900.9487822118,5426.20737805423,20612.4308414051,310903.977307066,110492.296060804,26861.0663002606,12047.2286471715,5505.20811297692,20788.164224449,308923.098137736,110795.140636951,27125.7606859133,12197.1884162445,5584.01781267545,20954.1765996947,306588.008737612,111005.501452236,27380.9210339659,12348.3096379704,5664.8361332002,21109.3312980803,304030.101855998,111141.134848961,27630.3280243123,12500.1559310358,5747.82942013971,21258.528818583,301869.914480246,111268.140984343,27876.7351279409,12653.9542045117,5833.51398790783,21417.6886040314,299625.13118551,111381.719784075,28090.9051380266,12791.2416981521,5912.13477573552,21567.7779477142,296967.163031756,111437.150603613,28304.4209739064,12924.5811363675,5987.1956395174,21700.8354269274,294074.759826248,111403.409102155,28520.8631548692,13064.1148229657,6066.00745507102,21826.2153721127,291299.024241552,111331.266006494,28730.1152978232,13205.421217223,6148.28527196123,21954.0584093631,290042.501113153,111406.463143276,28946.3562259259,13351.0087475605,6234.20872268418,22122.9237042699,288937.654540701,111601.75572162,29104.6072660014,13457.9115008972,6299.91856539834,22277.6778019507,287710.220174613,111822.241904837,29295.0729917363,13567.1864816176,6359.84443865698,22415.6652484859,286235.473173736,111971.500102522,29489.2141101822,13684.5894951202,6423.88524655896,22541.9923993087,284471.464252784,112045.574405574,29674.8253356269,13802.8585537373,6490.9774449039,22660.5294838738,282551.190716665,112054.500157872,29853.4200123923,13921.2205880859,6560.11991173221,22775.7462192859,280498.554238269,112011.805851646,30019.6467932754,14035.9352005525,6629.06983104798,22886.5244994103,278342.758054931,111924.705455416,30175.9292455949,14146.8438071298,6696.95174668947,22992.4039855431
482,270651.427168842,124281.036760564,42810.3438149139,22280.783078299,11570.0700379734,24912.8909993562,243155.529110365,111966.191086216,37903.8132128141,19817.8069408973,10312.0150871409,22541.4156068279,246801.891410312,116223.497728238,37868.9090030786,19899.7403549673,10528.8937888585,23433.8822103364,244497.477035635,116609.167427795,37970.8187450227,19596.5378622112,10260.6074946297,23326.7579622562,243535.987917114,117707.712580277,38743.0614997374,19933.7026939103,10343.2838343785,23463.2791946683,242193.945115293,118365.064251099,39405.6762963939,20363.8944427565,10568.2193047647,23718.3599440447,240752.881263595,118917.210705738,40002.6742136016,20777.7906696833,10827.3521206979,24105.5277505489,239319.356847565,119418.147777218,40570.6140344652,21178.7694388799,11088.2238982396,24557.6575096914,238317.030784297,119969.250693935,41136.3205098734,21578.4564767002,11350.591453531,25055.8969456402,237094.538214556,120465.502259818,41646.6350137509,21942.3004288709,11593.1814562911,25537.2441509793,235694.475275468,120902.03627238,42163.8944084005,22306.0887724466,11832.777931138,26012.2339864132,234076.826388013,121234.417891433,42662.8038757235,22668.005202594,12073.6791434864,26482.219452231,232347.783767052,121480.755621213,43145.9401717299,23027.4798549167,12317.1846212874,26955.4600269243,231097.207770357,121804.914086546,43642.388976659,23400.3426988766,12571.8961174822,27466.1579733739,229507.911620526,122033.243351286,44064.4261813398,23726.4979888579,12801.8787315905,27941.6905190522,227667.731269585,122185.174180718,44496.5158114179,24054.2457594278,13029.4875697488,28407.2291217078,225621.902244957,122216.241318186,44909.7719819343,24382.5939158148,13260.6344729163,28869.9742259155,223462.534544316,122155.546714731,45298.4213589118,24704.7734525318,13493.5983556567,29337.1824483949,221847.011793278,122196.762815151,45707.7178309408,25043.7313054749,13739.8673162512,29850.4862153373,219927.134116221,122146.550044455,46032.006382905,25327.8942594297,13956.0978884656,30322.4196556737,217861.036190267,122050.62588605,46373.4344393009,25615.0226404346,14169.3749062786,30785.9619512922,215505.854560109,121811.463396793,46680.841912137,25892.698207939,14379.6548152451,31232.9941790321,213006.84956819,121472.967355698,46969.3711629444,26167.0463125114,14592.6951354717,31683.2688105461,210916.297335176,121195.982613391,47270.645770134,26456.3522636923,14819.1136947975,32176.3594556635,208700.280942852,120868.374710295,47502.610188974,26701.1918333579,15022.0465720492,32644.2020881291,206167.858173025,120445.259169855,47716.1020857869,26927.1324446035,15209.995361538,33083.2088894196,203455.655749714,119901.365435843,47919.6146171121,27155.510290375,15400.1694617278,33515.8223611764,200949.269616251,119328.042989871,48114.7293360473,27389.7063012269,15599.7040274671,33971.3635839336,199819.670827567,119151.602352273,48390.7078953888,27672.9212269579,15832.0763475168,34538.0674846558,198613.909640568,119009.853252279,48540.5386242455,27853.530799055,15999.0052447885,35014.9716702481,197367.519104666,118928.325361015,48746.9079498386,28037.8915577874,16149.5222115805,35447.10819262,195860.43083598,118713.203822319,48936.1816523575,28220.2093481899,16294.6361161721,35829.4690897104,194177.384751573,118420.535062831,49113.8836448582,28406.3211317019,16446.7109040226,36203.7190994675,192384.367200102,118039.240737492,49269.1487774625,28587.2383371779,16601.0918420265,36579.2784357196,190522.092710755,117610.21463581,49401.2120123068,28759.322048499,16754.5570801774,36961.3943179158,188556.159186017,117112.518371992,49506.1595925874,28916.183373368,16900.927268452,37338.6640579118
483,398574.291671278,74524.4796987127,15462.2732508318,6906.11859812536,3403.08802161808,30228.9503134676,382187.53097974,68257.1153468869,14535.7056834488,6707.45812160636,3350.62658076195,29992.4717424452,381819.466924137,68672.292507874,12648.4119784338,5870.55020185063,3079.09831109816,30211.8940242747,381933.447433437,69566.5606869193,12596.5710982113,5544.15630417208,2821.00051864176,30394.8229890884,381897.395227194,70234.9688286333,12753.3198107104,5554.07328513094,2766.69120103633,30661.8928130073,381552.024323041,70837.4491998121,12906.091387448,5608.60881002006,2775.58474381869,31007.9615003308,381100.880780232,71392.9406442884,13051.9990692551,5666.5285694296,2795.51104836079,31385.9175345179,380623.500250311,71925.9701913239,13192.6154905941,5722.83945092695,2816.3506643682,31769.7622871688,380626.934453894,72456.0543355572,13326.765394677,5776.80002113218,2836.56414035635,32165.3298973053,380338.664970336,73004.7487198361,13458.3661194994,5827.83326151003,2854.96271600758,32546.7129979492,379806.64587119,73517.7331948441,13596.7735343622,5882.05443517106,2874.15677632202,32915.713640027,378973.410629943,73991.123955906,13731.0007161715,5936.39552720591,2893.93563766145,33270.5698131452,378023.277386038,74426.7823934281,13862.6740202326,5990.25642310124,2913.86547926804,33615.3880235347,377563.730937072,74853.6178257448,13985.0991068272,6041.21522950547,2933.1483118228,33969.3118281186,376696.203710956,75295.8974694303,14102.6727938649,6087.73992353657,2949.92518549891,34302.9654646854,375443.355320897,75687.1491119872,14227.8141743977,6137.69746993258,2967.42609735401,34618.7925021468,373901.247662527,76025.0844203482,14346.8145698539,6187.49168905303,2985.54047068696,34919.7857251448,372269.094685369,76324.6618932159,14460.6453780527,6235.5446295668,3003.30087812444,35210.2332308264,371164.788825523,76618.9989705542,14564.4307196717,6280.00066446784,3019.94928979656,35511.5050391874,369734.46490723,76931.6806261605,14663.0803811536,6319.54674469279,3033.72894189419,35792.7766522375,368041.697561578,77201.1546869457,14768.3619586821,6362.17025813754,3048.05336426428,36058.6359280147,365921.269701271,77419.7230053679,14868.7133958446,6404.6540189705,3062.81706554139,36303.3442383779,363643.712275608,77585.9295815106,14965.581571413,6446.76987408667,3077.8607629611,36534.5973100688,361818.790228071,77739.3627250401,15051.666664603,6485.46161288483,3092.13490026858,36774.6969321085,359794.591626633,77907.1234102312,15129.2310963132,6518.0762847197,3103.2606389686,36998.024669665,357294.600848407,78030.2306876751,15212.4601827611,6552.44793085937,3114.12696447636,37195.9138746403,354556.493969846,78091.391099464,15292.8861677877,6588.31376185687,3126.16813712672,37377.9858691969,352195.089971053,78129.8217318965,15367.8473944945,6623.13373698115,3138.61844135219,37563.3274273292,351461.939615201,78249.2500519255,15429.1220736453,6652.33040131948,3149.53470388491,37801.8504310698,350674.237456886,78482.8051411206,15485.1664283496,6672.20197547409,3154.64348091392,38023.4995437542,349692.160336269,78702.2795122187,15565.8877353666,6701.87474005517,3162.1334262208,38230.2196555787,348403.372057671,78880.675651378,15647.9912697469,6736.69043294728,3173.25496600557,38419.5956910738,346826.453501501,79011.8892558623,15726.4821840585,6772.17085925079,3186.04861242649,38592.5891789631,345067.518716632,79101.5582910494,15799.1186735072,6806.37239263901,3199.19041117769,38752.7589680693,343183.456600832,79159.5469523261,15864.9443557204,6838.01875361999,3211.65573842017,38901.585611689,341183.329027157,79190.9384097442,15925.0886383842,6867.09976187172,3223.03808260043,39039.0655058258
484,291770.637767814,127928.816440844,40493.324449013,20203.8982317181,10044.6857254087,20261.742033202,250207.97867683,105561.762562155,32648.4163991945,16408.713934507,8185.13510619474,17192.0929350053,262755.498201267,113790.505289778,32880.1892946496,16563.9348231946,8417.09535468576,18221.5087887869,259840.252156657,114071.882911158,32688.6257891623,15940.630540241,7952.5553664531,17871.7697036729,259377.682424029,115489.08083099,33407.205304221,16177.2437517659,7929.04406742188,17797.7152084269,258537.199435843,116471.284883042,34096.2134998256,16561.3315202495,8094.63041963081,17907.8418572075,257501.849978412,117277.02645972,34704.463713669,16942.8172985379,8308.90288623236,18165.4362989076,256475.603349857,118037.801030274,35285.3215447627,17312.8865388185,8528.99127058501,18497.2681515398,255878.880226922,118857.606782302,35867.1339053796,17683.4830637036,8751.54755196467,18872.151661599,254958.464634144,119557.780127307,36387.22397587,18018.6690920922,8956.06568526314,19231.1704563195,253907.227284964,120241.247842835,36923.2541695673,18359.674541503,9161.73633835617,19591.4788288174,252597.485476619,120812.554399724,37443.6712598293,18699.3274295316,9368.77621434153,19947.5713752373,251175.712317842,121314.091613185,37956.2893614734,19040.4755356358,9579.84657089689,20308.2662291096,250250.337052713,121900.744502609,38485.8889673055,19395.3541176725,9801.09244207987,20697.2124060088,248868.906422348,122320.138661656,38931.267451434,19703.414181282,9999.23907324929,21053.3082247657,247317.479625157,122731.575367794,39403.68344724,20022.2104017618,10200.6712981626,21410.1844322625,245463.709879336,122995.17261827,39855.3669992892,20339.3597017882,10403.9537936653,21760.9317461586,243524.971316727,123189.735369081,40297.0535793867,20658.3816332814,10612.5940761164,22119.9477117561,242148.684428948,123490.067464488,40757.9868285724,20992.3842561254,10832.6085768199,22513.1719942002,240355.256835679,123622.912230835,41123.3507763703,21270.9933106098,11024.195090882,22868.0630785954,238494.741825411,123782.314482289,41523.3258012685,21562.4637127923,11219.1351006355,23225.7542179735,236241.493271702,123753.48621451,41884.7175924975,21841.7323315498,11409.6959469931,23565.7792339076,233911.472553865,123675.225887549,42246.6126093752,22128.3181070985,11608.2047395184,23917.1364255908,231941.863903084,123633.115222903,42613.4763691214,22423.979321754,11815.6946677715,24295.3705668253,229808.534270391,123504.01135822,42910.1815156629,22679.1467983488,12003.1696653192,24652.9378785293,227342.913822456,123296.028608604,43195.2951254729,22921.4024726241,12180.7211296548,24991.452644579,224698.7757223,122983.439111089,43480.4994573653,23171.0654001413,12363.2873970014,25329.2234857996,222236.316536103,122635.022708317,43758.817876876,23426.5710119897,12554.2839818259,25684.4520576689,221225.773063567,122676.648270437,44108.7821066146,23723.2342007824,12771.4406541491,26121.0936306662,220007.975694136,122612.75528197,44297.34733145,23909.4542856179,12924.1240704227,26475.8622780165,218875.508113936,122718.668120407,44562.7770540419,24111.7847010785,13070.7202623314,26811.771573383,217391.524857202,122627.064132692,44798.3373679113,24304.2134049649,13208.4860849192,27103.8894158153,215761.786235548,122501.608056513,45034.8876779322,24506.4512828708,13355.8601983536,27397.8249285676,213972.658807986,122270.530795272,45250.7851483963,24703.5433085083,13504.539635948,27691.3867677692,212124.452053275,121996.318385138,45449.6951179799,24896.3537633382,13654.5203976017,27992.3869118833,210165.425678306,121654.977845457,45625.1099793864,25077.1550936483,13799.6888668046,28291.0288372579
485,380859.375806498,88358.0827841234,17846.2691376636,8105.37226247501,4169.38893578293,46051.6866851605,356121.504345532,79655.5470012988,16781.5217206969,7843.65085639063,4077.33206191868,45361.7583530385,354172.656225283,78838.1150744931,14256.869914635,6814.83436218122,3756.47168641532,45542.2753099045,353528.142150743,79664.4217064886,14037.5161739725,6339.33233819631,3415.29735500541,45806.595195602,353023.387576178,80271.9243373785,14171.4395824135,6315.04767147135,3327.86332427171,46200.0155124426,352233.990905626,80803.9688559398,14312.1314654632,6358.88033780777,3325.8530634371,46694.1738097025,351339.238676562,81273.833258472,14445.7629310577,6409.54359494735,3340.06772296274,47227.5957236869,350397.234134296,81713.5145353699,14571.6435974612,6458.15798774977,3355.84116507061,47766.3957218415,349942.785425889,82156.704089095,14691.3812406771,6504.57888279317,3371.25150590603,48322.6235410679,349310.642229403,82630.6484025082,14809.3815459757,6548.14218362315,3384.83017237918,48864.9011698901,348407.551106231,83059.6385863848,14933.7663892672,6594.65126880751,3398.90772251112,49385.7316221742,347236.56481482,83436.5490711857,15053.3735368453,6641.26988057143,3413.56487611685,49884.7650599547,345865.42296176,83761.4483862115,15167.6640163603,6686.37433313519,3427.9748366261,50362.6506584094,345020.027004948,84079.9336679093,15273.2763603429,6729.01862264659,3442.09970477336,50855.0183332641,343897.895316696,84430.9402240337,15373.8866984655,6766.84775575493,3453.57244562154,51326.8913602495,342366.47340113,84716.8572623186,15482.0406201375,6807.7547091997,3465.28230708956,51768.0524897259,340604.756032866,84935.873370648,15582.7593378993,6848.38335053076,3477.57957015412,52187.1525958093,338635.997235403,85105.7192933815,15675.4715885082,6885.96526988395,3488.95433783628,52583.2358040289,337235.940060801,85269.4980652994,15759.6439695681,6920.82139257677,3499.69304260374,52996.3073409396,335600.824349839,85472.9108555268,15837.9489315346,6950.21392955566,3507.37240265342,53388.6267367901,333737.156797871,85623.1219574183,15924.2374053307,6982.90933705538,3515.37958449932,53757.9456357342,331477.027246971,85715.0545192242,16004.1910354381,7015.09544442285,3523.640828887,54095.3252371699,329018.097358712,85736.2673872059,16078.4064114905,7046.07410057086,3531.80205470143,54408.0437262433,326959.093887386,85745.1998904613,16141.3249031522,7073.46560623297,3539.22722413171,54729.1295899368,324851.226043945,85785.8493611122,16197.253479601,7095.35189566315,3543.78888200968,55037.6256144591,322280.481798918,85779.1349463927,16258.7221505508,7118.49912114624,3547.62220090207,55308.5538387971,319478.764265075,85691.6628626849,16316.4232579939,7142.99045217692,3552.45038038647,55552.8109478356,316902.866419917,85571.1467297567,16365.20923915,7165.10000719288,3557.20333263544,55791.8336861028,315852.137644299,85555.4357233942,16403.4501664457,7183.07675044556,3561.32360792388,56105.8983698354,314932.119975091,85709.4031199773,16443.0999153135,7194.17762582594,3560.77950040316,56419.6462102054,313862.530040883,85852.8397566079,16509.7470871472,7216.00164953063,3562.82621126926,56714.2620111243,312525.467901407,85950.9117036613,16578.3750311591,7243.46623171351,3568.80130388057,56983.2662342544,310903.668707519,85992.2232616017,16642.2049803484,7271.47477392962,3576.61793694966,57225.1509054301,309138.057639551,85983.7210197192,16699.0006702566,7297.92486873193,3584.88653027611,57447.7882409361,307250.049088504,85943.0438422681,16747.5988422101,7321.12561034947,3592.27553916226,57652.8824593103,305240.405084999,85870.9149207537,16791.0519078982,7341.80655760961,3598.51048751488,57839.948163651
486,133758.953202999,101676.478235706,66681.5234567034,49216.5601731999,36044.4846509935,98813.6731983458,126074.558524539,98018.3254569384,59881.1569049778,44044.1818905339,32328.3344579527,89551.1660576914,111507.198328669,88337.8403303163,53253.6840485041,38607.8745420148,28121.3144045637,78039.5111540136,121040.328281055,99308.8324494236,60699.6137405265,43630.8477196657,31553.5313833805,87321.8174696636,116965.562528693,94720.9449945873,59463.6215669039,43039.5001556004,31065.6344960172,85469.8641016758,112413.873726311,91934.6451783352,57531.0883870095,42033.7249121516,30560.7705893476,84048.1012119252,114783.456026394,95066.1075937639,60092.3903727893,43979.5679853307,32117.8486283891,88957.0767749617,112353.555709659,92885.1221110139,59403.1485621099,43732.4022605407,32067.10751485,89616.4553575724,110215.504962154,91617.1999843145,58711.6689251659,43455.7643908249,32043.282961415,90593.3963537697,110454.402581914,92465.141175941,59621.7210082408,44241.0136678453,32747.8877976714,93835.6612128527,108877.614332602,91355.1572036825,59335.7717715461,44194.641287671,32821.4655389192,95283.0426306716,107123.446137164,90373.2353563493,58953.9620654472,44076.7395071895,32857.2543485585,96637.228355182,106234.616769936,90141.173017387,59182.6794688667,44383.7201183382,33196.1902975346,98923.0188419247,105095.718027366,89392.8335292105,59074.7535259796,44473.2541786168,33377.3388853435,100760.071708094,103776.178670807,88655.5896469398,58828.2796820844,44447.4508407638,33481.5872173492,102420.072339322,102533.76841748,88040.7945440775,58730.6414494166,44498.7302819137,33626.4389533149,104235.164083335,101123.138299876,87219.1941450847,58536.4131631749,44495.1979960516,33725.6908718872,105893.93685761,99584.3543558689,86273.1044524832,58239.7438976331,44426.3877182494,33785.0885088629,107440.000487166,98421.3749778902,85522.9956132619,58051.4159558408,44440.2466745235,33912.3094266978,109251.888504243,97277.295201636,84859.8034239556,57850.7994638553,44431.5930944431,34021.531270965,111066.855402029,95851.1963617723,83951.8639639928,57508.4508872935,44293.0758320871,34018.3637198192,112534.351380023,94354.8428737393,83023.7638932494,57165.586746202,44158.5504028494,34012.9579115455,113974.78703565,92846.2911578025,82053.5274290881,56823.8067464741,44032.8620149085,34017.1292585039,115441.580515625,91499.2580193477,81094.4930558069,56466.5812878172,43907.5312379345,34029.4651544654,116964.779453254,90227.4943278925,80251.3091814495,56113.5716035584,43774.5260190625,34039.0062614623,118538.858473759,88743.5369683996,79267.6825981279,55679.1208380279,43554.7006294448,33969.1269206236,119867.429545228,87127.0436263601,78148.8287229069,55182.8641944546,43290.2345249269,33857.4357806122,121031.412179607,85646.0446616035,77073.889046347,54717.4753941535,43061.2770628768,33778.1043067495,122307.380934456,84856.3275774986,76357.5179734951,54431.3454589589,42976.2704491335,33817.6302242645,124058.153893519,84318.8072792782,75994.533297176,54232.6851911344,42922.2744350783,33874.3721389831,125933.157844288,83496.2515077497,75417.8328207074,53920.6628421964,42723.8615895677,33781.7886550477,127203.655291673,82544.3576346402,74777.1262330007,53604.71006858,42525.1733498167,33669.0463777187,128228.095302232,81630.6494122778,74187.9284622787,53373.4964048327,42409.8781503687,33624.260596851,129356.881907343,80654.0529933161,73500.2118021305,53090.2802310375,42274.527842894,33575.7350816037,130392.332645812,79587.8956477513,72722.2256715096,52721.9398943087,42080.296479405,33492.5970140423,131291.039188792,78525.6506397148,71953.5473903165,52351.6981378985,41880.5990935321,33408.6850966166,132223.080342694
487,326705.894210554,104737.142893546,27766.4146589975,12836.5465327153,6075.66069164211,24543.6297570304,305728.416691308,101356.842479124,27214.8757777131,12695.7841603203,6025.83779699164,24018.7231875194,304113.031509555,101249.675872659,25946.8376348511,12319.4745318123,6001.07883610976,24268.801435253,303734.270485333,102712.210309172,26143.0831231376,12074.0884572394,5798.105325461,24396.448109362,303119.909911482,103694.024066954,26639.4798574799,12253.9718083341,5803.9770205368,24515.3454198851,302205.490758973,104536.816409601,27087.7485053268,12492.7917268569,5907.97252114935,24738.6103526507,301189.074688024,105300.390246594,27514.8098286643,12731.3270769383,6030.31033909673,25024.3133274699,300094.001216863,106016.846005432,27925.3361216394,12964.0056757598,6153.75578770523,25329.5459232244,299432.398877754,106732.293268782,28331.4903710521,13195.5512068956,6277.78470745605,25654.5879079995,298602.237456111,107449.837426136,28711.3636196586,13412.2548404324,6394.81206492506,25968.6309183059,297524.264034578,108119.092696525,29101.2500721571,13631.4510739035,6511.44188223429,26270.2250287029,296211.927164028,108711.692164347,29485.1604005012,13853.4966239026,6631.05278211596,26562.5220582358,294711.870810606,109241.671709834,29860.6224845792,14075.1034381864,6752.6150831772,26847.3104378509,293665.712268602,109764.615081413,30233.4150400375,14298.8541133753,6877.15599673078,27148.526439209,292350.650785131,110282.017570172,30572.1102563936,14503.5643124192,6993.01802096648,27432.0345393413,290702.672143561,110728.748885139,30922.0588656293,14710.9679712739,7108.19597644434,27698.4987305098,288795.14110902,111081.269225669,31263.7534230138,14921.7345594188,7227.1263271166,27954.8668929193,286704.15924283,111362.760334431,31593.0457040474,15130.7062050699,7347.87753208954,28203.7922920784,285137.228597269,111648.941294933,31920.1012149771,15341.9616768289,7471.82881116657,28473.8053007065,283348.496076186,111938.689311029,32208.521543224,15530.5945279458,7584.99357188068,28725.0594688073,281324.547333946,112166.2380049,32508.5588065586,15720.9626825414,7696.37140643377,28960.4456086631,278981.866119866,112298.888101782,32795.7071773458,15911.7053757887,7809.74356341634,29180.6967294052,276401.180590823,112344.059051385,33072.4463816861,16101.7113879135,7925.27290871645,29390.7625184208,274213.628211149,112377.500149382,33345.9102757844,16295.0124469195,8045.12226363665,29618.9473409222,271969.9878164,112416.121289413,33582.9514277179,16467.9690825852,8155.90533121151,29836.8025730702,269331.58313742,112383.69603423,33815.965122204,16633.5370443949,8260.45739244741,30028.1245449642,266455.837516303,112246.826915204,34047.3852869989,16804.5241899879,8368.7231987976,30207.2557829779,263689.329681856,112063.25459426,34268.8174163654,16977.1856295775,8481.44889015858,30390.1306912489,262412.691411753,112055.421172097,34505.9556224687,17159.9126846566,8601.88967467973,30642.3116035888,261287.177803725,112205.813936373,34679.596994306,17294.6822511803,8695.33235512259,30873.9935440041,260036.470371618,112361.328183176,34889.1478059183,17429.5401876913,8778.60418563418,31076.1834226156,258529.250269144,112439.068568782,35098.2437210751,17572.3850604496,8865.65251331662,31257.9440076322,256760.655275945,112435.113198037,35298.1137551631,17716.47196409,8956.62956133133,31427.4858358831,254847.034151407,112360.420323496,35486.546972527,17859.9197760616,9050.3025548552,31592.9964002778,252823.622358426,112233.925569806,35658.942343459,17997.9503141487,9143.46465309504,31754.0064372231,250700.099494584,112061.034440747,35818.3068015029,18130.1281422662,9234.63133278202,31908.4317374359
488,355660.559445473,95221.6810296057,23856.3891258949,10784.7723453087,5021.44058012025,21434.2183754012,334983.835138985,87667.915889345,22009.135168538,10115.0830206586,4750.49373365762,20701.3008457461,335372.000934525,88046.0737622308,20202.1331513713,9376.26911944023,4534.62628611735,20860.7590928539,335908.286521344,89720.0937900691,20132.0171483392,8926.37691893026,4211.36669369936,20872.4472839215,335780.995167594,90773.9931523679,20508.4185470511,8992.45837947744,4139.56315125206,20905.1787908918,335222.33969567,91653.3551693471,20862.8640352515,9152.15809354958,4188.22762489261,21061.403017724,334582.564785368,92466.6865071875,21202.6995779454,9320.87642827869,4263.53340007338,21291.6773140792,333918.071863758,93246.1521398529,21531.6140079095,9487.17293255877,4342.46672777677,21546.6279928977,333749.215222051,94042.8577913179,21857.9835381553,9653.0198381367,4422.27091104719,21821.806634852,333215.664017719,94801.7480012077,22160.9479166666,9806.33540015567,4496.19879835032,22080.1725819973,332466.960018581,95526.351076503,22475.1565485507,9964.33637646096,4571.42864124303,22331.3998575336,331447.77956304,96191.9880849735,22784.4308135997,10124.1223296829,4648.72037277795,22573.9169240726,330289.657596384,96816.0781289664,23092.0737838308,10285.3535292365,4727.900706111,22811.1809247451,329679.666024574,97460.2601908772,23400.7304254792,10449.3814772688,4809.60825329294,23063.943344959,328593.814237543,98047.4159722766,23675.6597325405,10596.005463661,4883.43714397093,23292.2366647525,327159.705148093,98589.0531568127,23964.3116702369,10747.6706348777,4958.35736390484,23508.6320280033,325488.669118358,99060.9671600887,24249.5079292829,10903.2536055026,5036.64102299713,23717.837102398,323699.310906229,99490.6702558969,24529.4920194619,11059.0085917909,5116.68081082272,23922.0833932222,322473.68415007,99938.3616417613,24808.3008072942,11216.257413051,5198.59930002075,24142.4173510188,320863.950632282,100338.455740716,25051.6820282204,11354.4331980551,5271.61608043319,24339.1553113351,319013.238484463,100701.89028987,25307.4579685623,11496.5257062887,5344.9427641621,24525.5382722167,316801.06217356,100985.213062635,25555.6419259163,11639.8775218067,5420.1537611929,24698.2770136508,314398.218853693,101208.962511944,25800.4727523165,11784.88515741,5497.81188154262,24864.2165781229,312468.763257455,101444.785800986,26046.0482212145,11933.3035693776,5578.74695110983,25045.3505436768,310319.402629739,101635.27329232,26255.0159927054,12062.9593468782,5651.35585118236,25208.5781147765,307726.727651733,101769.130894078,26464.3108570142,12189.6689811363,5720.9903231889,25351.2882346927,304921.114980892,101832.473855893,26677.8760301836,12323.1914397111,5794.72623480051,25486.2842013855,302432.591906635,101892.689511934,26893.7693918193,12462.2727402064,5873.49279084484,25630.7527373863,301513.508689256,102100.878654124,27113.0652786332,12603.8824080025,5955.08889301044,25826.2144393768,300475.916862888,102334.6523256,27265.4927035088,12702.3638677573,6013.96799806767,25991.0303111263,299322.586195524,102598.153301412,27451.4269108175,12806.3030683229,6069.38968503098,26141.905146619,297872.447063938,102792.541924419,27639.8265439599,12917.7343651054,6128.88443731661,26277.8981038771,296156.89601057,102922.779123244,27823.1085365805,13031.4831589816,6192.05626715314,26405.2465708693,294309.156443326,103002.676094555,28000.1565468618,13145.6337812026,6257.45630498811,26528.9102139156,292307.570594225,103033.596811596,28164.4701806313,13255.4605708628,6322.14819704487,26645.2667570049,290201.822735634,103026.082611809,28321.225447364,13362.3672711267,6386.03263019619,26755.5375698258
489,326346.29202652,88948.6724118478,22723.3959293019,10520.8197482643,5099.18107212977,30973.556292407,307010.473301706,82847.8410522556,21277.7074653324,10032.8109534955,4899.134812348,29974.2306047549,305774.151055699,83893.4978171368,19663.5995855337,9240.36611679674,4639.47229586497,30149.7798586125,305634.170459573,85099.0276923879,19890.2586631974,9014.50667643682,4396.99170068735,30284.5747006623,305201.775369718,85942.3371017417,20245.5825436258,9132.89365860975,4383.12742467942,30480.1452474623,304423.678510025,86669.4475319658,20564.3094299464,9288.01292323906,4442.69706651165,30770.6007366093,303583.931129563,87339.9699911448,20869.9624880637,9444.11426657434,4515.31519221285,31110.154834982,302748.861810368,87983.2737223234,21166.7834579976,9597.25716103173,4589.04040131444,31462.3337285942,302360.175913203,88647.1060554294,21459.5974659583,9749.37318222162,4663.09065627821,31836.7571438354,301729.001640565,89308.1805557568,21740.4681636715,9893.09679324093,4732.70139379539,32191.4194534376,300856.19415554,89923.1788419771,22028.5263302383,10040.6167363652,4803.31662323798,32530.8667701653,299744.811796491,90485.0577448331,22313.2758611925,10190.3342907184,4876.20555846551,32856.7264702913,298552.754979509,91002.0742572595,22594.6722369873,10340.9717560984,4950.84406013923,33174.2412058046,297846.290040251,91541.7437508547,22872.1026324189,10491.9947316019,5027.08086412784,33513.8350822127,296742.176214152,92060.9737086186,23129.023877103,10629.9270507434,5096.70454739467,33821.8709475236,295310.449880312,92514.9684275172,23396.5243988733,10773.0262392419,5167.64881454982,34109.677031388,293663.798491095,92907.0910890828,23658.2029971528,10918.8088829294,5241.65120818463,34385.5799953137,291923.877617097,93249.5267311496,23913.413887308,11063.7168201013,5316.75894216828,34651.1189329144,290744.939268658,93625.7717493043,24165.7307953928,11209.5272804688,5393.66688189992,34945.1222794061,289203.237665091,93978.5490929645,24392.330483339,11338.7350589556,5462.04751926384,35204.0528647837,287445.062126011,94279.8988100102,24630.32667781,11473.0808923044,5531.44101048408,35447.5882919057,285348.296903985,94508.2091693299,24858.6417319467,11607.5377653258,5602.42965530016,35668.9932927171,283102.146381446,94673.4320982701,25083.3972104339,11743.2752612918,5675.57574695795,35878.0192023989,281314.283168263,94858.7181108596,25304.849080206,11880.833508441,5751.50029295693,36111.8923148079,279322.426402379,95025.2378366447,25499.0498288698,12001.848507537,5819.40356298818,36319.9033455397,276916.642956621,95120.9144049572,25694.2605978285,12121.4600834989,5884.96097388175,36495.8041617322,274316.295037347,95146.7603282769,25889.5767137396,12246.5599641083,5954.45967044654,36659.0980282925,272058.513972429,95158.3629787128,26083.7242733484,12375.0324058414,6027.98300710011,36834.5151197953,271298.40395376,95354.8980138592,26281.3275562895,12505.9607574236,6104.53965607276,37097.1421446377,270367.95594561,95591.8087390641,26427.6997349415,12597.5783875858,6158.64436775283,37312.0147893842,269300.248639484,95823.3559825359,26605.5525218939,12697.5492783354,6211.16659398407,37508.1929590603,267964.231959239,95990.7620739771,26782.3100451003,12803.8761107453,6268.05558460803,37682.7740398582,266388.074367664,96095.9734209679,26953.4868690041,12911.8119687036,6328.27306536541,37841.8228630708,264684.118288668,96152.898868167,27117.4655700055,13019.6094606055,6390.48262139818,37992.5846181262,262875.469095446,96170.0243260822,27270.8566251251,13123.8182493399,6452.28249642623,38133.6565973107,260953.370501513,96149.4427611857,27414.9329923171,13224.0483409567,6512.706715679,38263.1929638979
490,184749.008178333,130575.555770657,64661.2840074658,41214.7322804136,26101.5110626499,51948.7791609239,133400.946312525,89648.2477646255,44848.0893340414,28551.7152923989,18120.6787511557,37024.2715534359,167102.995300724,123881.899421501,60090.3604248294,38359.446079751,24491.8571877294,49439.4299888198,141390.871169835,98334.554915071,50084.3694943777,31906.2675131542,20397.1614094333,42314.3148825886,160100.731845864,118318.590837503,58623.3128826443,37712.5812396555,24235.7302017745,50088.4515937808,146669.331137286,104999.195229526,54066.5339114282,34709.6094417026,22336.3116270253,47091.3106901047,154348.929640082,114095.64871973,58113.0529591298,37727.3102541798,24415.2456008366,51444.5894107943,148320.580072354,108513.892959368,56597.0152098322,36770.3015540118,23899.0031970947,51158.3323686304,150175.077944764,111534.778080532,58091.7934632003,38062.607715,24869.9783682031,53558.256611559,148074.595274214,110094.352513377,58104.7740511953,38150.3215887267,25042.791212652,54671.4280694865,147091.094701069,110277.692501919,58445.8507404144,38596.2751628039,25441.8744481217,56045.2836862637,146046.634185374,110215.826867587,58957.2278268445,39058.0407378207,25855.5190981001,57593.5733868147,144284.417307722,109503.776329786,59027.2472836924,39299.0776190738,26121.3010460629,58749.600342275,143565.162460278,109637.584177531,59534.1528417873,39806.2284239434,26577.9359375483,60394.7512247015,142073.844712991,109041.395474602,59627.5981635775,40039.6760110614,26846.9156195669,61654.5881135828,140732.485509115,108755.100564395,59864.610490064,40355.3082600946,27167.8973216932,63038.6870349528,139168.437615034,108214.603864304,60038.8447361136,40633.5634961584,27460.7404830472,64369.6784856366,137508.24650478,107566.079120603,60136.0005235241,40878.2320798466,27739.6690123668,65677.7768635137,136276.999874707,107132.293059431,60327.9856117545,41188.6520798649,28070.2556344938,67155.1185435233,134828.614755561,106536.892148875,60366.4495032169,41384.2563501841,28322.3387570964,68497.0387950538,133266.462975337,105918.898698466,60400.6070760792,41558.8123979859,28550.6347633388,69795.186886816,131586.130511229,105214.207666098,60423.6508117291,41730.9570484346,28773.8922088078,71078.3071665034,129753.297053768,104347.346389841,60369.4521770353,41862.5914913521,28974.9559294135,72311.932349573,128219.347801965,103611.835118633,60368.1238552063,42039.4425651308,29215.2621277399,73677.3678909214,126651.000842558,102842.61698172,60288.050829629,42153.7224225955,29414.5773159601,74994.4115705303,124814.392867808,101927.119969322,60121.3634025729,42189.4955566435,29551.008285555,76175.7782798306,122931.623647233,100975.051383377,59974.5361357906,42241.4619620567,29693.9553644297,77371.0134108988,121168.902382781,99980.9648948397,59810.8894528158,42296.0576359863,29844.745309036,78598.5031527278,120239.604552354,99399.7013191542,59795.7021738993,42459.5754593695,30080.1926569424,80099.3904704575,119460.922897331,98987.8992096001,59723.1641819044,42542.8111412444,30250.5943390771,81493.1670459997,118441.44824549,98471.5322396432,59592.6090743898,42532.9004359456,30322.9778111599,82591.6777213725,117423.432264095,98017.2146905336,59558.9421130469,42590.1526877857,30424.5868325386,83664.5853801881,116243.150660924,97412.4651708617,59478.778781722,42633.6854753997,30519.6243140015,84633.1489625857,114965.961868174,96717.9983092221,59347.3092298507,42656.9987085504,30611.4887026092,85558.916655667,113692.451207324,96018.3901177868,59211.2241291551,42682.1978286818,30712.9716391085,86526.1367434863,112353.334841627,95245.5642299429,59024.4630820647,42672.4248420384,30793.0506897046,87465.7811042238
491,170755.498617984,121890.950645009,66805.4703708518,44741.4711115152,29837.2239398076,74850.7746422468,145610.400075119,106855.463085188,58187.7664564181,39004.0240528714,26095.873641275,66247.2814568635,148225.276834727,110780.263001102,60473.2895166322,40887.6039893057,27525.0806052204,69978.9169509781,147932.552801904,110823.150762062,61274.3122848821,41461.9105111778,28079.0097063435,72509.9048400509,143545.584415263,108011.036213094,59906.6601023188,40739.4663922385,27681.2620227558,72353.5797394646,144434.550304207,110048.012107628,61457.7716911112,41868.9635176927,28533.7825832425,75350.7350314296,141761.34356457,108306.560536918,61166.0015295631,41858.3143697537,28610.6900461461,76226.0541641343,140351.571123087,108082.947969221,61383.7103302722,42223.1912479017,28995.4298718929,77887.4436699058,139499.239439496,107971.347747346,61829.1681092142,42696.6359693002,29444.0021146229,79844.2906399816,137876.966708366,107239.742827762,61791.0340111981,42859.2049523712,29680.6936301314,81270.6402536605,136616.54143552,106950.738444705,62004.4364142209,43161.9385078971,30006.8395067415,82969.2008265072,135109.580894817,106376.84505248,62120.3467671289,43402.943777629,30282.5302223585,84532.8425566103,133437.080470106,105666.388491908,62134.5503461615,43588.2993620033,30527.0816887288,86009.9512939291,132228.29296971,105191.751361049,62272.6207869266,43861.1561899168,30838.1144798253,87711.6377507535,130856.102626564,104632.295001786,62298.4051158146,44046.8599419068,31088.6614301552,89297.4760155457,129204.419072982,103897.95360263,62240.2308297419,44156.6882941926,31276.7153107879,90720.6903538562,127556.238256694,103164.865822705,62216.0929099635,44298.0758486489,31484.920404718,92194.6099474109,125784.847486039,102282.502463764,62111.8310240718,44394.6928982173,31667.9570808852,93608.0309574437,124357.146506859,101526.902177253,62049.1518941699,44527.5620319644,31884.0315299289,95161.719326052,122927.533804477,100840.929531732,61953.6856501916,44622.1681761475,32072.9907777905,96701.1785786099,121236.033959159,99952.9298846886,61759.6255246007,44625.6702840492,32184.1591073649,98027.7127440389,119475.880326818,99045.1423322769,61572.9453983802,44640.2970979783,32299.4194275147,99350.0989113078,117606.778330952,98006.788783731,61332.606565822,44625.6927880556,32397.8025257247,100619.617173799,115974.743967186,97030.5251939931,61104.9350284339,44631.7394052821,32519.2985543197,101991.505298891,114427.17074265,96156.0363218776,60869.9905273463,44621.8651521167,32632.0596062182,103400.993258226,112587.717324173,95090.390292905,60523.3874988497,44509.5134137416,32659.5080979099,104573.696644312,110650.517114092,93938.5107532868,60156.9785322108,44385.3427704055,32672.3594393119,105685.648750456,108867.724561351,92809.5633311129,59811.874242634,44289.4236330527,32711.1356749631,106883.431376584,107883.511760542,92054.8794977704,59619.940164746,44311.2604369366,32844.0586484498,108443.130027077,107149.605571632,91627.9743060458,59465.2193236073,44320.5111553004,32960.1952959896,110032.061683188,106124.494414559,91009.3347517165,59216.3948316052,44204.4529479561,32948.2480136542,111167.355471185,105051.841099221,90412.767017575,59028.6394838084,44135.4738298411,32952.2309249691,112216.397137403,103920.220427297,89767.1078533339,58857.6437659298,44096.2851265766,32981.0724213813,113229.960482089,102660.54271914,88978.0266471177,58602.8953795856,44013.7507439444,32989.3434935402,114117.217584773,101379.375775007,88173.2173379231,58324.6458238775,43919.7764701063,32999.0030437891,115014.56311085,100086.790801864,87346.2768245258,58030.6716237508,43812.7712535076,33002.1229554817,115923.987505971
492,317322.123698918,107912.814509597,31712.4125346625,15261.4105555542,7398.05529292129,21606.3914335322,299335.094172678,102193.078936028,29915.8824676945,14542.7022079707,7081.63182060571,20866.4138572542,297730.047687096,102727.029615351,28282.914784985,13892.100337027,6931.14098217536,21016.8631926451,297198.447013561,104360.814275418,28482.648275638,13571.7772492398,6654.40186568392,21017.7438260154,296221.567380772,105355.087091832,29042.5083518185,13761.334426062,6641.03904429808,21019.1752479639,294967.418040329,106176.762318852,29555.624276296,14045.9717696828,6765.97155618415,21172.3999251131,293664.816514165,106909.729874961,30038.5284999916,14333.370935781,6921.46315249964,21426.3556253358,292305.264183176,107591.356489949,30498.1867889955,14611.6234878736,7079.01846590825,21718.8524419495,291418.824116278,108287.451611231,30954.4090099145,14888.9476870249,7237.58522637373,22040.1660942023,290323.084035146,108969.367883418,31378.2749285465,15147.0387704009,7386.65183080663,22350.4507490846,288998.41321797,109595.666857612,31810.6507513482,15407.1380116459,7534.97421647696,22651.9267482484,287421.908029232,110141.778272409,32233.8681433062,15668.8978155797,7686.01757328288,22946.8997915205,285715.038183011,110625.323151775,32650.5586309588,15931.5415881421,7840.02533528022,23240.4675213197,284490.679622398,111124.614469271,33066.2673647573,16197.9490003084,7998.39266931039,23554.1938395909,282942.452471468,111593.154266927,33440.8343483912,16440.1066729369,8145.10515091759,23847.4080306126,281064.962817501,111981.864520402,33824.41516184,16684.4839905485,8290.88195819794,24127.112521395,278946.753723968,112277.676649543,34198.8242810473,16932.4264978031,8440.99307597845,24401.9679848093,276698.959110822,112503.236098617,34560.777529846,17178.9613752203,8593.65365018913,24675.6415363147,275008.466638076,112761.665351612,34924.2310617346,17430.2543776158,8751.29274002347,24974.6690313409,273038.397099636,112993.445523128,35239.6346367938,17652.2093805652,8894.23581928092,25250.591612411,270850.595177435,113162.224747732,35566.6269583327,17876.1369967639,9035.30137553855,25514.3881568575,268320.775220789,113225.534720491,35875.4832793839,18098.295757277,9177.57502521884,25765.3527616353,265616.518072198,113203.47459488,36175.981938314,18321.2439323805,9323.28351430985,26014.0174958422,263345.12585471,113195.623769221,36475.4388846886,18549.6346345566,9475.19180579226,26286.5698801162,260963.320638276,113172.040938034,36731.1611810388,18751.8286853844,9614.5795085935,26544.7214293519,258173.812007715,113060.300217359,36977.8848269244,18943.9421421098,9745.92977271551,26777.8667241841,255186.896302659,112850.044467454,37223.1900647537,19142.520789684,9881.92977619229,27005.6812714632,252418.464283802,112609.902635523,37462.390302918,19345.210626498,10024.3209854927,27245.8399316013,251179.663479877,112611.619305901,37730.7782104619,19565.3223069816,10178.8290544662,27557.6039701617,249950.034956354,112708.94028643,37916.8939067702,19722.3220885358,10296.2476927028,27826.8673436708,248600.217555585,112814.029583879,38139.4676480854,19879.1712458815,10401.7406234033,28064.6178752215,246988.089919908,112832.670013359,38358.5121332406,20042.1831800546,10509.5324045735,28279.3637960174,245134.833214297,112768.172397112,38566.6410277627,20206.2662008967,10621.5123526285,28485.6438145948,243157.738940552,112637.159668161,38762.7295414431,20369.6357202681,10736.607106732,28692.6729716025,241067.24382002,112451.108674331,38940.4272941853,20526.3025554159,10850.7431393988,28898.046385143,238885.283438846,112217.491433928,39103.8897988996,20676.5485743823,10962.726015004,29100.4515516416
493,229738.54854636,129163.43536683,57584.9008816198,34120.4778719916,20067.667545787,31607.9273174009,204125.966587363,118150.209855547,51439.2450760048,30491.8798663831,17983.0596118836,28588.7833069821,207437.407795433,122169.638237939,52685.5813298375,31414.6489396887,18653.9041904195,29895.7862781052,203591.287349418,121008.986163129,52510.052213728,31098.8650833537,18483.265719982,30093.5392407026,202824.531962087,122001.628046008,53379.1061405712,31659.7741951447,18781.236810674,30747.2377591034,200826.980512109,121909.684929274,53952.0355167356,32126.347169138,19098.4006997456,31352.2672915929,199136.965445932,121974.775111953,54502.3936758955,32636.5299247375,19490.1367945347,32137.6915544788,197352.825601288,121922.105163704,54995.8428665636,33102.7512245824,19871.2674426265,33007.7227196709,195984.065205933,121939.021253187,55486.5418795647,33569.3991418124,20254.7160101494,33948.6632602152,194515.570081974,121952.585865004,55916.0915449406,33986.563468523,20607.1219667393,34883.4625477877,192844.55608414,121859.871793169,56319.2453629835,34376.1818782617,20935.1845400785,35791.1555111053,191046.436196236,121695.103014906,56711.3367381912,34766.3214492137,21263.8024874746,36703.0097170845,189101.896690663,121402.891597587,57056.6763477464,35136.4677023678,21585.0801388706,37613.0104510376,187621.18883557,121226.956668647,57442.1446654226,35538.2165879202,21931.4907169023,38590.1746315633,185924.385514877,120984.298255838,57730.4258147426,35873.049937777,22238.3077876761,39525.6092999842,183955.628340928,120620.574714794,57993.8868463879,36179.0490652928,22520.3149883306,40425.2649949355,181863.756481993,120164.501168504,58247.4337696522,36490.3709510418,22806.6931170616,41332.603826062,179632.394838415,119577.435343945,58444.2598021113,36777.539802561,23085.2159527981,42239.8907447633,177893.340788738,119124.163306006,58685.8934582387,37098.8640234114,23391.4025420182,43227.4087206557,176000.301682166,118633.6339366,58834.8041682336,37352.2890963807,23655.8444274307,44170.9335767991,173915.120226685,118043.405878605,58960.014407064,37574.250044724,23891.5823430327,45069.9149909193,171654.472506718,117364.143445491,59066.5503614628,37792.3323349751,24123.9134379308,45958.7115374883,169201.220351349,116520.670620501,59113.4154656941,37982.3740786941,24343.6570914494,46830.5956844914,167152.299666092,115785.392844264,59200.6463170452,38208.4451496183,24593.9041398259,47786.7970179136,165070.513072994,115047.213042962,59215.5054242193,38381.4926200678,24813.0947355259,48719.3419446306,162666.458354393,114162.902576439,59165.1906925333,38494.55682185,24985.6802449873,49576.0272571239,160168.317540599,113200.948430024,59117.2415782099,38614.9443203315,25160.2035828884,50433.408594135,157762.001302543,112178.835174747,59042.4410969359,38731.4256787778,25338.8894188597,51309.2244447189,156529.970943885,111587.468789039,59115.2702084781,38948.8566469102,25590.5537788639,52369.4018417813,155469.742197732,111216.707582538,59120.2372037073,39087.3319559271,25784.3262954571,53351.5246669745,154163.927907807,110748.557390067,59095.7915039141,39155.6593681302,25902.2863154419,54150.8827334466,152828.185794049,110317.11175004,59140.725674254,39273.2243599012,26039.0354606337,54917.4998137787,151240.182155824,109698.886905922,59122.1776879536,39364.5500827807,26162.416082291,55605.7100956671,149598.048152024,109033.014168955,59086.5552483239,39457.6314600129,26296.0628248801,56304.7364803436,147903.00485711,108311.457967939,59019.8666511235,39535.697201754,26426.4536209064,57013.5337360923,146136.626041403,107526.353790828,58912.2966743017,39587.5238399706,26542.5094390779,57716.2939496099
494,378538.380566181,83431.2529414959,19089.0867183852,8180.29236506897,3516.6570744682,3997.79955673098,364779.923104288,77568.5504403366,17799.8715886785,7777.45966876396,3376.89461864166,3891.75014635429,364708.936944307,77453.3401365193,15746.7861598397,6955.03921462429,3130.73278358808,3842.73072871899,364852.919835183,78705.2794879613,15556.8946747218,6475.14383151042,2800.20104473882,3628.10561455569,364742.431243523,79569.8799276137,15803.9173531433,6488.13092826929,2717.61038333855,3467.73643884849,364304.189071115,80322.2431215861,16050.1914727052,6587.02843662478,2739.87909333398,3427.00856197371,363733.155498873,81011.371089932,16285.8277493184,6694.23836463261,2783.74694257775,3448.24123165968,363132.682634739,81675.7426096748,16514.8361524145,6800.4626318346,2830.71622798724,3491.70866428173,363009.0149566,82334.2647896085,16737.6453817794,6904.5417554894,2877.39095409597,3542.32411870398,362596.131982935,82995.3712173948,16948.8727699807,7002.03306346232,2921.07427579083,3591.94506235638,361912.301323705,83621.8016571517,17169.3592604983,7103.33533998348,2965.83562770579,3641.54541540228,360950.97943027,84197.9787572686,17386.052170304,7205.99328899426,3012.13356386684,3691.88442176368,359874.20036329,84741.6233463426,17600.931252953,7309.12192377834,3059.3714535044,3743.30728637,359265.607523997,85272.0019552449,17808.2252440483,7410.18501275484,3106.2503168558,3795.71836372422,358277.262953901,85800.8117546579,18000.9044718648,7502.93672971445,3149.34977737582,3844.65717960152,356889.355180102,86278.6811082544,18202.8138554494,7599.51050799753,3193.40609576601,3892.59847605315,355220.619293534,86695.8920394445,18401.3181043784,7698.23508071424,3239.54480134325,3941.56808097556,353446.389928223,87074.2157763905,18594.3953463147,7796.24572303987,3286.34874642119,3991.60634150876,352237.721369594,87446.7298678943,18779.697328197,7891.70831781743,3332.51577727482,4042.75468188707,350660.285459538,87820.0649636957,18946.5820403041,7976.63079946482,3373.76163710642,4089.40640609832,348835.691902633,88151.0790925029,19125.6530165569,8066.20085434196,3416.06606199753,4135.13181326894,346592.026639268,88416.8550317475,19296.7059740366,8155.99739266917,3459.6875536696,4180.89011094078,344190.807523617,88633.0077059227,19466.816130892,8247.06601494008,3504.77394272169,4228.17885826213,342218.752015723,88832.0360309615,19627.5410688358,8335.96114858454,3549.80556515901,4277.01921538756,340086.424064048,89029.9129017928,19769.32456063,8414.33263228062,3590.09341051677,4322.2144742178,337460.712214525,89180.7774384679,19915.1606557899,8493.00839525162,3629.49694241825,4364.60724195432,334607.589585246,89262.738555792,20062.7370341732,8576.24904847335,3671.80422044415,4408.28998869223,332061.121620701,89329.6341155312,20206.206108557,8660.35360716119,3715.97023426435,4454.925223162,331130.006137923,89480.0685346398,20339.8849577098,8739.7964648535,3758.49756777883,4504.55860913509,330193.719042468,89732.2436125828,20442.205460098,8796.52479752392,3789.01633850908,4544.08733121105,329085.033931379,89986.35648705,20574.5616581504,8861.38205718939,3819.58506247729,4579.39273305803,327664.272347339,90188.3618886259,20708.8868189972,8932.80866017854,3854.39356969057,4615.7225568721,325962.990926267,90336.3156794367,20839.8358675658,9005.64846062655,3891.52847102873,4654.5433996735,324101.098784452,90436.4641087731,20964.0819721988,9077.57264658447,3929.36566351995,4694.99643371661,322092.518716355,90498.5815369087,21079.2846681502,9146.27415236002,3966.37497156642,4735.43021681119,319961.331746358,90526.9216742845,21188.0526163001,9212.3665875383,4002.41211737859,4775.15359410048
495,200084.539949616,102438.744098419,36874.9492761808,19677.1832125227,10433.1560247001,13090.5016644195,173252.777567207,91456.5441045429,33943.3458451461,18242.9574617408,9709.93691039915,12185.5452119558,188191.52637336,103547.714116552,38905.6084032584,21226.617488136,11518.623089511,14724.9868192792,174445.271504032,93743.7575220135,35651.8982769881,19572.4303823936,10684.3303870477,13963.602329892,185120.71631056,103402.960124238,39508.8286256007,21738.1298810933,11945.2830275911,15864.4432778385,174543.379536261,96070.1161333441,37264.1620665862,20635.2137915176,11364.7682860526,15223.0498912849,182108.828700826,103418.633605076,40356.8592351848,22443.7277324613,12451.428241337,16853.8600682349,173815.081622639,97779.9556675292,38694.043223995,21654.3553438382,12057.8012849498,16462.6629806413,179696.699339335,103602.995643091,41239.5756925273,23186.7737227139,13001.6783092973,17944.7045154725,173171.311554645,99247.1267261488,39965.5823713714,22591.9885056378,12716.6489697289,17718.2448764821,177282.726814776,103831.899220939,42060.8313683618,23874.4002171657,13518.1832196784,19030.6743813164,171725.532333931,100336.74983413,41129.021735039,23464.8273233971,13335.250076937,18940.337348115,174488.488489607,103863.563254193,42868.7201105593,24570.8261338356,14044.8909897856,20144.8659888642,170214.163135502,101175.469283535,42221.248992172,24326.4254713172,13963.8105487232,20216.9450539521,172084.024863292,103910.894661462,43613.3329087365,25239.6993223567,14568.6824985161,21309.978307866,168165.299976842,101732.122687921,43142.905246528,25077.761727564,14530.662608641,21455.1253727006,168988.768535352,103721.667306801,44310.4079935867,25874.0362267059,15068.0682832491,22462.4435883293,165462.766426143,101861.838423726,43980.5801615666,25807.0944171357,15093.6930094473,22712.1859606026,166080.876082457,103422.119894176,44974.6654966492,26520.791494048,15594.1940313844,23704.1357477735,163141.994741842,101936.701429766,44713.3476224236,26484.924019282,15641.6035212463,24019.6755228924,162986.224220468,103016.399431394,45498.9931872063,27062.0138445581,16056.4571736434,24907.1984314604,160106.608599754,101709.948391847,45349.1561364079,27090.8172728004,16138.1920330827,25274.2605052571,159254.90082906,102250.918793708,45953.4665963857,27579.3066693245,16507.2833477016,26104.3111818896,156955.211314489,101228.408183659,45917.7447300064,27690.5342695524,16649.1208631427,26592.7931970559,155947.796914566,101478.943497059,46339.1329710634,28072.0448100975,16961.0165847972,27376.5990252982,153550.905101994,100560.202386648,46306.0583979776,28166.0017796052,17088.567044486,27868.7126910103,151975.840343479,100433.799378492,46621.6982380817,28482.8431357518,17356.2638841441,28590.4697327309,149821.671497536,99560.9397964114,46634.2367689525,28622.7066532157,17518.8161305292,29151.0168809058,149328.207557942,99654.0195858559,46980.1537177312,28972.1274476183,17817.9084194066,29967.0669607755,148161.954557014,99209.9929206146,46970.2064573629,29066.0937722459,17949.2565282067,30519.2954703102,147434.98080401,99290.0466618841,47211.4684080346,29286.0502252599,18139.391335224,31146.4552930672,146152.434037281,98894.3397994228,47291.5254211301,29411.6827450713,18262.9876778171,31617.57175693,145009.121650835,98701.4314520781,47468.0383871787,29610.4528893863,18438.5793692159,32158.4998458301,143587.567037304,98238.4042589239,47542.6686106619,29752.8990687803,18583.910735443,32649.5639323209,142246.091407768,97867.2010867326,47647.2202270055,29919.874500567,18750.247066063,33192.1611245567,140745.391535156,97347.2412716923,47686.4579509934,30045.6292025527,18892.2351305665,33709.0521843686
496,197777.704830803,125989.20427087,62635.1814233725,39479.2676450083,24695.9340825763,42421.3635887158,168030.875552097,108838.948673508,53670.1611471005,33858.3708304027,21236.8849005541,36768.1530026026,176068.565306594,117193.18850349,57202.8143742434,36440.4140719162,23081.2459868085,40445.2954250018,169462.443121977,112587.157584539,55608.5645546205,35283.0743889658,22418.1213089339,40100.6406121683,170094.393588419,114782.286914499,56837.4867888218,36160.1653065881,22993.7247083362,41657.6849572749,167881.946875319,113975.452702475,57184.4112203416,36477.1991912826,23235.2997454856,42476.1813611051,166227.750130222,113796.511428013,57552.8659161414,36931.2350088177,23627.405073805,43552.6825579076,164825.606502105,113696.682205345,58028.7461972514,37412.6442797067,24053.7101211305,44801.0892256543,163387.236605895,113346.463785246,58322.5660545527,37793.2646017737,24417.5307960932,46002.775191812,162157.965732232,113275.873164058,58683.4545134372,38195.6132777582,24794.9396883174,47287.8390869507,160541.600591699,112905.363591083,58932.2831429082,38511.4780330797,25104.6158714629,48462.1789109567,158942.704018674,112576.605451166,59210.1349060432,38855.7743131675,25433.3082287776,49676.2504936791,157206.447023587,112089.718462857,59422.904317205,39164.0685932772,25743.0257048077,50869.0202087666,155877.809063214,111751.092876883,59683.8483990341,39511.7328065083,26084.6197462396,52154.1949952255,154352.005062454,111340.040357653,59847.4465720692,39783.3388698308,26376.4848902911,53374.2272173649,152568.563494679,110789.154948571,59967.1111656378,40012.9800063147,26632.2813741878,54531.7687934983,150714.85041017,110181.46737665,60088.0770931995,40254.062869331,26896.1432786566,55706.669044209,148745.330492999,109430.946175078,60139.2724022367,40460.0559994366,27143.874993211,56866.1944998414,147231.131390149,108855.77578751,60251.8779940759,40713.5185847279,27430.3030496417,58144.610826811,145561.619668178,108231.600545405,60267.2715145907,40887.0353636811,27662.6414700237,59349.6236527446,143700.949510403,107492.100171126,60243.5772434624,41017.3216556491,27855.1035972739,60479.9255090464,141728.115703131,106697.254605701,60214.2433978093,41150.7975398424,28047.7793243578,61605.1822713214,139605.013277463,105739.80363813,60115.2528272436,41247.4608304564,28220.6466145537,62694.9530061046,137818.6905717,104903.016822659,60058.8793648452,41382.857724667,28427.7865331767,63892.0645218456,136025.273654606,104080.161209725,59945.9025241624,41469.5682437156,28603.5252155273,65062.2689107774,133919.293591361,103088.194053295,59743.1152708246,41476.451409459,28715.3352311625,66106.1856337613,131750.11588651,102038.061198578,59547.3394408844,41492.3553285297,28829.3485237266,67151.578431799,129725.508835929,100959.541791453,59339.3865868058,41513.5054214892,28953.3485225073,68231.1539264346,128701.703433717,100330.087443704,59297.8179964251,41654.5546644638,29168.1820212477,69567.4146069256,127799.993005626,99911.2158402391,59210.1414783731,41721.2094532369,29322.1950370986,70801.3153828785,126631.923062072,99349.7416755433,59069.2589276856,41700.4044069683,29381.9364344819,71767.9450719604,125462.729936141,98849.5714794818,59013.5016847495,41743.3972943195,29471.4300263592,72709.7982837032,124110.896779841,98193.7089597307,58907.2780357773,41767.9923719009,29552.0054243525,73557.8287270826,122671.018293447,97452.1248164964,58754.2333241446,41775.039503858,29630.8343601459,74379.5718839122,121231.439603997,96703.6688539673,58591.8315082907,41780.2623030509,29716.1061545116,75234.8252535719,119717.404197667,95880.759564491,58380.1215871144,41750.6196036336,29779.5811113643,76064.9823939703
497,223609.947784428,129123.90335075,56315.3896526699,33265.4305858747,19586.8230792953,35826.1734169803,194325.67327402,116288.065631067,51687.733198134,30685.889656983,18143.4425388863,33263.1539180851,201826.784875673,122680.346972154,54815.605561879,33108.363792586,19866.9950605772,36634.2700928094,195141.263015914,118594.792153049,53458.9196621064,32332.4793826956,19568.8217492474,36880.7163107054,196407.682109718,121164.472069951,54790.9478784971,33235.0287483526,20175.5068345313,38549.1199963054,193245.726642908,119947.887625647,54918.9373166696,33412.8049667479,20333.3208177527,39217.0114142459,192258.568999471,120545.965081405,55628.9435346738,34032.5523833652,20802.6013163045,40384.0506090695,190157.505569054,120124.662652812,55989.0593713629,34412.8209170328,21134.5573723414,41338.0986075984,189005.615242283,120269.56234525,56513.9830046753,34914.4275641142,21548.2258640563,42474.0910456956,187454.94766861,120144.832082953,56892.1799320757,35304.329970873,21891.4121889264,43517.1911488138,185823.54943817,120032.459765654,57279.3850771233,35694.4196357091,22228.100707531,44551.0408769572,184035.385906617,119803.676865091,57645.0908123066,36075.6700541137,22559.4365372609,45575.2856989593,182137.991995298,119464.449369033,57964.0373806082,36438.4505258818,22884.6671562636,46594.7417243665,180710.228667797,119270.877784389,58333.5378127567,36838.8539446478,23239.4158206801,47700.8741596566,178996.907713392,118953.249223805,58583.2938511563,37155.1236861645,23542.1316255889,48734.4291614105,177068.478426045,118553.224907238,58823.0331538868,37453.0973062326,23826.3052767311,49737.1041905939,175008.811536341,118046.212516584,59044.5955884648,37750.5138196728,24111.1933984734,50739.4389794139,172821.846883205,117412.650095408,59208.2710712681,38022.3198096959,24387.0699012413,51736.1158798239,171162.51090385,116950.135034079,59433.1234155043,38339.4680624059,24698.375454825,52841.1292017363,169282.22382515,116399.951881558,59540.605573022,38569.8154532836,24954.5058939156,53870.2847829085,167233.021061873,115775.58015465,59635.1085916748,38775.5562651696,25185.3352592359,54854.1610819702,165011.775950038,115048.80320537,59707.0361934998,38974.5170801302,25410.5998987993,55819.7616901393,162640.160818709,114178.336649124,59722.3140279193,39147.7852068351,25624.9580747247,56766.7330363197,160642.410314294,113419.576808876,59777.4704294035,39355.8408524996,25869.4241849559,57808.5665848613,158597.828385047,112641.43020245,59757.076922206,39507.0884403387,26079.0644917312,58816.1006355476,156239.348856706,111717.713646074,59667.8274264574,39595.9229486859,26239.8039034473,59731.5083769157,153805.016937027,110726.614233607,59583.8198514801,39693.53957235,26403.3616118363,60648.4774422773,151499.627280239,109688.130286701,59478.337525111,39790.2063910735,26572.9043900947,61589.1560861033,150354.044948088,109119.503512849,59537.4396095816,40000.7399743398,26825.4688451787,62766.4178379123,149295.873203074,108706.433408216,59507.0562060645,40113.3608493073,27005.0875236376,63829.4848980843,148022.863728236,108220.616898765,59458.0387532838,40164.5073952115,27113.1138486567,64697.5990752713,146711.442780144,107762.409133436,59475.9978857234,40263.4348608876,27239.1855891208,65527.4222709675,145155.998848551,107120.053447562,59430.171669436,40335.9782856204,27351.4933666888,66263.4756214796,143553.824843079,106431.691342828,59366.6836170024,40410.4428538602,27474.7414805405,67008.091431861,141912.188031001,105697.342744527,59275.0237970704,40471.3039648974,27595.9176604244,67764.3586128918,140191.055827325,104892.992858958,59137.5130214493,40501.6215099747,27699.4186609512,68504.1636514388
498,131283.005236992,105888.024928502,69646.7703703273,51396.5329657034,37691.7310267311,104108.802806697,122827.689425764,103053.354686366,65829.1011062459,48739.9970460826,35875.4949123058,100159.211555454,106742.324368585,88711.8885851732,57248.4507463933,42449.4937474453,31293.1705357208,87984.08260145,115576.732391275,99047.4418244313,63820.1758490375,47366.3356676549,35112.5768655874,100081.897795896,114276.665729394,96921.6920402121,63789.5641284434,47500.6369242189,35255.3098778972,101971.283130813,107607.185414699,91597.0919318406,60021.4440784458,45007.0041482681,33585.5237738811,98448.0702387449,109794.936494009,94880.9432022415,62528.1376648996,46884.1870858751,35089.1478480453,104377.019421525,109118.462684152,94225.0566451537,62923.7966944548,47383.2546585278,35541.9283625786,107099.77714913,105759.851214959,91472.2876831535,61228.278611691,46374.2968508231,34954.829146094,106703.57677325,105747.361175881,92215.5488876753,61942.8612385848,47022.7555126458,35580.9467563742,110183.145784197,105207.333189061,92009.9288111123,62298.3365853349,47430.5425418838,35987.340342303,112993.402801623,103021.729498644,90379.6525341174,61472.0342263533,46989.3887470721,35776.4194563905,113826.561597896,101832.413161298,89880.5666537839,61422.2882525155,47088.8265081576,35972.4274032319,115990.755106603,101143.931879375,89533.8471740679,61595.1934507047,47374.3825985255,36301.1812952625,118609.678277094,99821.003311036,88622.1386279371,61231.7527015117,47268.681997781,36345.370280716,120338.078885336,98407.1861799226,87779.9748513286,60904.1315404517,47146.232766877,36366.7920332629,122032.566021057,97192.2171953642,87092.2093532061,60767.8676100175,47172.4283395758,36488.8480424192,124053.563212795,95757.5127024858,86143.9295687737,60453.156250334,47084.9368117042,36531.27853944,125799.960391638,94437.5459558391,85178.9311465579,60083.0089479416,46958.2092228609,36553.0913517592,127519.404528435,93366.3164949837,84517.420655174,59851.4391302699,46923.6694621959,36645.9232202169,129557.551245469,92094.8921662663,83672.9121591622,59521.2690541883,46787.9046736512,36645.6367278695,131297.972885829,90605.8821594569,82647.1836893714,59070.3372732502,46562.825615677,36568.9487073284,132740.94646444,89110.6491138736,81630.1049107828,58645.074375696,46362.6212390147,36513.7325765185,134248.084091346,87800.0176600794,80646.7320910637,58247.2571525835,46195.0238147861,36489.9051340846,135890.54343868,86583.7012780419,79765.2478179913,57841.270100677,46018.5972144997,36464.8669971234,137587.334045793,85180.1765640276,78776.3283837629,57354.5936118038,45751.1830219898,36357.8706565767,139019.057999368,83620.5190832913,77633.9260483354,56796.5052193545,45424.6840272141,36193.4987127624,140215.227492621,82143.8070157137,76513.7201779652,56259.9156559215,45128.3081302591,36056.0659499412,141499.283689139,81247.2479793483,75667.9227593042,55870.3009317367,44954.3903768761,36023.0698853062,143228.303883479,80742.7138595292,75280.1660260425,55640.5521025085,44879.9966017218,36066.1216561871,145328.479906328,80029.1314259282,74758.7970240138,55333.5048088442,44680.0318336601,35974.0358481078,146856.584317817,79095.6574653096,74074.5526444135,54952.2722095175,44417.8860005773,35806.4275952153,147892.781526219,78183.0569090889,73440.7813066,54654.5941607246,44238.6382368514,35705.123699797,149011.948082946,77276.9311237656,72780.4318170377,54366.7769922238,44089.2582733694,35639.3662097531,150168.486277347,76276.6454916615,72009.6853736622,53981.5880918804,43874.4354569752,35534.6169910389,151140.080431571,75228.811336377,71199.0719547368,53550.7959847275,43619.9285519985,35403.7120256384,152034.347861206
499,270734.336274863,147109.902264503,53595.8480911661,28436.2353739984,14960.9968268089,22664.0355207991,245688.402187218,136327.675672009,47430.2782730305,25082.9987134881,13189.9821721468,20288.3246135935,247152.262452549,139490.815427569,47530.9624216016,25333.9804857578,13487.6889222399,20972.4829518495,242886.504285832,138442.25399377,46886.5291669037,24601.0560286885,13031.6017084988,20666.2803444089,243728.015309911,141136.809053355,48564.8501021766,25384.7976251235,13332.4208542959,21109.5787769124,240242.289504828,140025.937605201,48659.2311492404,25591.1581536476,13450.561443503,21105.9403823498,240170.188474692,141776.084594725,49942.3808493322,26394.2342774058,13944.0695249851,21810.1696315969,237036.498234853,140852.779009919,50081.5572782101,26644.6498593539,14154.0638353002,22138.4549603326,236947.165514623,142240.82884098,51171.4341379454,27358.4004660768,14617.9923254006,22937.7576973009,234546.25113498,141668.60323202,51370.8836494901,27623.4593177208,14837.2043607747,23370.3047894472,233831.917822011,142706.899738094,52281.409118086,28230.8145959508,15238.9853517193,24111.325038692,231252.425103646,142126.995479569,52545.7601757485,28523.9906605251,15469.2972812098,24567.8818919444,229921.137555476,142750.111736822,53333.0770841952,29087.7120465735,15854.9800335946,25286.7365900621,227783.830868203,142257.969306842,53650.675758814,29421.5938263038,16117.565275921,25816.4645432012,226678.98400569,142818.366403048,54333.3378609331,29935.1616594572,16483.6883015025,26541.3470778638,224128.586729534,142254.670628586,54588.9607618625,30214.9196692934,16712.712560383,27042.5859066421,222399.538776189,142464.367682995,55215.2112785825,30700.9125504273,17060.6849292693,27737.771712058,219542.932372363,141704.178320865,55444.0540323698,30987.6268171542,17302.9071009803,28263.9287027405,218077.299757175,141805.707007201,56029.0488470889,31470.7782330646,17662.6050626005,29007.7505585296,215712.268935797,141212.193980093,56229.5839519899,31740.1127278891,17902.096060847,29575.4541066034,213792.203060363,141110.981973737,56683.9921656975,32129.5816230075,18203.6425606057,30254.3399645251,211066.121291351,140357.615449543,56884.5274656305,32393.4070835333,18433.8681024652,30806.422291767,208556.477774818,139888.654066842,57236.72794429,32746.0242631463,18721.402154618,31461.6945383637,206054.582843406,139085.978667867,57445.3192598982,33032.93504591,18976.9706651154,32078.8442024265,203963.516816828,138671.60074064,57737.5497483412,33360.2990825598,19260.6541691317,32774.6086043324,201133.293876049,137768.245498604,57833.9657232446,33560.7292422209,19463.1878805481,33341.2197286157,198463.897756062,137047.366657072,58064.118403072,33843.6759566872,19713.480203783,33985.291779488,195480.584542461,135944.703384794,58133.2910965408,34050.3505099484,19926.0489099151,34569.8817500458,194185.726060658,135541.289479731,58442.0535383496,34400.7315860799,20230.5851045173,35348.9426200864,192901.153189816,135183.285588927,58546.0953884691,34602.9007552115,20442.6929792344,36006.9684984802,191572.960484468,134921.693808626,58724.5026423306,34795.6216431859,20622.7375961866,36596.1487676927,190030.400041561,134531.54194009,58894.7100814348,34992.7091679018,20795.3263833883,37122.4674552365,188273.764371234,134018.286360288,59039.2186209898,35186.6799463679,20971.2783075505,37627.3878617929,186405.287482362,133414.216571669,59161.5579643259,35378.6514065163,21152.9669927647,38140.7396301584,184469.765194251,132739.467204204,59251.5828371195,35557.7912245884,21332.8317952234,38664.5436465622,182451.713431439,132004.903935097,59310.0387171836,35719.1590515468,21504.9262507668,39192.0735196493
500,351252.525342834,102109.722525961,26137.9207229146,11721.0598833907,5305.01690595501,12642.9469780867,335754.331550238,97163.5039479211,24602.9288527922,11114.1564355748,5052.13657004443,12345.1335218695,337589.780831566,97039.9148760926,23001.8506917991,10590.3188699028,4940.42626347246,12460.4651991636,337631.35039723,98764.9161294003,22754.2874118359,10025.428904569,4593.52497569767,12361.4593979429,337323.779812644,99895.5038584619,23201.357764484,10098.4129428218,4506.17572044258,12263.5150875557,336750.145931221,100882.68552486,23642.1357736992,10305.1566893225,4572.83519709681,12309.8520874229,336095.715774338,101791.211915985,24066.5936079621,10525.5748871572,4675.8525344255,12448.8583068933,335315.288240594,102649.236615109,24473.5516048257,10742.3503969902,4784.04649560994,12623.0003828241,335000.386848125,103494.155494485,24876.7031052611,10958.2029320966,4893.30223184186,12814.8540212935,334444.013766174,104326.922035996,25251.1735442079,11159.8544853798,4996.49625313324,13002.1998848845,333653.03845161,105130.093000921,25638.9946671523,11365.3115346048,5100.18382186157,13185.9290990284,332586.91513846,105863.844251677,26023.4236822908,11574.2789135558,5206.91417095945,13367.1888183406,331316.351535193,106546.231157865,26404.2410467124,11784.8767467096,5316.22011068573,13547.844595644,330513.263993632,107206.839987359,26782.5959258834,11997.4098353188,5428.01058548544,13736.5641867892,329388.1030051,107849.88258587,27125.7411892578,12192.5435397935,5532.50245742366,13915.8304768076,327915.157953154,108446.623412161,27483.7116777412,12391.5693386194,5637.19898321999,14088.4195192488,326142.765969774,108956.129282427,27838.765044794,12595.7876198566,5746.10997548284,14258.6163019376,324166.105728273,109402.021777508,28185.1081540206,12800.3091300709,5857.6229976584,14428.6922148177,322721.126952402,109834.010240886,28528.5642417811,13006.2530754924,5971.51475564495,14608.7234127917,321030.335446607,110258.256411805,28832.7858280427,13191.9434048655,6076.49891478435,14778.8806515192,319092.215481945,110643.13672888,29151.1175240598,13379.9852967974,6180.44840071824,14941.8597493193,316786.142212737,110935.741007271,29460.8672996022,13570.1389224991,6286.95465477397,15099.5461042286,314217.375885902,111155.346113913,29765.8590264369,13762.1755988205,6396.63852601462,15256.1633784328,312043.350141875,111343.928755418,30066.7378752417,13956.8418780681,6509.88662883245,15422.5831705054,309800.21268871,111525.703834684,30330.7854222765,14132.9841240075,6615.49453218571,15583.3000378112,307108.026183947,111655.928062208,30593.4751176587,14303.4575666322,6716.38730545406,15731.0319254397,304174.148600928,111688.85497735,30861.0603166114,14481.7098684761,6821.88573036472,15876.0739380598,301314.254280957,111680.177780282,31120.1739070223,14662.4358219391,6931.90865192694,16026.1740070861,300013.92248601,111778.41248082,31384.387605823,14847.4871023326,7046.07947459772,16206.3294186,298899.2745661,112014.477066262,31578.6702817581,14986.8566875494,7136.3942250052,16369.8198930768,297677.639141672,112279.015154068,31805.7884972466,15124.3587391677,7217.05553321042,16513.219827959,296159.617453259,112468.54210267,32035.6116430281,15269.93791963,7301.21390764053,16646.2433621408,294362.912008725,112586.659550025,32259.8493861839,15418.3040423127,7389.57841477251,16776.9177278881,292389.510867519,112636.384055705,32475.8770377617,15567.0629436468,7480.6512985791,16908.5839690337,290287.1829951,112633.424938014,32678.5922109626,15712.237146488,7571.93174935146,17040.4098752049,288060.190275556,112584.381801217,32869.8978132616,15852.8272485067,7661.95944855224,17170.2741570701
501,320564.167247144,94021.0773863247,24940.6213658347,11691.8200411979,5715.64408531576,33957.887904144,302593.524934311,88034.6103687545,23366.3505595555,11123.7982569982,5471.78468248529,32926.1333272767,300947.705039208,88596.108961559,21499.7859384445,10279.3074500069,5214.54819995414,33071.3098639003,300488.456116122,89868.8991258874,21646.0324567953,9961.67176214539,4920.88361481732,33173.801974623,299816.684178282,90747.4886791845,22042.6072280771,10079.752847598,4888.44740295682,33335.234318549,298843.037334417,91489.9141780345,22406.9631309972,10260.8388745139,4956.68374806176,33617.8079394795,297796.389587822,92162.5206193018,22753.6349706611,10445.1797140945,5044.93942939909,33966.3893978949,296739.588726537,92803.7865469397,23088.1032739863,10625.6589360072,5135.27025364946,34334.9496905745,296122.07631689,93456.5872064571,23418.4796500126,10805.0144086675,5226.16011604243,34729.520336901,295305.831659669,94117.9198899349,23733.2732108062,10974.3701889234,5312.02910598892,35107.1559081109,294259.650605766,94730.2623578888,24057.0569292037,11147.4834134184,5398.59907646517,35467.8983606695,292974.491672194,95284.5104035943,24375.8216591269,11322.7944434972,5487.67230604026,35813.402467805,291581.617721456,95789.2868322309,24691.2555209598,11499.1927896499,5578.80373698633,36148.3240135413,290655.608871931,96304.5987272037,25001.9616807204,11676.411342547,5672.10325524344,36506.9365845125,289408.357791884,96815.8651638416,25290.4682799142,11839.4501066982,5758.43840262318,36837.1649121846,287827.238418168,97256.3048942692,25589.0740413164,12006.8188003538,5845.4311887,37143.4614266189,286012.196646466,97624.9505496088,25881.7532186095,12177.4015711006,5935.91623333151,37434.9048037693,284089.557724138,97938.8466725711,26166.693702061,12347.311306045,6028.04272693498,37714.8892695151,282712.413934466,98275.2512727323,26448.0477863048,12518.2932288408,6122.44562435355,38025.5607433561,281033.593195276,98607.2014717159,26701.2785038904,12671.1148387465,6207.64068451726,38304.1227890904,279131.03921075,98878.15997124,26966.3834429775,12828.42067169,6293.13239486292,38563.3784630915,276899.981714547,99071.9771193031,27220.5983575661,12986.0552956763,6380.55709846899,38798.7707021409,274508.830967898,99195.9102005377,27469.9644970984,13144.7930773808,6470.40806194447,39020.061043907,272533.322461091,99326.5232275658,27714.657045142,13305.2846452408,6563.40904564523,39266.1199262474,270426.858102784,99453.9095494458,27931.2350696476,13448.7495389532,6648.31364851468,39491.434881674,267909.029177737,99508.2476414546,28147.1022692121,13588.9406077114,6729.62347743193,39680.2861279191,265197.944232431,99481.1949704758,28363.0617573835,13735.1424974549,6815.19660008317,39854.2078671981,262754.989191473,99428.6351693591,28573.8881743406,13883.7282086608,6904.86923150008,40036.7498989471,261786.977855326,99556.2297953517,28789.9747512917,14036.3310000716,6998.83855129753,40317.6428124455,260770.881266063,99772.5214370315,28953.4032343187,14146.7368046546,7068.37061199161,40558.3267778025,259616.169328333,99976.6288064463,29148.5013948365,14263.0832332196,7133.68845008435,40774.0709684488,258205.068080693,100114.931330552,29341.8697811614,14385.8904059351,7203.17723628758,40964.5941045982,256542.54887937,100184.007106652,29528.4137517187,14510.1084219654,7276.15296297735,41136.3432083648,254761.434226809,100199.579911626,29707.4716931817,14634.6561108007,7351.73674428396,41300.0636366936,252872.925436264,100171.880672411,29873.7862188983,14754.8322074741,7426.84851783966,41453.3766889419,250884.583410466,100105.518334087,30030.3273968511,14870.7824550239,7500.56133996126,41595.6466363864
502,274170.383975786,137292.250106509,45103.5991720152,22879.8467746725,11509.6629694964,12587.7127666091,241646.667312544,124507.916777119,40875.2992335628,20825.6932124979,10504.5531473956,11530.8381785776,242906.571257101,126764.4011615,40922.8485146133,21162.474102792,10877.2032147599,12175.4151210543,241519.323149412,127713.59204351,41147.2519671028,21013.7534290523,10776.5768687195,12350.6864929294,239952.483235032,128322.912367245,41823.2465723751,21322.8168572042,10867.5494033636,12459.0461464466,238566.279258767,128970.271812779,42488.0965528505,21763.9007549077,11109.7803872218,12690.6301514029,236950.5685482,129383.029514715,43076.6952340862,22179.1138893436,11373.9950904328,13016.114914308,235303.977752095,129758.611533677,43635.3189856241,22583.2691677385,11641.1884952299,13398.411873597,234115.574172069,130190.230718228,44199.7548000374,22990.5005651308,11911.9905538984,13814.7236511428,232799.227854992,130599.788593116,44709.9625762259,23363.588351128,12164.7286066581,14225.6141362457,231262.123147792,130928.719976532,45219.3241745818,23730.3320560217,12410.5689544516,14631.4878154371,229557.300301964,131154.49308549,45715.1552769136,24098.1748196307,12659.03658744,15041.7690303181,227668.225276949,131273.64322388,46184.2068200949,24458.2487512109,12907.6237628108,15459.3153600331,226252.512481205,131461.940938815,46671.2503049447,24833.6765773995,13168.0813186067,15902.038036774,224623.181063515,131604.589888937,47090.7314245185,25168.0543570457,13407.809361229,16330.6949888499,222708.979212735,131640.851562903,47507.8054970966,25494.7751561993,13639.6238069346,16751.2732145035,220607.913098698,131552.427605422,47909.3010365498,25823.5109476294,13875.2386129038,17177.4695400419,218322.10599234,131352.135596162,48276.76443039,26142.1651435178,14110.8450993197,17612.8023950798,216550.032495506,131234.215494031,48667.2341857371,26478.367128147,14359.9561283222,18078.6321447164,214610.767638813,131088.57543343,48984.2924492398,26768.8866549453,14585.2880735283,18527.6397638028,212494.227323672,130862.280829787,49303.3702103047,27051.0336805414,14800.8630016499,18965.8727615544,210116.06154187,130503.407449476,49593.5585073193,27326.1480527713,15014.2570443269,19400.5784881057,207535.46901815,130013.956869689,49855.4031234813,27593.1976859839,15227.7002630675,19842.2120324181,205328.30590959,129570.562781885,50129.2383918051,27875.1214375023,15454.5658212499,20314.9953609053,203120.031949598,129134.145511685,50347.7941596798,28122.238904137,15664.2524382844,20781.0934337571,200580.590411687,128577.72333171,50533.8806402711,28340.386244369,15853.0495676436,21224.279653743,197853.124054757,127893.518048512,50710.2354471913,28560.2473760122,16042.9174881546,21667.7459760355,195205.129335702,127146.503988194,50867.69318428,28780.6279913459,16239.0649917374,22127.8926465363,193854.178872635,126777.732103903,51108.000184223,29051.6390958748,16468.8291219836,22652.8197400567,192700.672431087,126604.990423175,51264.9378717207,29247.7939871562,16650.8645878244,23126.9316709206,191406.693520781,126418.700388243,51441.6669596374,29420.3950777749,16799.4434719106,23535.9635801721,189937.72315328,126154.812924736,51626.485386315,29604.1069128726,16948.5420673992,23914.4842266249,188238.845177822,125761.833393552,51782.3420086813,29782.0273139294,17098.6716510253,24281.5954909635,186441.469334953,125291.05462746,51921.0257763903,29958.5535319502,17253.5971070266,24659.6769468703,184572.244661707,124755.90582221,52031.8116740391,30124.0252831532,17406.5498671192,25047.0692956013,182625.802504231,124164.788330281,52117.3386113439,30275.7541488563,17553.6268895205,25438.7792503657
503,373069.926197835,96756.3003727538,22570.3253250844,9833.49469253748,4363.2461754762,11692.208002679,351776.514438976,86381.852613808,20422.3120170603,9099.61876244919,4085.64413511448,11281.6783232609,351672.199177025,85517.1678055832,17684.8917059215,8042.69602416254,3775.66129194471,11275.0901789165,351907.119084749,87093.2797522518,17244.8643372841,7326.09422701481,3317.49700398175,11072.2920469666,351765.061694488,88103.1986506948,17516.2056829332,7294.05827467572,3176.25570659461,10919.6273858527,351214.510206994,88929.5624598902,17798.7347040858,7401.0874430419,3189.62290871166,10924.810856194,350541.098395989,89676.3608046498,18067.99269061,7524.06193263652,3238.05761570911,11018.9245171514,349857.502812615,90389.9205348639,18327.077530841,7645.91699273326,3291.83119419211,11145.4671149026,349645.852865001,91109.3771632866,18580.5938605703,7765.8029382304,3345.7959435331,11286.1946089975,349163.71521448,91817.5169913634,18819.5887695929,7877.69868148403,3396.10772366938,11422.3059427727,348402.217442697,92484.534994594,19066.6420506195,7992.90856838587,3447.24729036693,11554.6338313873,347358.042879877,93094.4919114984,19310.2825513031,8109.8040878611,3500.09095732499,11683.7502416449,346174.307876909,93664.1938127205,19551.8663610171,8227.51432639639,3554.18899391825,11811.1857019991,345515.88756201,94234.9564076254,19788.257826959,8344.52032494532,3608.75446185491,11944.0459273191,344467.972092494,94787.7728527678,20004.0594981464,8450.35539542604,3658.2727518531,12066.9304449251,343032.137920754,95284.1284648811,20230.1353285737,8560.18760504785,3708.62408856043,12183.5726097644,341323.919431879,95712.4165274304,20452.3494515969,8672.52141834912,3761.33000457824,12297.1694532657,339471.762192652,96094.7747159388,20668.8757385778,8784.25885281577,3814.90924539613,12408.674811896,338206.390774176,96483.7426010172,20880.4190214701,8895.09516561835,3868.79600445953,12526.5492964078,336596.038615716,96858.9667156619,21068.0781282711,8992.7906071767,3916.62653319429,12633.6942955606,334735.204564744,97188.5989001949,21267.4753518479,9094.63000856106,3965.11579422793,12735.6135106586,332469.294535107,97443.0214620257,21458.8894533064,9196.92279149268,4015.00797367172,12831.4637434332,330041.388244282,97640.7756142679,21648.5420902597,9300.66332064529,4066.65109757179,12925.4300654001,328038.622743429,97831.455631885,21830.9119726729,9403.34927491536,4118.94405207527,13024.2964375003,325882.93801721,98010.3289171446,21990.5774201894,9493.82194991762,4165.77491065988,13115.4489390543,323266.864604001,98133.314438954,22152.8246160993,9583.66511168649,4211.16099220631,13196.7176389061,320403.245286723,98180.6436429965,22316.1129486439,9678.0241769395,4259.46178838719,13274.5005057678,317803.72326414,98212.0110433517,22477.1158087474,9774.46084749448,4310.35769981617,13356.106117342,316802.983196861,98362.3571828853,22633.7070991989,9869.08049969248,4361.27196784341,13458.3368604311,315811.808296312,98602.3825177076,22749.674898919,9935.95670651436,4397.74608281566,13546.6509978502,314669.880419392,98851.2210524386,22896.9804934117,10010.2519298271,4433.34506494499,13626.8006925292,313256.300895215,99041.1610180356,23045.7116756478,10091.233719108,4473.14837275919,13702.5223271967,311537.761639166,99170.8382220255,23189.8376003438,10173.2463550429,4515.2952330034,13775.1944485747,309667.004740383,99245.5885087929,23328.1134138063,10255.1875537576,4558.72605437961,13846.4948592482,307673.692360253,99279.6320721885,23456.2634724286,10333.7754628857,4601.5461864866,13915.1341179072,305545.081111276,99275.1414469284,23576.2865831551,10408.9486264701,4643.09706764313,13979.8295390125
504,366357.317997879,84177.1657003913,17041.0242480474,6978.35618064473,2941.73206970874,4396.08105973829,358175.892337686,82766.7849692007,16413.5799461515,6764.91861836976,2862.23976491905,4371.0274876837,360078.253254471,80259.6047496645,14807.8012799724,6280.16741082056,2751.2867400007,4392.06435946262,360890.191967354,81449.6768925504,14088.292088667,5578.56161954551,2398.63951816448,4243.04603612608,361383.776565952,82174.4315005709,14187.5068774166,5478.40731374667,2257.11754381794,4088.69318653296,361504.12939706,82792.9447476573,14329.0079012799,5512.14873953408,2242.51540223499,4039.95937958519,361451.458206941,83329.4877190304,14466.9574785529,5563.31635338092,2257.26854746993,4053.28213141866,361226.424045819,83811.9243158352,14592.7289322391,5612.83570078511,2275.96245122254,4088.80423222063,361367.290911423,84250.613135455,14710.2167475358,5659.191623916,2294.00309864669,4130.9158211834,361327.741267867,84703.0641058975,14815.7387368788,5700.00356631125,2309.73252644344,4172.68477890941,360966.454562342,85116.2373846038,14928.8148008357,5742.74934615324,2325.54298033137,4213.33187320693,360257.173521283,85456.4733518103,15036.0894683108,5785.68966972045,2342.01188868853,4253.15895780752,359262.017614366,85728.6717356957,15134.8215442847,5826.24861481872,2358.04526182741,4292.0525303179,358641.824626123,85949.8011202497,15222.9998057088,5863.30182857498,2372.93117941268,4330.61496760542,357790.860536174,86199.3078742964,15298.192324214,5893.95319758227,2385.06796781996,4366.67439844986,356506.093420735,86400.4346553413,15383.4441190067,5927.15087930715,2397.31249424293,4400.68844800905,354886.421629217,86516.5415185491,15461.9239835501,5960.79987141688,2410.47528812747,4433.84301140796,352987.417705663,86569.3642860605,15529.3326373482,5991.06153325718,2422.88596199058,4465.91087848838,351561.567800377,86581.1654033672,15588.0331032242,6018.11551622876,2434.11331944252,4497.75142240586,350017.708658355,86649.8171175953,15634.9873156528,6039.11126243432,2442.68072839154,4527.27700769641,348199.108333625,86688.0052156681,15695.0879516812,6063.51785609905,2451.55732784338,4555.01179312663,346033.679527125,86666.5953782679,15750.3891521287,6089.02677004554,2461.59891083537,4581.89731264743,343554.371059539,86580.2721332216,15799.7504372418,6113.22115090388,2471.66722234923,4607.88594719757,341451.824842839,86446.6193493764,15839.5504751345,6134.77076383582,2481.0780131404,4633.80938980073,339409.558472753,86362.3388956269,15867.2708133924,6150.25574928952,2487.9542493858,4657.89659100282,336970.966639402,86270.7968236443,15905.1042550369,6167.61042599133,2494.5245378105,4679.51213303362,334277.743549207,86101.1272390594,15943.4711544805,6187.96465025464,2502.76352532179,4700.33715820308,331580.192305667,85889.9262752559,15972.3268383769,6206.42980665923,2511.17273484538,4720.96736189522,330349.683081239,85698.2670248846,15990.7862468757,6220.79603257215,2518.14818760289,4743.58648167418,329562.017878761,85737.382880741,15999.3037829132,6226.14040651207,2520.53905827998,4764.16295605632,328664.785560194,85834.7064398456,16048.0859304273,6242.40975905498,2524.75601419759,4783.16495718371,327516.638791146,85896.8479288862,16104.3485169581,6267.13743865507,2533.64969351334,4803.35005628824,326092.87240154,85905.3799409355,16157.6856844578,6293.00224285018,2544.37534512771,4824.49880615283,324503.465681676,85858.0358401857,16203.4130695808,6317.22762559389,2555.14403471046,4845.46024193325,322785.49896203,85774.0528559148,16240.4180982931,6338.32941110834,2564.91291532232,4865.22921122969,320957.785482347,85657.8960833357,16271.6539796037,6356.99379665587,2573.61971228465,4883.34503157135
505,117194.236101263,107838.405197284,68645.450636079,50144.5490267135,36426.0348531561,98272.3845858412,95943.1833814297,91578.3207799138,58816.9984729234,43061.2538464449,31386.6151350064,85487.9231406479,91612.2309531477,87834.3879719149,57372.7260320425,42572.2169446723,31262.6267842708,85971.5241592324,99171.7789537512,95808.4243965475,63261.1211446759,47256.3212900648,35079.6072129479,98595.5370383709,93859.3160323464,89486.1124169242,59348.5227689312,44637.4802528056,33364.4851030432,96147.9562706035,91030.2434672189,88041.2072285448,57985.9452136146,43662.5793940841,32787.3693472463,96736.3851172926,93219.1306214239,90895.2188225607,60615.3752461388,45614.3100989722,34265.6720104409,103044.855710483,91036.2424410461,88520.7541241297,59540.1028830017,45061.1615807773,33941.3614104735,103606.203683348,88992.3018956492,87017.2618816816,58580.6933931834,44516.8301564414,33681.8260163514,104342.815460516,89341.6964450499,87911.0278348723,59555.6319575765,45345.4215723115,34409.1637805324,108179.831200012,88262.9092020645,86974.9253000717,59324.9252275683,45334.5063885898,34500.9802856107,109967.741111888,86532.3286829572,85642.4863893813,58629.3224546577,44963.3608585854,34339.117943023,110931.182565163,85774.0411442153,85358.1111871738,58772.4311301046,45195.2457226821,34621.6656572366,113348.145179995,85022.7250012662,84776.5917911695,58742.0153507589,45331.8512737633,34834.4237290993,115547.790009939,83834.0986375437,83867.5772041876,58327.8974959116,45169.2926700764,34830.504830176,117076.997327464,82735.5242079976,83150.4734957166,58096.3325837448,45106.3286514485,34886.394773425,118835.938819363,81674.2370437913,82413.5554257133,57913.5466193809,45096.5469180477,34975.7433243239,120687.853222661,80410.2872577485,81425.4428392621,57535.8340402814,44953.5310147578,34972.5007420982,122225.221542517,79346.1821902384,80554.86681486,57197.7482758088,44839.7036590627,34998.2514882642,123912.478989931,78435.1586951403,79902.519087456,56961.3928816703,44788.0603435808,35069.2018476106,125821.818609836,77331.704628099,79042.7148527679,56602.1486552762,44623.154745021,35038.8899039425,127386.27235423,76074.5082682862,78055.7666265734,56156.9225460567,44394.2897333343,34953.7383797273,128727.842161551,74821.917536488,77071.2383519639,55738.6070426068,44191.6480132591,34890.7538073957,130138.477067054,73718.8207904697,76120.4349956451,55333.3960799257,44010.7222182076,34851.2171561843,131657.707679701,72675.0020045441,75260.3646441025,54920.2161737382,43816.032241324,34804.7553742231,133207.720999194,71485.6415339246,74297.2213958544,54440.9936605035,43545.2538766299,34687.0933210163,134519.359462364,70165.8202670868,73195.6169567684,53893.3095695324,43221.1257002548,34518.9046278172,135616.193774898,68930.2541179338,72102.6187074957,53357.0932269693,42917.4959978286,34370.6365136786,136778.997490066,68216.751657559,71340.0819142082,52983.8579406819,42748.0687899699,34336.0070394742,138432.564688412,67784.2458413537,70974.9394473107,52758.665878846,42659.3545774776,34358.1403623798,140375.594646396,67164.8034465744,70454.7151954692,52454.4421076242,42455.4136840847,34253.3420795522,141747.910171895,66372.9583242312,69795.1690364369,52086.3792081204,42202.4636222318,34089.3094703973,142690.916064449,65603.2078081373,69180.1925001995,51795.3970776335,42027.1464717516,33989.5572033925,143728.170738107,64836.7622096997,68538.119924689,51505.3650057939,41873.0586110582,33918.569727228,144792.701288438,63985.7487370231,67790.7131910089,51120.962218952,41652.4221126408,33806.0418630489,145669.245922922,63100.2773069969,67009.9590751618,50698.3834420771,41397.8588953641,33670.5104271853,146480.54321057
506,359313.665968776,84839.9976849049,19375.5340392361,8394.0486684575,3721.27234378853,10967.0974571079,344074.408116176,81622.2439573944,18776.1890912627,8276.2023971043,3697.45951144869,10888.9458298012,343103.358779731,82075.2912016548,17216.4493210768,7619.10265111253,3508.18886645518,10931.9825829137,342657.607131374,83123.4553668708,17317.6503361943,7346.53463475519,3270.07332472414,10845.2983583668,342189.756224367,83895.8462842106,17605.4573913327,7428.00962398042,3243.83250305903,10824.2721726839,341433.674706202,84593.9380323827,17867.9747565324,7547.76367600787,3286.03076190579,10898.1968699253,340570.710121767,85232.4394142544,18120.7980410588,7668.89300911304,3339.49504173412,11014.996662943,339705.351994488,85845.9887993597,18366.0192001443,7787.90904355577,3394.06183310108,11145.2500183522,339283.769507679,86453.1826598755,18603.8018815948,7904.12827539956,3447.85255968953,11282.6395235391,338634.167615289,87080.5467602755,18832.7161881496,8014.30525320219,3498.65879418133,11415.2304933212,337731.366231361,87665.0399363108,19071.1525631624,8128.76746036312,3550.69787919992,11543.8147912785,336559.470339316,88196.2270492239,19304.9358270909,8244.57852998249,3604.47932699184,11669.224206908,335221.793942272,88683.9195840016,19535.4846211111,8360.57230067076,3659.246295795,11792.3388355101,334358.106853695,89153.6836279619,19758.439495243,8474.99843070173,3714.14405473997,11919.9301898292,333197.94384872,89640.956645663,19965.867261929,8580.20118478292,3764.83105035654,12040.0683781574,331667.891535461,90072.7815274669,20184.3853426433,8689.68199961178,3816.39444023709,12153.8726712568,329871.982603099,90435.8762450344,20397.5440956146,8801.25362164224,3870.25969644194,12264.4918366408,327953.059741299,90753.8995222146,20604.2016636238,8911.78701991154,3924.85446657543,12373.1165339862,326557.504176105,91061.9475259169,20802.0189700896,9019.77078672748,3979.05511123472,12486.9462757326,324886.34175286,91392.3769877606,20983.4750516872,9117.32691638722,4028.22790835309,12592.3626878443,322968.187344041,91669.8592735695,21176.1234624676,9219.22060619333,4078.17010557175,12692.2645706988,320687.911491646,91882.7192012246,21360.8803901527,9321.64518856716,4129.70732746032,12786.9056668602,318215.517866782,92034.663855025,21542.2025588314,9424.67877747186,4182.63883552819,12878.8175943861,316159.384441236,92166.8793660767,21713.9226389562,9525.87780586294,4235.94728740715,12975.5879854901,313970.266621392,92313.8767271368,21866.6944676089,9615.93621805969,4284.1749075108,13065.8962886543,311340.590202127,92408.9711435109,22025.3657146898,9706.81473149246,4331.4573089981,13146.5171049778,308498.168589019,92424.7998332906,22182.3079275414,9801.66490188169,4381.69740338443,13224.0843593464,305902.658131048,92417.846083318,22333.3338223431,9896.59198749123,4433.70963018145,13304.5995332951,304842.368550948,92504.7851302309,22474.8587412394,9987.46126510974,4484.66498775644,13405.2454663001,303853.983288388,92736.6898119707,22588.9826416486,10054.820981992,4522.53338051518,13494.6399518003,302697.455545943,92958.7058660056,22734.173807393,10130.3574619266,4559.72459567176,13574.7471416666,301269.220132946,93126.635724307,22880.2695070294,10212.5929552037,4601.42972525703,13650.645526399,299561.606980581,93235.3426711636,23021.2235056901,10295.7783370533,4645.53650485594,13723.9737298286,297702.844171917,93291.4269308317,23155.0450695216,10378.1778362231,4690.65741819186,13795.9325779736,295720.749166883,93309.6206359286,23279.1668862829,10457.246634089,4735.11768169902,13865.322829944,293618.831107713,93292.7006923505,23395.8275754406,10533.2253316679,4778.45804571158,13931.1738857177
507,291408.861704436,87350.1725288448,22612.3848762682,10125.9876163654,4549.28723217135,8885.77574247814,278369.124996442,80663.9304534858,20984.4023611056,9552.51557426174,4317.21760839742,8601.5201433476,276455.170325003,80155.4393020585,18262.4396690915,8414.50969281758,3977.20877770865,8530.15198390669,275667.842290136,81269.1755819503,18080.7953280387,7828.571197483,3543.6272894637,8267.29280022394,275011.374665614,82031.5429105029,18404.1780959151,7865.2960914895,3443.74085735208,8080.64382967961,274129.421510929,82660.747121161,18715.0938497456,8009.16601782795,3484.28771302316,8060.61244100903,273194.588109298,83218.1720953409,19008.1557854965,8162.16927634988,3554.56364234082,8131.74364142989,272214.079217396,83746.9142674455,19289.2549857792,8312.24480301258,3628.79049283665,8236.10168372239,271650.170817982,84279.3281930719,19566.2494687683,8461.25680396634,3703.59254166964,8355.09814288334,270948.969086709,84839.437082715,19831.7578231488,8602.81263243822,3774.96873172391,8473.0597278726,270028.043697721,85356.2366960535,20105.8231202236,8747.82066910346,3847.14452912793,8588.65318498019,268903.631445277,85822.3477921496,20376.4864873999,8895.24732768613,3921.76955359293,8703.92022806259,267636.013866967,86241.8936125516,20643.8374031377,9043.34719162673,3997.96985717045,8819.0957160786,266808.382684539,86661.884975926,20907.1573003495,9192.13084265919,4075.67207876877,8940.52049236573,265710.710794011,87101.0940102931,21153.1833496064,9330.17099371035,4148.46192508149,9055.68282481362,264315.158823096,87472.7596537439,21409.9951217023,9472.70460620281,4222.2800517969,9166.58836905972,262718.523771663,87783.0959502899,21661.3071943294,9618.13480742105,4299.31118341958,9277.72429311578,260970.19401879,88042.2601461577,21905.6409470753,9762.67625648528,4377.4926318735,9388.72007812077,259725.076905609,88309.0255111783,22147.133517573,9908.20483791184,4457.28735827833,9507.47086458922,258241.699175383,88595.8114021673,22366.7169240468,10040.0522107133,4530.62639093215,9618.45016018481,256559.47320623,88825.5966122504,22597.2042170172,10175.9575016584,4604.46761963611,9725.54569914335,254567.846001196,88990.1665980532,22819.3211507862,10312.6383491246,4680.35111071776,9830.21744776179,252402.72804108,89087.0105213976,23037.6251333377,10450.6415830825,4758.44741508988,9935.15600657624,250622.702379146,89183.0661225649,23250.8384139091,10589.6859229478,4838.80140964381,10047.9284046465,248748.997997726,89293.3978257521,23442.0208282852,10715.4401337817,4913.08712408902,10155.3229439552,246504.47428157,89341.6357404976,23634.7596081747,10839.6398674004,4985.18045962927,10254.4896087329,244076.840908462,89314.1235035065,23827.4648162203,10969.1044876016,5061.12273842169,10353.6649804729,241813.317416532,89254.6148234112,24013.1720351503,11099.2636437088,5139.74710341667,10457.3111716146,240894.578712326,89333.7027542267,24201.1017899771,11231.2431578084,5220.464769453,10581.6163534549,240008.455548228,89534.6133865807,24347.0989204446,11329.8298197468,5282.43343597341,10688.3431058671,238992.557713916,89719.2520463622,24520.416025114,11432.7012770352,5340.53598426087,10782.810712464,237742.300771789,89848.2724641381,24692.7034071204,11541.1784328346,5402.31008896065,10872.7633066241,236269.604484575,89917.4832590359,24859.9156935351,11651.1524585748,5466.97103541999,10962.8332065925,234665.120576368,89934.2433091989,25020.3125176176,11760.9462966558,5533.32623769531,11054.3118758207,232975.797176909,89914.9505276552,25171.3262959746,11868.1493819879,5599.74007917265,11146.4535030887,231181.729201628,89860.897386668,25313.6059798696,11971.7244334604,5665.02058936548,11237.149600942
508,386047.651802293,69413.8582988588,14123.4015113669,5980.03492989385,2634.89830541799,9206.13390055925,373308.956568854,66421.6849851951,13590.8979731272,5905.41805398893,2633.96477268674,9214.71771289211,373218.955755208,67579.7277340411,12364.2403200583,5315.17344755655,2439.42173045901,9249.92168074021,373401.290023898,68412.3495921023,12544.4295017426,5173.95773511539,2280.50087796989,9210.7977427984,373441.461085109,69052.8587017529,12731.8642433516,5235.43107056833,2272.53443261286,9241.51173228221,373159.348513146,69649.9180496141,12894.8012566349,5303.81771613615,2296.41136095494,9330.69482174803,372751.214473274,70203.278239053,13050.7837661793,5370.002343475,2323.20222283955,9440.32053480813,372343.58319878,70736.2315141307,13201.5929321854,5434.04803498322,2349.54302369271,9554.74518976476,372367.06310207,71262.1088042377,13345.0685668873,5495.10043778887,2374.66196667942,9671.92568145086,372120.94424954,71808.2434433978,13485.809564716,5553.29288841615,2398.14105282114,9784.70901397517,371622.601151409,72319.679397223,13633.5935335755,5614.83306341391,2422.62880511549,9894.27090751373,370811.984802371,72790.107995804,13777.2563152698,5676.62424356214,2447.88920466879,10000.3997993832,369915.299607852,73224.9884166179,13918.5109592517,5738.11065030623,2473.42274759203,10104.6539434454,369473.627072628,73645.697173805,14049.3458575415,5796.01693808726,2497.83277018381,10210.565553567,368636.258946534,74084.7040043552,14175.1495131385,5849.53596950298,2519.91400996519,10310.0247769038,367417.270426761,74474.0608862987,14309.2199014496,5906.95230609001,2543.09994449906,10404.7453345996,365919.138714461,74809.0493993033,14436.9068106201,5964.32903498725,2567.14695509054,10496.1392086704,364304.990624148,75107.788637266,14559.5787739573,6020.06611431159,2590.94622570908,10584.8964543758,363237.152301535,75392.7407691469,14671.5187418777,6071.91843890103,2613.36710452657,10676.0093233648,361834.578381347,75703.4213414496,14777.0234727812,6118.39689317132,2632.95481907128,10760.3408725866,360144.729895974,75968.0627437236,14890.5437911971,6168.52180632798,2653.41341113048,10840.1019462602,358059.456782769,76182.0936356099,14998.9464305296,6218.85825534657,2674.77085216921,10915.0852864894,355811.104086829,76345.5824680827,15103.4233745019,6268.6757340586,2696.44791556505,10987.0812420646,353993.756634737,76489.9114316523,15196.6787025922,6314.73156787155,2717.03612442383,11060.8183284817,351985.343355318,76650.5280037332,15280.3058628456,6354.41472335969,2734.49785947912,11128.7319920879,349509.423732084,76770.3586572933,15370.5273535801,6396.2893402959,2752.08865434407,11189.4688204937,346782.928639137,76825.6874497238,15458.0031100574,6439.9542282989,2771.17672914964,11246.5746027224,344435.792804921,76858.7001634444,15539.7443638491,6482.4858121785,2790.63308092349,11305.4429451104,343660.852964596,76957.2366935102,15605.382432125,6517.80768060935,2807.32393711204,11376.6013248013,342857.401567336,77181.2191317449,15664.9918387834,6543.17824053312,2817.95507447258,11440.4932331321,341864.652776199,77393.0291699293,15750.6072856006,6578.58759052438,2830.98934665693,11500.0814012308,340557.914114905,77563.9990103185,15837.5063729255,6619.09542423744,2847.68035915909,11556.8670179613,338971.733938131,77687.2022060071,15920.9497691943,6660.18948572878,2865.85262945088,11611.0506626311,337225.143175256,77768.9094565255,15997.7309410861,6699.65053050503,2884.04762737269,11662.6996653996,335334.230378238,77819.6972968983,16067.2435052547,6736.22082320783,2901.27706973535,11710.9236224319,333317.695890425,77842.1978249837,16131.6468245185,6770.56987459376,2917.54463704063,11755.5554925177
509,133556.539555535,107982.759389828,69557.1412982003,50932.0970179393,37038.7404318015,99718.0768474558,117810.467446858,98192.5472076126,61860.578990031,45308.9475403677,33045.1171444857,89879.8980935765,108904.825713313,91442.6006141522,57832.6613386548,42467.7370554813,31025.1176063126,84939.0374773643,116648.927450305,99900.2804986736,63736.5840531755,46805.9156815116,34330.4933847865,95182.8645044086,112172.825757674,95069.9018006905,61554.1469736421,45460.4739079606,33428.1033350201,93892.8273064207,108526.428459843,92951.4826080299,59949.9414096639,44499.8766238691,32895.5768538409,93624.3971103919,110411.362663707,95528.4309842885,62231.0298099917,46223.9845697981,34253.2285362266,98843.124856624,108200.449314427,93517.6104849821,61535.1111795294,45952.8930302125,34160.8807046184,99806.2931063907,106065.906328826,92124.831485827,60749.7370423006,45582.8404415945,34049.7246973856,100798.164934881,106165.769107004,92812.8555062103,61554.1421496714,46297.5052147438,34704.5527289523,104187.185013444,104825.445175975,91862.8444584815,61345.1504831096,46303.4954844655,34816.3648640737,105936.670345146,103019.934514193,90711.4798294489,60835.289783081,46086.7276830002,34776.6191448439,107216.991441063,102076.734744244,90377.4259057296,60970.017735084,46325.3702882759,35069.2899165771,109551.077356556,101067.643038421,89706.1615078574,60898.7680961506,46438.7025157566,35269.8729774137,111617.830199307,99747.16447211,88872.0213338734,60576.5381975382,46355.6084961653,35331.6388304165,113294.779636682,98491.9318436207,88178.1077119267,60396.1952015442,46344.2868465325,35432.4358980409,115127.609328778,97171.9455009644,87374.0636155139,60193.5425444738,46329.7528268949,35524.2326830373,116915.726299074,95685.6498897365,86385.8163979855,59849.6612163053,46222.5243095439,35554.3670490144,118507.962003386,94489.7311785151,85550.1537996204,59577.7675489954,46171.0520431206,35633.4758906212,120311.819916094,93391.1674078488,84867.4281773064,59347.4873126337,46136.8049653477,35724.2555696409,122218.726683617,92042.2363512993,83956.1449090059,58981.6535996031,45977.2288653415,35705.0671819424,123770.501306211,90571.64489456,82968.4595795604,58572.5410952413,45787.9860185424,35657.3944173873,125201.570042819,89107.5528165133,81967.7475779832,58181.6074554805,45619.5746488401,35628.1927203896,126688.454210076,87797.4314702283,80983.2423075182,57785.6195829301,45459.0605365611,35612.3024343911,128248.235336725,86559.2387528727,80099.4044903723,57385.4494918083,45286.50034989,35590.6416443297,129846.923950636,85136.5065610189,79100.0758844068,56912.782403154,45032.5722645861,35493.7408943255,131205.541463104,83578.1728588112,77958.5591914505,56373.882876403,44728.3724010124,35349.129195556,132369.605678564,82140.309645498,76851.5160506868,55859.8219260757,44455.7014266363,35233.6638800115,133634.436685294,81324.7828365363,76082.6785274253,55516.6258424428,44321.4023072956,35233.7596971255,135379.362176209,80800.2297870682,75696.1762974681,55292.1203733266,44244.6477060522,35272.2295555544,137333.63014872,80038.8632593271,75135.9786869818,54974.3382736523,44037.9993120984,35172.1813423719,138700.323207913,79109.0365482633,74466.2151146983,54619.8815842856,43803.5432612339,35028.7660068273,139715.821502422,78212.170603553,73845.4306913572,54347.9033987141,43651.5039742096,34952.7120357765,140829.712868089,77286.7457709102,73164.5128323891,54052.4170548465,43501.69404672,34890.5658958557,141909.52465417,76265.8495244918,72378.0408181785,53662.9079021025,43286.3632780969,34788.347966851,142817.859843669,75224.7144618444,71577.7201623298,53251.2042887304,43050.1156692216,34673.8127882234,143710.760586054
510,298331.658006073,110751.434038264,32898.5110056463,15799.8151858,7579.58789250734,15708.3479891052,272247.535970736,99453.2301473074,29887.3900807692,14561.3219044164,7021.95317038754,14627.5201062186,271792.466254139,100821.773184254,27993.3822714232,13805.5544686216,6882.97710074382,14879.939418937,271109.764685717,102357.983021778,28180.1250031328,13419.8834486559,6542.36173649715,14769.85976125,269947.932281004,103256.58349581,28737.7146356079,13595.749878768,6508.05793071572,14661.2715122475,268693.054140598,104014.931149068,29267.5257455898,13895.5705997705,6638.99678280344,14739.6941141731,267366.809617055,104661.459167471,29752.3313135748,14193.7669751171,6804.01968734193,14935.9496300329,265984.851422534,105254.321919712,30210.8896862413,14480.4920478018,6970.82923204167,15181.273128169,265088.6798863,105886.722779549,30670.9661344259,14768.6473177408,7139.79243164742,15457.8148578922,263972.025453744,106493.382914853,31095.2899757235,15035.1575968305,7297.92581046931,15726.0342456412,262659.792678591,107044.051329602,31528.0070838654,15304.0241472394,7455.58544916901,15990.4713287636,261112.169571333,107517.651395438,31950.6522622165,15574.0941922751,7615.91422112129,16253.220874087,259436.619116795,107921.554819603,32365.797285037,15844.5923757774,7779.04206910882,16518.0585756403,258266.532319697,108371.602468813,32786.9669311398,16122.6573563755,7948.57399899606,16803.3039561708,256763.447416512,108773.070852659,33160.7052074313,16372.6252509574,8104.40456274913,17070.2294902627,254978.52659252,109099.325547775,33545.2282463363,16625.8590197491,8259.86211798251,17330.3214315433,252938.040859792,109328.171904273,33918.2767028595,16881.6792857746,8419.35127381544,17589.1531767249,250792.187467825,109484.048500549,34279.704255442,17137.0023279164,8582.06781906218,17852.2761609577,249237.770114931,109708.520857369,34650.2412918372,17401.1557277565,8752.10638723615,18140.9084221769,247347.883147603,109878.129046159,34962.2776704236,17629.4275340854,8903.79524364573,18405.5310465799,245286.531626812,109994.041251066,35291.6639833479,17862.9336589961,9055.18753369714,18664.8777852886,242922.230243935,110003.153373708,35600.1275226411,18093.7528226478,9207.67220136374,18917.6208023221,240370.661197164,109921.526911611,35896.8873817946,18323.4405241637,9362.74908913271,19171.8944211136,238258.341089335,109878.507730522,36201.7394247849,18563.3874435713,9526.53871767922,19450.938145621,236040.370777787,109808.421795997,36457.4473851517,18774.2540930807,9676.34558489261,19716.9215959202,233422.88738538,109643.936982106,36700.5481660299,18972.6293373137,9816.78926349943,19963.3501394803,230643.213306399,109388.503241854,36945.8714476764,19179.6582754389,9963.06451634349,20211.0971206676,228063.356438235,109094.829620508,37180.6325173001,19388.9617561115,10115.1197607344,20471.2305722151,226982.782691908,109107.654740967,37461.9593118103,19624.6034977761,10284.0419028341,20793.5475953357,225785.642191947,109149.783599447,37640.0955637432,19783.3717030993,10407.4396675415,21059.5619094729,224548.600260818,109231.043202113,37866.8926312875,19948.9359167699,10522.2028232097,21302.0822606977,223028.937239771,109205.812289812,38079.3254697002,20114.9486680194,10636.2563015503,21520.8055251924,221312.68636706,109109.481994393,38286.0090702728,20284.1532352877,10755.4662799609,21738.0440997096,219467.612329492,108941.818421868,38477.8390088118,20451.5756195126,10877.3063175439,21958.3747850548,217537.642213199,108726.651495781,38653.6964762535,20613.5533298019,10998.9400862891,22182.3144595047,215510.409517744,108459.963184007,38812.8904851545,20767.6859901941,11117.7003434475,22405.2520012315
511,339657.937101332,89716.1194712277,16970.5726158729,6996.26948545993,3002.36453914615,9132.22709606167,302133.545167969,80606.1118176108,16024.4867013883,6806.28402295447,2959.40451409326,8819.53579491419,300325.936363783,80873.9647049644,14551.7076968737,6128.24988814177,2742.92732280452,8839.08268496791,299827.286790627,81658.7337373849,14678.4995852248,5947.32123679148,2559.24990818292,8768.27744176595,299288.307817666,82240.3924943855,14874.2986358459,6005.60859835579,2543.95693560131,8772.38458051924,298527.459469146,82756.458324605,15048.4425178685,6079.68124375199,2568.75327111258,8845.1018066682,297671.001366439,83228.4448519605,15213.7983259778,6152.49527878198,2598.54494454707,8943.97730010856,296803.222038535,83672.9866022401,15374.0162328439,6223.34215040103,2628.27409865853,9049.7260455969,296399.66382538,84145.4857897405,15530.5114826731,6292.84747588517,2657.61251646223,9160.92023614148,295846.954857132,84640.5228033649,15684.4613304398,6359.18579306169,2685.12226076396,9268.49528460338,295067.919927042,85091.6006438437,15845.1913398558,6429.05817988549,2713.76396674652,9373.08433770502,294091.986102657,85495.5372059282,16002.1445145959,6499.72803020806,2743.56005958658,9475.76981091404,292993.73890763,85851.2734429366,16154.5798380706,6569.4708699072,2773.49721021178,9576.35602981605,292364.955377426,86235.3279435601,16301.4686427515,6637.68112463145,2803.21838338276,9681.04568595308,291464.647107393,86625.7204552952,16443.6044161607,6701.25801713783,2830.40632873288,9779.52464246884,290237.063435388,86950.3503715134,16591.4620892889,6768.31857280063,2858.70403513798,9873.4924530206,288839.07794241,87221.4218173412,16733.8185973677,6835.92506450907,2888.24286542624,9965.92428808311,287301.103255187,87441.0088480606,16869.6348374045,6901.48845611756,2917.45023632105,10055.5385567234,286319.455669868,87698.4120999668,17000.4969296298,6965.69500374957,2946.43948552646,10150.4883636534,285052.518862359,87962.8512918333,17123.5831746701,7023.41717632982,2971.97528846302,10237.5645873989,283586.009705278,88173.7259505819,17254.5537943727,7085.44480610958,2998.82754791453,10321.2357222061,281826.533592144,88326.3686745463,17378.6877399227,7147.20561761406,3026.56364091494,10401.2219848372,279919.912287112,88417.8203328212,17498.6792291178,7208.54295659769,3054.72847759826,10478.7190673388,278415.233352365,88527.5364983566,17611.952971202,7268.21083682978,3082.80792394011,10560.2014767275,276799.824172866,88650.3766867853,17715.5566488238,7321.1263772571,3107.515145098,10635.9785323177,274793.002857519,88708.4786264883,17822.8683996122,7375.37702876826,3132.0744844085,10704.2994352691,272605.750312901,88700.2539071787,17927.6985038324,7432.01101356978,3158.59224025618,10770.5816407167,270660.482651503,88667.3971758483,18026.6047469441,7487.63748323201,3185.65013827498,10838.3289154481,270113.223027261,88810.9903144699,18121.9211279841,7540.89013722285,3211.97026767724,10922.3910846482,269509.01096789,89044.8747202152,18205.2205657278,7580.03657298044,3229.90030320163,10994.0341633819,268747.995634894,89254.9250538867,18311.3487794383,7628.23053007474,3249.79093376088,11060.4541190724,267756.065071498,89415.675411651,18417.1905875176,7680.85699520328,3273.12408727066,11124.5909170379,266520.971825538,89518.3554485817,18518.8252777469,7733.90809153165,3297.93173754833,11186.4883462185,265174.199612673,89578.3521808887,18614.8359567921,7786.17644954633,3323.25884478579,11247.2393293082,263734.952526406,89607.4575638855,18703.4513200846,7835.72662968179,3347.83014085257,11305.6387873345,262187.494746919,89604.3876160284,18786.5518396436,7882.92593664659,3371.4325381512,11360.7098659722
512,277913.658177125,107062.10696203,33137.1044864627,16245.4826848547,7929.42465411862,13182.9546905728,254252.742733095,101041.358821657,31370.8985256167,15502.607253454,7596.45854859032,12555.6350865354,255124.589982685,103228.518531869,31272.2038144033,15639.653515021,7834.52184751596,13125.8975144042,253754.239911524,103848.525698815,31518.2842083524,15549.2205051573,7732.24989617252,13205.9786083871,252720.821200648,104776.278998878,32137.1394840212,15837.170106338,7827.2855981362,13321.1727412631,251398.999407941,105403.95173892,32679.4782157496,16182.9337086821,8011.31950018655,13512.0347716407,249998.054166233,105980.795965845,33195.7191553326,16521.394434894,8215.84404406731,13781.5170802158,248575.166696762,106499.503991406,33688.5363346139,16852.0488169933,8421.11613695952,14085.0059944011,247601.544912805,107058.594840161,34183.0784239447,17183.8772779203,8628.76384240938,14414.0541091481,246440.421671194,107593.544892994,34635.4352557495,17489.869301407,8822.96783717833,14733.6294652023,245062.852948366,108067.492941655,35094.2392327929,17795.6640689981,9014.80200570567,15048.5214126034,243503.970028004,108463.075757666,35543.8482806057,18104.1344405731,9210.19137450453,15365.4853643847,241780.330492297,108779.515739287,35977.7256214931,18409.2581994168,9407.14199678222,15685.9239230814,240550.533672599,109143.699271384,36424.1727722274,18725.9825117815,9613.08007090282,16029.7681901389,239035.170523836,109459.431092905,36812.2060823122,19008.1822820071,9801.94115748027,16356.2601601324,237211.387742177,109693.982376466,37207.7772519814,19289.761376246,9987.66831002553,16675.3015820999,235193.240009271,109832.243395167,37594.1693776177,19576.526880769,10178.8946640143,16998.2957257597,233019.183710514,109882.604892957,37958.5899369206,19857.8539982901,10371.663065605,17326.5358216897,231425.770600439,110005.660503319,38340.5832794246,20153.3521111108,10575.2108343071,17684.4844824891,229559.014560017,110079.244322637,38652.7637096872,20405.911972026,10756.476704195,18019.2197795551,227510.775729882,110099.998374999,38980.1708414609,20659.8628516627,10934.4374060174,18347.3589210408,225165.527802938,110004.564745567,39283.9677894624,20910.0660564835,11112.4969869372,18669.9563275669,222646.734073922,109812.787011417,39572.9418180476,21158.3560470046,11293.4611848237,18998.1297526812,220557.021175639,109662.552281623,39871.6136874452,21419.2052302665,11485.4645675431,19355.2647816046,218358.303129429,109483.90919825,40112.2542017909,21644.4040405091,11659.6458911822,19698.3386703564,215819.666985509,109219.452969297,40340.1641513774,21854.814306719,11822.09998919,20023.7141416868,213113.238335872,108854.124921417,40564.5906761231,22071.0108569816,11988.7001290464,20350.238539952,210537.29741852,108441.670494163,40775.2422076054,22288.3995243214,12161.0482794648,20690.3154348488,209409.393705119,108344.269311056,41050.5936758043,22544.6291360007,12358.5797633517,21097.1978712109,208231.32538378,108307.052446831,41212.1832890283,22714.2644352502,12503.6978923901,21442.0525823805,206988.337042697,108309.234640243,41423.0944884628,22884.9797051439,12633.8137221501,21751.5720317974,205499.846279202,108207.544277528,41623.3976828063,23058.1987689337,12762.485211404,22032.8044073276,203816.618583962,108029.229072721,41813.3739099252,23233.4637317887,12896.3341098273,22311.4539524772,202022.502028104,107779.208525337,41987.1875701136,23406.6432702277,13033.2777367614,22596.3162080977,200142.549834221,107476.940206748,42140.512571287,23571.9331018113,13169.1160729811,22886.7805316738,198177.083783029,107125.42597076,42275.3534343369,23728.0333039754,13301.3898972255,23179.1488828303
513,318397.005260645,99031.9438052023,27086.19310109,12680.6044972926,6033.76556149911,21731.4910884994,301853.461834613,90760.4104904086,24375.7340769826,11565.4952881627,5536.77267487011,20733.2815853876,300588.692380957,91535.2973153621,22098.6547031153,10488.5105237545,5177.04653089154,20730.2572451422,300285.621158495,93121.5387140285,22183.6831813119,10052.1497353483,4798.45236623174,20620.4770307657,299639.961443767,94149.5984164353,22644.6736800165,10167.5037491531,4737.16807187205,20579.7150056595,298667.423085453,94997.2632871853,23072.9602122997,10380.3532827667,4814.15102673204,20704.6991556894,297641.948137838,95766.321229774,23478.9710522657,10600.7055471717,4921.77450444126,20927.565032546,296593.14837666,96494.6501156133,23869.8443151525,10816.444230267,5033.10590450417,21185.0966483542,296007.619862769,97240.9506828033,24255.9382390571,11031.0535878741,5145.35232336875,21468.3487257577,295198.058386144,97980.5104034323,24622.6133027078,11233.5335898137,5251.69770625524,21740.7060515268,294154.547736061,98668.6027850265,24997.2746052298,11439.569260676,5358.81204842879,22004.2867504943,292866.37380184,99296.5882498073,25367.8698124803,11648.3769538048,5468.86183676022,22261.0620000073,291463.900014931,99870.1071521221,25735.6413290205,11859.0297065313,5581.56431954716,22514.0472024093,290561.441733837,100466.386206739,26101.2421296665,12072.0860785819,5697.32379086815,22786.0014119582,289294.548719253,101036.133027344,26438.3523733112,12267.9612907058,5804.88051244794,23036.4650746722,287690.505804776,101533.684861003,26786.058749429,12468.5975441009,5913.47517299008,23273.7539991239,285860.939430079,101959.386581639,27129.2568047431,12673.6598672816,6026.42490223923,23505.8742804834,283927.855201897,102325.780624893,27464.978612592,12878.6386460622,6141.62674174201,23734.4326890021,282546.691241461,102727.274186824,27799.51849228,13086.1630789925,6259.94976038713,23985.697577995,280842.026528748,103097.816133116,28099.3628636336,13272.4065782333,6367.74179382756,24212.6909815851,278912.084453523,103412.197042588,28410.3617797762,13462.9431126339,6475.94830090704,24429.3934566796,276640.814015076,103640.004030848,28710.8950671705,13654.0623394179,6586.32740799928,24633.0178519747,274227.031155564,103796.950696923,29007.408839679,13847.5582303312,6700.1622764763,24833.0302362513,272245.118649138,103971.810072367,29301.4396956154,14044.1799509778,6818.05455992382,25053.3496303968,270094.60097029,104122.965984413,29561.0875620896,14220.5941455058,6926.39634721318,25256.699016381,267529.669946676,104193.525379032,29818.3249739033,14393.0267923945,7030.95778345297,25437.4620782232,264783.679046707,104184.988289056,30077.2079235185,14572.6795385619,7140.64848805001,25613.5234539738,262299.444632921,104147.391046573,30331.105928931,14755.2446590184,7254.98647518204,25798.7784325803,261359.497159127,104328.294917971,30598.1169714627,14945.8588798257,7375.58137484034,26052.3773570202,260296.536388352,104548.48849615,30791.127820893,15082.1695931456,7465.32792798719,26260.9946475097,259120.312169061,104772.925493402,31017.8173420179,15223.7186447567,7549.69775889611,26450.4402751336,257663.124736103,104918.984215448,31240.375037391,15370.2224662946,7637.03849705985,26620.9028467791,255965.507633379,104996.069536291,31457.3301544318,15519.0728602638,7728.40054263544,26783.812819769,254146.858680144,105016.135276354,31666.7418708538,15668.534183597,7822.66445746545,26945.1388346052,252216.589382753,104991.077299917,31862.6932715225,15813.703382134,7916.6939308323,27103.0192733995,250183.789979536,104922.326884732,32048.599765179,15954.6264648994,8009.46319117219,27255.746190489
514,290380.550038521,137114.144666603,45627.5053569436,23185.2476784378,11713.5849014109,18412.1254370161,267404.19534997,128754.226498936,41727.7787037977,21226.2404176079,10735.6122102235,17077.3149975131,267037.310648079,130124.061872618,41133.1316641094,21169.6429860193,10885.7022058051,17535.1371837115,265284.674330124,131047.140175393,41152.438103563,20813.1439092773,10643.1338877167,17534.517797785,264249.438042403,132255.536923404,42089.2681117966,21205.2648729104,10739.4474567223,17655.2981693641,262698.694061741,132821.649046619,42741.018876211,21645.8104235042,10968.9164121962,17849.0489642756,261219.345783429,133488.943309559,43449.5351820086,22118.908425885,11260.7748864837,18223.1100774618,259528.796710274,133934.100007901,44050.0588750282,22551.7816793641,11541.6393144788,18637.6620740172,258376.440527145,134501.565075996,44691.1054671468,22999.7293138059,11833.6795629923,19112.9793035387,257066.994977733,135009.830832059,45254.163503974,23405.593991779,12103.5565735632,19574.3888056846,255576.960537405,135469.66229168,45830.0136156487,23809.2748545263,12368.959287696,20033.9446096523,253831.099058183,135804.309891715,46381.8856766578,24209.3493707477,12634.2002074289,20489.739516471,251874.397377607,136031.137732299,46916.1840945107,24606.3593672534,12902.017104856,20951.5887825957,250421.768989376,136300.513357116,47463.4882367671,25018.4281663001,13182.3988298071,21445.0696124136,248769.448456464,136555.946238409,47942.1845274332,25389.8154434622,13443.0954470733,21923.9743090652,246770.823611639,136675.515634126,48414.3345625101,25748.7421820087,13692.7006943403,22385.3793470698,244563.446209017,136684.34724502,48877.9538959446,26115.1453882218,13949.22455865,22852.7917117533,242130.010650665,136562.790841509,49304.5609084045,26470.7400852728,14205.7275358438,23324.7407866408,240252.484176829,136506.590038764,49753.4236316407,26844.2665279332,14476.5833305686,23835.5483912459,238245.834528411,136455.230379997,50128.5657914294,27173.507658213,14725.1448250001,24330.275276706,235981.286239563,136286.690908736,50494.7645121588,27485.3394839161,14958.4401081996,24802.5322729909,233452.451742442,136012.933374902,50846.358981563,27799.2066592438,15194.3689343973,25273.2182592099,230663.017167838,135570.426316065,51159.3960072682,28100.4507407333,15428.2816431606,25741.9328776885,228297.898427914,135186.177110123,51492.368982406,28421.9649707775,15679.3458819541,26253.4435979127,225941.920147468,134801.776402415,51760.5008888109,28704.5929267407,15911.5232969078,26755.8375572658,223175.953215184,134291.862112659,51992.0680943324,28953.9854994868,16120.26760392,27225.8896139094,220230.234354927,133652.207183522,52222.7518573115,29210.603462326,16332.8292120656,27695.8757734451,217296.568927842,132927.050165799,52423.9627555855,29463.4292760724,16550.0503148319,28178.5583236193,215838.500609111,132572.442284223,52715.8184661155,29772.3033448803,16804.5202633732,28753.446193451,214619.037998342,132446.688738932,52906.8368053507,29998.1526120333,17007.9318876682,29278.3875143195,213198.901626383,132271.671243271,53106.1116273485,30187.0059598314,17168.3569231068,29720.267532604,211646.351038431,132070.184632608,53335.8092793761,30400.4622728585,17336.0664774349,30137.9486296405,209769.320224693,131680.391433414,53515.9644925254,30596.6706620104,17498.2131679196,30525.305049448,207841.321481012,131258.882806566,53700.8390211749,30805.0692459085,17673.4950479646,30935.1202254052,205781.724157724,130727.673362332,53838.9841359982,30992.6066606075,17841.5845827937,31342.9996456554,203665.88415606,130165.227028408,53963.8080987639,31173.0592825195,18007.9848783592,31761.1607659215
515,319054.143723267,114360.901636022,33147.4971577336,15774.3837328397,7468.14830757315,11140.2790415311,290543.127783818,102393.752507136,30092.2366573646,14548.4992923023,6939.75363886078,10406.1800242738,292910.313346874,104863.75716077,28754.9668889719,14029.7664329072,6875.7102410568,10677.1472061141,292879.51668582,106745.959970779,29038.7587962578,13719.1206056717,6592.78494606252,10581.0285193512,291832.925135879,107756.891204685,29633.1110219906,13923.6194092483,6580.43508039793,10471.682038355,290792.948200502,108696.832869215,30210.497704681,14246.12520018,6724.44765691292,10537.7707662581,289645.561725578,109526.042059392,30750.9132119099,14570.3155376667,6902.0998281777,10715.7048449774,288447.71134917,110288.921008608,31265.6411632296,14884.8709148893,7082.67113582166,10942.6545675807,287760.377040802,111102.603729561,31781.3407527088,15200.7312583602,7265.62388732519,11196.85096175,286733.142743596,111836.474790443,32250.5822786966,15489.9065692551,7435.36350332568,11442.7368856084,285530.412104962,112534.531031158,32732.1590825717,15783.7430191726,7605.96009155992,11689.1760261019,284047.616324221,113141.612983126,33202.1448681635,16077.9669194359,7778.80722132728,11936.3417971168,282466.263138867,113689.095363363,33668.4666509826,16374.8700219053,7955.6820923236,12189.8562738553,281415.023303525,114292.41051432,34142.2989473326,16679.9799660431,8139.24016931208,12459.6929380014,279906.524116566,114785.892000333,34555.1668603213,16950.8935836917,8306.29974190344,12712.2803252475,278123.360708132,115229.316550356,34983.6389343957,17227.6961900281,8474.52061016765,12963.4636060644,276085.706017329,115571.700837619,35402.5630292753,17508.0770801201,8647.21388924494,13217.60390748,273944.91680193,115844.092197152,35810.9202876541,17788.6001840514,8823.58790094553,13479.1032183681,272403.880109751,116192.541390966,36230.4365310641,18078.9477989902,9007.67607347059,13760.5955489902,270457.27630116,116428.219112798,36579.5621985199,18328.5307932836,9171.35681041548,14021.0173910517,268357.685291941,116644.21384802,36947.9105129169,18584.3469265489,9335.5922675917,14280.2163423012,265872.435210532,116726.09841209,37294.1105005178,18835.8366053972,9499.62538910648,14534.9905192865,263272.981432152,116738.601344931,37636.8149548049,19091.7499457751,9669.39291870332,14798.7222720589,261116.410611886,116790.536560684,37983.8108401003,19355.766226646,9846.93343472374,15082.0500399041,258759.530071024,116769.907580177,38271.8919812227,19585.7185212072,10007.9025653384,15351.6577294391,256025.047319494,116668.797716342,38550.9425174502,19805.9079526539,10161.2731153626,15609.8476344434,253088.699734537,116473.938364303,38830.4786981699,20033.3615262558,10319.7508881495,15871.0612740555,250438.501146084,116262.665358259,39111.5920222198,20269.5604515332,10487.2523528776,16149.2507182772,249364.810785506,116365.762210162,39436.6066368221,20530.9754666526,10671.1134287274,16471.19990077,248065.116017836,116414.189957877,39633.3889683523,20703.3226537453,10803.56954633,16735.4686181992,246793.626188082,116560.299571463,39887.689335558,20886.1746849559,10929.2965289821,16979.844620744,245166.945269492,116564.048519111,40123.2870356171,21065.8516913469,11051.6800069398,17201.2204036974,243361.590466203,116513.23625343,40357.3472222021,21252.0905339652,11181.1306497116,17426.0395292078,241394.873911281,116379.689739178,40574.5471092181,21435.2323517935,11312.5745958296,17655.4814251859,239348.170500379,116198.857610483,40777.3793358642,21614.2569190677,11444.6129524618,17891.3674579777,237184.97082604,115960.24803836,40960.7720945399,21784.2973747799,11573.3938937071,18128.0481344849
516,320381.49590377,96769.662681051,25319.8133525586,11693.0672850132,5579.93712836343,27255.373526865,301714.506191194,91898.2596432273,24218.9804233442,11337.7868705575,5435.96839327255,26492.3263314436,299967.506369063,92260.0254532992,22619.8286322056,10679.9729915221,5272.74729652471,26662.5157396301,299387.920477684,93483.8728356507,22806.9650057864,10414.9038007955,5023.31737344254,26730.6979355203,298622.150773268,94327.9566785287,23223.1626017771,10554.9996887493,5009.42127301871,26835.3109481386,297565.986706168,95047.5112760475,23604.0010681911,10751.6820324268,5089.57418280286,27053.7786252105,296431.965373475,95694.913543575,23967.7341223869,10950.4862915152,5187.9896324816,27334.8673099095,295253.690736753,96307.7813484724,24318.3487995427,11145.0594691754,5288.13040098079,27634.6964623547,294524.306107164,96928.4877071895,24665.2816201819,11338.9617335619,5389.0732351933,27957.8367840529,293616.597883953,97563.2572124967,24994.0069502588,11521.4887969936,5484.50066015521,28268.3575159586,292497.440151537,98148.2028090427,25331.7686066451,11707.3804655161,5580.31830960978,28566.0620492177,291118.408755833,98670.9601541084,25663.2038264919,11895.000650563,5678.49102569921,28851.4056352906,289608.046635097,99138.7013003186,25991.3535812883,12084.0068177259,5778.97804520243,29128.8291499855,288565.777183644,99611.9384942526,26315.5032877273,12274.5744361206,5882.13945741731,29426.4561126469,287236.829812106,100088.522180551,26613.9294627189,12449.460004404,5977.87916493964,29703.155356072,285564.306532705,100490.615192336,26922.3994888197,12627.8155521144,6073.65870538209,29959.7599178702,283651.746098847,100814.004314471,27224.5196885589,12809.745530201,6173.22838739569,30205.474691576,281610.470151188,101078.982261914,27517.6257399511,12990.7941068454,6274.61568044678,30442.9682417594,280100.230931625,101360.777739953,27808.1323724444,13173.557437945,6378.66913256359,30705.6331512372,278346.479097464,101648.489681258,28068.0460394457,13337.2186394412,6473.31445545949,30945.6003462286,276343.68017928,101871.121492883,28338.4111940004,13503.6718567853,6567.20023640493,31167.7601497149,274021.349248372,102011.936062915,28598.3271010136,13671.0982005432,6663.37063165489,31372.5775833867,271531.870979081,102078.726457411,28851.7936627516,13839.2785704628,6762.09197462517,31567.4285967402,269446.799294942,102148.964525284,29100.7335328437,14009.4588929321,6864.20278825728,31783.3598013258,267264.634416871,102223.43924322,29320.2519616325,14161.9681953873,6958.02468926241,31984.7088652244,264670.833704961,102223.026331684,29537.4477025215,14309.7593608189,7047.4030282963,32155.8650352441,261871.074784886,102133.811270267,29754.4041504116,14463.619582576,7141.09137064458,32315.5121902518,259298.213979552,102015.597425509,29965.2722630333,14619.9300515366,7239.16778021281,32482.6670553615,258197.085304881,102077.962862167,30185.3240506323,14782.312417937,7342.56795290926,32729.998185926,257126.922705534,102259.324070708,30350.1437178994,14900.7592210248,7420.65660259239,32946.7420897016,255909.443512222,102427.310279691,30546.6743135858,15022.686185619,7492.32882184098,33137.3624767901,254447.593027067,102529.095582913,30742.2752918827,15151.7762106487,7568.22283004199,33308.0822773898,252736.650127089,102557.946016899,30929.8381286203,15281.8813112798,7647.5387136192,33464.8807112621,250889.467269055,102527.728960941,31108.5773153573,15411.8150797256,7729.3052820338,33615.8923801669,248938.90265562,102452.133046403,31274.483424841,15537.6110147974,7810.83807333436,33760.5290722542,246888.720478055,102335.570297319,31429.3020069075,15658.6633240957,7890.85428533707,33897.1206573296
517,335080.178633723,92621.8140511283,22218.3528537153,9893.49122695927,4542.05533941628,18554.19338686,311876.174400049,86347.1623701503,21467.6035083851,9789.45471896344,4536.10755597118,18092.432685845,310928.681619901,87249.1030343709,19983.5355639008,9136.86699445047,4360.20553867743,18251.9550379542,310869.586940307,88544.238188626,20228.1537597279,8933.01910297806,4143.52538437832,18275.8070891185,310494.385686759,89431.02112123,20603.5915809007,9065.51467354407,4140.37432217912,18347.7440228126,309751.919491646,90197.8779484898,20935.6511561545,9229.22768539815,4206.2341696277,18513.7962963852,308956.140150836,90908.9487797239,21255.4051629125,9393.09646571023,4283.78889407245,18728.2124965321,308116.663866901,91587.6843458672,21564.6113901275,9553.21269710304,4361.88381475253,18955.5392544357,307756.422985115,92289.9204451297,21872.4310177007,9713.28411688442,4440.5535163241,19198.4877509098,307127.392370059,92978.8556666749,22163.3164666983,9863.25248321315,4514.2867835761,19428.5369524771,306255.851199086,93620.9129122093,22462.8283940973,10017.1896318747,4589.07701122641,19650.5538393449,305140.867940325,94205.2092800517,22757.2876380841,10172.8867826018,4666.03058365049,19865.8678561395,303934.754180587,94745.4210509494,23048.9486065733,10329.5173747,4744.69745120829,20077.8889002888,303211.621483357,95308.5744270354,23337.6708687398,10486.9346207599,4824.94288177463,20303.0519442308,302083.442820533,95839.357556648,23602.2698741808,10630.1379001297,4898.34397052846,20508.2962991593,300644.138188932,96308.3609672851,23877.8838977884,10778.4811228878,4973.13879240682,20703.3325752198,298963.333226331,96709.729151432,24146.6436307651,10928.9674494347,5050.71404059637,20892.1566110448,297175.460629636,97060.0652825513,24409.797503036,11079.0850724313,5129.63685945517,21076.7540350978,295955.060922805,97445.0099380594,24670.905614747,11230.4834344787,5210.40566201797,21278.2022669479,294379.028871399,97798.3067986187,24902.698009417,11364.1788090961,5282.4671383621,21457.9615322591,292572.895756482,98101.0790567842,25145.8528799845,11502.4788118923,5355.2798427033,21628.5477366912,290427.230577788,98324.6471224294,25379.4176469127,11641.1423299193,5429.83832702957,21787.6812313791,288132.002832923,98486.4609306379,25608.6854355625,11780.9195200214,5506.58210140788,21942.3251937696,286275.773130458,98667.5902035631,25836.0151400362,11922.6310476582,5585.88643029643,22111.2440121526,284231.681049979,98822.6684156179,26033.7424588347,12047.5753425666,5657.32941942895,22264.4419796518,281758.461946722,98905.1144197794,26231.165273849,12170.2096710248,5726.17639654396,22398.361903008,279105.629529124,98917.4741285211,26429.7243534213,12298.7804936231,5799.11899815717,22527.4721026592,276757.212134266,98916.8199557931,26626.7847374421,12430.4637237792,5875.87319617488,22664.7245031548,275941.251017494,99109.1113884297,26830.6429794682,12565.7882191724,5955.7365258713,22852.1177138708,274966.195753626,99335.9523493451,26978.3523227235,12660.3650379642,6012.93754206257,23005.3399596651,273868.661954323,99564.5321691711,27158.417848533,12762.7992942393,6068.20831666016,23145.1708028382,272494.969044161,99724.7172096325,27336.7347032409,12871.1121129576,6127.46000882937,23272.6589503456,270868.477693782,99819.4361818282,27509.2811412043,12980.8491486329,6189.82780931989,23393.1218560682,269125.985800881,99865.2586085506,27675.1452712086,13090.7692665264,6254.24441575442,23511.513061626,267268.528336019,99868.3944162567,27828.9803705911,13196.4335230955,6317.90703540441,23624.906630309,265294.245800211,99832.0758246567,27973.6409840206,13298.1492519561,6380.16380107734,23732.0055907503
518,249033.274040286,130867.044953804,55055.9559895285,31537.4561171176,17935.8023325865,30240.9234590852,223314.527508246,118672.047030702,48750.6971658899,27983.3633836188,15962.3833312505,27299.1642245568,226015.926562596,122082.576747952,48838.4422573052,28269.7720400362,16298.5178458315,28139.1531556194,222285.789229015,121704.252372645,48671.1663648317,27768.8751408625,15979.1602443568,28138.2862616105,221480.228781527,122846.257681323,49618.1811093403,28261.9438389957,16153.1027137203,28491.4562195443,219454.594488546,122945.66057669,50254.5738385664,28737.6682279961,16434.5566430148,28873.0572122212,217792.696231085,123214.391284263,50880.9377635004,29260.3732588265,16806.6703452643,29488.6506450396,215957.818219989,123296.437714181,51414.7957985714,29725.348251127,17162.8247044866,30191.2311491393,214629.116831272,123497.318472873,51965.9854141358,30198.7443021464,17526.4500525428,30982.0342992092,213113.663171336,123635.318828684,52437.4467605684,30615.6611605494,17855.5823066057,31758.8259553274,211428.881171095,123709.706193902,52903.7434073121,31019.5420861466,18170.9447350167,32524.1994955213,209583.131951679,123683.113385579,53350.5988729776,31419.8201269495,18484.955218125,33288.5099123195,207593.340673285,123552.132371305,53761.8004105325,31807.096665995,18796.214275179,34055.5147974313,206079.654914786,123513.061775104,54204.1665055131,32219.2289796066,19127.1683319311,34878.0081017199,204311.862890275,123399.501159776,54552.5138319524,32569.9334237134,19423.4510827925,35663.2001815219,202282.199619232,123182.532071464,54889.5539563998,32902.7662595116,19703.273238154,36423.3969334191,200107.258436663,122861.349380148,55211.8051771627,33238.3472277178,19986.6032354523,37187.8477041733,197766.392790388,122415.139689819,55484.5453418962,33553.9693281777,20264.5807110354,37952.467655681,195961.918451258,122090.194018812,55799.1405828204,33901.2031488051,20567.228730642,38788.1987550963,193972.598621061,121714.922150223,56017.7226113132,34182.6649537275,20831.5249306795,39583.1916820607,191789.7150205,121257.292576164,56224.5635775898,34442.0834138697,21074.7177386127,40345.3825341888,189399.647437728,120689.667473016,56408.1182600157,34695.6785017197,21314.1314597968,41095.3015161597,186820.452557293,119978.856002759,56544.2943864771,34930.0506578615,21547.168751762,41837.1829231318,184650.43671428,119353.653662057,56711.3928390539,35192.6818825953,21804.3671240878,42648.0376522048,182440.041550912,118715.438153514,56805.5793599975,35405.1897587534,22033.5214242788,43438.0749150482,179884.931658219,117944.307319744,56845.702495536,35568.3536731159,22225.2942255878,44167.8386864396,177219.880306439,117080.14002209,56886.1901328238,35737.9508292062,22419.1549581648,44896.7882470541,174660.764167273,116164.232810033,56903.4361824599,35906.5546445249,22619.3155098402,45646.6879524597,173358.641185489,115657.15156602,57048.9820851332,36159.7183333024,22879.1630674419,46553.8472837688,172211.004932629,115338.165005212,57107.3140432997,36326.7277805532,23079.1740764919,47385.7020803424,170854.14186314,114964.349613419,57157.6054167252,36441.5386036406,23219.3679872924,48077.3359250658,169420.403331629,114588.760438012,57256.3489494201,36590.9228898398,23369.8110495523,48730.2430247644,167726.598024408,114040.625812699,57299.87287371,36719.8354722121,23511.3881012747,49323.1246949485,165974.202457649,113446.603177648,57331.995877595,36852.7430640076,23663.5337762832,49930.1625910948,164152.268617947,112782.325333977,57328.6373957114,36968.9046702763,23811.0064419531,50541.9615425275,162262.032426639,112065.069296983,57291.9496838854,37064.7210568886,23948.4710470488,51153.9529672942
519,181413.503185365,129144.353635664,67994.8026185521,44388.9434530501,28816.3761632261,55292.5777656853,157780.578538514,116181.358712443,60816.2941523151,39806.860808413,25947.8802643393,50293.9562345133,156336.57213241,116131.802782912,61105.1902946022,40402.3710337022,26528.3203927979,51898.0830974039,158197.287119288,118579.675078373,62957.4127286851,41656.5953142103,27562.2498614736,55067.5738231141,152892.612496898,114819.374665259,61291.8402909157,40733.3165403586,27021.7972526964,54907.4879652047,153889.640897795,117116.23560944,62925.2518459144,41905.5158664984,27889.5226850261,57476.9340905165,151084.185759112,115352.62890906,62697.4942310858,41947.6153226246,28001.7761931481,58375.755461822,149650.796335699,115192.472990621,62997.9599571565,42369.8653957158,28422.6323923678,59937.2524583374,148599.726944555,114982.281079919,63431.7170572082,42841.6841280267,28867.2832304594,61635.9841562376,146988.066046635,114338.979032409,63481.0368272141,43073.8530776773,29154.3016731423,63035.0093213776,145658.865450285,114052.027725275,63741.868929813,43412.8218573528,29504.8750061564,64604.4853541741,144023.823525435,113444.314862728,63876.6502004212,43675.7488318556,29796.8877096687,66044.7804613919,142304.843888056,112778.708143747,63963.5861720326,43917.5748263091,30081.8497138457,67478.9712688069,140970.769212293,112255.740098218,64124.2052363778,44213.0168347945,30408.4730323135,69040.2549456983,139543.727915524,111711.501566846,64198.1310567395,44442.6232717056,30691.8779925256,70545.3115511168,137820.673808376,110981.263646655,64188.1683782187,44594.7665376706,30912.6464281816,71924.6060470764,136064.809474793,110222.088521252,64196.4587714642,44767.9247644822,31145.5203665089,73330.4269998626,134187.580911988,109323.823660408,64133.1992646909,44903.862837332,31359.4243638905,74707.0436862685,132643.309557474,108527.033869822,64100.1653128582,45067.42209539,31599.8257864703,76186.549958344,131142.267694748,107831.813534053,64045.2044707975,45203.4294991754,31822.0270956081,77674.094344913,129355.321848373,106917.243430379,63882.6506943204,45241.4994416864,31963.3492970847,78983.1282325416,127508.946407319,105990.426693976,63733.4231636354,45294.4193620052,32110.8147827589,80298.3049562269,125521.946008017,104915.067592967,63522.4362342198,45313.1778310202,32238.2458700505,81567.1074189505,123758.102305597,103880.225092485,63315.6599718558,45346.2817435028,32383.8358354988,82911.1017831539,122132.598486458,102980.459539935,63116.3135354335,45376.6522448454,32531.1073283412,84311.7544940648,120198.644984566,101881.809223472,62797.8871471617,45299.8279224418,32591.85736575,85517.0527060183,118143.799712019,100681.218909214,62454.6741936597,45206.1445930317,32633.9059614812,86666.90261069,116218.550991182,99493.7197113565,62129.3046474265,45138.8194012092,32699.9026180711,87885.1009027448,115093.582269951,98649.0512986424,61937.4264698888,45173.8852704068,32847.6589250633,89364.7637588827,114334.233195141,98219.8795947333,61814.7577505916,45222.6142299765,32999.5449450609,90912.0445757949,113252.44296285,97577.9247695218,61580.7261893791,45129.7328980075,33013.2058441393,92047.4461192077,112126.055967441,96963.9120110046,61411.9103765832,45084.1499749439,33040.5545116747,93099.5567094255,110928.263198772,96293.2233438487,61258.5949264652,45066.6965729214,33090.3710013424,94111.6532425241,109583.808156237,95463.9929278024,61016.2340955696,45003.5944740696,33118.2166004728,95015.9430847034,108236.310439126,94629.3748776442,60758.792105769,44936.1428896296,33152.9344547926,95949.589461284,106865.907372092,93764.100166771,60478.6428431681,44851.1440971059,33178.2951185535,96889.9293253858
520,284226.855929973,128899.638219368,42833.9522577938,21615.9005593268,10857.6643038757,20977.1273429575,264174.450220751,120141.01969834,39691.1659626803,20116.1486310725,10123.3732562854,19804.8971451334,263252.586114889,119718.589408199,37663.5126034706,19572.8095230147,10119.7355225294,20076.1611147785,262238.158824841,121616.408829022,37555.5687888012,18940.9782726334,9737.0634009839,20106.5421309392,261409.041016552,122827.152246094,38387.0107260682,19193.8463005684,9692.35170493776,20061.2430696347,260378.474579324,123741.184160411,39133.8224371629,19638.8899182365,9892.72581841529,20202.3600179018,259234.977889469,124504.062808075,39812.1106176093,20085.8377729771,10155.4472795769,20518.1863275959,257996.046837591,125184.927570673,40441.5625761843,20512.3715584117,10422.317952032,20918.4160365828,257140.55006307,125864.539305811,41062.5499061201,20933.618326559,10689.2162847321,21367.0892109773,256174.252562884,126540.775937602,41634.95489943,21326.0756821533,10941.4804293222,21815.9287486227,254989.473878312,127145.161572961,42207.2126936186,21711.6101104085,11186.8650496576,22254.9235900352,253566.796560586,127648.009878873,42768.3501281671,22098.9726001625,11434.9715572249,22692.7666569992,251931.841820241,128049.345890953,43309.390766444,22482.7093828037,11685.1482040079,23131.7628405055,250726.800442496,128456.345021955,43856.2310798534,22875.8360576468,11944.3262849682,23598.1431362402,249337.795572745,128854.241118999,44342.3508772596,23234.836982059,12187.5662778449,24051.9567884634,247612.275510379,129143.298707769,44826.1313557204,23583.9131890364,12421.6460554272,24486.2537319949,245663.180144642,129316.607017664,45302.3353805953,23940.0278759409,12662.0126010192,24923.0587352848,243490.685367708,129375.156527524,45746.5983959052,24287.8125157904,12903.3490102311,25360.8882935279,241816.021987468,129461.107736958,46202.8343320973,24647.5652446473,13155.3788794221,25833.3780359155,240010.326506337,129552.488175615,46592.1278957066,24968.2181885632,13388.2489175802,26291.2810100686,237963.375491233,129549.649658324,46978.0895175142,25275.562930948,13608.7639792941,26726.8491523061,235650.784675997,129436.819114773,47349.5979402386,25584.3276537487,13831.487562584,27157.6229292434,233049.878577014,129179.85798731,47688.0593331262,25883.1491330807,14053.3742200867,27582.7083130643,230840.21678259,128933.730837694,48038.4783889454,26197.0154261677,14288.753988625,28045.050776043,228639.23986354,128699.955308966,48329.4064819331,26477.1915771327,14508.8338430323,28501.6659105207,226060.919788132,128359.004849976,48590.9740259101,26728.9179314128,14708.6849153687,28926.0266448926,223274.16300653,127888.597426633,48850.1015079673,26985.7922348393,14911.0928894769,29344.8976452423,220482.602452118,127338.585631535,49084.5835223959,27241.5422047658,15119.0775535245,29774.7306576055,219067.312340565,127059.85457278,49380.3112459986,27536.1359457804,15354.0577850866,30288.6377106481,217947.908961964,127023.484072688,49590.4791880444,27761.5249871995,15547.5619028775,30771.7065009654,216625.283600237,126946.508288638,49804.6265340072,27949.5264953997,15700.0743060086,31173.0052114669,215153.454809306,126836.349260204,50049.4302364006,28161.114255495,15859.5120809194,31553.1933485357,213400.008431803,126570.170157339,50254.7553526804,28361.5695657443,16016.8492715079,31905.3354142314,211546.521168732,126252.877721162,50456.6755158067,28568.0378356458,16183.2317224055,32272.4150957007,209573.753762527,125839.841501256,50621.8504536462,28759.5136930398,16345.331180122,32637.5638422385,207524.54622847,125386.221165296,50770.6187256084,28943.0181986291,16505.4277043788,33009.6715012158
521,353449.945380516,81273.2574465812,18381.9785915011,8209.90864914493,3924.43768793872,27142.7346187791,336464.156012437,77205.4361460383,17734.3413871957,8094.8543506949,3902.25321202386,26834.400227156,336292.00073697,78143.943031357,16455.2723597465,7497.85938275696,3712.29554313171,27080.1565124315,336462.513426911,79209.9644466024,16619.0442226209,7304.76259551334,3522.14441370064,27262.7356657849,336404.415756775,79977.8639373945,16879.0543226764,7384.98798519895,3508.02957929627,27503.9215042077,336030.133502024,80668.6350039532,17110.1897925958,7486.75704234629,3543.48935665953,27811.3440816408,335558.102024593,81310.3464190862,17331.5768611261,7587.68479026658,3585.90922063882,28146.1776633373,335114.021808719,81930.8278728845,17546.9547608174,7686.40848909116,3628.54167926264,28487.3596479038,335090.48343339,82562.767800539,17756.9472445366,7783.02880476746,3670.57121163034,28840.8762109211,334787.741455823,83190.8925367477,17958.4941860718,7873.80520553303,3709.3896808353,29176.7651777102,334239.117120348,83779.9565992483,18167.4659581568,7968.16050522475,3749.16503095725,29500.1024867524,333420.357791363,84318.6760358955,18371.8768632687,8063.34095033634,3790.14715217129,29810.6471615077,332531.526929108,84821.8636721251,18574.3116632203,8158.96838222418,3832.06789769362,30114.4016486937,332111.951715385,85334.6496478723,18769.9970728543,8252.99901442748,3874.1204607555,30431.6259260716,331261.021724706,85830.5330195262,18951.0915675306,8337.78204206469,3911.45161612369,30722.2186845798,330080.941805331,86272.2886331452,19141.5562447789,8426.93820830055,3949.868813807,30997.0217846424,328644.013663513,86654.8033612448,19325.7365414163,8516.97128379595,3989.79421086183,31259.1108454165,327136.909240378,86999.0110635044,19505.2202431703,8606.15568345617,4030.1738516296,31513.4540909305,326162.146380733,87359.6857009999,19678.2628921968,8693.57453779009,4070.48846056386,31784.1750129994,324823.784328555,87705.9404714102,19833.9449806387,8770.04890608462,4105.17704262926,32027.9868895142,323226.443139791,88005.9750042528,19998.7824745699,8850.35729816981,4140.51004391838,32256.871739422,321281.553882584,88241.7336401277,20156.7693034841,8931.01954688576,4176.96399330291,32467.4278307587,319180.795979846,88425.6157084216,20311.077564222,9011.87776032829,4214.42016733281,32666.6706596676,317534.474912763,88616.4020365966,20459.9884283161,9092.14403543254,4252.64787790283,32880.5495097534,315659.316777207,88792.3570846275,20588.1915449462,9160.58682933031,4285.23109853353,33072.4861169071,313338.435112134,88910.9817389929,20719.9555740586,9229.18802743715,4316.58613155116,33238.2905774276,310821.839517103,88966.4068744615,20851.444794957,9301.59876586893,4350.50172623907,33392.2658844784,308671.373677985,89018.0561511583,20981.810154949,9375.89917124074,4386.74353628435,33554.9254533937,308060.207175963,89204.3188406662,21108.8636738745,9448.74062241553,4423.37567581839,33778.1199237928,307292.18935009,89446.7517768441,21202.8595236245,9497.12582023363,4446.61003871403,33969.161861115,306338.344695468,89684.2127619407,21326.1555804324,9554.58664113423,4470.49284380751,34144.7878891509,305104.160471334,89866.7753681409,21451.2094596847,9618.9204723448,4498.92957935486,34304.4191782708,303600.235392516,89994.5595418733,21571.8089702866,9684.49346903041,4529.90697341155,34449.7463562557,301961.210221082,90077.3665825413,21686.1612244731,9749.48839442236,4562.0048664702,34586.3224600657,300200.605950021,90124.38953397,21791.0596492052,9811.00334838734,4593.30115713836,34712.5360849776,298328.996212384,90139.3342094899,21889.0687589942,9869.45361153931,4623.37177102159,34828.1207836971
522,322927.774721869,87224.0106418417,20896.5997785871,9310.6596644967,4335.57419403532,22318.0298673778,304111.809878881,83106.5421253548,20214.436245765,9142.42366290607,4276.43486508803,21867.6390686501,302034.775075264,83041.1443572558,18548.0128829205,8460.36019697066,4092.20643091242,21949.9368183891,301093.156612957,83904.5779858763,18634.9406711809,8169.10465827499,3839.29589588456,21951.9564583269,300203.180777229,84518.4453474139,18925.4552015896,8254.0655721433,3809.84872061353,22020.5118712125,299034.73033418,85051.4362554286,19188.5104439898,8381.16830720899,3855.62700217864,22186.8137118937,297791.974020716,85521.2498100898,19441.1280873062,8510.41135643968,3914.58313547957,22398.9106908921,296502.958244914,85965.9947324767,19683.6970441253,8636.82339394037,3974.80375467957,22623.1904382985,295702.470195514,86419.0952793936,19924.9918052809,8763.18924207717,4035.66483275301,22864.2842918322,294755.376573367,86909.298007078,20155.3006076055,8882.51824101538,4093.18376939344,23097.727278895,293594.494365143,87356.4895681064,20395.9691972562,9005.80730948375,4151.49518939783,23320.4318176034,292213.878948969,87752.6868647263,20632.4875594915,9131.16083170283,4211.9908999037,23533.9832198871,290679.833665683,88102.7674760937,20865.0486698551,9256.77148037695,4273.75339532773,23739.3153596064,289610.091266659,88451.8601718953,21094.4691940839,9383.27798630649,4337.13340660894,23958.049484181,288297.963938481,88828.2387681297,21308.1977284325,9500.07493497705,4396.0609991668,24163.8634384944,286661.956379812,89140.2796725701,21532.1748610384,9620.66977767986,4455.50057418999,24353.7466771096,284792.491349304,89386.2028925789,21750.3325424513,9743.74319176637,4517.67266255663,24534.0018764199,282772.714878836,89580.9117516053,21961.4465310511,9865.83643277188,4580.82558362064,24705.6353361268,281282.670622323,89782.5816665524,22169.6322335693,9988.75458139756,4645.55838226189,24894.3182273142,279598.844262106,90017.2528809826,22358.5094273844,10099.4752137253,4704.47604719303,25069.5546502528,277672.854573716,90195.6286046895,22558.0694421994,10213.4559810304,4763.29499652876,25230.2172562096,275439.470795266,90307.9089742125,22750.3829994374,10328.8782378169,4824.21934501657,25377.1298234136,273008.994169653,90354.1101131066,22937.2823290476,10444.6263100168,4886.78722588516,25513.6403783604,270981.053267268,90394.6521571878,23119.8450147435,10561.4383981982,4951.49160918705,25664.0968881945,268893.532706793,90460.2571796085,23282.5098611742,10666.4715066319,5010.9066665586,25806.1474389075,266412.440204822,90468.56493157,23447.1992634678,10769.7355249216,5067.85126553838,25925.2255664799,263725.554828776,90398.429691082,23611.6639710591,10877.8875310783,5128.18378453861,26033.9302614137,261199.941923916,90296.0456184828,23769.2960239504,10986.6963362684,5191.04981899729,26144.1317730022,260119.769478876,90326.7649689066,23930.1674399849,11098.1683847497,5256.74221514015,26313.125023425,259143.208242191,90506.9758050535,24055.4758180424,11180.4678462493,5306.18934521261,26468.615155114,258018.992015094,90671.5545880639,24209.5041435555,11267.5486161753,5352.16258150523,26604.7961916238,256651.792350811,90783.592221335,24363.9660899273,11361.4392428193,5402.47544915608,26727.3844831287,255043.170425715,90833.6622415051,24513.2233365598,11456.7168441425,5455.69703237786,26839.3135524759,253295.550218086,90831.6554977322,24655.3808234534,11551.7320937286,5510.62253436828,26945.0456204108,251449.3288027,90792.7628883426,24787.952092841,11643.8603231304,5565.42481301101,27045.0056481245,249505.211038763,90720.1200557453,24912.5374884035,11732.6702829564,5619.17196841219,27137.6626071041
523,380349.372330766,87265.9065820148,18991.4097203177,8814.93090902753,4616.44010556489,52479.1571808938,360688.783825136,76340.909529267,17213.528416271,8255.51091816234,4400.48902109061,51545.4468875944,361072.301531329,74662.2382346329,14295.2990683274,7164.87833555753,4078.43606497283,51949.9057634019,361516.254291216,75900.4450711259,13690.2988371964,6417.44131205194,3626.36973769882,52332.1496045382,361641.842077241,76720.9375035994,13810.6958575951,6322.10731356632,3472.07384954396,52792.570260727,361342.850715937,77396.603237018,13966.1219449698,6359.56588683379,3454.49926261198,53373.6976021618,360938.5141648,78004.9819871405,14116.6328231435,6414.43378975234,3467.73863277668,54019.5218216821,360459.540527908,78579.5362021615,14258.2391962285,6468.30779458492,3485.17525246211,54678.2150804619,360476.228921953,79158.6618222239,14396.4112705126,6521.14736787921,3503.13841607932,55362.7944469009,360220.677062846,79737.099243704,14525.5039511584,6568.54863039935,3518.16991314034,56019.9125043505,359648.028838245,80274.4086946105,14661.5032942628,6618.36692996736,3533.27018231884,56650.1099025775,358829.79075317,80760.813640462,14793.7495004468,6668.84347450154,3549.06748793934,57256.1544886274,357851.290837657,81208.4905477594,14920.9754174548,6717.96744922743,3564.76341804957,57842.2421258498,357365.776232361,81654.799424025,15043.5081967507,6765.93565233699,3580.65764052012,58446.1639248364,356510.333472521,82093.7191740443,15153.4506269501,6806.65614485194,3592.84016094581,59012.534102304,355281.485689093,82482.0813335811,15271.4235178314,6849.96785842298,3604.99499344053,59547.2132892596,353734.641215497,82805.2181274278,15382.8255284522,6893.0757134874,3617.48202980664,60050.8395603708,352053.322832673,83084.516737787,15488.4969066515,6934.40749483885,3629.65089948273,60534.3444796227,350922.209161251,83364.5516761506,15587.3646246361,6973.62559120829,3641.55220910424,61038.9619259552,349487.021103339,83646.7951239759,15673.335694442,7004.88515176028,3649.25353992037,61507.6437028807,347782.580824051,83884.0354547297,15767.5286228062,7038.7730965059,3656.82406356343,61947.9205848001,345701.074690385,84059.3746125259,15855.4620350322,7072.32838739155,3664.54905768631,62350.9576176202,343361.93152597,84174.2648197029,15937.8496222891,7104.53937486501,3672.07032552925,62723.3791835641,341483.53615598,84279.0462382915,16014.7479478096,7135.64770563359,3679.92589681952,63112.4247205133,339484.289974598,84387.0186466739,16076.081500618,7158.42391872346,3683.89504444162,63475.7328717082,337004.983520606,84447.2490291696,16141.0450237812,7180.803429323,3686.19891035803,63792.7346836684,334269.185530077,84437.7215791533,16205.5671267361,7205.49527098223,3689.62250930938,64078.8956055431,331729.289354943,84402.5308417479,16264.0636339205,7229.52069641414,3693.76890635349,64361.6302913806,330814.122820165,84461.801817618,16318.5933169401,7252.59991586952,3698.96753049068,64739.4799556168,329951.799611148,84634.9421288113,16355.3170634595,7262.25670169075,3697.14326663442,65099.9200102953,328925.297757815,84812.6138061986,16422.0253776395,7281.55137987452,3696.90845910007,65437.9683571501,327601.167196614,84941.6071667664,16491.0638327402,7307.29272614348,3700.69562946697,65743.141089393,325999.738167818,85016.9821525639,16556.7448062339,7334.29601549748,3706.76221607315,66017.5190707224,324212.412021654,85044.2900531527,16615.8261398099,7360.0880910734,3713.56543108914,66267.0198012953,322314.104273791,85034.7619276766,16667.0881151347,7383.00809742577,3719.7781418718,66496.4067689942,320280.660106909,84993.9141081446,16711.5815308172,7402.73381967537,3724.64009516088,66703.5744060836
524,303038.751708289,138708.163262545,43661.5528270432,21720.0296731823,10729.532187815,14467.9594206472,277624.238340542,124214.104983232,37929.659940002,18943.8734194102,9380.02270983597,12930.7509785989,278974.771343165,126754.54295731,36443.5860445062,18310.3534393537,9219.04251037654,13033.4759973539,277766.021819179,128499.570425949,36523.7020066549,17787.9154360184,8812.79418721505,12810.3308908012,276178.391942213,129425.388162433,37227.255951826,17999.991189739,8762.22736553778,12620.5921428377,274742.377465393,130280.228235547,37912.4957072414,18399.2995895556,8939.29890523578,12669.0550431116,273134.646525886,130943.919234783,38525.0094452238,18792.3892523648,9164.91584150887,12878.6100311631,271459.503612465,131526.590131105,39097.7410406322,19169.3249419542,9394.53435515588,13166.2316712192,270309.754039816,132174.654814747,39674.2566588681,19548.0922257259,9627.35656824317,13495.7937505147,268974.526397665,132770.2667907,40196.7209546738,19895.0244407386,9844.09232892964,13822.1097046514,267398.102993458,133298.178600199,40722.4698582834,20239.4302830675,10056.9721023036,14145.5279715308,265624.90221574,133725.079229127,41239.0362841758,20586.4644844172,10273.1358465523,14471.9704110119,263669.530933245,134054.910005249,41737.2395416237,20930.0901473202,10491.2216802969,14803.7829866057,262233.706066232,134449.71962698,42248.5142069611,21285.5394851597,10718.4908020466,15156.520607118,260520.947623728,134774.587295706,42695.9462990829,21604.334391877,10928.0396678865,15494.8353969889,258463.735466102,134999.295575148,43146.3837805135,21920.2408689824,11133.3131155221,15825.826339687,256207.42815942,135105.311010752,43586.9957910727,22241.3224463954,11344.1075902495,16161.8213033709,253771.722841344,135106.822827086,44002.2260265887,22556.256468181,11556.47759329,16504.622871322,251903.906409546,135191.642621997,44435.0498089923,22885.1469682779,11779.444367523,16872.8394973754,249820.406633728,135217.383903794,44796.940834945,23172.076899989,11981.4035590688,17223.9135431633,247529.702300418,135179.160360689,45165.3775109226,23455.5955730506,12177.7160933469,17566.7894778156,244931.988020667,134998.21381811,45510.5092909902,23734.9407804569,12373.6310090513,17905.6451582118,242128.3014892,134701.021089131,45835.8621706028,24011.3781455996,12572.2604412767,18250.8155965589,239732.829255256,134445.393438507,46170.4325626572,24299.780524537,12781.6232409066,18621.3163087939,237297.378838762,134166.709963407,46448.6255996301,24555.1363503187,12975.3098411334,18983.6986912757,234497.126038269,133779.566335355,46703.0289693917,24789.7783746376,13154.4949320116,19328.1171452973,231496.8933114,133268.343449192,46953.1964165071,25028.9710869284,13336.7478528868,19673.0761178255,228593.630760959,132699.881501294,47188.1168400735,25270.1187502985,13525.432019501,20032.1017209681,227193.737626499,132509.206889881,47494.4867235766,25552.7255500516,13740.5090074926,20449.1295634375,225883.014474305,132425.854473685,47692.0750192981,25752.6153421966,13906.4287415937,20816.0685340727,224501.140856623,132379.025743081,47927.1736124976,25944.2196613172,14051.451225048,21140.5210379038,222867.111615132,132217.023621323,48154.1631526048,26137.9372846596,14193.8818482486,21437.3217039312,220994.771538432,131950.222460087,48364.9550528852,26331.457534002,14340.0011651037,21729.0181624804,219004.186216657,131597.633102436,48560.4911414752,26524.259431038,14490.2941650875,22028.7178637432,216925.338552116,131181.044933488,48731.6603873906,26708.3697082827,14639.6432956095,22335.3394513477,214764.868432162,130708.550942325,48882.0827049628,26882.2149419206,14785.144319273,22645.0512562654
525,149578.578297174,112647.59298651,69314.5831911515,49262.9948576238,34791.3154570491,92050.8180523586,130284.666228758,103017.332368078,61342.6597725051,43587.5639776233,30892.6939674764,82627.7009346508,126198.926354284,100555.78009793,60584.5211490987,43163.0612025191,30629.8530466809,82373.3369699179,130870.164320121,105662.205864835,64219.2307042861,45855.1461089568,32707.6361239374,89008.2116830242,124957.203082366,100343.858354321,61562.3495691947,44174.7255173613,31609.6842526064,87123.4902458573,124558.060610507,101437.128292636,62289.153789935,44849.7254752624,32229.4466340606,89902.1477735845,124341.832578731,101719.412834933,63221.715712873,45647.2717564437,32887.5675723195,92814.5191951266,121346.372367256,99534.5623259034,62260.9741870999,45206.8802827842,32709.6373526839,93338.380956478,120826.460616201,99782.6591626063,62732.1904122181,45724.0214713773,33231.8297871586,95976.4472086766,119927.153351754,99422.6416921049,62947.2494920912,46045.2336571292,33588.1862572273,98223.4109532656,118049.1152758,98283.0513534037,62554.5354367764,45932.5091812238,33631.0058541252,99560.368893294,116897.586583109,97925.5593939884,62685.1294376881,46179.18817324,33929.146130458,101660.788810051,115476.719789338,97180.0907605962,62646.1902158807,46316.5145061304,34144.4645081599,103519.337339518,114108.863501211,96338.9081835414,62468.4479445961,46369.246460675,34310.3425341237,105256.694353173,113003.967760486,95863.9647728557,62452.9779565759,46518.5490513064,34547.5640141948,107278.775983167,111509.622544607,95040.064545841,62268.8058262373,46523.425923263,34662.6580090241,108943.389616364,109885.392499482,94108.4453585194,62023.26134918,46495.9270672425,34752.7117093777,110511.33658557,108324.102523435,93227.1269888885,61821.2541621447,46508.4445678822,34878.8058858792,112206.836542736,107028.304331152,92377.0048578373,61622.4777981259,46531.4009373786,35019.1027570505,113996.391474904,105717.432732838,91620.3416637457,61383.2344255459,46510.7470574673,35128.6278226271,115755.3850127,104206.86054099,90694.8504343198,61069.4928194971,46405.5540588241,35158.69109675,117278.858563038,102611.61182294,89723.4186542044,60741.8445140773,46297.5495744005,35180.8096354554,118752.236512051,100928.776264542,88658.0409078787,60374.0995643838,46167.7751148784,35190.2833770474,120175.085172121,99445.0293943512,87623.6413232964,60012.0766466051,46053.4405538599,35219.1394251247,121692.973656939,98085.3410051901,86738.8547420444,59670.2608636181,45946.1748585698,35257.3441109134,123308.866086014,96466.7127672806,85678.7268236303,59218.4209502686,45729.0000742991,35199.5859078836,124627.726159879,94710.2632127441,84484.2837005344,58709.3875119981,45469.6721882242,35101.3020513924,125785.176622586,93077.242786854,83335.201243759,58236.3719491743,45250.309508585,35038.2032213064,127061.611267587,92197.1770593863,82542.5022433351,57943.9865905136,45176.5768468077,35094.7276836201,128820.38348789,91599.5304391685,82145.3901885768,57736.017978443,45131.5323132825,35168.2353129721,130721.813465858,90699.0225706997,81522.0693271404,57410.5557399043,44931.812020539,35083.2590718775,131999.879953996,89681.8705707318,80852.8571102315,57098.4326406588,44745.0889006042,34986.2382507227,133057.248774559,88702.3662131972,80233.1112900868,56871.7166629625,44643.0787012477,34957.3917680888,134212.863653227,87622.7496881011,79481.0170014283,56569.9584130048,44503.7531526513,34912.1317568261,135224.655196266,86456.5159672128,78644.8537542077,56189.1389882565,44311.3355738956,34837.4438417302,136118.718023172,85313.778130245,77831.9224041183,55818.3343059589,44123.5276966934,34770.2353317914,137078.60697788
526,356094.910773774,91703.9923687909,20607.7878433986,9116.96987618731,4333.55022301783,30014.9668144827,342004.422790717,86030.5583316966,19598.458372088,8816.49263138041,4220.17079026779,29782.441124279,339693.363193568,84965.829615766,16899.9318830688,7751.3464756542,3903.95222913535,29786.6124586827,338278.808568447,85707.8684660298,16600.505713876,7160.36942585166,3495.39407343179,29739.4499276496,337140.535109154,86214.4642694,16765.9582265588,7132.61273660083,3386.0592458689,29812.824828625,335791.049771599,86647.7331593034,16939.8672360583,7195.59344734553,3388.71609195491,30018.7613402778,334393.88318195,87013.7027415482,17105.0183979247,7267.95536392407,3413.63139536576,30284.243307473,332877.828467578,87346.9047698535,17260.7834772417,7338.11160769191,3441.0653350118,30561.1323454023,331924.217492162,87677.9704786146,17412.1668868684,7407.47874538323,3468.99852240637,30857.5640037889,330856.241106352,88061.6397488533,17558.0184436946,7472.2127254161,3494.66687398837,31147.884750933,329530.415586334,88400.3260585006,17713.6151464868,7540.77721897698,3521.03984409384,31422.5485515132,327952.918222307,88680.550181629,17864.1751891201,7610.39049359543,3548.74800822135,31682.0062517042,326169.358851814,88904.7812694385,18008.6450180242,7678.77289744251,3576.64432010555,31926.0174950774,324905.630821426,89118.2712425,18147.2123537278,7746.27792705834,3605.02761782788,32182.3229046459,323424.138436555,89377.8092673672,18276.6589614542,7807.42611969432,3630.40504096417,32426.3285660762,321571.869469073,89571.5018681641,18415.2855831171,7872.00065486665,3656.13539295708,32648.3287548797,319461.631752873,89690.969855789,18547.0443983573,7937.44817805754,3683.29559983221,32853.524737152,317150.527429726,89752.6301058991,18669.9356234188,8000.47933940611,3710.2271250336,33042.207687493,315427.383434168,89811.4873795287,18787.0302622013,8062.45391659694,3737.47374493501,33247.2834996803,313525.16574798,89926.4866484273,18893.8237864059,8116.87866072916,3761.00107152728,33440.3529453015,311369.122510819,89984.0721839729,19011.2979361857,8175.11883614901,3784.8761607604,33614.4401146325,308878.530423237,89976.795380865,19121.2235576862,8233.71616705359,3809.92214010156,33768.0956036424,306142.425365619,89896.0427760075,19224.728326269,8291.26193021524,3835.30267425997,33902.2707073753,303838.355600231,89800.6847148173,19320.8557446771,8347.78492766773,3861.32398498175,34047.7686827833,301509.001805932,89750.0092178824,19405.7114471351,8396.91557739356,3883.97413065706,34186.6279118503,298755.158849877,89650.403927948,19495.3618741728,8446.45128838977,3905.43933761045,34297.9109558568,295771.23927431,89465.0681743962,19582.7236953462,8498.80690469992,3928.89427613019,34390.6500771813,292886.816526736,89239.0518603517,19660.8575070399,8549.66500330616,3953.10196747194,34476.4561415355,291618.928169416,89133.2040668364,19738.2997621437,8601.11583948413,3978.85679937016,34632.0821602035,290542.531383168,89238.8083831415,19803.3215078895,8637.31119323496,3996.0540158756,34791.5647467503,289317.676387594,89332.5640388832,19899.4778284209,8682.55015576512,4013.58231493706,34933.6642671137,287830.261539089,89377.3061843706,19996.1697930376,8733.91925961781,4035.38411711573,35058.5882460537,286066.450304448,89358.3039297306,20087.8789135308,8786.07202196918,4059.30995724438,35165.4093537525,284153.103143556,89285.3266445032,20172.2196481453,8837.24990736424,4084.13707453278,35259.9893961276,282128.084371385,89177.9934223001,20248.0419731675,8885.50368587928,4108.42449402911,35343.9742066698,279987.979064911,89036.5605116282,20317.718035139,8931.12488884469,4131.7000628286,35415.8350718346
527,273042.795271401,144346.81969792,54952.8516356555,29947.5822205357,16199.2330801431,23007.7508476119,236344.98822357,126258.155106991,47759.534668504,26164.7897473098,14221.5303170202,20509.2834331653,248210.557373192,134456.357624128,49582.1889673202,27468.3183191204,15114.9391561038,21936.9968103971,238422.111593686,130418.474782764,48352.8086261297,26430.8130916299,14564.5932693975,21695.7991872313,242159.571699187,134475.654058148,50043.1190113469,27347.888364691,14974.14404981,22333.309673411,237307.096806592,132892.715480709,50272.5312255499,27542.5125624406,15091.8501504048,22491.5950457771,237742.404005807,134617.418921735,51316.4069079457,28305.3573252884,15579.7401557207,23183.6605614212,234642.249771429,134014.663932621,51721.8167260699,28665.2026474865,15863.8086883116,23719.4669482571,234272.710944818,134960.837549307,52515.9251725726,29276.5725747609,16289.5410930263,24486.1102811587,232212.064474168,134844.093582575,52972.1414867026,29666.9334414005,16592.8556953104,25134.0261802406,231034.15391721,135361.136989486,53600.0352147851,30161.1305022894,16948.1300452427,25850.4201843435,228925.892788979,135287.30364097,54089.3840180011,30571.4219950578,17257.5610216409,26513.9626247144,227158.986183395,135430.205712375,54629.6089951483,31029.09120354,17598.1914972055,27221.4451383068,225498.389506491,135430.845121817,55142.4860781384,31470.9324520715,17935.551472876,27949.1114363374,223838.626218634,135479.628420473,55591.1498011615,31878.6563591542,18255.6603027763,28666.7438518399,221787.160226221,135371.394068762,56014.1753176032,32255.5946099244,18553.3493642927,29359.3571516453,219590.456627353,135165.535169623,56428.4694354946,32640.4885524328,18856.5286906746,30057.2400710024,217202.08606212,134821.501025847,56800.6616786042,33011.1155932982,19158.5940464045,30764.8719530005,215332.442715852,134585.946185542,57204.839988702,33408.0433645193,19481.7382739979,31526.899066855,213286.51139227,134276.037470225,57507.8361620831,33740.4345993548,19769.6788157362,32260.9039731923,211083.068151487,133923.416136138,57807.0525845035,34054.9662681179,20039.9783751378,32971.7940212587,208596.264292768,133411.760013434,58075.7248776543,34359.2624492585,20303.9510990177,33670.9269609655,205936.973999528,132779.731541669,58307.4655653721,34652.7996805579,20567.0183725708,34372.466251227,203614.094711383,132189.396805982,58559.3138837023,34967.0195351603,20849.1972872457,35126.8508555641,201313.835578073,131588.584912198,58738.2981648774,35236.7402398672,21108.6733642323,35871.851304747,198684.390915259,130876.668589627,58866.6774971696,35459.490174268,21334.4391535797,36573.7181711412,195872.70178054,130040.626143994,58988.7544026515,35682.768347276,21557.8849343137,37268.7477376999,193157.502752296,129152.704306799,59096.5052128709,35912.2417703522,21791.8377550981,37989.4010248587,191690.769954248,128646.305422038,59311.6418004607,36212.1586294335,22075.5734758899,38826.8659255113,190469.322080822,128332.827552499,59429.1766076859,36425.8484396948,22303.1103498703,39605.0374212033,189088.056013945,128017.615667162,59542.9355239758,36586.865217902,22472.602231769,40263.4695739548,187581.825335396,127666.860032776,59699.6952533679,36775.3575022344,22646.2988276466,40879.7996792105,185818.31465391,127150.806768362,59803.8826412921,36946.9345493351,22813.2815391268,41447.725833535,183969.549487141,126579.413675751,59901.8769190791,37124.570769791,22991.6272257167,42033.0229885708,182022.021830309,125912.746426862,59955.5602087036,37282.7917196584,23163.9385934461,42620.218714767,180025.045097173,125205.69861615,59985.1465646675,37427.4941650974,23331.5347166431,43219.423197076
528,328237.211620335,107725.463137718,30934.9137408552,14668.0078596921,6998.49223017218,19288.3751637611,308035.754692093,100017.787887064,28962.0785250504,13923.4036098609,6684.51542444292,18569.4310069812,306719.547719842,100188.764588214,26845.8465009952,13114.9152531638,6491.4870667624,18684.5975965537,306293.083647329,101966.448789687,26850.8752837926,12617.982168806,6121.39167169412,18603.5120795118,305413.50904216,103016.790724551,27383.6672824534,12752.5465867146,6056.23230095765,18523.471788441,304226.274531758,103860.029996267,27872.3641580959,13009.7673424764,6155.83504969092,18614.9665037036,302991.712872283,104614.396146833,28329.6502735021,13273.2721469688,6292.67081936395,18820.7280298947,301722.249058052,105319.759344488,28764.4096352801,13528.6197381736,6432.99750515533,19071.2247424718,300915.449601365,106038.724041681,29194.5284859348,13782.1145348901,6573.90331442982,19348.8919261987,299858.534116343,106733.290562162,29593.6847265006,14017.6389600528,6706.01593307741,19616.6321830577,298590.326622465,107379.562618597,30002.7990474266,14256.4079848475,6838.27091210105,19878.4037782291,297058.462681472,107948.624065002,30402.5492578539,14496.293120529,6972.88038081096,20134.5164685783,295402.042202306,108462.362264715,30798.4786092254,14737.8511842576,7110.47065893526,20389.9206399457,294228.04293625,108986.709481424,31191.8649187617,14982.1638556122,7251.60822619207,20661.52669115,292728.396805737,109478.68120381,31546.5683426373,15204.0507872074,7382.13148967618,20915.3905747649,290871.803235012,109897.331951759,31910.2642765974,15428.2419182338,7511.91999894156,21157.0590912223,288784.721681427,110226.872631002,32267.7883265056,15656.9823528808,7646.239434084,21395.3633976816,286558.785865879,110491.124546732,32613.0305152907,15884.2434998487,7782.85677415992,21632.638309105,284902.984173036,110785.22940398,32960.3569171129,16115.8106488471,7923.75700376193,21890.8471111748,282931.918016548,111044.24164629,33260.173061376,16319.555850225,8051.01297721045,22127.7625731764,280757.648470963,111250.649944472,33573.938856694,16526.7071029639,8177.40100250318,22355.5390781044,278232.492146259,111354.104765257,33870.7265260731,16732.3111343583,8305.0099771578,22572.2040379485,275544.64918446,111381.806192019,34161.3446218535,16939.4150471695,8436.08434698862,22787.8820961449,273281.404800307,111418.420810717,34449.7872039172,17150.5615542168,8572.12213438482,23022.1982969251,270882.503872501,111432.177661013,34696.2511141499,17337.3731714898,8696.69756919074,23243.0096610851,268070.69573765,111365.315111129,34936.4342989625,17516.3166135154,8814.84388172499,23443.303208212,265071.456493238,111206.415144376,35177.3034026169,17702.2619755658,8937.83191580754,23639.7967599268,262313.191498293,111024.905460184,35413.2813284463,17892.4935757204,9066.88498611557,23847.9007920917,261079.536754339,111061.153531395,35671.0217573166,18095.2723905908,9204.84050323011,24112.9427874587,259853.473472416,111183.839485457,35852.0296630367,18240.6950006221,9309.66624027146,24341.7899624438,258512.587097624,111320.990568528,36068.6959793243,18387.3484876252,9404.7062949798,24544.69012395,256902.145830139,111373.41106531,36283.0543976827,18540.2811209085,9502.39807951684,24728.8453745733,255041.767896166,111346.219425313,36487.3958404122,18694.4841792495,9604.14512981222,24906.5939557518,253045.679683806,111253.327823576,36680.7523405394,18848.0717144479,9708.69909055672,25084.8918489284,250943.644043745,111108.093379134,36857.7330549918,18996.0736267356,9812.68955156658,25262.3353525015,248737.543203693,110915.835670961,37020.5319768487,19137.6684776686,9914.47845115104,25436.3677969746
529,391509.669306455,90665.721126284,17867.5170779371,7679.64649184247,3567.83309805933,23595.3019986319,369349.354108423,83161.6258678319,16877.7794562627,7448.8365351961,3503.25995463141,23282.7766471569,369256.873604807,82717.8690855921,14812.4225617476,6635.60564031301,3262.53591027127,23451.9046904136,369434.62218829,83889.5144505295,14637.804578396,6195.3021773937,2955.38330707484,23518.2069529108,369438.789736793,84718.2991938097,14835.613135339,6197.2702057044,2879.54920832315,23652.9707287424,369007.993236514,85442.3424611243,15031.1408215002,6267.39687020358,2889.96715911422,23882.3126084795,368526.555779371,86106.3270504433,15221.0499149619,6345.31424183031,2917.72642348071,24158.7642549855,367950.248376216,86741.8066521298,15401.5859197166,6420.80577674956,2947.16502576339,24446.0358199476,367864.116262505,87382.8156091407,15579.6553855569,6495.33743135521,2976.6045052451,24745.8700946319,367520.030364259,88023.0616548838,15747.4811232459,6564.28922703354,3003.37754072234,25034.04889665,366918.01923184,88624.5218924699,15923.0516364025,6636.24977470457,3030.77969279125,25312.3342496649,366047.192652633,89174.1367809857,16094.043633372,6708.65970238808,3059.00179332529,25580.4258912843,364967.918415548,89682.9758081636,16262.6598697524,6780.82825305451,3087.56646564571,25839.3044379926,364451.474142773,90190.0758653908,16425.8810570776,6852.05906521475,3116.36077314432,26107.9193495639,363525.070413206,90691.8107521554,16574.1685466002,6914.91171372899,3141.26539301872,26358.4619049234,362193.557032673,91135.5837371214,16732.7807197069,6981.67712491117,3166.89511703675,26594.6121330869,360584.506190278,91511.9145347048,16885.4594734148,7049.2273229002,3193.73698783255,26819.6580183053,358863.017406506,91846.9985215693,17031.9868884069,7115.03551533802,3220.45943104102,27037.0165663851,357692.868166143,92187.332174661,17171.770869377,7178.53846470514,3246.59494087826,27263.5842604814,356211.798516511,92528.2428804072,17297.6831693224,7233.8184308068,3268.68068875677,27473.3316593576,354453.409230682,92819.6010651406,17432.2660542657,7292.35180765231,3291.22249651078,27670.5049403593,352284.723790668,93043.479752825,17560.6514197216,7350.99016646272,3314.51835179801,27851.6346526865,349896.370503929,93207.176699106,17685.6689285559,7409.64238006666,3338.43654013856,28021.7774104913,348004.501767626,93362.8842417024,17802.4354898379,7466.27824813425,3362.28077950422,28200.084183806,345945.877061852,93524.0127029851,17902.9570279439,7513.69453087663,3381.8604084614,28364.9428004414,343402.663478853,93628.7033758126,18008.6175044567,7562.0434780869,3400.67209383611,28509.3703469017,340590.67035221,93657.7119820487,18113.1833152395,7613.14558410872,3421.2927805652,28641.0773135258,338067.707973999,93669.9737031622,18213.5296866041,7664.39703149904,3443.08170754543,28775.1713782592,337157.35008636,93788.9984897792,18305.0932837999,7711.86822299324,3464.01675389232,28949.3642940793,336281.172401483,94022.6929561556,18376.1985860865,7743.24574134826,3476.4017156928,29111.6319128931,335241.292409675,94252.3556233153,18476.5370683503,7784.08194040898,3490.26182730345,29263.1774215942,333897.258803289,94429.4720768031,18577.8965008797,7830.62314986392,3507.97857347423,29401.8910064919,332259.707593331,94548.9684586741,18676.0543371857,7878.26875144131,3527.67477979302,29528.6191382068,330456.217153269,94616.7770727427,18767.3990285829,7924.76010160868,3547.91859643153,29646.1495367521,328519.884001123,94646.8223215754,18850.5831443005,7968.2371651709,3567.37980749753,29754.5997704044,326464.039989947,94642.3054330122,18927.233840229,8008.93554038635,3585.70986554714,29853.8403370041
530,333504.698860138,84456.9090150002,17288.5000814892,7291.6058789816,3239.56381211525,14930.806591621,305273.256800038,82231.9782806952,17356.8769279572,7408.69359756444,3296.92320243171,14647.0267888736,303497.6409506,82829.2519836944,16826.0668554573,7188.21655815086,3258.23725362492,14803.6429165519,302879.684770384,83521.0992910133,17271.6988035194,7257.05438865296,3215.3659670707,14905.5055127967,302147.32429687,84079.1611356067,17549.0731945002,7409.51560272914,3272.68170680933,15050.4915293186,301116.329098574,84600.1919309251,17775.9558156091,7526.61102742321,3329.81138463772,15224.2069729336,300029.834143444,85074.0989646524,17995.8081181544,7635.39363511902,3380.84904170334,15401.0169617287,298870.385621723,85528.5738292565,18209.3448476611,7740.9983190122,3429.71450043642,15573.502091977,298171.055580393,85983.9107831231,18420.8849703623,7846.2851228505,3478.4291675555,15751.0805922628,297346.359570743,86477.5861755704,18624.036724314,7946.01680978628,3524.49396779946,15922.8317579475,296319.231314249,86932.5678236602,18837.2228422688,8049.76140734361,3571.51200717853,16088.1055489236,295046.562659869,87336.2685307866,19046.5438852035,8155.10158316909,3620.2862992698,16247.3790391496,293646.62044013,87692.6817880923,19252.8555660146,8260.94833927171,3670.21783946744,16402.4020827883,292686.692109211,88044.5173065379,19452.2108784405,8365.60150543745,3720.5688134284,16564.1041647029,291510.754390202,88427.7690457877,19640.464076794,8462.62818415579,3767.2905934499,16717.9074565433,290009.910648469,88752.2011590386,19838.9970336968,8563.87012259549,3814.89897907543,16862.1345548586,288275.3038324,89009.1747352101,20031.7596461297,8666.98083294054,3864.73261948053,17000.6115431674,286403.850340119,89217.6190255547,20218.3617441729,8769.10900598838,3915.26815517637,17134.3307051797,285030.977710936,89424.3260864557,20398.0890724028,8869.88180536823,3966.054961646,17276.2885851234,283471.320771549,89670.2836469415,20563.9355841882,8961.17135377006,4012.23924073952,17409.6732072535,281686.043517525,89862.5461891116,20740.7873139194,9056.54715453865,4058.98582480574,17534.4272646477,279610.882875968,89993.1615332529,20910.8356809732,9152.96946142754,4107.5330196749,17651.31555669,277329.183718959,90061.0592308238,21075.8620394137,9249.35423649395,4157.2069615047,17761.8676822772,275412.138634227,90112.1413524606,21234.1754995516,9345.1372762992,4207.8002258371,17878.7848584413,273455.772819383,90192.2123349188,21376.4248335898,9431.4201509732,4254.17182235425,17990.3352501779,271120.051598123,90224.6579700022,21522.718241963,9517.48713528424,4299.11616877407,18088.2373111096,268556.697062719,90176.3947936491,21668.5554937426,9607.61352786332,4346.85679114372,18178.9929440307,266171.726475585,90096.0609812392,21807.6176232235,9698.0618166758,4396.58957938586,18271.552451881,265164.350852058,90123.2044404398,21940.1318149577,9785.89352815553,4446.17017278142,18394.7030724491,264285.268132768,90318.8749179854,22049.4827259542,9851.97689274616,4483.43367106292,18509.7016198664,263271.882966599,90501.5280371462,22188.4431429651,9925.37891713477,4519.5454202775,18612.8044516539,262003.866838789,90632.3665029553,22327.8455756246,10004.9771787065,4559.88587948977,18707.9797001651,260500.591064647,90702.7285292073,22462.8125231867,10086.0247516935,4602.84400600588,18797.7818971078,258863.613257692,90722.3698442124,22590.5199629539,10166.2580138185,4646.90520702856,18884.0418871358,257120.743404611,90706.0680473359,22709.1866293699,10243.4750770961,4690.46335923225,18966.105028176,255278.859389364,90656.7689134639,22821.151046195,10317.9586317958,4733.08377526382,19043.1558040312
531,128296.44621444,118245.298953505,77006.5796738385,56578.6576718989,41365.9760384224,115255.673880163,113696.478093587,111939.724418332,71960.3761078229,53159.5398733589,39040.5421003384,109876.142936665,97519.0760154401,93824.6661780279,62185.4674295772,46325.6506553614,34183.3729086783,97038.8741498185,107345.626534153,106090.87043672,70173.3236900764,52732.996599054,39390.9751921519,114039.22699789,106689.786207938,103939.27409241,69832.2191310143,52725.6263847015,39600.5637639998,117528.682690499,99040.8287612106,96781.6168205621,64447.5416557572,48879.775455376,36923.9688294876,112120.787511697,101425.286668264,100735.006282648,67502.3117757646,51095.7801686394,38646.322145933,119729.853229584,101588.952862212,100706.919518222,68420.8501370812,52011.223380204,39388.5402981786,123925.096253825,97633.4562907371,96811.1986270184,65856.0883299409,50349.2821519095,38308.9419430706,122265.042540199,97484.6455734245,97506.6876278441,66541.2435631594,50966.4312083338,38916.7531498968,126083.000584951,97571.7189717229,97849.9487743362,67344.6833065438,51728.0676721196,39594.7860868811,130102.208206083,95281.2113606169,95723.8738036852,66162.9632661802,51031.6968494428,39197.5332941051,130534.238020611,93888.1807717545,94890.8314581759,65858.5814561163,50937.4485010433,39255.5852983828,132505.686883336,93466.0253220041,94753.1963736019,66220.095273795,51372.3766332573,39704.5404985361,135811.942440115,92275.7381798604,93737.6974466588,65802.4874745131,51242.0064867947,39738.151223975,137736.304937039,90776.8382309515,92600.268414973,65248.7258162305,50951.9762163155,39640.8586106155,139256.560623288,89683.9986672911,91891.2363282483,65104.4270651728,50973.1704944158,39765.2302712448,141540.164359497,88419.3657123996,90915.9700394371,64792.0089773448,50894.7853142297,39819.7680321848,143562.514766216,87074.1194056105,89722.0406250365,64263.0153124657,50654.4025297097,39761.0309541698,145219.279351313,86051.7867978687,88961.7799927271,63954.7311149607,50566.7126054253,39821.248673142,147389.279812104,84940.606256799,88107.6327457695,63624.7810961777,50433.5741465281,39828.6131793983,149401.084077602,83547.0153097566,86959.4117767332,63087.9911218354,50146.0906355864,39707.3228950814,150899.88082019,82107.2717551021,85796.0140444615,62552.8306551599,49862.9541490702,39591.8975518873,152400.306485494,80855.3579268046,84703.3276636779,62083.2801004244,49641.6381136628,39530.2316932613,154123.085506608,79741.4533708386,83744.3025187581,61626.4153139681,49432.324923862,39484.9059071982,155969.957059188,78465.5935743269,82685.1083157636,61080.0299144366,49121.8566670177,39349.8627277498,157517.034594019,77008.8297154494,81435.9650408705,60437.1474175258,48727.4320142154,39134.6693162025,158726.923020658,75591.5336142103,80193.1724015637,59809.9300455495,48359.4166927878,38942.1831473428,160000.384084927,74649.399774971,79182.5560584216,59311.3253054314,48101.9967876878,38846.0379334895,161696.55904197,74179.6096917514,78740.5849180793,59039.4133425525,48003.4467920927,38876.7978561504,163997.276460611,73571.6226782311,78228.9335174003,58727.7446118317,47800.2918434146,38787.533274704,165780.939540632,72704.983124028,77473.5134807386,58285.3882624709,47485.4008803169,38577.4939442026,166850.158932747,71830.1408123953,76750.4525266907,57913.7951595279,47243.8580647467,38425.0536776876,167944.394527162,71006.1867071241,76056.8511807962,57600.3337927559,47072.9101182086,38341.4118651694,169201.027182228,70101.205189064,75247.1147701815,57187.9246094563,46837.1948056821,38220.3807611268,170258.533948279,69118.3247992881,74355.553427168,56692.9229146476,46532.7185955878,38050.8845725213,171131.91859869
532,375604.72678686,84151.1333176029,18924.500956458,8124.63783750195,3546.65142846761,7815.38716509465,360879.764629931,76912.3764809079,17562.5139907803,7739.24581232075,3421.38788882878,7694.06508332277,359959.980555376,76543.0917609476,14946.3960519513,6661.78594052573,3090.7881171295,7640.18076502391,359652.023477428,77602.5409189079,14703.4303671953,6113.73149364291,2702.69415023617,7415.8621665264,359333.871107089,78353.8073797198,14902.8578705667,6101.85770179616,2604.34921226848,7278.00283697065,358713.878691824,79010.4429069656,15108.9420160099,6179.10585172352,2615.57203984305,7272.567778937,358007.683352144,79603.6970883098,15306.2498358388,6265.69391660202,2648.87295319894,7331.36652250307,357280.557836895,80171.9243508184,15495.8739266594,6350.789568082,2685.02539187095,7411.7520799695,357008.361010887,80732.7435302104,15677.8634603973,6433.04990955098,2720.52905717278,7500.07715462556,356482.422112083,81314.7812865025,15854.4382366243,6511.08348788823,2753.91279335836,7586.31133775183,355713.873486551,81855.8719489038,16039.4575351164,6593.09505332312,2788.52927390763,7670.73750597122,354677.806330864,82350.2913467877,16219.5565735544,6675.60555014617,2824.25947850995,7753.54145208864,353487.647571088,82804.8220998616,16396.8132618844,6757.82028038566,2860.40369484002,7835.0134835902,352769.513775309,83241.5887830646,16564.670586419,6837.26934617203,2895.87238991123,7918.28172795066,351716.868508927,83699.196479033,16723.7967124363,6910.60492675592,2928.39423340768,7996.53795882115,350286.112230476,84101.0320366175,16891.971465631,6988.05503454618,2962.01414150713,8071.21490700883,348578.541618811,84440.5364462653,17054.3631628722,7066.30832781897,2997.06281180353,8144.08425542793,346747.014055713,84737.0009622664,17210.5928137357,7143.02877725765,3032.17891102787,8215.54562270131,345455.205662777,85022.5594274861,17356.9903948786,7216.35640419011,3066.2368750885,8289.15363171151,343874.362547399,85335.1188912802,17492.9606064238,7282.38876542555,3096.67524802561,8357.20642001885,342012.473782085,85596.3969716415,17638.7193405071,7352.56758854985,3128.06327431772,8421.77308778002,339796.85953791,85798.9705926914,17778.1471261833,7423.22356909463,3160.74032832418,8483.66862632588,337375.329199566,85944.8934068932,17913.2882635587,7493.46367538216,3193.99183662899,8543.70552602535,335382.735982266,86069.8826848603,18038.222496763,7560.88211708368,3226.7323291548,8605.79422647038,333238.827922531,86213.5643057993,18149.8411257702,7620.12900693389,3255.67436945565,8663.18380832218,330661.609854218,86310.4737288776,18267.9143185644,7681.22070206078,3284.46461785625,8715.06585547996,327824.159570395,86334.9598482149,18383.6477887443,7744.86393871216,3315.28003285994,8764.89180540052,325296.923211712,86333.0543980681,18493.4967372887,7807.9567910268,3347.01860841122,8816.64585005726,324343.665136611,86414.9770190998,18588.9305429566,7864.49984348747,3376.3374855509,8878.21900957964,323422.977941885,86641.9698574495,18670.7375789264,7905.98711800761,3396.96901291285,8932.02642053113,322318.583710244,86855.4316863343,18781.9877534175,7957.61037011108,3419.24504642428,8981.26920912192,320943.989860551,87021.8630128269,18894.1510106187,8015.05630303417,3445.69058821322,9029.59395697905,319267.898496326,87134.0081826777,19001.4444575034,8072.78066474665,3473.73622282769,9076.82828674163,317460.010401225,87198.038807115,19102.5949498019,8129.49945527025,3502.22994093698,9123.37198491711,315501.201026757,87228.5366418575,19194.6152158203,8182.78735013807,3529.71519504246,9167.63579521146,313424.860242003,87225.8868094504,19281.4716714696,8233.87949061905,3556.28769841123,9209.43023216735
533,299839.134245005,130440.293678178,48350.9104872564,25839.5810047446,13655.5531414242,17064.85181336,272883.604845292,114102.542521095,40434.4964420118,21640.6298302237,11445.3223315949,14495.5952812117,277036.463025038,118668.520925553,39021.4753741788,20924.7845977772,11215.318128814,14499.254660977,274281.54767975,119731.045766294,38958.818846133,20179.2498779652,10622.2107477902,14010.0723955122,272761.882464118,120862.20521449,39799.1141886518,20453.1748872198,10566.7227020255,13726.5306187307,271203.862555653,121647.113235171,40561.7243805298,20926.1009999235,10784.0110218659,13746.4315323633,269396.490191047,122190.705336184,41197.9235362113,21373.6758798281,11060.2729969753,13992.4322750228,267648.33503694,122705.907690135,41794.3389539527,21802.0829545841,11342.4935556777,14361.1495351329,266399.396380138,123263.815786725,42386.3899930245,22225.3018207634,11624.0909560453,14789.3734358297,264890.147015747,123750.83952085,42912.0550002835,22606.8409928404,11882.7014099155,15216.2735200893,263191.841973583,124188.435310231,43445.0334871956,22986.8666007054,12137.0033641739,15644.9047232923,261259.084924875,124517.056930519,43960.1247182896,23365.0322225724,12392.2058546906,16077.0603584587,259201.662678618,124765.674077767,44460.3680152915,23741.4786392218,12650.5114449072,16520.0514353246,257685.725893972,125083.361253025,44976.470006765,24132.6965706839,12920.6809854627,16990.3238868839,255807.6334005,125302.107906793,45411.3937086585,24475.0337458592,13165.6307734502,17439.7154370849,253642.680174343,125448.3818175,45853.7753419155,24815.6870405589,13406.1565318268,17884.7445483039,251240.760417596,125469.483794465,46279.7869115449,25157.913181559,13650.2594052304,18334.9013302351,248721.929794128,125400.978031091,46683.1857186786,25496.024224225,13897.5991768314,18798.0866923727,246824.939650165,125431.558063101,47109.3112188477,25852.458562765,14159.3721430995,19295.8875016422,244584.428692819,125362.105150864,47442.3351944794,26150.5200789868,14389.6826942661,19765.5405433132,242197.658463902,125257.251725411,47792.3060352683,26449.8921085087,14615.8067916369,20230.8698137904,239478.760915841,125001.883910521,48108.1523398784,26739.0190303549,14837.999870718,20689.6126571615,236595.021838018,124648.142276554,48405.7691680922,27025.8760495937,15063.6329341123,21159.5969721828,234178.870735087,124352.215917539,48719.8522905158,27330.1099306729,15304.2025665009,21665.0673290033,231639.456126188,124004.96562762,48959.8161182653,27588.533082316,15521.198475782,22154.7362219813,228729.669187518,123556.175582362,49174.3102711384,27822.4530816791,15719.8735823654,22623.50168479,225645.687527194,122997.253437743,49385.3475463011,28061.8121511147,15921.8823429163,23095.6284841404,222773.841614875,122408.205957224,49589.2871927525,28308.2766599227,16134.0462699291,23590.9727618462,221447.264669199,122210.262199433,49881.5399928426,28608.7803076135,16382.1068289177,24160.8351759011,220063.126214328,122051.817155594,50038.2252146592,28803.5841304765,16564.0336500176,24652.0112379188,218618.518165882,121952.820037174,50241.9452328925,28992.4324080758,16723.0079121255,25091.2372800488,216897.394188779,121732.478586518,50437.0899245004,29182.2910342296,16876.6973797239,25490.5466339654,214976.607556739,121421.809487578,50617.3917100265,29374.711741909,17036.2851234474,25884.2120145548,212936.081513291,121030.741051237,50777.559937895,29563.6792120374,17199.4944123218,26286.8529983025,210805.884952538,120577.483003193,50911.567551539,29742.1832662989,17360.883815769,26698.5949063592,208595.87496974,120069.634348837,51022.2010125985,29908.3775746544,17517.2572432544,27115.577305096
534,389726.126818704,79021.4460088929,17169.3104345849,7382.72230319077,3297.96746008911,12586.5003710344,374457.579008951,73063.4206783252,15802.2677579793,6923.07607281314,3127.53554436396,12333.3900840287,374833.836580636,72701.9447709783,14033.8420750662,6229.52563828985,2918.10818050793,12393.6234104748,375372.967673627,73911.1035461318,13788.48784775,5774.13792673225,2624.76883053278,12341.3587703002,375522.919118585,74748.8165383542,13987.4062224729,5765.26204186105,2541.09640316052,12327.9321557915,375264.750492089,75477.2907156367,14193.6912265764,5839.85413333076,2552.00886688217,12410.9504387557,374908.866018904,76151.8257484768,14393.954235588,5924.41204846573,2583.46217085508,12545.5745898634,374534.617860069,76806.8168005949,14588.697937871,6008.53287439127,2617.97678923882,12697.6062825958,374659.810120976,77461.036036213,14779.3508072501,6091.28771189238,2652.48441399729,12859.4216586087,374458.472021643,78106.6410115809,14958.405490933,6167.91203920217,2684.17749126755,13014.1315553726,373975.776052583,78722.7387020211,15145.7802360669,6247.78758876902,2716.68498460708,13164.2344498975,373215.805774329,79293.9473725577,15330.8381618497,6329.12644849135,2750.4875115549,13310.0333679764,372369.412704808,79839.2387461859,15514.7305546042,6411.05222645953,2785.12922177415,13453.8808833318,372023.850471563,80381.3045065853,15693.9617301785,6491.87418483974,2819.76368478634,13602.3278098597,371224.45512578,80903.3616499708,15857.1841468332,6564.48016597083,2850.67955354924,13739.4542832347,370045.718368703,81386.4519513653,16030.2972468592,6640.79177803649,2882.45688396475,13870.1355120122,368585.522438409,81814.2706754632,16200.1858727849,6718.81572141789,2915.80031648086,13996.2380530941,367053.738341229,82214.2164793874,16367.0497391647,6796.70022543397,2949.78674547885,14120.2510521759,366083.471921503,82610.8531382403,16527.9140494393,6872.73699803055,2983.38933697673,14249.4042951548,364713.148273398,82993.9132755607,16670.8261510838,6939.25844028765,3012.59119630041,14366.8143685328,363085.196184471,83342.5703436398,16824.1254203782,7009.43520648381,3042.4765553721,14478.5277823948,361043.252307805,83632.8878005626,16971.96270401,7080.23917511559,3073.43544841209,14582.807663621,358859.410497237,83885.0791742773,17119.9921158721,7152.5368086449,3105.72367288485,14684.2240271424,357114.118335884,84120.5033125607,17260.5237290987,7223.17835851481,3138.03015238013,14789.4177764199,355158.28484871,84344.1312289328,17382.746434848,7284.33461630311,3166.13816521303,14885.6894032464,352715.772799723,84526.6563015122,17508.9337265847,7345.85717355311,3193.45459242456,14971.3265890186,350045.462156708,84651.9302921683,17637.5667636961,7411.39524010746,3223.09750926345,15052.5017669358,347725.277695432,84773.3515954923,17765.3407079631,7478.7645397435,3254.67602327705,15137.5753078285,347034.337634426,84963.3654404511,17884.2264099513,7542.29928404272,3285.18787945847,15242.7186410697,346252.610104947,85220.8451164383,17970.0165452176,7585.04832085567,3305.32850406098,15334.4113767807,345285.478530576,85490.1596869668,18084.0123559667,7635.36027479251,3325.87549188588,15419.2448945958,344011.933772255,85713.7186690477,18201.8473680993,7692.44008144829,3350.48393839847,15498.8012645403,342446.15030751,85888.5282957852,18316.8256205038,7750.93779336616,3377.25005942419,15574.127980278,340721.817501644,86022.4889541445,18427.49564326,7809.23579610478,3404.89277053617,15646.4025512945,338847.579815543,86117.6052354002,18529.4948701668,7864.61937580066,3431.82569597962,15714.1446761138,336840.945877697,86183.9069349679,18626.3049495683,7917.76143236757,3457.89853599213,15777.2890603531
535,157186.864028167,85265.3732118149,31987.6128628854,17341.5616877494,9362.67286717843,17103.1764754356,136312.662472524,75243.04404098,27456.5896310396,14904.2088728975,8046.51409091577,14767.1896872036,146621.489845987,84518.5255552921,31076.2096657585,16973.6847456246,9300.8508513503,17166.4634282524,135486.696340186,76601.072454836,27824.9566061634,15196.4966769439,8318.82761284025,15581.8935616625,144832.459799749,85410.4928293503,31818.1409665294,17256.9915080418,9437.40803647444,17732.6779031284,134462.706420032,77736.380866347,28966.2656071918,15906.4226340561,8704.90900084757,16261.283323974,142851.59552849,85835.7246737143,32690.4162843315,17934.7422327512,9883.10850081899,18462.656118412,133084.395347862,78491.7946346847,29936.0943967779,16621.6081738169,9194.18588733444,17152.3545463225,141139.169240548,86207.8660422521,33498.7510961136,18594.9377525043,10361.3117530821,19404.1757788914,132030.016353963,79220.7253809275,30820.0847812233,17288.7876617798,9667.27291673058,18132.3270195297,139378.843238747,86542.8112872802,34225.4647498863,19190.454128619,10800.4948771285,20354.630413522,130502.725970589,79745.114527955,31645.8998051266,17917.3074426272,10114.5344087905,19089.6326676848,137207.374154649,86640.0709583031,34917.0892231268,19778.6869869589,11238.8020849725,21306.8370393616,128979.268467754,80129.4266359391,32440.5054288164,18550.246770812,10576.4932533866,20093.9741886892,135325.268394926,86699.253158115,35542.9445281814,20339.6897486787,11673.0476107027,22298.9902255271,127234.873928144,80414.3232495542,33139.4738204322,19119.4291267688,11004.2566343981,21079.9811564074,132825.821167923,86490.8373592482,36098.7543596774,20852.2165803083,12075.077011481,23245.9832666725,125033.000799948,80423.5599831279,33799.6645466008,19685.9279436703,11436.8921528601,22077.5558573736,130328.391513793,86085.0738870419,36593.8102358786,21356.6595843329,12487.926556797,24239.6123148939,123309.78876923,80509.5272911494,34428.8980762609,20244.735541672,11878.2776487402,23153.4038206713,127686.194789906,85561.2187967751,36947.5701294924,21760.1385577349,12840.8965025554,25179.8348098592,121103.681883229,80416.6345824232,35007.225895604,20760.2345330078,12287.4816435717,24189.1562306236,124490.366334866,84687.9938566844,37224.9720695963,22131.9831347057,13175.9828700856,26079.6497953508,118827.23810718,80161.6219182004,35552.0169221387,21283.5141428953,12716.1700150214,25283.3458375715,121594.237504338,83759.6833076744,37426.8852736703,22472.432879833,13506.3035894073,27026.5970054631,116479.057799992,79850.7346446944,35990.7515012976,21733.5111355448,13105.277312663,26366.6659006422,118149.138243148,82571.9627105935,37524.6690460513,22731.6903744743,13779.5284558906,27889.6949507237,113800.378163685,79268.1140200325,36382.1028066482,22169.4483890662,13488.1507085494,27445.0130956091,115611.543355785,81518.3064302603,37658.3719870202,23038.642658443,14095.8067524055,28877.7868061156,112822.350306905,79262.5950153562,36802.2815599311,22615.1687766167,13886.875130923,28658.7987447082,113840.647489041,80912.6613066716,37712.8317097568,23217.1452613563,14308.3881553122,29738.8400864173,111526.995676502,79243.8577722264,37179.2872222035,22960.744676365,14179.2669008182,29629.2047358952,111717.645483818,80184.8223437217,37818.5281037225,23418.2284090732,14509.1035549053,30462.6080869046,109729.378866706,78891.7961347942,37476.5234522407,23290.1156265922,14469.2108223102,30512.9609016132,109380.747692114,79301.9657289561,37885.7204368969,23621.4191650128,14728.6136411867,31207.8185704276,107676.486954171,78305.1342914294,37668.7210475801,23571.3290844728,14744.0107190106,31397.144344684
536,332116.142035983,101635.83961117,28085.2374740637,13424.7913197141,6667.17361106411,39002.2610449409,315398.680827907,96626.091834108,26804.6305496903,12989.755229648,6486.27787548769,38040.779702066,313811.766495173,97248.9254207902,25159.6571677349,12288.7357432346,6296.18902789628,38252.4416941744,313392.452154438,98771.3405025789,25371.0150395092,12002.3058001492,6029.56039311972,38435.198558017,312656.449984258,99782.8647233944,25860.8532930521,12166.4008980089,6015.61033761902,38646.1869324682,311577.178908512,100629.025271108,26303.9205864137,12397.6241890754,6110.74920388447,38976.9028907348,310436.362406493,101397.765098791,26724.2506617964,12630.6337825618,6228.14945212353,39382.0288767455,309273.569844251,102128.680485799,27129.154447302,12858.0333083474,6347.40742893891,39809.7763675287,308562.015010401,102867.607604635,27528.6351740963,13083.8484708415,6467.20714877137,40268.7954527272,307601.788425984,103592.45642913,27903.5578582703,13294.8077432943,6579.55491711976,40703.5519082321,306392.085073516,104263.701756073,28287.559264044,13509.169442544,6692.17892751944,41118.4116241993,304939.283357149,104864.934720982,28665.1147788631,13725.8498942484,6807.61346542347,41515.3467738319,303372.889640932,105412.588247281,29037.254574868,13943.2759931967,6925.44285000182,41900.8085524495,302281.063750096,105969.78355074,29405.4026180975,14162.1845669338,7046.11985404512,42314.182187781,300839.63304322,106500.96339282,29741.8480599247,14362.0085474745,7157.46631983903,42691.8441850021,299045.812200919,106956.862706757,30087.3525057621,14565.114495178,7268.70544874461,43041.3626726564,296998.551460962,107328.932018476,30425.9112002003,14771.711757419,7383.79459416095,43372.614745003,294844.30854324,107640.343083344,30755.3496122157,14977.8402895039,7501.21565309793,43692.1078529384,293248.893210812,107976.020709941,31081.6498657985,15185.8139823151,7621.81392520427,44048.0991000104,291344.090546415,108288.622810463,31370.0567230795,15370.1255737718,7730.41304756524,44365.7378179743,289201.344043693,108539.600328475,31669.3957038603,15557.6157930962,7838.24285555586,44660.3801580477,286693.021486727,108695.265877254,31954.8907699701,15744.4879193569,7947.5647004778,44924.5512869957,284040.12276448,108777.052260891,32235.3931402817,15933.3820092743,8060.35536555469,45175.4442922608,281814.797789213,108866.901443012,32511.0056587832,16124.6591069975,8177.25446557812,45455.7064203722,279445.178134598,108938.504529408,32749.8461841112,16294.025791135,8283.63407125447,45710.833851965,276653.516718341,108930.402509036,32984.7167298071,16457.4033068656,8384.57692526505,45923.6012738827,273656.12640442,108831.753085772,33219.1430660751,16627.0808774771,8489.96306084254,46118.0614997581,270953.894026952,108714.174823038,33451.0083969875,16801.5850010078,8601.37949781921,46326.9856530018,269794.697274753,108802.248314726,33695.70215072,16984.5028679696,8720.00932715022,46652.9485886424,268602.169802534,108972.627776615,33872.9819460848,17115.2374365541,8808.28941656645,46933.2920219033,267277.382527448,109143.784889011,34084.7593176667,17249.8879795181,8889.39460011141,47182.9013349117,265679.525155923,109236.675277084,34294.4035628389,17391.2067705663,8974.10169181748,47399.6303485548,263833.54560068,109253.679919165,34495.4227298664,17534.0995581505,9062.93401716129,47595.0266222153,261845.438601529,109208.33684471,34686.0276826609,17676.3728408637,9154.44335525029,47779.4336970206,259744.791093338,109112.342624469,34861.8878815334,17813.6493679538,9245.52766117819,47952.6900312116,257539.162507216,108971.060878946,35025.0766203028,17945.3775468698,9334.79388470856,48113.4526336413
537,319854.653482227,88663.7358734567,20527.5541397686,8849.55537384082,3830.30551417205,5299.42456643113,297261.682050787,82357.9553713355,19356.6491047104,8520.21272718193,3727.69823281344,5150.22786780286,297638.373954271,83693.4060824678,18265.2309650381,7979.02183489681,3562.42212158135,5176.2069018608,298126.389411153,85020.343277215,18545.267161426,7843.72055282143,3393.50565298899,5065.66101940362,298067.696328737,85930.319908442,18909.3456861591,7977.93959758546,3402.04736557602,5010.63836039773,297656.475054171,86734.4383545242,19238.8245367914,8138.21475472163,3467.66137434707,5042.79131388732,297191.235404488,87496.6100051383,19560.4018565675,8300.05893549417,3543.6496180825,5117.40461001971,296726.261224008,88230.5854145513,19875.7762534868,8460.32777526089,3620.91227502096,5206.59647958234,296721.133323283,89000.9087287236,20189.8631794724,8620.72602690721,3698.79384013523,5302.80346272167,296370.863540296,89733.9790561533,20486.913813511,8771.28309264199,3772.01664958897,5394.58702971092,295851.183330192,90432.3210999563,20793.5597186697,8927.03623740777,3847.23467778485,5486.73246428832,295054.769321754,91075.4229812037,21095.1229902633,9083.98180923355,3924.33121523134,5579.57252011575,294218.104019626,91682.6377149372,21398.4704003344,9243.95942917912,4003.90993301528,5675.11884373218,293849.934310775,92326.8642135174,21699.6427371335,9404.98881875457,4085.04398118273,5775.19876309368,293051.295552164,92915.534238971,21976.1120203538,9552.08478093708,4159.67684626341,5868.12559679385,291918.503466828,93447.5760500552,22262.2579969028,9704.19463098711,4236.01521470007,5960.03610713667,290590.136408323,93924.4991519684,22547.0931195034,9860.62919532164,4316.02432391848,6054.53811614835,289168.9669467,94353.1958722923,22826.9080831519,10017.2977791695,4397.70563377707,6151.35981180643,288322.344150992,94836.8783504048,23108.4676062266,10176.5281867591,4481.54489062753,6254.19471851446,287034.542216545,95250.6678583628,23356.1612883384,10316.8433491705,4556.44866769309,6347.50093571881,285561.248639214,95631.6071729346,23617.2264975082,10463.1822603801,4633.15053837113,6440.31381757128,283742.503266905,95933.4250959232,23869.53586472,10609.949005163,4711.64971649936,6533.03430944201,281799.999226415,96183.2648220539,24121.3932271162,10759.6271273112,4793.08050221009,6629.03786913485,280316.6452152,96469.2116818494,24374.3325262289,10912.6072669132,4877.5370777927,6731.73252711848,278556.04753102,96697.683779217,24593.3078664738,11047.2755954459,4953.6395657376,6826.78446063929,276395.43413358,96859.2184766763,24812.9946594336,11180.8481814125,5028.15123773684,6917.5000520928,274054.621136457,96961.4816644202,25036.4256578929,11321.1996686495,5107.17428669321,7011.07858209045,272076.876709898,97066.7387486666,25263.6642554901,11467.1338443386,5190.95758966443,7112.09065385486,271562.529418092,97373.1106206074,25497.6886161846,11616.052981352,5277.06629327343,7224.86966721589,270739.482017699,97631.7733678768,25659.9728031461,11718.5897167314,5338.50374800902,7312.89394142835,269830.613772429,97917.1691833616,25855.1853067257,11829.3501173323,5398.73419754692,7393.71404390865,268643.305463371,98129.929804531,26048.4861590191,11945.0823142297,5462.29733620448,7472.51514092343,267214.891854789,98284.4127400048,26237.9858886414,12062.9488905566,5529.05853392466,7554.06476626439,265672.178175895,98395.3766162544,26422.972086174,12181.9094569197,5598.06697595406,7639.28064053718,264023.884632725,98464.9723841735,26597.9162688851,12297.7614880678,5666.81412143582,7725.73038513636,262257.691539184,98494.1970900885,26763.3279231219,12409.8437543291,5734.36478382397,7811.76402207959
538,212031.593542204,146713.421141414,65101.5761317469,38722.5528056756,22878.8734914661,35673.0235178563,179475.817899274,125444.951373767,54142.1922183062,32179.974476325,19063.4048126687,30103.4314008476,188018.610420542,135604.822813887,57718.9137970693,34332.0309965108,20393.313048743,32294.9394380464,181119.128714623,130411.549988117,56554.7718673902,33444.3998666163,19859.8818162823,31864.5811125272,182226.209120911,133368.18782318,57912.2868833945,34385.4561315028,20417.1575053909,32867.6722565434,179452.708934294,132055.596959055,58256.9461373563,34679.1395688834,20633.1257428178,33358.1444511661,178334.563331834,132534.22084444,58901.8487991977,35293.8861677719,21098.9327426218,34260.1627385323,176477.298249721,132091.697318844,59362.6448890349,35736.0591428609,21473.1236587202,35155.649346883,175238.570934704,132083.653867462,59846.1481192546,36227.1188199247,21881.6953112662,36158.1647039974,173890.199834807,131958.261588836,60287.9593237159,36659.4875288239,22252.6462293868,37161.4188169544,172347.074835562,131746.970922365,60667.3549963726,37053.3307257005,22592.3936065936,38121.5957426324,170723.923538356,131465.368775693,61061.3722830422,37455.597792378,22936.9246229139,39098.2185936409,168924.67540836,131022.57884848,61380.964159801,37825.5702326692,23266.6323323475,40058.7484565959,167531.461998105,130721.903864043,61754.0581547179,38233.0270177352,23625.3256311211,41094.2208527049,165993.043580315,130357.168088443,62030.0070261942,38574.4254833669,23944.8792869262,42090.4917634662,164207.714780224,129864.803649401,62274.0676264685,38881.9195226816,24236.4765391142,43047.1761175037,162306.207443162,129262.123316973,62503.2382075386,39191.1527010033,24529.8223402786,44007.638932725,160266.774305036,128521.852022043,62670.4157275936,39473.5407442284,24813.8770001476,44966.5307986463,158649.297114619,127922.612662062,62882.5376275707,39789.9254181026,25125.5506417575,46005.5306819804,156936.860211771,127307.62316691,63010.1936937059,40042.9126067725,25398.3128707465,47008.2058150594,155041.331812553,126572.351215399,63103.3910559694,40257.186210866,25637.2630316022,47957.3019537417,153016.900376856,125754.234692658,63181.3869913537,40469.7246433469,25874.1806829151,48899.7616006202,150792.753063916,124752.079513014,63187.1069077153,40646.0584875862,26093.2616054261,49816.4388929058,148877.745207314,123844.255479245,63227.2610630245,40853.9676463464,26339.7550051877,50810.8109561339,147021.753334787,122981.241757262,63217.4192715997,41024.3149215968,26565.4736232943,51802.7395877011,144865.389208485,121951.257209444,63125.6042475161,41122.6990478963,26736.8726470952,52706.5157288932,142605.647137444,120825.84732424,63030.1267142942,41223.165803256,26905.9358187873,53602.6698505585,140400.024725756,119635.454436481,62905.1655844488,41318.8201102203,27078.5973943036,54515.6958864785,139170.41563183,118880.878669879,62921.0379247494,41510.6783439617,27321.3592474974,55605.2530592829,138247.730285298,118455.414746729,62921.3801694233,41656.3370750841,27527.3692591261,56661.5744485079,137067.038412243,117897.447078262,62864.829910448,41711.2947201312,27642.7349221915,57504.2151151864,135854.710862014,117371.782867859,62882.1130558558,41816.3577541322,27775.7815963939,58307.1731918532,134440.101857017,116663.244711588,62840.3081240779,41899.8128765369,27898.5286892677,59034.0784853452,132957.606997796,115888.810520753,62769.7547830681,41977.870118199,28027.4038571218,59761.6350558772,131435.7636391,115063.286193624,62670.9442258134,42042.4956551219,28154.2259363389,60501.9817020512,129845.56107659,114167.602342147,62527.2744388299,42078.3164655223,28265.0299953499,61233.448660223
539,250018.403236886,135404.160062386,55439.7017133612,31512.7431938799,17787.0195449475,25393.7116628644,214858.153846705,117734.337017529,48215.3545112498,27519.8860555241,15593.3788643242,22471.0070906893,226975.829539492,127480.7979126,51314.8177321434,29603.3807881823,16987.421820583,24764.467412689,216959.544622508,122069.52398342,49599.495783582,28389.2152432223,16319.4839934099,24337.8947391756,220657.567793823,126446.091455067,51562.7565270096,29555.1308138321,16955.3268315881,25459.1996150678,215795.179031588,124346.86129279,51485.4105422403,29601.0493665158,17005.548756333,25627.0582657084,216071.178327743,126030.771707913,52580.3290511538,30422.750239985,17562.658456942,26566.7816874415,213106.410515,125202.09570345,52836.2800410662,30718.6940435998,17824.7687000694,27169.7371498631,212602.422166765,126009.645405228,53604.2405209575,31338.9508359199,18282.3724003508,28109.339510631,210603.401328417,125740.456647079,53960.6653608977,31690.6299049779,18579.4355995748,28851.4093509119,209284.030163648,126063.433555703,54526.5717328981,32168.1818428592,18946.0434004614,29703.5325995491,207254.952224167,125861.31109729,54932.8930611539,32550.8951637693,19256.6073737908,30477.4435891966,205454.660575961,125823.162992415,55394.0215102567,32980.1695961083,19600.4295643928,31310.6601736981,203925.715587788,125742.330094173,55838.2178986593,33402.315123024,19945.0212617509,32168.9968188389,202182.240948279,125611.960087451,56193.2062195658,33766.6681195617,20256.6470250985,32996.125630226,200195.701410446,125385.938503309,56543.3125069287,34116.0518263344,20553.4282805846,33806.2451431208,198025.478340117,125032.618297883,56866.6112920577,34461.732518127,20849.8838906906,34616.9399708427,195754.626645734,124576.441584238,57152.5558624592,34794.7339069504,21145.6174377621,35440.7297098221,194006.865706513,124260.998830692,57481.2559984409,35160.4688537968,21467.2037236501,36334.1745767344,191993.870738862,123827.373421303,57688.0334165111,35442.444174588,21738.6351358451,37171.6534925034,189870.720206665,123373.927705952,57908.189773755,35718.4952617543,21998.6839409555,37996.1115979698,187476.49018326,122755.217917126,58082.3936327132,35974.4377700602,22246.1337740001,38797.1319788679,184953.8296105,122030.634491108,58223.5030672251,36220.4703999642,22493.1598619486,39605.3888282297,182812.576468796,121389.804245758,58393.876698633,36493.5868326316,22763.8834511127,40479.6711966791,180595.951651256,120701.994007996,58476.8779682755,36707.0771083876,23000.3451397088,41324.8369305723,178086.430554333,119908.419342116,58514.8463403748,36876.703824174,23202.7340823792,42122.3676294285,175446.146154821,119011.070245328,58546.9095356115,37047.958291161,23403.9099812119,42916.3878866264,172967.652039617,118081.030044958,58566.5092363259,37225.2137350208,23615.656588268,43740.5541166552,171720.187941907,117601.417260491,58725.0569074705,37494.2004297952,23892.2603601023,44718.3024890412,170528.567182204,117214.807536234,58760.8082292947,37651.201971798,24091.0218790258,45584.5918456783,169216.562415295,116851.531955876,58818.1293718858,37775.9923784823,24242.3043071515,46335.4954344404,167771.07009538,116435.129609702,58904.21950464,37921.3791761174,24394.2974417542,47027.9488917133,166100.467441882,115869.792032764,58944.0339344637,38052.7895127496,24541.5235887695,47670.6265075401,164366.620289542,115253.544257633,58970.4964047842,38186.9177440146,24698.7144287091,48327.2163687506,162553.860738311,114560.57272027,58957.8252797737,38301.9721347694,24849.8245147748,48987.9964472346,160680.850830201,113818.600529212,58913.7310011166,38397.9862537661,24991.8412919587,49653.5513136599
540,261985.806095032,131857.485505429,47228.4599168562,25122.8308549554,13291.7041669531,19436.3178963129,227037.045420861,117606.479486196,42537.8713025783,22743.5753862725,12074.5724139103,17694.91321114,234700.482498748,124275.289412128,44561.0388613414,24129.8402003694,13019.2106674308,19278.0811231932,229877.165679418,122387.385017776,44208.5623610441,23811.6765456803,12860.8389023988,19393.2782523782,229752.611399009,124010.807823224,45161.1310248431,24358.2512327902,13145.6468311572,19915.8534991235,227774.807236883,124102.558498991,45712.3254030213,24766.5440888599,13398.1391156242,20302.2969646246,226295.56257085,124574.415094636,46342.1491950485,25239.6963180434,13719.9832834381,20830.3840248635,224599.201576843,124812.633203685,46893.4066345848,25672.1686562826,14025.9070467029,21379.1819981923,223432.656257338,125201.261845691,47474.0409459699,26121.4294220546,14344.3778176114,21979.7947465837,222005.167649091,125478.009868371,47971.5275309428,26517.6543707715,14632.6349837208,22555.3568815355,220469.951074207,125731.02722935,48483.7982678764,26916.1132074863,14918.3335839558,23130.7182849556,218692.756614881,125847.032044628,48963.8937475371,27304.639123921,15200.3399862678,23700.1577792161,216826.650825796,125884.414008842,49427.5081926645,27690.978154412,15485.6304444259,24280.9826184257,215430.993368515,126016.776065626,49913.2039969354,28096.4537917803,15786.3034400033,24901.1110608544,213713.825365646,126032.162593801,50304.147989578,28441.5848163987,16053.8733594835,25487.0552389997,211786.393664793,125984.452170204,50705.5677528579,28786.0212353101,16316.7033119316,26067.2152741702,209639.22653976,125793.736981462,51078.1932250765,29125.3916222322,16579.4514863946,26646.2442337742,207387.695048235,125507.325824773,51421.8143350278,29456.8719773609,16843.7367688694,27237.1300499356,205687.406835777,125353.522919368,51799.400377697,29814.112361873,17127.7885175748,27879.591410908,203693.370303715,125086.269580935,52070.3747600039,30100.75644097,17371.6040277542,28478.4901856751,201599.373409287,124797.565680922,52362.7771724861,30390.1553715109,17610.9261730012,29072.1626461062,199198.468025445,124336.789856312,52607.307400205,30660.7953258564,17840.7461321361,29647.1733439389,196658.924321978,123774.955246511,52829.6336174619,30927.0990965658,18073.1911106794,30232.0821250164,194529.388694109,123289.017666881,53073.5891255829,31215.0843906656,18324.3433052617,30866.2973257904,192314.721742155,122761.836205637,53238.8854835727,31451.1168162305,18547.223296077,31478.0742386542,189767.812460244,122120.125869336,53369.8752993014,31654.3553017946,18744.9854512896,32054.8754985011,187100.901681144,121373.846862019,53498.6448518109,31864.2630488518,18946.3635037614,32633.9299323155,184569.277465655,120579.892976483,53606.1840972814,32073.6522759852,19154.2949710315,33233.4001270937,183364.09162931,120238.591467063,53834.7482927198,32358.1333759422,19412.4585369009,33949.3531702339,182146.108681302,119951.353041235,53930.8101220279,32531.0426784268,19596.9980341631,34567.5038279871,180881.970510493,119728.543250205,54077.5879460947,32697.6906585176,19755.2716099092,35119.53339168,179388.935820537,119387.120879646,54216.0362220465,32864.7996297324,19906.0610684623,35615.034762211,177713.753021794,118941.453343352,54333.0720463692,33031.5625055236,20061.2634024394,36093.575864375,175955.624539201,118424.355848248,54429.6582246968,33195.7689509793,20221.641862387,36581.5341967873,174107.69174364,117836.704845204,54491.8575505308,33343.7415702469,20377.1198805985,37074.394546537,172197.315464562,117197.813548445,54529.5980569506,33477.8602239785,20526.4202048999,37572.1848164636
541,138088.624610461,115314.479444293,75708.8769517585,56323.8309443711,41601.0744988565,117867.029145323,125438.185363357,105018.531068691,65676.7924363942,48689.3667604882,36019.2299198533,103159.622968379,112928.495237058,97375.6378917047,60025.1044074886,43886.6045975009,32220.6735510508,92196.7016036567,124793.368407816,110430.526531732,69708.2355117143,50685.4801414248,36991.3597540983,105543.315842372,118229.103969323,102800.577480107,66285.2803302953,48701.2838973048,35593.7258840577,101268.920681293,113734.604756867,100298.619963774,64181.1641412461,47513.8369482793,35002.8750353663,99881.780910795,117388.192175734,104714.226235449,67896.9608829746,50280.079592326,37160.2905716645,107026.868629832,114158.416730364,101382.037657477,66469.2706859991,49558.3735161342,36770.8503091697,106950.522774597,111630.013066148,99802.9487320412,65437.7148645001,49034.3750194588,36589.3840201738,107717.044053853,112482.03582643,101272.389571461,66875.135162003,50206.6277600734,37591.3570611475,112198.688869286,110741.067995901,99794.7417530911,66385.9410421994,50042.8990221712,37588.3529884518,113671.674349507,108648.47414948,98432.4551116902,65700.5408616794,49712.1403692024,37483.2145842369,114850.424215195,107995.596985036,98413.6275505216,66112.0867952719,50159.2775437485,37939.3675321516,117800.549085026,106853.838761168,97556.9905419682,65972.6543444894,50245.7266479045,38129.3395970668,119939.783759072,105328.512127789,96532.2439776283,65523.1879190108,50084.4233898284,38146.9594936455,121595.619861898,104142.769197779,95927.2231285381,65438.0653579831,50152.0089536436,38317.027036477,123779.565207415,102776.254515852,95051.4501128329,65234.8863147158,50152.6536289964,38428.8319986251,125757.053951363,101144.362259493,93905.951342387,64807.7013421092,49999.0548768795,38435.3750669013,127398.794244922,99915.1892210283,93050.2910899926,64549.2489705888,49969.8824330684,38542.3645665978,129429.964784058,98798.3238934745,92330.8869464596,64330.9040902009,49958.2122061429,38660.0334247031,131564.412854352,97349.9098465921,91309.3165549581,63911.4314148489,49771.6645074719,38630.6042585578,133221.147748199,95798.6568804368,90238.0891196438,63471.3342167814,49569.3650694965,38582.2253279853,134791.829347626,94289.1943429623,89178.3035963585,63074.3691411368,49408.7839173184,38567.9887002214,136472.129299059,92906.6095384438,88108.9458181178,62648.1243917126,49239.4234279647,38555.3173335261,138186.070786408,91585.1490842738,87131.9008366446,62207.3176999072,49048.105775004,38529.3200035796,139917.163236406,90097.7456313206,86053.078290466,61704.4112773906,48782.180339769,38432.5503227973,141428.620221182,88469.0926587704,84825.4717448528,61131.9948476161,48463.4251133594,38285.5301467667,142737.532313129,86960.790774383,83624.5718439128,60579.5388019706,48172.8173213177,38165.0244784332,144137.428158203,86088.0938279637,82795.0322778697,60211.4413340961,48031.1299705467,38168.7746385578,146051.666977306,85536.8896925848,82366.857508231,59971.8174598159,47951.80474684,38213.6550032273,148188.242481581,84734.05951638,81756.9212117802,59625.6529433596,47729.2893591682,38107.8911249411,149688.847017958,83758.583710492,81030.2323131621,59243.1957165564,47477.0460071674,37954.8860553363,150812.036096017,82817.5946178041,80360.9414650568,58953.4466445196,47316.5175078962,37876.1788041514,152046.076406012,81844.6343187692,79621.3163102155,58636.0405104073,47156.9997542093,37811.2099759062,153235.888520188,80767.4648426692,78766.5276121397,58215.1928886706,46925.5930954517,37702.3590222943,154237.149637726,79670.8200905047,77897.8507279115,57772.2985515492,46672.9374704869,37581.3034289544,155225.966173064
542,117385.856005261,105369.213586566,70499.6210862892,52735.8862557251,39179.8014732434,112423.034220348,106596.40814154,98155.327846817,63791.0766921012,47737.195941615,35556.2803464225,103050.627727378,91334.6831941404,84353.0690495266,54871.4274498263,41056.4988541623,30580.3777274414,89074.6231623858,100970.132821849,96094.4399202441,63047.7077681244,47088.7525748076,35160.0027516293,103440.700481058,99730.5511575899,93457.0980170403,62671.9686191782,47111.1849660895,35239.1210083771,104790.442155502,92839.3041969102,87456.5907148289,58178.3730469951,44062.5856908679,33182.2552496654,99884.658278331,95076.1272673756,91001.2237429863,60957.056776931,46115.5903702765,34820.518289811,106336.561240576,95034.7500680509,90750.2538012626,61651.3565707128,46857.1869372099,35455.2940901945,109641.231165669,91607.5765446828,87557.0602938691,59550.1627135391,45537.7219699571,34634.197962119,108500.37200099,91387.6935452419,88114.4350258798,60108.980487242,46048.13809951,35154.6678369257,111739.746570029,91320.0016853414,88286.1005270739,60740.2563790449,46657.421152764,35707.1557717263,115074.398672001,89318.558690316,86539.0746481413,59804.6080117021,46132.3386362278,35427.3331848682,115691.43713559,88021.0999561509,85782.3232901235,59525.1917684723,46048.3421845892,35482.8700802224,117446.981738173,87578.4578132781,85612.866941525,59797.8139535965,46396.9385883193,35855.7347810775,120278.098048902,86482.1580808723,84751.0029499301,59460.9957879703,46302.6791714155,35901.3575574513,122044.637909717,85083.128846913,83737.3677316992,58982.0756958113,46058.6385409862,35824.9195772825,123433.684947289,84014.591667417,83057.4595675454,58820.4497841112,46055.7284525001,35921.3181513938,125409.332755515,82850.3548082181,82195.9136674534,58548.0393716043,45991.621438589,35976.5375992744,127238.75195214,81666.0922362016,81198.8669283934,58117.5329720538,45810.3528450627,35951.2520341134,128827.731158514,80667.2413639172,80489.8690315104,57820.3256229532,45711.1733845935,35987.9927980527,130706.425789933,79592.5749566392,79691.5011621869,57505.8282712572,45576.6875643754,35981.0333595334,132447.541490121,78301.855029881,78688.6283015529,57047.6105071985,45338.302913166,35887.944999192,133844.329941655,76959.9695503571,77636.5446854019,56569.1244795139,45087.5764267082,35787.9853966824,135203.286824434,75819.8304267019,76680.1087198351,56152.5223363675,44895.0870216142,35739.3949753217,136777.614386866,74769.8328629728,75830.8966741389,55746.677227289,44705.2916652901,35696.6329349814,138430.570410869,73535.3867972911,74846.2463245285,55242.4737362241,44414.2852834609,35563.2943282954,139767.93512713,72159.4338810214,73711.5687115418,54661.8885157969,44060.9150195786,35371.3146394618,140856.476221973,70886.9580590994,72617.6560338144,54115.3881909775,43746.4536623179,35213.4854674396,142066.180322145,70123.3558894577,71819.5944161355,53720.6266120617,43557.7662090204,35162.7882359581,143743.249803452,69670.8992201095,71431.5042290433,53476.4103919915,43456.9318183508,35176.5781917043,145743.45624639,69048.261395738,70923.1931818629,53170.821811457,43250.8851359156,35071.5056672585,147205.914714235,68234.4546366306,70253.7193037387,52789.4838595153,42983.7139599816,34894.828530516,148180.637509535,67430.9697180276,69621.1054545925,52476.9299196615,42788.405433062,34777.428812167,149221.033957482,66641.3053395153,68973.9143045231,52179.1350180979,42625.0371212844,34697.3220781343,150316.820177287,65774.0475700079,68228.122919275,51792.569206433,42401.3008752544,34580.9378248429,151237.817992593,64856.7991024849,67433.6003430975,51355.0410410799,42133.2751849577,34433.8380620943,152057.62258792
543,160520.172464714,122620.25378844,70563.1316681271,48454.822780688,33037.7290372886,71195.6979213747,135055.802281307,104928.28932668,60103.9094828762,41313.1302695751,28256.3315165589,61490.0711587386,136161.939585092,108024.640525558,61753.0465355659,42824.377530561,29493.6898278209,64826.2699111167,138537.49180062,110274.409015706,63954.5747529934,44345.4040791543,30719.2015392213,68887.3795919149,132219.450901971,105178.652856519,61211.1653353745,42688.2501936391,29671.4430727604,67690.9326331255,133715.26477568,108041.180022328,63119.4009472194,44081.2305490483,30741.2233318395,71226.276815598,131713.876994046,106550.902252015,63071.6081732089,44214.3520408966,30907.7454130495,72543.4568115212,129489.279861041,105416.877378158,62688.1217320759,44199.4934487943,31044.7335680159,73765.3425187072,129284.074447755,105899.216666826,63439.8891982067,44886.7266399612,31662.978161486,76254.866194546,127641.89086268,104911.544401172,63277.8743154036,44964.4950385794,31844.6847200143,77726.2475655109,126238.134269374,104394.073283726,63294.2459997983,45144.6918346874,32100.1140351932,79401.7659818571,125059.384171379,104008.754829742,63504.5934929097,45449.7182085072,32431.0999186794,81276.1660618196,123382.483855421,103103.537725338,63387.1137630973,45547.9057596138,32621.3753280425,82798.9708581857,122214.767081073,102571.202461289,63443.4546136321,45770.3372333874,32909.1801435909,84608.5750589433,121010.725164011,102043.663210544,63467.8908684047,45953.9024716957,33166.284570226,86389.0795888228,119399.584275675,101195.50762864,63310.0593071009,45994.3519377552,33310.9731456739,87889.9155196157,117838.754025567,100413.813137923,63217.7151807241,46087.9910321354,33492.517852573,89485.8340137985,116228.084236016,99527.2759436122,63078.0583698944,46158.4690721908,33662.9223440904,91069.6993473173,114849.073798989,98695.8748581238,62930.7114117513,46231.0993158076,33842.5429266004,92722.6523207123,113518.214023935,97980.7761826081,62781.7771477717,46285.4444696446,34008.4015640502,94394.9490576176,111947.989137837,97072.5222852913,62537.3515758427,46248.4407840995,34093.7856615572,95862.1184332303,110273.857154379,96103.0690102082,62273.0575801219,46203.0022484469,34168.5063653767,97285.1246479755,108549.748796919,95053.455332892,61981.1577320359,46146.5278529578,34239.3704270184,98699.0381503354,107030.436875719,94054.1714976356,61695.1868994806,46105.1985127194,34329.3217289838,100201.028366412,105569.333217357,93145.9115262087,61397.050795011,46043.3130321597,34406.3139832116,101721.376424052,103858.751754585,92062.4983965162,60997.6263611858,45884.1644053096,34399.540504938,103021.117112045,102053.62671017,90889.555728497,60569.8794261253,45707.5028869601,34373.720638761,104253.893275729,100396.402876237,89744.146774145,60165.5118538217,45559.6219684224,34374.3830516558,105572.162517455,99470.4823359062,88972.5677558628,59921.1898689637,45536.6385187528,34475.7956367995,107245.099499591,98803.024015842,88541.0920988895,59736.5668368286,45517.0862694662,34571.3627201239,108954.807067347,97853.548127077,87916.2930264597,59452.1194203741,45366.1132974198,34531.2605371543,110189.299685623,96822.426459153,87277.5345760988,59207.1519222797,45246.6762869331,34495.0306446464,111289.379626628,95778.4882350229,86631.5649187029,59006.7286077529,45179.3631164648,34501.1619315573,112400.032006559,94620.1505991074,85846.2048652999,58723.1386601462,45068.7631407165,34486.7252014699,113386.674512722,93412.7013522773,85016.8303884844,58393.5472563215,44929.6137633707,34461.1343833905,114343.383863578,92215.1727413513,84190.0246379425,58062.8479333037,44787.3894736167,34436.4265759918,115338.643761828
544,352172.68362145,85851.9872173416,18547.6580683699,7775.2252528079,3303.55581007645,5081.14315336749,334123.890725517,81945.4990781676,17915.7807603917,7631.53896946899,3270.96378808954,5028.24453792873,335683.573846946,82492.4446693068,16869.2984901349,7239.28478135147,3176.0811440771,5082.90746263265,336623.050767286,83968.4740724938,16938.8469442325,6982.00286199897,2981.64100581863,4994.00258861419,336978.865134518,84967.4859255454,17271.1606905467,7070.25309082043,2957.09378410305,4929.30657787171,336916.09218744,85852.6187708241,17577.5820144864,7206.22532339387,3004.01279602601,4947.93821910468,336791.335304383,86695.9978245526,17878.5346510603,7347.29644065655,3065.39588097143,5011.15073733089,336642.967081554,87515.8331191531,18173.425610409,7487.44569113073,3128.8758182118,5090.01325330726,336998.611090941,88359.3125867768,18469.0649266594,7628.34911714862,3193.19051600876,5175.96640999888,336947.518288949,89147.5595085795,18740.6365786056,7757.9137556331,3252.63267512563,5257.35869031269,336674.341016231,89916.2101338298,19024.085312311,7892.05934617713,3313.47157915187,5338.46356898928,336122.619237912,90629.5169925267,19305.1254906543,8028.63767694632,3376.39117948697,5419.86566917574,335489.94600677,91319.7836374454,19588.1396013144,8167.93424587425,3441.48554712851,5503.13656436823,335360.593310696,92024.1343585692,19870.9830778483,8308.81679198865,3508.04836825752,5589.9603350207,334745.581250397,92664.0168091512,20123.7717762234,8435.39893274022,3568.52987204502,5670.00611653785,333783.430152126,93270.4622606871,20388.9448060023,8566.45374593211,3630.15115690886,5748.61956083611,332578.699225113,93818.9674592515,20654.526194063,8701.99229071044,3694.95740988147,5828.39766285679,331284.30088883,94336.3686234703,20918.2716602574,8839.15131324836,3761.8158849259,5910.16782812615,330554.919185747,94867.914930811,21180.476647938,8977.05278049992,3829.78697441941,5995.71490197333,329360.714770186,95337.3052301709,21407.9151704808,9097.89018108005,3890.28784424318,6073.35600649879,327935.610558813,95784.7870422796,21650.2665499784,9223.67917774816,3951.83306297941,6149.64007670399,326142.909937752,96159.5669031838,21887.6281781548,9351.6325760775,4015.5842024206,6225.52315313303,324200.938842013,96492.51994231,22125.7175277778,9482.55097809023,4082.01517011249,6303.63877906967,322695.792674634,96824.1235987162,22361.4229272094,9614.79369331439,4150.21835027686,6385.85256317039,320924.160155838,97104.4468970355,22564.1172717506,9731.12090810994,4211.67858252883,6461.93054813534,318725.96278427,97342.3878021044,22770.3517153198,9846.76163213738,4271.7084291061,6533.96193799924,316325.470202101,97523.6081668815,22983.0604097049,9969.33386097269,4335.72027431188,6607.44191149793,314180.625670649,97699.8047497596,23197.3260876601,10096.3044097501,4403.56799041766,6685.84374985875,313575.651449752,97980.9257733158,23410.3548003387,10223.1331203208,4472.25316274516,6772.86477912297,312776.415674227,98263.3466914339,23555.765029145,10311.1342835462,4521.93122046875,6843.09637731727,311895.34937615,98592.8197436518,23734.8770810722,10404.9586108744,4569.4132353604,6906.78819622726,310717.544328442,98859.7752596489,23917.0352747841,10505.7409773484,4620.71044719421,6968.9149605726,309256.515032571,99072.127151933,24096.7632840088,10609.0783491846,4675.16883141375,7033.038070359,307664.008441958,99238.4468980167,24273.5117808863,10713.9223582568,4731.78644075783,7099.78474784538,305916.162188673,99356.8664331215,24438.7852842875,10815.3108185573,4787.93402127769,7166.67910113546,304053.654966191,99440.0022705892,24597.4830250675,10914.1494416868,4843.34184883465,7233.03771572881
545,305435.334321904,105676.698859607,29489.6239617897,13845.7563150286,6505.17773188584,13970.6282286306,271594.426416721,90369.6237765675,24723.052189939,11727.8962338789,5536.91673643413,12415.9760188563,274958.507975345,92954.0503440229,23151.3971910808,11010.665271256,5329.67285620951,12605.0980059618,275923.561629388,95076.1652221478,23320.731420944,10613.1280657049,4990.15109001575,12478.9095588563,275455.456604644,96174.6188100415,23823.9562922364,10738.254190131,4927.67959220229,12352.802808967,274800.737601314,97138.4226820096,24312.2477833092,10984.6928309445,5019.64952971571,12403.0657723712,274126.085763612,98030.5282320771,24780.3329209628,11243.084089169,5148.97334513952,12563.4384932002,273370.333019298,98859.0827059463,25225.8248656053,11494.1953935634,5282.22445288645,12765.8381481343,273085.574636878,99733.5371765131,25673.5624114857,11747.059011956,5417.85942524295,12993.9636321328,272497.102457881,100538.281810023,26085.2183312512,11980.3636106095,5544.29334755422,13212.2918789259,271707.362681405,101306.149441884,26506.3435310538,12217.3842808948,5671.55912334671,13428.3954704501,270702.412884793,102010.282959594,26923.7884708924,12457.5443090496,5801.93710802531,13643.6366578488,269558.619161179,102656.065136454,27337.1780113489,12699.2750317773,5935.08792335341,13859.8629203739,268911.376121584,103353.732885138,27757.7162051811,12947.8298138445,6073.39848305404,14091.5540974658,267838.158011785,103952.759932916,28130.5847376138,13170.819595839,6199.85338480771,14304.4734500451,266501.383103357,104507.114538426,28516.9266404435,13399.3624854651,6327.78647598855,14513.6650025811,264942.020964061,104985.594264903,28900.091920136,13632.7858530452,6460.16953082784,14722.8571210905,263232.738958068,105392.416892559,29273.2547494513,13865.6638806817,6594.92115778762,14932.8966731858,262104.759208085,105870.899054611,29657.7641090443,14107.3618352893,6735.98495370267,15162.6047560194,260572.366924678,106241.23653298,29982.8126481555,14316.4829865051,6861.46044329854,15369.6188835187,258897.555631353,106595.401595505,30327.3088282487,14532.5996513859,6988.41472398046,15574.7565547483,256880.054220342,106840.147550014,30656.331649597,14747.1842692039,7116.43724875741,15772.9965694903,254700.750331636,107016.781472455,30981.8905201349,14964.6266266666,7248.42044064451,15973.5974520586,252960.814243353,107233.573671202,31314.404839143,15190.2125753133,7387.06443944585,16192.1994187798,250999.135065313,107371.551234424,31594.4132094474,15387.3461345408,7512.50945816176,16394.8778894851,248672.226999697,107440.768790686,31871.2523708631,15579.1978008324,7633.43618507458,16585.3299342957,246185.247770348,107437.974280244,32153.7972340546,15780.049052078,7760.16173086598,16777.1985779597,243871.666413884,107398.875883935,32430.2958008651,15984.0320066105,7891.95857052437,16978.0193160547,243050.626768868,107627.157980216,32739.2558822151,16205.770476891,8034.87846178748,17224.301789022,242011.147203447,107789.091915677,32936.2134208974,16354.940420354,8138.04066019183,17422.3986624462,240964.419477785,108028.335149401,33179.5398246404,16512.3226957417,8236.28168240584,17606.9407165634,239619.063663385,108156.790264853,33413.7286921019,16671.4481203914,8334.84158794924,17774.5749958057,238070.184613837,108226.256112759,33644.6065733525,16834.6243405222,8438.45117724759,17941.9238459474,236393.454170262,108232.651512553,33866.225694475,16997.8831647928,8544.88823719507,18111.8042705497,234618.196080378,108190.05847324,34073.8383200847,17156.7566519737,8651.22072257495,18282.9572447488,232749.236465431,108102.440661143,34269.3036502434,17310.4721898876,8755.99592612801,18453.0320524238
546,251895.723418852,90695.8518241982,24514.6474747634,11260.9019014491,5170.40015388313,9564.69394771313,238735.629790418,81458.2655947868,21454.5676195265,9988.71350025542,4605.12918978805,8889.89846537743,237515.46526795,81547.6976374422,18804.1441422904,8779.25174396303,4209.41253664037,8788.16558988532,237053.413503603,82956.4163481815,18704.0568824635,8208.2741829172,3762.03670807876,8505.5893967851,236436.590094366,83838.6244823553,19119.4704186796,8275.45249204463,3661.07380048373,8292.9836286972,235653.766205259,84542.8642671985,19514.0672895683,8468.19386033621,3722.42490817093,8269.8340117735,234801.842599149,85170.2157150023,19881.3452196744,8669.76395455335,3820.10781490972,8358.44023935027,233916.359456688,85762.9834196951,20235.3366252632,8867.9524092962,3923.03959714451,8491.4722197861,233434.117405525,86380.8844310769,20588.1413221234,9066.59728300042,4027.72150230733,8645.64987849955,232790.164239069,87003.1478638785,20922.5857135756,9254.41929863119,4127.51182479091,8798.5903464245,231969.176447541,87580.6120010184,21265.6818274518,9445.77990131126,4228.21059262823,8950.32723551844,230999.866191391,88114.6275695111,21607.3978374874,9640.84843020179,4332.20684421054,9103.63062341354,229878.259301615,88597.5367016446,21945.8091914916,9837.04325779669,4438.31686815307,9257.69789762532,229194.976038341,89109.7655996058,22288.2954004675,10038.3875733254,4548.42944062733,9422.53482165814,228253.944439119,89606.5594664872,22603.6544828238,10224.3652323909,4651.68860549414,9578.98898090273,227025.888579568,90040.3355038367,22929.4639228307,10414.6413393415,4755.97234258261,9731.77762791383,225633.913093246,90412.0035714262,23255.1027227667,10610.9352049056,4865.16953085895,9887.12666915376,224138.78041724,90729.9933269113,23573.8989074664,10807.6245293295,4976.84493269293,10044.8654359135,223106.46975789,91090.5734854985,23894.893690332,11008.2143231379,5092.07089641034,10214.8550875166,221810.949031129,91421.9386584083,24183.010954928,11189.1804122373,5197.87790720221,10373.2319712986,220371.023529255,91710.2507033818,24484.3683118589,11375.6141695348,5305.00548692074,10529.8953023784,218648.748658311,91922.9806926675,24775.8226519781,11562.4422053853,5414.1989271227,10684.3180794681,216801.074030181,92072.5409737486,25066.8046687604,11752.9732659467,5527.2544682535,10842.1668945872,215303.933782152,92241.336373887,25356.702862805,11947.3611369572,5644.5809373334,11012.0850407742,213671.946290321,92391.2634085757,25614.7655713878,12123.3640005879,5753.46698220228,11174.0494860648,211722.859145207,92471.8162217664,25873.2912460769,12297.1853265134,5859.83605065322,11328.2114211231,209639.014170644,92484.4671019044,26134.3702216311,12478.3282240005,5971.44220562885,11485.187228898,207701.14449001,92459.8214207238,26388.0965976316,12660.6519235725,6086.54713961497,11648.7019947249,207020.073786779,92636.9958796048,26654.5914991137,12850.7530108323,6207.32973291195,11841.2801688167,206218.874233721,92843.6851168108,26844.8927152489,12987.1907202973,6298.17617544375,12000.4423791016,205344.226836812,93059.9784610093,27070.1654760713,13129.5944083564,6384.53279248067,12146.3856715608,204263.070011304,93206.0370280531,27288.7355902664,13275.3300208317,6473.06589729081,12283.9453920445,202966.253428371,93291.4924354731,27503.3464835787,13422.7786992389,6564.74860172256,12421.3391196458,201578.916918964,93326.2064780647,27714.3745134685,13572.8828721227,6659.97492096985,12563.1822000634,200123.769148032,93323.0756706356,27913.9428771087,13719.8585514024,6755.58841548558,12707.473188215,198571.379399954,93282.2816156143,28103.5696118801,13862.5731459178,6849.94314365466,12851.4807806146
547,162050.415445323,135039.363495098,74115.6996936341,49468.904434098,32834.744756291,74235.3275365494,141482.172054769,121061.682240592,64893.9495975769,43339.0781377357,28870.6596911456,66142.8706768283,136895.413732971,118776.056304625,63580.1556255273,42688.0737505253,28557.0286825446,65755.4463490984,141054.423486675,123822.660430893,67081.1031997244,44951.6773492814,30194.0829068648,70532.1109084877,134719.314806332,118079.821597283,64424.7943295774,43384.0100351826,29192.3363572134,68963.4570546509,135925.731258624,120917.647696614,66347.1460478639,44789.7016857362,30239.565908317,72100.3084133758,133679.359751287,119137.681352258,66197.6474657726,44894.3363165956,30401.3829233056,73119.9081902889,131861.571501394,118377.804621967,66147.1969924183,45107.6327558673,30700.3469237555,74506.1129146557,131232.260018298,118430.746270984,66742.5345762995,45696.6560984517,31238.4967454916,76608.3466382417,129622.708715829,117484.334800002,66642.0398922934,45836.7862962311,31471.0319700236,78020.3222627433,128379.830900212,117077.241554679,66830.5803737591,46137.4129439782,31806.0444775589,79721.7455066063,126976.443406971,116422.514866294,66954.3587609593,46398.7640251211,32104.5391428337,81336.986307888,125340.745882527,115552.003022513,66927.6610503823,46571.9887085492,32350.1420167348,82823.9547155857,124128.186856781,114928.86699372,67031.4630652931,46835.7901426523,32663.6226850034,84521.0986794103,122872.807033665,114310.857763129,67065.5536078161,47043.750185941,32939.2071601791,86171.2397610153,121295.107261527,113442.839777191,66974.7483702604,47144.6533917506,33130.1834039277,87619.6523624145,119704.96242892,112566.679585466,66916.6051318758,47276.2853728018,33339.8992290233,89110.3146664879,118016.408267075,111554.541732244,66787.527749148,47371.806916585,33531.3649297496,90565.5901362678,116604.970888636,110628.321335473,66672.4188818961,47483.568925152,33742.0876893607,92116.623327046,115269.983353495,109862.897227283,66567.7755639209,47587.3779115513,33947.4318796145,93715.0650324726,113667.261197789,108840.627107875,66338.9143756612,47580.0931534584,34060.0636673831,95078.6725091974,112007.199984959,107803.685104593,66117.7849499736,47584.7676680994,34177.3020575447,96440.2060126238,110217.055787055,106620.283834608,65836.5638448461,47555.6754578897,34274.411302205,97745.3852755841,108627.218063953,105468.716817576,65551.0055315599,47535.8281366491,34386.5113485954,99123.0776738362,107183.454322372,104498.117825707,65294.6234908618,47526.4998087017,34509.8072182292,100594.837857137,105462.841908338,103309.468729872,64913.4514751221,47403.3242686342,34539.0449038056,101825.598075678,103612.169139361,101993.94291566,64489.8996910498,47251.797024103,34541.1657525429,102963.77978673,101862.399409278,100696.218382174,64085.7174875058,47128.0591389712,34568.8692094776,104179.370814518,100833.98573157,99752.4997827084,63818.1223564268,47109.9365716212,34681.759282234,105700.221225227,100182.666075098,99316.4050181974,63671.2462341192,47139.2333875045,34822.6937508113,107381.805859708,99231.9771637636,98627.0957041868,63400.2836412194,47014.2308369962,34811.4015618122,108564.95015951,98214.401979515,97945.5786601967,63178.6675811244,46927.7894136979,34807.8463078649,109629.865718967,97151.4582937133,97226.255607759,62990.5141936059,46883.3592087522,34837.5727489046,110677.635069538,95954.9026639208,96334.8396359385,62702.5692144215,46786.9359100792,34841.4363464232,111587.453248566,94746.8957014103,95429.7617088397,62390.4376979126,46679.2430743744,34848.0043748079,112514.281457453,93539.0570901106,94516.2655161192,62067.9821819581,46562.1819617622,34851.0315774662,113467.419676932
548,362679.266927607,97059.9011673201,23511.2644273867,10493.5215391161,4862.61630539016,22759.2170023896,350328.850890212,87944.3716846092,21486.3188527678,9763.22918639366,4569.34941759557,22401.0029983372,349897.244578306,86321.7178558005,18124.3715188609,8514.54858196427,4210.01012359622,22418.4909577979,349510.879885293,87714.8907750926,17470.8855113397,7613.45664491355,3652.39370705648,22257.9383713104,349060.625698296,88613.5697581253,17695.3396659518,7532.51623057862,3469.11738191327,22179.0408293903,348347.54691809,89359.7795616693,17952.7088913073,7621.71786299939,3467.8587033532,22286.2084160224,347539.370252896,90023.4278238635,18196.9430785284,7730.79020343596,3507.62448984053,22493.2473606127,346664.428419975,90650.6897108296,18429.5462026063,7838.41697208828,3553.37391045528,22733.3666730128,346265.915991093,91267.23233916,18655.7230148257,7943.94439233331,3599.42141874658,22991.8864971703,345666.721545557,91905.4120506005,18870.6303467075,8042.80150024549,3642.40364416275,23243.8406066141,344818.92813015,92501.3887417032,19095.3555805694,8145.47061926864,3686.2023248873,23486.635458939,343694.059515942,93040.519149803,19315.4319200702,8249.36087437985,3731.48381128043,23719.4392037696,342394.193711093,93531.0800661652,19531.7132859441,8353.15357224255,3777.54135476617,23943.9657890355,341579.08290924,94003.6109693166,19740.230283163,8455.29755280123,3823.7454647398,24176.1255285952,340466.340223365,94494.3790913191,19933.1776413666,8548.33109294741,3865.76215216741,24395.0702301417,338977.52585753,94926.5360723341,20137.9367806037,8645.72879509582,3908.54949759294,24599.7694853351,337217.417469709,95284.7351008503,20336.5761208572,8744.82366119103,3953.32308079738,24793.8624954972,335241.409031211,95588.6969309585,20527.0666376504,8841.97742999609,3998.27276035712,24977.6473817576,333838.091966277,95875.8823565345,20710.2042931259,8937.4224614359,4043.23603961308,25171.8118175518,332193.003594233,96194.0848174815,20875.1063435052,9021.98076026545,4083.11257878481,25352.8772083599,330286.830756505,96459.6766224924,21052.2409783304,9110.62442523344,4123.35813977436,25521.3736168874,328039.240264123,96656.9249314091,21222.2975346133,9200.14457186511,4165.13237208433,25676.203903206,325517.315773408,96785.6978266267,21386.6570595542,9289.16438417336,4207.68989376225,25818.4829844511,323417.950603359,96885.8547381775,21542.6649481536,9376.91889735592,4250.82183736705,25967.9917275203,321247.419426709,97008.2399587396,21679.6624346294,9454.02559152379,4289.27831903057,26108.9004269792,318618.170661656,97081.3988111248,21821.7030176737,9531.15544958537,4326.27560407276,26229.7107026859,315751.917941264,97068.060631017,21963.6210666777,9612.43554048339,4365.95021106372,26338.7619576205,313030.285319442,97018.6648595699,22096.343534384,9692.72336636724,4406.90016120628,26446.2080562483,311874.020629803,97059.221419267,22221.8329241081,9770.17337564378,4447.60865630207,26595.6933753824,310890.919833721,97271.5117633955,22320.8933964558,9826.17230430105,4476.81859778722,26740.5046697095,309739.233023736,97484.4009972615,22453.5717870651,9890.66740107232,4505.51022457231,26871.7254379635,308324.279251399,97640.9994451343,22588.6245355956,9962.69992739796,4538.99025386952,26991.4628318675,306624.945599978,97735.4013793115,22717.9362059206,10035.5311287555,4574.86836391695,27100.2077969374,304758.798156981,97772.9808781794,22840.0025635526,10107.3942717497,4611.67243969276,27200.909260153,302760.176259007,97768.4749352229,22952.2797123439,10175.9738526166,4647.84828348846,27293.4746311612,300634.623223829,97726.5178349462,23056.9787032536,10241.454750227,4682.90513508004,27377.3827949964
549,173036.011981922,127488.466585938,73501.5883951945,50071.9952351465,33818.9536648333,71622.8037573065,160354.257815654,118445.465369342,65538.4532463689,44703.6360164207,30315.5849763662,65040.842937797,147500.976412664,110297.727637371,59567.2052491335,40576.4959122672,27546.3569072064,59398.9955859987,157509.012762579,121244.052095479,66040.5874959702,44482.195382534,30171.569668045,65910.3805639329,147875.838966738,112759.515715841,62488.6973945035,42270.1267884843,28563.5555786159,62642.2827436247,149521.994741266,116193.888650076,64455.4651116809,43785.5686869389,29707.233349787,65425.2471631471,147857.01320459,115212.005863314,64919.4815662949,44267.5900738607,30119.8887394355,66781.2832363075,144961.375817305,113609.288957878,64368.6998202279,44188.9655471499,30229.2475296955,67584.9688660178,144864.222512142,114352.5898926,65283.8200459928,44989.7578306209,30929.5188813171,69952.6766341795,142990.205325382,113288.068151113,65158.1373936502,45108.9926891447,31144.5012863111,71305.5421324722,141508.39941264,112855.039232876,65268.3366856574,45362.8126060703,31453.5318595824,72923.3224315168,140162.241449959,112450.886441939,65521.2645669233,45702.5004017582,31806.3790649238,74666.1633888545,138283.690707416,111547.134308833,65459.6496315486,45850.5536489335,32032.9524399144,76117.0276217613,136988.250388539,111026.5023205,65590.7563068663,46130.7546693471,32359.3272204695,77845.4008026921,135650.190516621,110489.564890365,65661.0487738475,46360.0155550921,32649.3305418182,79535.464432282,133888.05911464,109658.326454085,65564.4190740369,46454.7536825577,32836.1260330984,80992.9578940597,132175.772253757,108881.533947213,65537.0499227847,46602.9105991736,33057.1587635704,82533.7087159714,130324.624507794,107948.247063116,65432.3820632974,46710.1959094786,33255.4615436416,84032.2446381568,128772.29527459,107076.721951527,65334.102004123,46830.3343546094,33471.1120938411,85616.002564968,127339.29394019,106385.387789005,65253.384369743,46949.9147648729,33688.1047543513,87262.5455891463,125571.019550027,105428.146155558,65037.1495882855,46946.6590415018,33803.359172295,88668.1805800023,123743.966811891,104452.781281609,64830.391754417,46956.2326311313,33922.4722871874,90070.6939506903,121822.492202697,103377.027977024,64587.0298595943,46949.1672619916,34033.8513021363,91454.4561588054,120066.586146244,102289.035158658,64320.4549402066,46936.4027445613,34148.9500009245,92877.5990790228,118476.465483436,101368.348163578,64078.4331265509,46934.5035964648,34276.0951475346,94388.7573398016,116593.933670153,100256.270718292,63720.6460328945,46824.2002151727,34313.9582260061,95687.1251319235,114564.976930448,99014.0239126875,63317.1708428364,46681.561407185,34320.8555801918,96891.5810385741,112674.617726283,97809.37996611,62945.3312458354,46575.253004789,34359.1618039459,98188.0799861124,111547.166642554,96923.5544659376,62705.5870628721,46571.8811669233,34480.7134732668,99765.1275077373,110823.033386279,96487.8204823644,62558.4522164642,46602.103538706,34622.0314725348,101459.984469267,109778.607016803,95842.8365360755,62295.8227912102,46482.4394965866,34616.1103981511,102693.682264569,108647.42370298,95187.778467635,62076.8913129555,46393.5703349941,34609.9474985497,103791.788353334,107490.267959097,94518.2521590778,61902.1647098794,46355.1639726435,34642.7218696548,104886.299581976,106187.483277784,93686.5276491426,61635.6104615756,46269.3108197858,34652.2229227328,105854.125947143,104853.821710716,92823.8730809033,61334.876384885,46165.5584983572,34659.3476573965,106820.494120835,103516.512652339,91952.5660518505,61025.0120400961,46053.5184620612,34664.1313068437,107814.838041973
550,235356.691083154,127893.736862254,50902.1374209271,28460.895644218,15837.9909876243,27827.3973867046,202248.224123945,116488.84129229,47011.8901446374,26417.6079447731,14769.9910517269,26013.330749424,208397.201592478,120599.759864463,49121.940362814,28160.3196035745,15986.8383384289,28076.0079347205,202781.298116969,118227.69159676,48410.1421496245,27732.6642710543,15919.7675117266,28651.584141068,204558.980063909,120725.90556957,49614.6138672951,28476.092143038,16351.3596098771,29704.1993464388,201174.183186486,119739.422512777,49898.6195570072,28720.966200941,16533.5279772595,30245.6074605379,201205.881223273,120947.136976742,50769.0509123241,29399.3718491797,16995.3951948599,31133.9117058318,198716.938357817,120462.031694717,51159.0069607251,29759.8556747197,17292.8708532604,31858.8864480467,198349.358463421,121179.135866044,51856.1090066782,30336.2966039811,17715.7654961644,32772.6291036025,196614.313137553,121040.639465122,52274.6764817253,30715.4453579086,18027.7129825541,33579.9961176223,195627.834677278,121424.978546544,52823.769357379,31182.1881674948,18382.2372590966,34425.1654050198,193822.108006057,121305.263938603,53264.500729506,31573.7876725652,18695.3266071236,35231.6591186127,192316.236897202,121347.558211748,53725.9376502623,32001.0531378877,19032.0857291605,36055.5591225166,190893.86925338,121285.89311506,54183.9797500792,32421.8333266863,19372.5644210886,36929.680070203,189485.317224841,121253.664333842,54560.1045666104,32799.991398403,19688.7674036053,37769.5209595614,187731.596072445,121095.145044179,54923.8665677662,33150.144869888,19983.9172065046,38590.6301953298,185858.1173672,120831.298960702,55264.9419436856,33501.2691324553,20278.9169446824,39398.5399237396,183828.592720285,120459.257542463,55574.2799861141,33841.810664865,20575.3752853691,40224.236026537,182217.063722535,120156.216956741,55897.8015901361,34199.4650760519,20887.653714086,41100.769531701,180495.615230337,119831.754447056,56144.7829076973,34503.5251708553,21170.0457639403,41959.3413472548,178592.04459215,119423.920207802,56365.509761664,34775.6913420201,21424.8402645372,42768.948774629,176496.903712116,118918.366710265,56575.0548107718,35047.5143244161,21678.6992996154,43575.8015238192,174205.273823594,118259.850057144,56728.0507763658,35295.2906118898,21922.577126869,44361.6455658363,172242.50236531,117669.577677117,56913.0597210095,35571.654491897,22191.3785012857,45221.1942344474,170281.452044036,117061.461504009,57022.2923942723,35799.3098553926,22433.6119384863,46062.9455984406,168028.257836739,116353.788766712,57081.4773308255,35977.9478449255,22639.1384479339,46847.7681050474,165634.123938862,115535.138467467,57135.0862273031,36156.8727872197,22841.4330810848,47620.6705600772,163314.338135045,114668.52742587,57170.3218398985,36338.9665777289,23052.4236647719,48417.7879716801,162028.22504989,114126.07517011,57306.0956169082,36589.190866333,23313.4564062497,49355.4215560251,161030.151587381,113821.719207272,57381.0572951524,36775.3711556087,23530.4880604438,50257.1004082163,159817.266951258,113463.482983555,57425.1194589689,36889.7838330166,23675.1612053528,50992.5172638588,158552.960116861,113125.42393881,57537.2022038272,37047.421092927,23832.9707029998,51697.0107043187,157030.504067223,112602.027488566,57586.1344234323,37180.5532502663,23978.2303267685,52323.8222462291,155470.659765247,112049.444268868,57633.6117780307,37324.2849477448,24138.8204304834,52972.5417123965,153804.658406361,111403.948759441,57633.8205931762,37444.3112905784,24290.4449712228,53614.5277572682,152095.303445966,110716.139869058,57608.1727198294,37549.0447671559,24435.630165025,54264.0210213848
551,285999.566487505,147167.594572732,49803.0858917196,25758.1843481889,13327.7555076541,28552.2920258312,245138.588790078,131601.457809752,45472.0015720446,23714.2311336708,12339.7376733229,26468.0938815754,256160.240841157,138323.305307431,47729.0854605673,25418.0874953577,13471.9899993983,28400.2737115334,247315.064695502,134635.250247398,46715.8377266807,24733.4434382025,13219.5058878686,28518.4673625902,251266.933839506,138718.167409553,48305.2250280814,25593.4132432766,13637.6480668949,29411.0591971715,246447.575876272,137177.085296084,48530.5099248471,25792.0739107262,13767.353450251,29665.2662830288,247376.218441535,139246.731504728,49631.3545580972,26540.0732409641,14228.0606026537,30440.6217520784,244153.377385518,138610.614775087,50040.704936275,26886.3963507371,14487.3212395096,30955.9509588677,244243.097090525,139905.717462128,50920.8298563002,27514.6087835054,14901.0130971741,31742.4752292524,242082.168098436,139759.2468067,51383.3586671728,27892.1317184414,15180.6549920542,32353.7490710106,241291.052257766,140584.000290985,52095.5810403368,28411.15640206,15532.0481472595,33067.0449065248,239123.294197186,140524.955296874,52605.7523214449,28815.1158644977,15822.1758888247,33686.4418839989,237645.554620398,140921.866749177,53227.8741130876,29299.4114464894,16160.9250915144,34371.8931986645,235991.669130714,140980.721892184,53775.3418839025,29741.9461791092,16482.401070443,35058.7832458195,234509.18086706,141209.553538051,54287.2655254338,30169.1531406865,16797.8131805279,35745.6812832255,232501.809783898,141194.990996704,54759.926867318,30557.7400056694,17087.1982241646,36392.2531443643,230432.346166921,141144.93853102,55241.8350693886,30966.1653897526,17389.0577756807,37045.3020994072,228097.292177181,140905.151958561,55672.6046594715,31355.2151473324,17687.2022307816,37697.5959533304,226325.771959074,140808.981304242,56140.8822687451,31773.2051464358,18007.1318015345,38408.7241433035,224295.464162238,140577.020085786,56495.7862979868,32122.1046456541,18290.4662922741,39085.7712537759,222186.001893913,140362.339308721,56865.4676593329,32465.3861597947,18563.9944235302,39740.6397439553,219701.686048682,139927.607427665,57192.6783517539,32792.2039859123,18828.5078901207,40374.1016914217,217105.194802746,139419.895959122,57498.5219457718,33118.3970145109,19098.0801784237,41007.5894809696,214788.649501908,138910.206124629,57813.3155818124,33457.588634491,19381.824453175,41691.1162270747,212498.809652289,138395.824615978,58054.7857804204,33754.7041488244,19645.018998828,42364.1084488216,209876.535070194,137768.291291959,58253.2923334665,34010.7673059031,19879.2257973489,42991.2730201663,207065.912869811,137014.695199349,58445.7423148851,34268.7506125559,20112.6484032307,43605.1717447137,204317.917735125,136197.761944728,58622.3441650632,34531.6983458992,20355.8039340242,44241.0264008555,202822.557215007,135749.574194228,58895.4124519751,34857.0487645697,20642.5155076109,45005.3292937409,201602.746994926,135475.836918665,59058.5435794193,35094.1024637287,20874.6008351767,45730.008116826,200265.235494377,135249.611385217,59225.7824940022,35283.2134221142,21053.5977536904,46336.1535225765,198732.222776916,134936.299988227,59426.0868820706,35492.4425519212,21232.4835344174,46899.7004540449,196990.785552695,134491.765572279,59585.2190735952,35693.6859906031,21410.5999497925,47414.6121551759,195113.941369796,133964.978527199,59733.6631371549,35896.9748211913,21597.4369257427,47943.5443617662,193143.562046688,133346.273593652,59839.0178866891,36083.1318336773,21779.4898181454,48466.5287707707,191116.235906781,132682.543592158,59925.2269228965,36258.9136715111,21959.0780896923,49003.6084826519
552,163929.192761658,118035.373633021,69152.6485552099,47354.7552225035,32150.4900171797,69108.5483460062,149293.283466551,112386.641305267,62524.8973573625,42808.235614142,29167.4531179072,63297.2694559044,138877.544687758,104864.039382297,58485.8905182389,39994.7660002394,27245.8673410737,59442.0485358503,146649.355192251,113672.342164953,63668.4640960743,43410.3843791892,29654.8644296653,65463.1381230375,138510.35941691,106417.708703537,60533.1960237469,41410.6226836847,28271.7274101253,62935.8773917321,139894.85851744,109446.325579445,62335.6614882401,42836.5023526884,29368.4646541697,65912.4320706747,138158.747648396,108326.455318236,62586.1320659742,43166.2299287276,29682.3092409828,67228.9309511818,135574.672052001,106928.130135661,62120.8327485887,43110.5294041084,29797.642349506,68179.3737574245,135378.384563182,107502.795785752,62923.7127743772,43840.7827032521,30445.7054588012,70525.9072780061,133610.691883069,106467.338579492,62762.8713531026,43924.2850501802,30633.8227126689,71874.1274101785,132223.815289194,106040.174693076,62852.0932291364,44156.6634943539,30925.168235379,73507.4024585668,130929.088263007,105609.928357226,63052.9701043068,44456.7855090915,31249.2832796305,75232.9188751202,129129.672648235,104710.084383667,62954.7436755256,44570.2562337351,31449.1985636423,76662.5961350908,127914.248113036,104187.892391678,63056.0886749633,44824.5617460333,31755.7448999273,78390.7812457759,126650.259413488,103659.569523831,63093.8980649535,45025.6134231179,32024.5537584894,80074.4025252003,124961.864665919,102820.592873213,62957.9935315192,45083.4958164393,32182.1903793311,81499.2843544262,123355.629806468,102071.366757998,62908.6418042173,45209.6519334504,32385.0112428578,83035.3071499281,121604.629932287,101157.453772211,62774.9784046616,45287.9853271393,32559.6476404282,84512.6707201745,120140.033244373,100301.633943633,62648.0881806586,45379.0500222012,32751.3756376017,86075.7909692015,118779.895233358,99627.7097184431,62542.1394170027,45472.5386501131,32946.349023192,87705.1261164239,117116.839535718,98693.6888478802,62305.0970383324,45445.2631311954,33040.1075378638,89086.9853815787,115393.530684845,97752.9694538294,62077.2425646724,45431.1605468551,33138.4474714224,90467.597784652,113559.826308424,96700.6411371737,61808.3058890957,45395.3863350512,33224.4843969479,91814.7471142704,111915.878224127,95650.0005380053,61527.1621768448,45362.8780124629,33320.8413168782,93218.7403020619,110433.773781652,94773.1364319132,61272.1043144929,45342.6734776653,33430.8066293465,94717.0106954214,108654.698837895,93698.7797560695,60896.514159236,45207.98629488,33445.4792944458,95978.2384582065,106742.731905726,92504.6123267677,60481.0044874821,45045.0859615465,33431.5628855022,97147.2243001037,104941.431629683,91341.7451399178,60093.5833998119,44916.4266925734,33447.7514011241,98404.1958921013,103903.361367231,90486.7336818383,59845.5317555486,44897.7566622494,33553.3208784432,99966.5407654912,103237.503968545,90085.5889135692,59689.6185908991,44914.7169535956,33681.4588282764,101658.001175957,102241.61215312,89450.3038641675,59410.9140472631,44772.8518450953,33653.6358309165,102848.767820743,101172.180030201,88816.8736041553,59180.569313475,44668.4598223074,33631.2134912406,103915.859987963,100088.801066139,88182.3010772587,59002.0993436227,44620.53529376,33653.0150463569,104995.73014525,98863.2437808435,87381.2383602174,58727.2878622406,44520.8766216406,33648.045495547,105934.117468524,97604.7230842893,86551.9351884845,58416.7373987516,44401.7294200069,33639.4882906747,106866.903419916,96358.8747429861,85727.1446604422,58106.4273786672,44280.7220110054,33633.0177267007,107841.564473904
553,220039.346079823,131642.183385852,62768.7950499454,38538.3405037279,23492.9906499635,43200.0591155792,201381.261197743,123197.55765177,56538.1666364609,34737.7399572389,21263.9223836613,39805.5612365691,199187.35874356,123131.345985401,55612.3968542703,34155.5149160959,20930.8363525714,39257.044391806,199285.087286219,125555.865310918,57140.9391681241,34770.948005043,21313.8962882218,40538.1257831977,195262.31097748,123547.423872126,56707.8978581496,34594.8427849442,21120.9655246254,40174.3862008355,195663.820729192,125605.491393923,58318.0735205677,35673.1252050531,21836.4109684294,41613.1777368873,192167.105568987,123900.234287143,58123.1360195464,35786.3384014656,21986.8011562938,41945.0041168412,191640.958132416,124939.887730629,59128.8466979621,36580.2064526828,22603.1490812299,43384.0171644312,189283.782187696,123993.271664249,59226.6179234164,36839.1466820375,22871.5100062091,44212.5108443501,188427.86169538,124484.515091302,59887.6822136458,37420.4101176507,23352.0336408303,45545.5935456099,186347.07050221,123913.718552204,60095.4046931748,37711.7889617643,23633.973439041,46504.5257202925,184798.741584124,123890.029567072,60557.000513371,38163.1526180147,24020.4133132232,47681.8412251216,182690.239923155,123351.76158315,60807.6138510434,38492.5054116796,24330.627156082,48714.0236954424,181223.342325058,123130.687471318,61185.3530330223,38909.7338899716,24705.0098411619,49901.6608927204,179524.757411065,122771.802370658,61435.1477806762,39240.1302603981,25025.6740071615,51018.0469106064,177566.564759413,122309.853568606,61649.9791922763,39532.0724771885,25315.0776781282,52083.8293488523,175507.103339139,121766.89093071,61865.5552353838,39833.4020783682,25609.5119145582,53158.7802852622,173277.732340515,121073.485343477,62010.8548101118,40102.6105631984,25890.545602996,54217.488096217,171490.546182625,120497.42724276,62200.1617805808,40406.1789638365,26200.5583263563,55369.5010698292,169655.500528052,119938.823761663,62317.9030252529,40656.2695058433,26478.0450172225,56496.5022345242,167561.014633632,119227.254344641,62373.9985808157,40845.8924214021,26706.7883441862,57534.7358091111,165368.120358026,118479.693178757,62438.8307344571,41047.5440778777,26940.7030933537,58579.2111352333,162937.106520882,117532.694085006,62422.1914131278,41206.3135463118,27151.388455233,59576.744550759,160859.295543148,116680.482670634,62445.0139264392,41401.4631947691,27393.7686451363,60669.803543879,158840.31411571,115870.518468829,62418.3117871218,41559.6083493933,27615.7816201572,61763.3286307814,156478.513814304,114888.848062207,62297.3780387938,41635.2001244627,27775.2567388478,62740.6243721022,154021.957336195,113838.143839384,62183.28789921,41717.5555051202,27934.424729976,63713.3576242809,151627.930098949,112723.17994801,62043.9405699129,41797.7235320412,28098.0996438266,64702.8946028862,150293.773951772,111991.316437402,62042.8706147991,41976.6591253305,28335.99570234,65904.3056833092,149319.783501751,111606.65309133,62035.2279421457,42119.5208653658,28545.2980359795,67099.1562609025,147995.912533535,111040.829150339,61936.491251749,42141.6882079615,28641.2446666229,68010.4285313336,146695.566138216,110566.730056384,61942.5934783312,42234.3879988125,28766.863286712,68905.5046041271,145158.045164353,109904.156890384,61887.9020036876,42303.2390253305,28879.0752795672,69698.5497929727,143530.225697497,109162.469709292,61796.5850102675,42362.4103176025,28994.9835065323,70476.5277466647,141883.710315752,108395.29694334,61689.6638007455,42417.1999956814,29115.7110841949,71280.8980963025,140150.758152145,107544.621045259,61529.8525933494,42437.0917777385,29216.1814972642,72063.4834463937
554,244567.411937565,131505.516431975,57117.8137498027,33439.1032319432,19480.9336350759,37895.165978168,221726.037568928,120929.912675618,50922.7500474881,29843.077706317,17442.6742720288,34575.3363371201,223685.631773425,124076.957502856,51145.9335652049,30088.9701912665,17693.8863251892,35282.6608932284,220294.90819632,123870.796205864,51239.6087527019,29786.7461454946,17482.2079660691,35390.5428396411,219176.737820641,124704.87356652,52089.7815861332,30282.8063213081,17682.5221505917,35797.5528326252,217250.499762103,124881.09345145,52785.676106678,30806.6312907269,18012.2684561576,36341.4114377023,215426.370099666,124983.984842869,53365.720119741,31324.9468111146,18394.6345961038,37045.4912946371,213590.066735148,125061.8870461,53920.1046930135,31815.836507457,18779.8968586603,37885.391287246,212146.907122624,125152.436924882,54450.0119112709,32294.8553006231,19159.263611438,38791.3757846093,210627.807765776,125260.73946842,54927.7825999819,32730.5939722444,19512.4412435383,39704.2988897499,208881.798557372,125252.377750965,55374.1767954991,33137.0326072275,19840.7377708478,40582.2836146818,206998.458572459,125175.215736678,55813.405428909,33545.567051169,20170.6244685375,41464.6410425571,204943.917246508,124963.462664098,56206.5680849051,33935.2916362603,20493.8408228317,42338.0226150374,203391.810820301,124865.652372009,56640.1890261312,34356.818537478,20842.1196599082,43285.4743473032,201606.768123032,124694.12337786,56974.2191184981,34712.372408223,21152.556806739,44187.8754309536,199533.210585,124407.170870371,57287.0752682787,35041.7555053429,21440.562827271,45050.5805803162,197326.909718453,124022.755520183,57590.9388401525,35376.9931516913,21733.2400048523,45917.7760270091,194956.331262666,123505.41705394,57839.6830909994,35689.6469953356,22019.1781973318,46779.0774991307,193112.142302194,123113.44011517,58132.3227762577,36035.6090501691,22331.7901972611,47725.4264374167,191105.523097595,122680.774114903,58330.1443266501,36315.415407089,22605.1560927151,48627.8050849751,188893.031063684,122149.896965269,58505.5478069393,36564.8862661686,22851.4655762304,49482.1561634871,186491.889598535,121525.645683398,58663.3941143845,36811.3033118241,23095.0339836423,50324.0069716496,183884.682190748,120738.373827407,58764.7571343176,37032.4390281938,23328.0313676593,51144.0605743647,181695.686664643,120051.780055082,58903.9007193167,37287.3903112092,23589.603125431,52050.3011532447,179478.64863188,119354.602431045,58969.0864348124,37490.4874167157,23821.7404750921,52933.3698423253,176920.650012265,118518.597647377,58971.9897588296,37637.0568223983,24010.9063209387,53738.4768120673,174239.197248372,117590.943710458,58974.3852363789,37788.4833372846,24200.4138082486,54537.4263049045,171652.207472494,116601.928418906,58952.9005260025,37938.7436422478,24395.9116200751,55355.6342197444,170331.601916947,116041.306298546,59073.080446024,38185.327677228,24660.7025563357,56374.6478698607,169197.102439136,115693.622448863,59112.8067718395,38347.8501715175,24866.2682879806,57322.7121697762,167814.071527899,115260.776442153,59125.8617031539,38442.0037882664,24998.9179555598,58090.1810943858,166384.806089984,114856.826745371,59204.8244554263,38581.4238396214,25147.2692654954,58824.5021076163,164685.60900825,114261.695922417,59221.2431091583,38695.9632488992,25283.2699993788,59476.394004915,162935.243658237,113626.200671774,59226.1791692668,38815.6152382125,25431.4846265357,60141.9208680559,161111.282015355,112920.06456088,59194.8225948104,38917.4922753972,25574.5916911962,60809.4730894216,159222.110715929,112156.854821476,59127.6230312399,38997.2769731623,25706.5231047812,61473.5785089133
555,195282.040251299,123363.343677879,58529.417862254,35920.8989768916,21943.0536710881,46737.5276832513,160321.721815486,105251.382743903,50587.1673844328,31146.7336950468,19086.006443338,40709.9128726966,171678.470247242,115203.172968912,55679.7937119471,34981.5824332439,21782.5187748743,46573.0781569875,161695.506123637,107417.849208716,52289.4197351729,32907.186744264,20695.3993089454,45288.7127508449,165626.939297266,112459.514588142,54726.587997102,34476.799947562,21749.3880669433,48354.1568307844,160932.011742942,109311.940113164,53970.3352987636,34086.2508574809,21521.8025115724,48325.2118042785,161192.088365801,110876.934743011,55060.9893619324,34963.999649995,22174.5664374439,50091.4349288802,158654.837299397,109658.906296366,55045.1044201381,35109.0995242837,22359.970951464,50864.4664536154,157950.262575835,109998.171765732,55601.6929196549,35646.8170842053,22814.668185983,52267.6641225443,156447.122510491,109608.341312775,55829.0421371666,35943.5875009681,23107.1315735013,53364.1091978645,155039.11219228,109415.985880172,56127.1972721927,36283.7802738892,23422.8147577796,54515.76201661,153488.925132372,109083.078780257,56401.1165317646,36609.6318783004,23727.2585615974,55642.3304469651,151782.746303535,108613.548084751,56602.9616971748,36900.7066198761,24014.8855718733,56734.2350857194,150536.827971226,108319.113897629,56879.7920819299,37245.3245162623,24343.0073525241,57950.5045341443,149062.274528071,107926.298008697,57040.4727943275,37505.6554660136,24617.144510001,59078.7671099592,147364.503740831,107423.281754714,57174.9564879453,37734.479807684,24862.7032643746,60147.9482240741,145598.619748909,106855.096342087,57307.2967421171,37973.1131646924,25115.0805600497,61227.5915731488,143696.203428187,106146.979223296,57368.2047036353,38175.4419922624,25350.711444183,62278.6969586715,142236.680904397,105597.806315724,57489.9249495115,38423.4436341055,25622.8281047121,63455.7091864645,140640.719939061,105017.374747169,57521.1703061869,38599.5642232066,25847.4615620025,64563.6289452369,138863.495010915,104320.902665603,57516.3426979293,38734.1942431041,26034.279483729,65589.6033979798,136981.166059857,103577.177717781,57507.3062621402,38873.6749080783,26222.7039425699,66609.929025663,134913.830953795,102656.174530497,57422.6322305685,38971.6363932852,26388.0805059701,67573.9966854581,133201.962131946,101858.952226289,57388.0015303766,39113.4649215992,26590.6375092332,68660.924287964,131491.39819568,101085.272018378,57296.7583272305,39208.7545997217,26764.3317885058,69724.472328102,129469.192664137,100142.460641832,57118.8453822583,39225.8610884906,26875.8201775958,70648.1251214155,127394.71336801,99149.3025380018,56953.4689061494,39256.3469517187,26992.4772802673,71575.4173014966,125402.47347062,98102.7565574774,56761.1267664418,39281.9004371534,27112.1558972558,72517.1455558094,124391.418171164,97478.4520065332,56729.261501602,39422.2778405168,27318.1741722556,73739.1847648758,123545.499596792,97094.7605775678,56661.7604496461,39500.3416849208,27474.0300489595,74895.1201922435,122424.391282491,96566.2455621984,56538.7289904292,39489.0876617091,27536.2935699335,75773.9174527354,121302.939061601,96092.6735480727,56499.6422650239,39540.0406831663,27626.9374087013,76633.1644702176,120004.120973877,95467.8370291057,56409.6203116693,39573.1829099591,27709.5602885055,77395.8572171415,118624.471913965,94764.7264956895,56277.9279486937,39591.2611263172,27791.8833865685,78132.3189292237,117240.605870304,94048.7873188667,56134.501821085,39605.7388338636,27878.8500800411,78896.588400218,115791.788738422,93266.9793343978,55946.1254999451,39588.9656526658,27946.7229857459,79635.6732122914
556,166013.084104585,119406.626456051,66852.7179957356,45117.3665935631,30249.2698436804,62748.7952883864,142954.735386749,106361.562983869,58985.1393183138,39847.2993620948,26805.0630255568,56115.7828750684,142877.28190029,107574.845050278,59929.3759249956,40880.4205639127,27688.0950917006,58554.2096948133,144219.031732122,109356.635022411,61458.5514840241,41956.8469433699,28611.3227114157,61724.5138367022,139257.115979139,105772.07377135,59773.18830008,40970.9170746621,28017.6330932682,61489.3161055987,139968.135895966,107718.412003603,61200.0636529122,42048.2349845501,28844.328200138,64223.6454117832,137814.508876113,106387.025141059,61146.0213876849,42183.7622296627,29021.1173024146,65411.6986815724,135980.093417255,105691.566526391,61099.8339209535,42377.7017908683,29292.1977199062,66821.1082252956,135332.24660656,105778.451508966,61619.4410454348,42907.5715042328,29788.4370671192,68840.8804780076,133752.631050399,105013.689322659,61571.0050863601,43059.4720916752,30019.7009182777,70288.4073893678,132396.897626781,104599.740368192,61689.8476530487,43302.5593260048,30309.6117227434,71899.4886025756,131004.058499509,104102.95617748,61833.5068290228,43561.7956143906,30602.0833237606,73520.5129782111,129326.32836098,103328.812762516,61802.7078991286,43716.1117919092,30827.4605154752,74986.2984581896,128122.914603514,102822.801013749,61901.6308471272,43963.8160030302,31125.2420741849,76664.6086965436,126815.237772644,102288.6063548,61927.0904185912,44148.1110724742,31377.7376920845,78276.2919168206,125169.043034296,101512.401322628,61830.017070766,44229.6080145778,31547.7107110289,79697.0300552972,123543.658815632,100764.947736927,61778.0264223745,44351.0945401058,31744.4216305505,81182.8002985878,121819.29692801,99883.5831079163,61657.9489047868,44435.2376543079,31920.6770113953,82632.5398216611,120403.705303691,99096.494256588,61559.6423276387,44542.1719947459,32120.66069172,84186.0728546324,119014.276107321,98415.4192978525,61447.6373316603,44623.834478925,32302.5787147288,85746.7079675214,117363.982634629,97522.8564535163,61233.6207760571,44610.2580001667,32402.4949914587,87107.0063047855,115632.974667691,96601.7996947233,61018.3977866653,44602.1255231661,32502.3867517186,88454.7233384294,113811.107201756,95569.0567003107,60760.2139990927,44571.7266612082,32590.0715138588,89771.4231413458,112213.133334877,94581.9384619508,60507.4176070372,44556.6327039812,32696.9255647265,91171.9343848188,110710.000180611,93715.2656578945,60255.6817745997,44532.1257846547,32799.8614911398,92616.1608138826,108914.385972359,92654.153685123,59891.9229436137,44402.761495745,32814.6459680134,93838.7158132509,107013.417732314,91495.3503856117,59500.2062084579,44256.2394746124,32810.6685362615,94997.7071293766,105272.704475225,90371.6047886525,59135.7862904495,44142.5094081442,32836.278202721,96247.226176932,104317.355877516,89612.2248781847,58924.087383737,44146.6106177616,32956.4508794182,97819.0056948624,103611.337758841,89197.8311818987,58761.12161613,44146.7488022004,33066.0085968675,99414.021645494,102612.330877658,88579.4999023556,58500.8294140178,44017.7974173514,33043.1577609758,100567.790222423,101552.583835537,87973.7287280123,58293.1342996068,43931.1652750443,33033.1301277996,101625.303402528,100453.529339309,87334.3975039283,58113.1331140872,43882.474676443,33054.2752856665,102665.286184601,99231.7671495964,86554.3362165824,57849.0940772736,43790.1103199967,33054.5740970681,103590.937566478,97981.2451532485,85750.3104290604,57554.6809647169,43680.7343947523,33052.0856198326,104517.119726266,96724.1144630871,84933.6131780396,57249.8000039639,43561.665425057,33045.2820785392,105463.86419419
557,378029.44388348,78211.3591557765,16512.9686077915,7313.95286408054,3555.68217265892,29609.3589259172,361158.196535811,76734.9533983121,16205.7526886451,7256.15414311803,3541.68044928528,29562.4524464811,361373.69676958,76879.7691208076,15149.8870738085,6858.56394521262,3433.67405874195,29882.0767876661,361415.550116257,77869.2763293784,15215.8920826221,6633.6602747613,3259.01462199619,30130.657515802,361224.973165713,78540.1194759678,15424.550983194,6687.49809205949,3235.84945422703,30415.1367890938,360681.562050971,79146.0009530477,15602.7125686925,6760.33827185463,3257.63167835662,30750.5749024943,360033.157407887,79698.948598455,15772.9198502748,6831.95645746606,3284.96321668102,31104.8882379698,359331.681535224,80225.1693247809,15934.8818996801,6900.51584469582,3311.86284192564,31459.5835088547,359068.648787507,80744.1938494541,16092.9114397648,6967.39159621161,3338.18233480065,31823.4139170829,358576.679740659,81265.1595402784,16239.3556112697,7028.09407492926,3361.47105724108,32172.2431881518,357782.228266929,81751.2882539757,16393.3581007038,7091.21319289142,3384.92802851792,32505.4319711923,356711.951681728,82181.2123405474,16543.6957427928,7155.40822502112,3409.40402769513,32823.6282151556,355488.504626318,82571.6915621635,16689.1281973923,7218.72261584758,3434.16078140609,33130.5343895997,354744.431690855,82946.5776225489,16828.8198402135,7280.56508479971,3458.89344740543,33446.2605149677,353651.752565743,83322.0822933142,16952.2981877832,7333.81753522949,3479.64032512219,33741.6838202473,352183.94125967,83651.8140709617,17085.9607488024,7390.19375811307,3500.59437598899,34018.0488575361,350418.398530158,83911.7346541886,17213.3549883048,7447.3121489767,3522.61349152041,34277.3640771192,348494.547283337,84128.8276939464,17334.0657080803,7502.64846657137,3544.57212102395,34524.3770502914,347122.015468326,84330.3438067582,17447.7965920863,7555.8759649241,3566.15705137953,34782.3334660033,345465.326062729,84547.4224856238,17544.672529696,7599.70794925507,3583.27499113029,35021.3572548237,343541.565073164,84723.7853042635,17652.9126448991,7646.88788521491,3600.50576045624,35243.5011774361,341235.914683546,84835.4328721616,17754.1406363858,7694.35486417266,3618.55354705427,35444.3468232333,338718.423374123,84891.6933147643,17851.0857097064,7741.33036646588,3637.06273268475,35629.8670719695,336611.875870832,84922.1671485175,17939.6802073544,7786.31089705394,3655.51416112175,35821.7602864048,334405.458384964,84964.342528704,18011.6353603058,7822.34768034779,3669.94824343773,36000.7600181302,331743.014228273,84970.5458986013,18088.7011951047,7858.49775548825,3683.07550352327,36154.1483610665,328832.72376776,84902.9201875498,18165.9436313052,7897.82922257348,3697.99230115408,36289.7586222566,326130.858435095,84813.1396458601,18237.4483290623,7937.09102434418,3714.13955988987,36424.9512098972,324985.242272736,84789.4126468966,18302.714889586,7974.00705965694,3730.24047404448,36611.2232932318,323982.066470429,84914.8025916046,18347.4844799637,7995.41349879731,3738.32624348111,36794.5571518322,322844.66725801,85060.4389754564,18426.5064323141,8026.51515408981,3747.41204256063,36965.8279892895,321421.141089306,85159.6559230261,18509.1367240982,8065.05993694237,3761.0050508989,37120.0809674468,319700.720536985,85205.5710405891,18588.6429283372,8105.11489269727,3777.02098160802,37257.248854515,317824.296101119,85198.4039084471,18660.793482773,8144.06057354219,3793.80198346001,37381.8506833696,315808.411850936,85155.8054937917,18723.6221869408,8179.49271959974,3809.69973481073,37493.8611854327,313670.651049658,85080.5724276939,18780.1527128407,8212.10090111134,3824.40921073338,37593.6659729386
558,315024.573431393,123625.552183211,36304.6364044253,17641.9614370093,8719.49167568734,34506.8683660653,281262.236543239,109251.556213683,32235.5550192165,15848.8548788484,7881.66105399161,31883.1626788513,284018.705993233,111305.291904623,30867.8620459783,15407.4288753353,7856.78483192246,32558.3174106453,283923.120317122,113280.475142522,30924.1831943826,14935.1844000867,7514.10939805287,32648.5862484983,282765.855929346,114246.104122612,31505.1634385192,15091.0691793653,7453.39850205348,32685.0556401351,281660.252062747,115138.108309841,32073.7045251263,15400.7319467827,7579.57804200479,32925.1546312852,280492.631304303,115921.089205149,32604.0542215078,15715.8449836039,7747.80025181534,33285.641099353,279222.197807159,116623.345734094,33101.1410191992,16018.3131580782,7918.86878172452,33689.9020856898,278447.890765673,117380.076995941,33603.3425831871,16323.7610868569,8093.4045904305,34140.6233908788,277381.95577761,118058.795199432,34056.4139154544,16601.9460647068,8254.5056178223,34565.4472487061,276162.608977823,118706.780006089,34522.84320204,16884.1896657584,8415.82563342939,34981.425166112,274679.951207787,119256.59952091,34975.9330382542,17165.968366253,8578.68797665053,35380.871313285,273066.619732895,119741.562850309,35422.9450597079,17449.0751043483,8744.82784052863,35773.7243189207,271941.489986817,120273.372718131,35878.0927504787,17740.841200322,8918.07758297239,36198.5888758811,270444.101333102,120710.479981887,36273.4026515999,17999.6966028239,9075.59594262872,36585.3110550084,268678.682243549,121094.724179681,36682.4612066651,18262.223555878,9232.74691155492,36954.6331318786,266669.717525579,121370.180789247,37081.6800039763,18528.0095391964,9393.82430779198,37309.5739475707,264505.855705009,121562.912021603,37465.0522944203,18791.5375263183,9557.36485014271,37656.0191807761,262936.774885976,121831.356948698,37863.0525316014,19066.5771298409,9729.65790435526,38045.143587092,261018.383927453,122004.460613968,38189.8985784819,19301.2020832097,9881.87894513812,38391.346805626,258931.919755427,122149.169637663,38536.0600310863,19540.4079338278,10033.1908316425,38723.6771302351,256523.430095855,122162.113618933,38861.8216694699,19776.9433137267,10184.972260772,39031.0009111789,253961.968743928,122094.692834921,39177.1532959939,20014.046292911,10340.5220446738,39330.7885900576,251765.206771322,122050.106888706,39494.9638714935,20257.8093561385,10502.9485652238,39659.2226413536,249468.221661411,121960.216443714,39763.0068417843,20473.3384429859,10652.0195670362,39967.2143702978,246807.659383157,121784.599631893,40016.4916200184,20675.7746957804,10791.7067656508,40239.5369124833,243948.359784091,121508.785640127,40269.6156071298,20884.0433930013,10935.2220730103,40497.3674434606,241242.493097477,121195.77753397,40517.5326107704,21097.6940909804,11085.8834310948,40765.6208672516,240016.170191259,121179.871443816,40811.7021374062,21338.6367627903,11254.6265137149,41146.2926313601,238779.187949238,121199.797242538,40997.577446671,21503.6167341187,11380.0398217199,41474.9720004409,237507.620831506,121291.983506667,41229.6597008902,21670.0878449475,11493.3986597426,41773.0301718386,235961.652566524,121264.86369856,41454.7722432353,21839.7504879224,11606.1919959806,42031.3925762395,234198.444980138,121160.341495132,41669.4540755582,22011.8645742619,11724.142110427,42273.4947887392,232283.870803608,120974.719579155,41869.9559670759,22182.2626292766,11844.9348564836,42507.7294948961,230281.832449147,120732.364242603,42053.0093844788,22347.3490496047,11965.932818039,42738.2004104255,228176.071133811,120434.763129311,42217.2346288748,22503.704056499,12083.8875546563,42959.6840667424
559,102442.735724148,100567.198133603,69071.1615479235,52467.8420403295,39594.1253222169,121490.24193732,96602.5195511181,98522.376983152,65298.7590920741,49553.6618907102,37467.3557746891,116119.642838047,79398.4475902792,80561.7100695829,53646.2143704475,40677.7942828149,30713.8465976813,95599.3315111593,86579.5681166903,90973.7864300582,60931.0891265763,46117.4654066102,34896.8778969496,109443.956058312,89328.163450037,92628.028190545,63645.6761936378,48464.6846951697,36720.176365946,116209.948123159,81647.53914432,84485.99759113,57646.2471161911,44300.1852610878,33812.6413620798,108230.118669913,81914.5165942029,86305.8758178858,59011.0883280934,45296.6725120913,34694.3025684932,112667.294202838,83875.3781255542,88444.0450172528,61435.606837061,47301.8289590499,36278.513808612,119328.318231274,80832.8548029109,84954.4585258146,59196.6686694528,45890.0718833264,35364.9338167141,117807.199239904,79310.7207517799,84044.3272049305,58565.2597303283,45503.8786667787,35218.390961966,119025.881475541,79888.3379819533,85081.5220384381,59781.0714696913,46524.2511426491,36084.6587722565,123677.002819177,78659.4438346371,83818.8412835898,59253.6961192698,46307.9340657618,36024.6038321754,125096.569989948,76829.9800322565,82237.3376856188,58308.1412123773,45721.20776553,35696.1373561316,125623.339819472,76343.8613157575,82042.8748141507,58498.0377211467,45984.6073879783,36004.9651432676,128429.235766643,75841.7665626701,81692.4742169593,58548.1628239751,46176.1092217454,36261.9544227584,131076.34447173,74495.9985407089,80484.4422312443,57904.3641622215,45805.7556711548,36082.7338292171,132180.504833361,73295.7971596715,79538.7631389774,57481.7844822885,45588.0901659176,36010.8104046026,133671.976658475,72407.8954131203,78872.1403173009,57331.2963407178,45600.2655799221,36117.9146389823,135818.124147145,71454.4680121157,77954.3580284695,56950.0848142634,45451.9941456618,36111.1527747541,137571.018427782,70447.5754986618,77088.1456438975,56496.2642409494,45224.6956749867,36044.8695609913,139170.756448416,69473.4999513503,76287.3969144111,56141.8060190808,45044.3401685956,35996.8217281615,140867.170218513,68412.2952652266,75377.9922969472,55735.7134482469,44834.7560470457,35918.4732280478,142410.181141011,67217.2685847066,74310.4586394474,55214.8974961242,44543.3184227428,35780.3790773556,143699.123532489,66154.7806641629,73296.0612426757,54715.7925442209,44273.8717000245,35665.6236286545,145105.007035306,65245.3055773213,72485.7108355824,54307.0724988878,44068.6319938292,35603.9436254081,146782.462902808,64196.4148734339,71552.8023469267,53820.3663185634,43779.8006180511,35464.336929468,148170.543906539,62973.7748517119,70415.6691227076,53203.2826217327,43387.3044417128,35233.8596665362,149156.497818253,61807.1203796088,69301.9602960896,52605.5219000157,43018.3631969101,35025.1855450434,150217.619832094,61120.0003846554,68495.8858734532,52181.214450081,42794.2805151756,34938.9471959675,151833.653930631,60742.6314031559,68138.9320712235,51940.794358905,42688.3368326499,34943.4864338558,153903.938183469,60222.3045876006,67662.9798421673,51644.4686403419,42481.4170452695,34831.6335306524,155415.746416535,59491.2444424655,66989.5679188294,51238.5830579592,42185.7924469993,34625.6374009175,156309.981172889,58760.964412079,66338.6297449143,50893.7740490608,41955.9019037768,34474.3447570574,157250.887234319,58078.8555550304,65718.5226329793,50595.799018078,41785.3743880977,34383.535028421,158353.313824568,57337.2971645393,65007.8605568221,50215.9721652678,41558.8908328578,34259.7435687059,159284.584711076,56527.4872382063,64224.4548533506,49761.8656128795,41268.797416473,34089.0656847692,160031.388443993
560,333331.424541917,122712.996426094,30925.1969579002,13844.9549495444,6201.24093011068,10320.6873169606,309400.191102991,108632.156953624,26996.9640923176,12203.3437129948,5494.74639045172,9553.21034603758,311076.471144443,108592.809033255,24360.1561898826,11248.4339820161,5238.44535382796,9575.83961187284,311197.738556289,110704.57081511,23833.9970678005,10373.1576739396,4699.51532486527,9304.09675137407,310661.090835752,111873.828959782,24271.4568980513,10366.2884335953,4523.81533014826,9038.44661418697,309842.284307428,112817.639883441,24711.9885639934,10559.1106463423,4566.75906948522,8978.88018622054,308962.009114601,113670.128888413,25128.4657447229,10772.9022394654,4662.54024221522,9052.30369067296,307992.994723295,114462.485611411,25524.1174707916,10982.1101904533,4765.74006180995,9177.96924217734,307482.031354769,115272.175628357,25917.3394620449,11190.8583948691,4870.49329260795,9325.66028320089,306769.992739449,116057.000497452,26282.514911577,11385.2029572377,4969.00215612745,9471.90435755113,305840.885216695,116798.153199324,26657.4969132696,11582.5241380417,5067.80723604479,9616.63192053795,304663.667363506,117463.673137905,27027.7482309059,11782.2642954153,5169.11039865149,9760.90814403411,303280.803365372,118059.895103625,27391.8763293973,11982.350853847,5272.2409930146,9905.55709303352,302389.772764604,118672.405494666,27758.1813864934,12186.1902385076,5378.49717730793,10057.6926900184,301191.619200243,119245.388363213,28086.2972737429,12370.8785514353,5476.55966379633,10201.3348908952,299661.100752347,119757.710424121,28428.9577494578,12559.9036437043,5575.07911147917,10340.829003061,297887.95499836,120172.692669789,28765.6024340065,12752.9143494838,5677.38366216226,10480.4418800634,295912.036445873,120514.060761317,29091.1547324635,12944.250994465,5781.13152584394,10620.6482642114,294447.01689332,120872.505137232,29417.5847220332,13138.5709515516,5887.64665286757,10768.8772165813,292762.532952022,121206.777654842,29704.4856968244,13312.1385644005,5984.95856235586,10908.4190480229,290867.23663164,121495.483378136,30004.7832416336,13488.6914737045,6081.72694259051,11043.5481765369,288641.925427541,121680.003338743,30293.0024800535,13665.4460710794,6180.22015190563,11175.7743056842,286156.139402815,121775.600070641,30574.7586623352,13842.7937592472,6281.00755989376,11308.2724347158,284062.327013276,121863.684139582,30854.3318340445,14023.5240954035,6385.47992059111,11449.0626587976,281894.122470677,121940.278270037,31097.5527933636,14185.3496948912,6481.96003652874,11584.1759960793,279354.806270578,121949.039174144,31339.7187342964,14342.7192543414,6574.46882832549,11710.7529597876,276562.728057637,121852.630892678,31581.0302189697,14505.1282735425,6670.45878424481,11835.9908115642,273820.729446872,121701.634685731,31813.822080703,14668.97691839,6770.0006267355,11965.5996431047,272552.937949294,121737.476305338,32059.7645870984,14840.5880914083,6874.9516131179,12116.8861486171,271484.37349077,121910.99835401,32238.9691399918,14967.5347491272,6956.50864306776,12250.8847567441,270310.900379322,122119.190896837,32453.0326037787,15095.5543274846,7030.38348946896,12368.8648575282,268871.625480435,122237.713162516,32667.8809669089,15230.7886868805,7107.68440453024,12479.7344007307,267173.585184708,122272.517932433,32874.360494891,15367.3288551236,7188.43536334158,12590.6537671074,265339.787781528,122238.046972271,33072.5913772078,15503.8574810231,7271.43985454289,12704.1108656731,263350.593926108,122141.516872869,33254.8120928184,15635.137492969,7353.61667593943,12817.3648744957,261278.663355147,121996.495833489,33428.1197976197,15763.202998478,7435.04761656266,12930.3876312509
561,147031.742051885,125610.868872433,67514.3222470549,44841.8667582919,29643.1591941023,61223.8232201192,117269.978626604,102547.663816082,56213.1951540629,37441.0192150481,24836.6576817561,51745.8721361044,124758.475456419,111895.058584524,62295.4694644998,42174.4954529107,28294.8209833232,59521.8179277155,122683.912930139,108280.684173725,61353.9798461224,41876.3969597198,28425.043187135,61335.9724220467,119021.799097129,106083.350209296,59630.0637527772,40949.4042892551,28023.6130780942,62029.401640661,120687.663531768,108746.715888372,61748.1512107802,42363.612459641,29056.0505721245,65718.5898927182,117623.235629302,105981.653481226,60772.0904514722,41908.0604675023,28818.0120379626,66191.656215771,116865.774146857,106314.804595538,61244.5825819687,42420.303157966,29302.5557501058,68230.5014090324,116132.382909952,105994.728746899,61637.1448530983,42854.6349633732,29715.073149666,70126.5002557139,114633.581106195,105102.685191643,61446.831517499,42921.5551858524,29890.9431653358,71460.8294802973,113747.043063474,104944.498149042,61744.183591436,43275.5562991965,30254.4779952307,73268.4243246648,112437.048388474,104230.532217505,61778.0608321858,43464.9801861582,30496.3668301005,74770.8209706227,111033.50917254,103486.858275678,61749.4016791885,43621.914017064,30725.7200315289,76247.0180383846,110055.854135389,103001.371062152,61877.6345740625,43887.4669739502,31034.4064677965,77956.6749783448,108908.042764758,102386.408676503,61859.9469149913,44044.1878817951,31267.3411926836,79518.172390403,107546.162658603,101632.12954181,61776.7410783713,44136.0304482482,31445.2899109054,80955.8791734711,106181.442680877,100867.530122994,61725.1041141503,44258.098633117,31642.0526148811,82438.6613569866,104704.401582353,99947.8947512116,61584.7440204043,44329.5121997179,31809.6341584735,83860.692351588,103498.008534655,99156.4002209543,61482.8948307649,44433.8892292897,32007.8640198623,85406.0995899192,102317.089737922,98448.3604970996,61365.0088692523,44510.7151986494,32185.5123529163,86950.8817802397,100920.198745154,97542.4060629015,61146.3155874733,44496.0343642255,32284.9804959546,88301.2282574577,99457.5082371636,96609.7229886925,60929.3982568267,44487.5298678763,32385.0632767085,89641.7140501241,97909.6221470587,95556.1019463225,60663.2771862993,44452.504139878,32469.7479902556,90942.0477393963,96535.0919090761,94551.7901238196,60398.3442137583,44429.1618629043,32570.8567656662,92319.254287307,95251.2508241565,93664.5466885147,60140.5889625418,44399.5066543182,32669.4509078088,93743.6558282568,93736.7837081974,92597.1726989243,59778.364596476,44272.910521503,32686.3405315044,94960.1472569802,92119.5572727665,91425.7713876018,59381.6183360895,44123.9492997521,32681.133253991,96102.971996005,90624.9535552993,90279.6186364116,59005.6250309933,44002.2051089635,32701.0475330793,97324.636724893,89774.7501570144,89500.3180406455,58774.324923615,43991.4091653248,32809.9991901384,98856.4841348941,89173.0559681078,89071.2356477718,58609.0766947175,43987.5717131397,32915.1554208887,100432.049227858,88333.885266938,88458.0099855297,58354.0432255696,43864.0345586447,32896.070694892,101584.601526984,87429.2120250275,87839.2202938058,58142.3084732395,43775.1217052331,32884.5511435036,102625.560156551,86491.3379749264,87186.4948796175,57956.8283936274,43723.5298374213,32904.0202496259,103650.759441266,85446.4145289021,86396.7840832462,57687.8275679728,43628.3181109194,32902.7439005028,104562.586573437,84376.5229045998,85579.8003196453,57388.1284694278,43515.3531773644,32897.7719113801,105472.279505325,83306.6413174089,84756.6860135519,57080.3669154398,43394.8743366198,32890.1591338801,106407.921464933
562,293157.847563989,91600.3448647926,23290.1940674468,10543.1313155785,4925.38694947257,21602.4370227338,280568.185120632,93868.0036683181,24233.2906265613,11041.6731155462,5162.29222981951,21760.8080556987,280191.241218415,93661.7580787104,23977.8333470559,11153.38834007,5315.3451768141,22156.2689733831,280874.981196403,95264.8006857942,24322.5563430948,11116.8142066139,5271.81645921953,22459.2918278319,281103.581364812,96379.4319953719,24866.5818526433,11356.9403935875,5338.81582663593,22707.5660354834,281071.436401234,97421.4502364359,25358.6452994131,11623.1677428735,5465.60076626195,23012.5339780406,280947.215687532,98410.1578578467,25841.1476269432,11887.6246308664,5601.77152816335,23352.4858306961,280718.474314431,99355.03520098,26312.2637333047,12148.9101899803,5738.73157836924,23700.9345071508,280872.923717402,100300.390955795,26782.8678239552,12411.3536670565,5877.33327571749,24064.2196990559,280724.303313367,101185.511059076,27213.0728878461,12653.8249459403,6006.99818587602,24409.090227209,280417.618263722,102064.214879004,27659.3471575239,12900.9383039933,6137.40989753165,24746.8574697203,279852.848441832,102869.450182032,28103.0978507254,13152.1720143587,6271.14968505065,25075.2269720366,279139.456122793,103628.521866503,28544.8388404463,13406.7917135704,6408.8190883462,25400.2219540092,278813.496886161,104377.175012414,28985.8448761442,13664.6798067058,6550.2083941802,25739.2222853912,278100.997572056,105055.100742064,29377.2050051089,13897.9010817255,6680.7779671771,26055.3678342853,277175.542609097,105724.391090405,29790.4763727032,14137.6997154008,6812.60086903621,26362.148418647,275961.22968833,106293.554014261,30198.4677200537,14382.2432345324,6948.57264653885,26658.5280306189,274591.351755444,106809.155749535,30599.8261280319,14628.7136381657,7088.46818488814,26951.7242649366,273673.50615546,107318.829849267,31000.7631072442,14878.5015332829,7232.27535622045,27262.8271547942,272436.828199743,107768.875638668,31345.5013760648,15099.3941625974,7362.97593431902,27551.3014082342,271065.974119537,108218.022579024,31712.1645257214,15325.0870656857,7493.314202511,27829.9684908969,269316.878896156,108549.795746011,32064.7512390843,15550.7587280002,7625.13458621537,28091.6253834859,267394.489713351,108829.594765866,32417.4237010351,15781.4060592768,7762.17415345941,28349.4213536405,265772.64390493,109074.144767421,32764.9188446584,16015.0401745285,7903.68887063576,28621.3805941368,264031.993612897,109279.92889661,33064.6726763167,16224.5175891415,8034.92393369898,28880.8649459381,261954.640367118,109449.046651827,33362.9136027735,16426.954598565,8160.27788285925,29118.2373905686,259649.000539453,109526.022406009,33667.2327449349,16637.639489176,8290.28893225623,29345.1360759316,257416.649980996,109561.225979695,33965.1497765436,16853.137311267,8426.60862417359,29577.7416119685,256466.152330869,109707.535541541,34270.6176254482,17075.0953352575,8569.19860842005,29865.8577990098,255571.835328051,109915.734988566,34481.9074794989,17237.7378002766,8680.43831057607,30129.7215121039,254681.486213917,110210.650541463,34733.8182800119,17398.327321692,8779.99336543471,30367.4932537248,253471.168577231,110402.752072651,34986.8868805055,17565.6724912667,8881.12892013944,30580.6260161542,252061.117970827,110539.756663346,35237.0920972925,17738.8519365254,8988.58587819717,30785.2566203564,250476.992381631,110601.066831913,35476.9656621692,17911.8484936273,9099.21934173971,30985.7954876151,248794.906364773,110610.860885457,35702.359454944,18081.2275662663,9210.56689851291,31184.0386743006,246993.232097822,110573.104935367,35913.3357105617,18244.2992122585,9320.031533795,31376.0707491044
563,349483.280609689,99343.0818741825,26163.9552925494,11874.8431683741,5383.10008823138,9110.5597929566,328589.675555158,90757.491564186,23541.4748190927,10815.491527521,4934.62897739494,8594.09474185888,328638.382029671,91222.8942980568,21580.863618527,9970.645357472,4665.691381055,8565.9006111468,329006.844585209,92983.6682818794,21504.9296371717,9481.52221307819,4309.13431442011,8374.02528003404,328648.416080558,94053.8817036231,21922.7924401236,9557.00840917969,4230.00431017086,8219.62320205935,327876.0193013,94928.6874150406,22316.5768350359,9742.39810120085,4290.1346051163,8216.44224932879,327024.5424248,95731.1453680228,22691.5968255125,9937.88221731013,4382.05425199953,8304.44968343739,326146.323307339,96494.3197831076,23053.0719511972,10130.105565561,4478.32449678539,8427.58599328588,325747.573291695,97275.1596428959,23411.3475450829,10321.4327076737,4575.36518046927,8566.41768385555,325042.306745302,98020.076867788,23744.6863265009,10499.3424403873,4666.24612165556,8700.78985691312,324098.208211976,98725.3433211596,24086.6886250987,10680.614756048,4757.87524862702,8833.67962270849,322876.91176779,99367.2037835169,24424.1145006581,10863.998474745,4851.8465019049,8966.22511458593,321556.114767316,99967.6786757291,24760.5488608798,11049.6914304147,4948.39963896674,9100.90917466084,320724.352283981,100583.181750471,25095.2109621625,11237.0378312356,5047.04780334747,9242.38436520487,319466.341420396,101145.429594859,25396.4877178164,11406.6562569451,5137.67656973485,9373.98423866022,317863.945695076,101654.691502256,25709.1901599486,11580.6068505487,5229.22894541981,9502.35531391891,316020.860826786,102090.805045594,26017.837060307,11758.4421892969,5324.38882189146,9631.56993004209,314065.313115909,102480.646871844,26321.0557953042,11936.779797823,5421.7443755266,9762.97349556431,312663.307798957,102889.956644526,26622.3407793017,12116.5441524011,5521.07684331126,9902.20137580011,310896.802469561,103253.3911672,26886.1684157301,12275.6026647612,5610.7380022957,10030.3795480536,308902.215663023,103576.382824892,27162.3424730828,12438.6331808034,5700.71622663994,10155.3101671785,306535.561397196,103811.504945128,27428.4906671627,12602.1733766444,5792.54029926789,10277.8383140515,304008.735053089,103985.864293789,27691.6774007365,12767.9499861879,5887.38551838916,10402.7824895178,301926.739033689,104171.158079083,27953.9540767404,12936.6758034826,5985.48848133636,10536.3648300831,299652.356664735,104314.824655167,28178.6745945118,13085.5259334086,6074.67007413303,10661.5774578929,296937.717598903,104395.068684739,28401.9061162049,13230.5046213776,6160.4317219503,10778.6163467355,294032.480229217,104402.167686747,28629.3941698582,13382.8118655538,6250.812673199,10896.8621244467,291432.015743304,104401.867343054,28857.414048131,13540.2799406947,6346.37633183197,11023.4975506018,290393.744116996,104571.290523209,29092.281908714,13701.5529335526,6445.15653802373,11169.8644004533,289257.601396449,104775.998050939,29257.4502821257,13815.9411352739,6518.58363428839,11291.3290372057,288021.604601471,105007.554636793,29456.6913144426,13935.271653123,6587.50390430623,11400.4012614247,286494.405489131,105164.546798449,29655.7366155418,14060.9104304293,6659.86140579774,11503.6419571889,284693.33895137,105252.715560237,29848.3102543808,14188.2282154382,6735.63782135625,11607.5967135089,282758.441438257,105286.729994555,30034.6118269449,14316.2301278228,6813.87413501749,11714.7739979773,280693.112577667,105270.261419391,30206.9131998392,14439.6372556377,6891.4602028134,11822.4429331601,278523.440168763,105214.942164943,30370.0608213663,14559.2096188386,6967.87425600533,11929.5310139833
564,378246.317257458,82861.5673537499,19121.033124468,8709.5493412762,4305.31717741197,36147.9681187089,363657.503258703,77822.1899229368,18041.1253208696,8376.95975653037,4180.73557831387,35714.7642206152,363563.861462121,78071.7961912199,16331.1994139079,7671.48012637352,3964.56415818481,36005.2567589211,363740.274359118,79262.734452848,16273.0618179505,7304.34494532718,3692.89163825767,36247.3798275928,363663.108454489,80103.1419690542,16519.6596225136,7339.34931277313,3634.8542548941,36546.0885591049,363228.509281662,80845.6574750399,16754.7359506044,7434.10303387818,3658.15456962399,36930.1068372848,362682.459732037,81531.963198368,16981.1937671882,7534.13780500663,3697.16137833991,37355.1800215178,362131.206430436,82195.5228254309,17200.7877928448,7632.62083525256,3738.05405307236,37790.3658189109,362052.862821934,82859.3571742514,17415.1461087536,7729.27985626191,3778.79422517601,38243.5919411283,361674.679248466,83521.7280614515,17618.1926198209,7819.09675713337,3816.00329749294,38674.9597868641,361026.073028947,84148.1569507628,17830.0182094958,7912.47294437396,3853.92871057371,39089.2038772956,360090.198951465,84725.0032718419,18038.3075086458,8007.18899230632,3893.18693648155,39485.4128397272,359049.431488799,85269.0755983022,18244.8193702379,8102.50218489052,3933.47313539685,39870.8739490245,358515.776848327,85808.3631636245,18445.0204224091,8196.50898755868,3974.10144314587,40272.0885835956,357562.67952845,86337.9680218999,18628.3974056441,8280.79619651628,4009.97999619386,40642.8952577161,356214.44142375,86818.4286139806,18822.2683547053,8369.00246336032,4046.44508783967,40989.8176267955,354599.045187245,87237.5712621085,19011.9845260641,8459.17987374931,4084.74885586348,41318.9644426169,352883.604092085,87620.9023235242,19196.4036284696,8548.44652599894,4123.57758376015,41636.0086885307,351736.545872742,88003.1327498058,19374.2191951731,8635.89443929578,4162.37735121559,41972.2834451156,350215.661763377,88379.5401764205,19532.6369945312,8711.97537479078,4195.5160512444,42277.1752995321,348435.934264928,88713.8333264958,19702.4051727256,8792.08454411818,4229.13157423652,42562.9146809187,346254.355911009,88984.2646585001,19865.3030363297,8872.6390454052,4263.77665652714,42821.5518223774,343902.662645201,89204.8748536021,20026.2221433187,8954.11265051554,4299.70470638833,43064.5419471028,342009.52436304,89413.7641477388,20179.4975609591,9034.22960753777,4336.18335316925,43322.0952916756,339921.269296841,89616.1949695171,20312.1988630868,9102.89235028198,4367.31837910338,43556.5493364643,337362.415178399,89770.7089997882,20449.2988929892,9171.57936000183,4396.98450739097,43757.5470487249,334567.139586767,89858.3553049972,20587.3219529754,9244.34372091658,4429.10328106526,43939.2607333923,332092.025667417,89935.5511177584,20723.2789693435,9318.91606579179,4463.58175479803,44127.3952043308,331242.305751989,90102.9198547873,20851.6065230404,9390.7655178112,4498.2492920201,44390.2773156928,330339.53990851,90357.7018660836,20946.3734755518,9438.88036656555,4520.35065733481,44628.2171837617,329265.956444139,90615.7953406627,21072.2429240307,9495.62001784369,4542.55532595375,44848.1238330818,327887.485138392,90822.0809540194,21200.9327410483,9559.73014461639,4569.35003723977,45045.1162882901,326223.395941692,90974.7510449121,21326.2895679276,9625.71868233635,4599.02250099344,45221.7872317599,324401.499986872,91080.0304907573,21445.3232535911,9691.17975393791,4629.95386492194,45384.2292151694,322445.728842533,91147.8880748052,21555.083126279,9753.34732386857,4660.25033925518,45532.2122055304,320360.228133003,91182.1293558059,21657.7841221608,9812.38748594981,4689.32842933594,45665.3820980164
565,356792.474333838,85673.3267030986,18574.2022196334,8181.11180544824,3854.32040478714,24495.4799953145,325156.333665995,71944.2800548642,17026.7775585619,7836.14286273532,3753.28077668533,23783.5677561847,321815.096692535,70491.5160508529,13420.8915375029,6346.27712363952,3286.43896614588,23665.2985225904,320595.054272699,71202.4340439264,12997.4504994926,5657.1651054724,2806.81669042097,23524.7310001409,319767.297590687,71683.734946125,13095.5421246522,5586.60232867369,2673.2898185949,23543.5332942954,318799.315274072,72088.9506665576,13215.0266023655,5619.08119362976,2661.27678731084,23716.8346150436,317761.616731477,72440.6617854544,13327.5942410319,5663.00961340155,2673.47337333602,23957.8739133764,316688.717576387,72763.5977374503,13433.407333291,5705.82261589266,2688.74930545585,24218.0003849849,316103.115223364,73096.3470776846,13533.3959217142,5746.68222119518,2703.8834297488,24492.9832286489,315320.394239302,73462.393930886,13633.6207025834,5785.4930762545,2717.64436787881,24761.797753335,314338.087982078,73785.6789501615,13739.7159236631,5827.4730063293,2732.28916182369,25022.1403439893,313110.874454956,74067.5905220558,13841.0146473985,5869.23449317683,2747.46923906698,25272.6950919966,311760.677190687,74303.1491387409,13937.4941390257,5909.66332686288,2762.44300907326,25514.6207034867,310874.635493157,74541.2559453623,14025.7398959074,5947.41663526787,2776.77969741658,25763.8097582695,309700.844815437,74809.7597620467,14112.2671152988,5981.90810491124,2789.13864201043,26001.8279276881,308220.074905259,75018.3744364133,14204.9740026102,6019.63177744552,2802.25931240191,26227.0796416597,306511.631069699,75174.2111795043,14290.3246596068,6056.59345407103,2815.83774268095,26442.0941850972,304647.684541855,75281.4140093255,14369.0580710327,6091.12127457168,2828.70219771302,26646.7744554906,303345.433060107,75394.2074905125,14438.7438507249,6122.60597727565,2840.68298554052,26861.3173361483,301794.712323411,75548.2890048904,14506.1726590448,6149.99754008913,2850.17836493141,27064.4579903133,300028.976221736,75650.7534589789,14581.205391099,6181.1435045876,2860.51805467122,27256.2424766958,297947.961464278,75704.955637896,14650.0126057249,6211.85207841744,2871.40099850141,27434.9556908346,295689.174306974,75697.2442047261,14713.4782296074,6241.20695517059,2882.10550515728,27602.0315907403,293846.908302608,75685.2681037866,14766.1558975377,6267.09127328452,2891.93537002818,27775.1144245927,291902.834136939,75707.7129690198,14814.5154128527,6288.41751233694,2899.24444810538,27940.0057302739,289589.125811039,75684.8189715749,14869.0796345489,6312.0255795086,2906.64186044019,28087.9577868198,287051.047642181,75595.2771952052,14919.2832339548,6336.51435400006,2915.05315628634,28223.599146399,284792.163957894,75474.2870137987,14961.3571419652,6358.7824537016,2923.30925549915,28358.7627656561,283921.683369697,75459.0255334455,14992.2036398416,6375.94694347032,2929.94986087794,28530.1299147818,283113.299172067,75596.8752234006,15029.0430361706,6388.14644231414,2932.54149982005,28696.4413314225,282177.162092192,75721.3914123946,15091.0552262989,6411.13811302976,2938.17299718028,28853.3827328762,280988.960666553,75808.1890859123,15153.6243240354,6438.68841755947,2947.27855778471,28999.2520795778,279562.061705266,75843.9803716045,15212.4827839397,6466.65004880347,2957.80348104755,29133.7599300437,278002.634265166,75837.6781193534,15264.1531265611,6492.81847457896,2968.39653262711,29259.6634342008,276343.217467421,75803.4279923611,15308.945283844,6516.15461346538,2978.08450854068,29377.3886018256,274578.687996909,75743.7266534002,15349.0586164433,6537.31558912002,2986.78490801927,29486.5271165568
566,252090.621189463,106444.130969591,34216.6866291251,17146.0265095786,8589.43107255954,19388.4206169049,227728.35411747,98153.0904616124,31631.5962535995,15984.8619506068,8034.21148450883,18073.6847912335,229997.729641795,101046.380259084,31585.8691855638,16156.8375059818,8314.43005048364,18925.1355750884,228105.648043058,101337.384192578,31624.8508541486,15926.3953094042,8129.49539870258,18924.2218918981,227555.147536358,102497.821841015,32341.7094940988,16238.3166730594,8222.65252626981,19114.1051983913,226348.587225754,103052.933797587,32878.594871662,16588.2262559129,8404.89814887031,19329.8665718864,225231.652815078,103679.274550562,33420.6897644144,16944.5675973594,8621.71781640275,19664.6044014928,224000.808415818,104186.009697961,33919.3938611837,17284.5090194027,8835.25397913755,20028.173921591,223217.173951868,104757.289391302,34426.730152118,17628.4984732663,9053.23610969382,20431.6330795453,222222.714983088,105285.088542995,34884.9398273533,17942.6093762621,9255.28201851025,20818.2635203232,221068.617599414,105766.011217576,35354.171460599,18258.9180349096,9456.09350588322,21200.7174755928,219713.423984581,106157.01164018,35808.9624096508,18574.8988591077,9658.86442443309,21578.9517557125,218240.02259888,106477.94588999,36251.784745488,18889.7779328813,9864.42714202074,21960.2054736577,217184.987086773,106838.646557753,36701.7418189028,19213.5257898836,10077.909054333,22368.8601804861,215860.739777588,107150.035788391,37095.0759348167,19502.8252111251,10273.8997997659,22753.9106043365,214284.044861189,107385.205823586,37497.3013446856,19792.8525227277,10467.4965075579,23128.993733065,212514.467822915,107520.88346959,37886.2217765391,20085.5169368725,10665.353718019,23502.9855324556,210612.785897558,107571.489216777,38254.8417449014,20373.4452074164,10865.027605562,23879.4676792601,209211.347473374,107691.249268847,38637.4207402755,20674.1334120459,11075.1327096334,24292.7902022316,207555.144828266,107754.81118402,38951.4049814623,20931.3331054782,11262.135313128,24675.1077777663,205752.487361777,107774.173662508,39281.4090842261,21191.3721608886,11446.7551984458,25050.4537038652,203671.590943893,107670.993363471,39584.2913652624,21444.9510209825,11629.8960692587,25412.4264449332,201441.529898997,107479.236738835,39873.6580432267,21697.4670957869,11816.4079007557,25777.6699678307,199585.837246172,107322.536088109,40169.4250902174,21960.8014208078,12013.2660246838,26176.4084579092,197642.758021526,107143.494955553,40409.545273653,22189.0526618713,12192.2911363147,26558.1685662988,195369.89999812,106871.487041429,40633.6599969316,22400.4556228957,12358.14485786,26913.4143276911,192948.813447434,106502.498612929,40855.7259043484,22618.6882040011,12528.7484223945,27267.6548825815,190665.793256841,106085.369887834,41062.5747575894,22837.5317090102,12705.0614707182,27635.4786288058,189659.945978862,105981.861637759,41329.4668174255,23092.9580558617,12905.9570304544,28091.77341641,188613.377010643,105935.930354209,41488.4764449818,23262.6802501903,13053.5146916189,28478.0339721226,187510.220146804,105930.677616894,41696.4277492008,23434.379212767,13186.3846845136,28827.0080932555,186174.589630835,105817.14729292,41892.0222592726,23607.0875183418,13316.7653756924,29138.7866157665,184662.203363926,105630.369833851,42078.025709271,23782.7098571035,13452.9503831807,29444.4645618914,183047.806640696,105368.522229201,42246.3175638746,23955.4875301558,13592.0358736765,29753.0671021879,181365.171615975,105062.950716325,42395.0585393337,24120.959326446,13730.5374152149,30067.1869787876,179586.846217928,104696.605209713,42521.31773009,24274.2321334037,13863.5814712075,30377.464300104
567,148675.026791837,117582.032752411,69027.7909644361,47857.639115143,32993.3443569128,78162.0016878137,128770.685436828,107227.291673916,62160.5081117201,43187.8847574562,29893.8245905943,71525.1629545119,123596.917559736,102933.407840366,60711.3195237821,42550.0856559997,29600.12522292,71348.0718476389,128933.82526102,108720.993809183,64518.7390413918,45431.7109456852,31896.5518686929,78281.9717611322,122971.724870685,103133.192574372,61656.736613145,43620.2623739613,30757.2485190465,76937.1492307937,122731.288576866,104379.159640471,62446.4499093535,44285.1717750209,31350.0750020146,79730.2656341228,122370.763600529,104508.07835307,63290.9478644791,44999.9298673998,31924.5974694156,82342.8702243523,119559.742257208,102463.558356904,62430.5111080864,44635.1544794299,31796.6115812692,83028.9203431943,119081.752606195,102733.356293813,62956.3370422186,45178.17293242,32323.027533922,85496.7262055949,118081.204182184,102250.664645466,63106.0476147856,45458.7307460155,32645.5127726371,87473.7788955991,116377.518559666,101258.018453018,62824.0157718833,45428.6824613511,32749.0380698768,88868.8618478766,115279.52977959,100898.836212049,62990.5460250151,45700.3121255381,33060.3390596007,90834.6629330596,113829.341928317,100100.598409285,62931.0162723705,45828.2695416333,33268.3656369488,92517.7179946928,112513.969635782,99300.2694927854,62806.8411955013,45920.1124024672,33461.3080069121,94186.3165590011,111459.909883759,98838.4656654927,62832.5695067809,46103.1814660456,33720.4586194172,96098.657388183,109990.376696346,97995.4270189985,62658.7493321126,46122.9265750824,33848.0315378382,97656.623758413,108440.847752542,97097.3000226579,62459.9236940433,46134.0175334486,33967.6726710437,99180.6181668931,106936.730065954,96224.0519680836,62293.5870749444,46176.9063488744,34115.9366122843,100801.987857366,105605.147727896,95325.2441575325,62088.9021086541,46199.864745343,34256.1145575262,102441.285320706,104354.013613729,94588.7337468961,61894.7002959283,46218.4267564327,34394.9634267348,104137.916755614,102906.048182458,93677.256442956,61619.1594797112,46149.8540535866,34454.9522216997,105621.962419568,101342.421684606,92691.6301690524,61309.3860738778,46062.3818301912,34495.1714693961,107027.562660713,99704.9365263743,91623.481598709,60970.6611030991,45960.9332747307,34528.3142081762,108406.423770457,98232.8512974297,90567.5069446118,60625.813487945,45866.2569528186,34573.9268152114,109851.159881075,96898.3800252777,89666.5876077962,60305.0593408613,45782.5270039728,34631.9096338079,111394.423060208,95336.7134014696,88611.0867238865,59886.444821199,45600.2348296141,34604.7171658601,112700.532769269,93626.1075304398,87407.5197095708,59403.4671608171,45369.8289625436,34533.0286501884,113849.006397275,92014.5948132554,86238.527040081,58949.0158503833,45173.2517217435,34491.1145368588,115091.158363174,91051.8239167888,85364.7541640071,58632.3893531705,45087.1252036834,34540.1502025354,116678.118114545,90471.9435887903,84959.6173241941,58445.7363738992,45067.5211544904,34635.5485342283,118490.15277609,89623.5227298043,84361.2406384017,58154.5776333478,44904.1490786401,34584.6842090026,119774.442568859,88636.6097697907,83686.457089764,57858.002695308,44736.525569898,34507.3827668823,120811.304771421,87675.8494988517,83052.6040446032,57639.6588064908,44646.082630729,34490.804650322,121914.907555954,86617.321617278,82294.0867358146,57353.1109990546,44524.1899544284,34461.9978307618,122901.813363433,85483.74071217,81449.3011367121,56992.1587515025,44353.5511254723,34407.2345386666,123793.551377186,84369.8773771936,80629.5425142407,56638.391806152,44186.4467268295,34359.5269063077,124745.769644563
568,205041.91426124,135638.53607225,66127.2751127243,41317.1384212697,25628.2844181329,50911.3729212565,162705.274083296,103958.791106965,49464.3736629691,30895.3807894763,19201.6247430883,39034.0286146111,186920.035601328,127417.303511885,58313.0295234489,36429.4794438994,22775.9838928997,46247.5419075171,166751.730522791,110748.984293542,52080.7407771442,32187.3071015175,20047.8045442583,41549.0562011343,178817.17866073,123540.618667004,57546.248683923,35681.4325011989,22189.119835744,45842.3797444053,168445.672528777,115026.43457008,55039.162075607,34154.6302802252,21232.2288624048,44079.78248448,172935.332489732,120715.360699372,57707.0387998751,36120.6374678784,22579.5010151095,46764.0816672756,167703.99298726,116884.472224373,56839.6645912516,35691.3817555963,22410.6873583687,46765.2068245853,168854.147969413,119134.101198978,58128.7549238378,36748.6614808233,23204.4823492609,48670.7837600229,166280.503682684,117700.49349767,58057.285657294,36830.9560785527,23362.4973756757,49469.7611394111,165547.674432014,118259.979246332,58662.1192937047,37399.950257221,23829.9092315617,50849.5645391128,163687.213332581,117656.076378915,58911.1072905549,37700.1711833055,24119.7910987156,51919.9861584909,162138.923438058,117416.478579892,59240.0616641662,38092.2540789505,24475.8125658208,53105.3917081872,160875.460841048,117163.090788284,59599.8241628359,38491.5680391702,24841.8048914822,54363.3338342128,159360.444269843,116787.124083214,59810.6861961071,38797.5540386351,25148.8737433029,55522.1569103525,157713.289148642,116390.703558431,60044.9355317149,39099.294161068,25446.3347982145,56675.0857512496,155880.951303847,115826.269174601,60230.577077014,39382.1775423444,25731.1114410066,57796.8407262233,153986.834759378,115181.568265825,60376.7217599843,39650.7953035516,26014.5509348206,58929.2945732082,152497.619327927,114677.843246256,60570.4833418977,39956.4300992315,26328.7082671815,60168.2473648929,150844.215558623,114089.880660171,60651.3469333387,40176.5740671816,26587.2238189328,61327.6021359906,149049.547917373,113442.630346439,60718.1688176045,40370.9060394434,26819.4247355981,62438.8152541543,147095.648549628,112689.03085621,60759.1320893077,40554.3372715038,27042.2748728645,63523.395317218,144993.305707402,111788.78540099,60739.6821520956,40708.7633393645,27251.2651827954,64579.7733965173,143221.657009098,111005.316418167,60764.4459705224,40902.0722825044,27493.8671525869,65745.0160491741,141428.697323055,110204.404432636,60714.3625463212,41037.893033473,27700.6790834673,66874.3471431881,139345.919708534,109259.087700247,60587.3133918234,41103.702378884,27852.2667846135,67892.5121268239,137185.89459202,108246.388595691,60467.0696566575,41177.7863682823,28005.3043091358,68908.6027776307,135147.117626928,107189.4249576,60327.5403422075,41253.2957298293,28165.8586664763,69952.4653795321,134097.245302088,106590.827095503,60349.1476497364,41442.6616311357,28411.668805547,71255.5501714821,133180.668113796,106159.531590583,60297.5936920935,41542.7718335334,28588.4676420135,72450.3543882505,132040.196446027,105646.856407576,60212.0591143046,41569.1938077586,28683.6357839882,73412.082603687,130879.122275177,105169.689344545,60204.7514445811,41650.0668838852,28800.0861637574,74336.6737530183,129515.088667504,104520.90302483,60137.6790735023,41708.0367271149,28904.6910068306,75159.1781297834,128083.060201664,103809.912939542,60041.3067244333,41760.0877364811,29015.4211558647,75972.9469562549,126623.105834797,103063.310245092,59923.3866496138,41802.8083720496,29127.1798572394,76804.9566807883,125095.154173728,102244.842128559,59757.604762267,41813.5282653974,29220.2006076171,77616.5901469718
569,236927.09113078,119058.529749698,46087.1090466224,25487.7466412306,14002.0733887391,26973.2883958572,192051.608884336,92069.9079046207,34543.2356287571,19076.4056022625,10465.0613917853,20847.0718248024,225504.267929235,116663.103635352,41905.1659074028,23044.1788981949,12756.4134446033,25449.0051776534,198219.394319563,99162.235310481,36242.5895189682,19637.7742077593,10745.8760227781,21964.9590726804,219031.441484515,115487.209191563,42076.3009677174,22765.8808801391,12402.349841082,25028.2209452184,200900.922132086,103668.421638694,38723.8574158205,21039.388768625,11442.3031393922,23035.6133385687,214071.554701015,114596.690791891,42826.724186014,23415.3958357555,12821.0735052479,25496.1240892338,201527.173328627,106583.894045033,40600.6595306218,22311.4515162665,12262.1365228349,24447.2252531082,210540.696138812,114349.336381496,43655.2677530421,24129.3442835601,13350.4024962479,26497.8680734868,201593.163529411,108798.751004796,42152.632321493,23402.3835713191,12998.5946296241,25923.5141437164,207375.869696921,114393.982135625,44482.0102164114,24815.9249664261,13859.4481636404,27591.1307056306,200429.541705166,110394.125451608,43520.4163459061,24385.3262468507,13670.1154033637,27317.9285854143,203978.157131221,114392.05834478,45347.4909043232,25539.637979654,14393.4610023749,28733.5116412948,198998.146058068,111605.720326053,44788.7221539162,25343.4145001555,14344.2199658421,28740.543426745,201138.713072706,114478.234632058,46176.1269750285,26254.7112711623,14936.8106579314,29952.398737429,196828.127999866,112405.009118745,45841.2255590021,26169.721174445,14947.155387771,30085.1526629835,197600.450561231,114379.2650131,46973.0352564995,26943.9842665403,15461.4825666391,31147.9002001696,193832.326533545,112713.101982907,46802.9758395469,26970.3917676139,15543.9909320727,31414.9129820642,194314.413232783,114205.171595345,47761.0904978927,27662.4989777371,16022.9871762713,32444.2366335815,191195.267189871,112900.791881772,47642.5411085041,27714.0842680114,16124.7556397298,32792.2385978807,190819.935528275,113900.637758193,48394.9780423496,28272.012435711,16521.7134831244,33693.7118641196,187729.176518215,112755.488481245,48373.4126421017,28378.9690122548,16651.5422536005,34087.7752468427,186605.877456966,113225.034285234,48965.7213326154,28861.8909941951,17011.5835057326,34916.5310553834,184123.284232218,112346.094736574,49046.393515136,29045.6411655202,17197.7324047712,35440.4079887341,182836.602022598,112517.790991163,49463.6223520568,29428.7513236302,17506.9085330351,36221.4059676843,180206.226589767,111694.335481366,49517.7678726674,29580.3724393469,17670.9966969288,36733.1586699207,178309.909333091,111518.363414563,49847.353236882,29908.609074544,17942.7521758585,37443.1158882251,175938.933123719,110719.959945435,49945.172336144,30105.5880172681,18140.6320549652,38022.9856286942,175316.163448777,110819.979269101,50327.9564214232,30481.1883330032,18453.4279460241,38870.8315628314,173988.739661356,110383.856887653,50360.1307872111,30609.2080346693,18607.9519580232,39450.5898487754,173169.227237968,110501.205585696,50633.9002684047,30852.5042891021,18812.3162735273,40107.8113613546,171683.524821828,110104.24611167,50745.8394138956,31000.4044743911,18950.1776642793,40589.809716106,170394.510084625,109942.908237786,50963.6983292309,31227.8555505814,19142.3507222271,41148.0747425251,168742.338959528,109467.315649138,51069.7795873998,31393.6322682197,19302.3486332109,41641.2055199003,167217.203307062,109111.241746612,51215.2792272196,31591.0051129116,19487.4084286548,42194.0783727881,165476.573754483,108572.750645444,51284.6664437105,31741.0706517018,19645.4382938384,42709.8927572006
570,337108.41272593,93242.1536893728,23649.8352295302,10560.1787847826,4739.55055888685,9583.2687521616,322616.422198537,87971.4224854861,22394.7156718834,10154.1730305106,4588.37586157485,9388.09453559467,321298.338272044,87924.2373380432,20259.1818011413,9294.3069797825,4346.73009466725,9388.57113946688,320628.241927385,89226.8278114558,20188.8175194198,8820.62457771437,3992.46932947585,9202.99883114653,319948.316349494,90122.0507243061,20555.2591062605,8893.43994354781,3923.66122338744,9072.87856025067,319003.1784271,90886.0358924879,20901.8649448737,9057.21900970949,3977.94208792451,9086.98078396728,317967.115919789,91573.5897144515,21230.7131119207,9227.48472265185,4057.50330521825,9180.23915075596,316898.42086683,92229.0258172915,21547.7597387175,9394.69896561918,4140.2956502245,9302.45772956951,316282.252006069,92881.248127671,21858.5573421053,9559.81016463305,4223.09643793419,9437.53867215452,315464.77339247,93548.9663491484,22154.4334935752,9715.85970386751,4301.67833892742,9569.79164094183,314426.812073838,94172.4748715292,22460.6204370393,9876.09194166342,4381.29149057721,9699.75327064477,313136.898081917,94738.5678330717,22761.3110740459,10038.0390505583,4463.12748452471,9828.63549515097,311694.209077522,95258.1878077869,23059.3266992989,10200.9804744528,4546.71570510323,9957.63234480335,310721.389557287,95767.2981292262,23351.4404798331,10363.820740893,4631.49693489081,10092.4455111311,309461.607004439,96286.3908736211,23622.4384209859,10514.3235843854,4710.7091006417,10220.3183879679,307837.690853351,96741.6208494024,23904.5559967377,10668.977189255,4790.62116819703,10343.2242199677,305968.368525107,97121.7877177628,24181.5820096894,10826.990525321,4873.90651471608,10465.7446768526,303956.143543968,97450.9358575399,24450.8376207798,10984.225717536,4958.65151951233,10588.6424996897,302487.192574709,97779.2437875059,24714.4431615419,11140.9921883571,5044.35958848706,10718.6885657801,300762.641159607,98122.3341697834,24953.0778339282,11282.6221340725,5122.90450697671,10840.3352410753,298781.545633426,98406.8028780509,25203.4978745108,11428.1095722399,5201.62340428077,10957.0517455979,296458.725566806,98615.743197751,25445.1943188556,11574.8623790166,5282.66578515761,11071.0741571343,293958.053607268,98757.5455009095,25682.1883302628,11722.6524932935,5365.97902383792,11185.562034259,291866.36966069,98888.4247585975,25911.6173750208,11870.1954393107,5450.92537284817,11307.0403451931,289667.225261962,99027.8352095117,26116.3689021326,12003.2889270377,5529.2773608902,11422.5242241952,287046.272710257,99104.4409703566,26322.8212040309,12134.5869807529,5605.18818126465,11529.1548624445,284200.009068563,99095.4247352081,26529.0018316962,12271.1925701661,5684.9271262803,11634.9969084847,281577.390206305,99058.3911798446,26729.4557671404,12409.549578409,5768.03426917404,11746.4398928483,280462.295344404,99151.2987925675,26927.7745482441,12547.5863260464,5852.3029645214,11878.0423074419,279420.09037705,99379.2208918984,27082.1835525975,12650.924909723,5917.11846356671,11992.3085188352,278223.814103615,99595.7563823763,27267.4764730066,12759.0635874921,5977.73639597561,12093.1137585974,276763.752317903,99750.4075188916,27452.4542958494,12874.002006544,6042.61146363296,12189.1622716627,275036.468787999,99838.2320364178,27631.2976594824,12990.1506050194,6110.48108966472,12284.8592772024,273173.373588089,99869.4290004455,27802.6600597061,13106.1833236937,6180.22717315381,12382.2506731946,271201.835583782,99859.6337931497,27962.03045877,13218.2938250742,6249.47054038284,12479.6113764733,269102.749648416,99809.5320629882,28112.3668665933,13326.4313678282,6317.3260570297,12574.9161961185
571,207591.585529984,131060.979449764,61822.8481215934,38052.3107060785,23346.4100775033,52417.4159544384,176301.13910491,115157.3375644,54062.7985785555,33311.3565084065,20497.5484409538,46434.286439581,183298.702750345,122177.096166413,57446.0473402649,35774.4841240399,22205.5193559564,50271.9938355281,177669.146353381,118409.923460368,56280.5641408452,35031.5715749422,21864.8513998821,50260.9866174411,177700.329739932,120042.075378641,57232.1688090348,35733.7443218203,22348.7464591019,51790.3996152179,175633.458037661,119482.90364179,57653.0308185314,36094.5825376874,22623.12059578,52737.3810319499,173931.109746427,119307.163215483,58048.0288326342,36542.1244166112,22997.4340951292,53812.6678636404,172376.473436655,119170.06634423,58511.5335902494,37005.0810729028,23397.7548570456,55032.1126941557,170945.967645537,118900.599965703,58864.2379125254,37412.277588552,23765.9929911975,56227.9443484344,169630.627297082,118815.33860427,59238.4380305276,37815.4689000945,24132.2573962295,57479.9785706712,167989.934181774,118492.127757818,59526.7017879022,38151.4071714077,24445.8190978413,58623.4512625709,166330.63189472,118177.309335901,59833.6929630387,38507.1698025558,24772.3553314285,59793.6307391041,164502.932621953,117697.666987308,60073.2139543346,38827.685958892,25080.9905585563,60928.7224304341,163112.807550742,117365.529558361,60364.8658305636,39189.3615188633,25422.3592195234,62170.4324192339,161541.604073561,116975.335588469,60561.5461081242,39480.16607995,25719.2258748825,63348.9564100799,159699.634360991,116435.991420104,60713.4197921107,39727.6281139337,25979.7686709392,64447.7458912261,157784.28332997,115836.783171878,60866.3325009245,39986.738119795,26248.369457676,65559.3395479563,155727.415706995,115085.886874697,60948.0295113992,40210.6112176289,26501.1063607013,66642.0549846704,154136.597280812,114502.122424648,61088.3070528356,40479.5269198512,26790.3096301386,67852.9121229,152410.056599643,113885.795217913,61137.4148729673,40675.6968882024,27031.9588413029,68997.3779042046,150492.781030252,113148.90678409,61147.5579664531,40828.8198390675,27234.8120947736,70055.5602441096,148446.75118307,112350.694087399,61148.4467514168,40982.9982341118,27436.6663811115,71101.2535092853,146216.006042343,111371.252071657,61076.0381182594,41098.4447072174,27617.6835982158,72093.2869568973,144350.570394775,110516.611001434,61050.1855581388,41255.840050504,27834.8553202852,73207.2657488504,142495.310626168,109687.742834479,60967.6675508638,41366.6258958086,28023.5320230842,74301.9553058843,140310.504209381,108681.256359948,60794.7596348417,41397.0870903405,28148.9192807555,75252.5904230093,138059.634695083,107612.364118483,60629.9028487111,41437.7498515113,28277.1902995338,76199.8674249227,135912.145758316,106498.180344326,60443.4111180817,41477.8455286959,28411.7428266447,77170.2572437598,134792.124262301,105823.681203258,60416.158516956,41630.8839245471,28630.955233991,78422.4572533069,133862.409041704,105409.501885965,60356.977297828,41723.1086267251,28801.1045725534,79619.6943507311,132652.946676199,104843.265414816,60238.7182863552,41722.7752703491,28875.2415074914,80532.0267174217,131449.326002843,104341.122324975,60206.4812788827,41785.1653229518,28977.4765523404,81424.3675341823,130047.875154477,103674.670688692,60119.6362557366,41826.6109057779,29069.1677476887,82211.2471956053,128552.003741317,102921.951421731,59989.6747522068,41852.7672547551,29160.3109038659,82967.163014095,127047.623928546,102150.579884012,59846.7587387095,41875.4684070293,29256.6142939018,83750.7457750069,125483.96678254,101312.066197263,59658.2049936031,41867.4833645819,29334.9757936471,84512.4641780356
572,158535.220529358,120803.42120347,70211.8654414418,48575.7382125898,33385.8507629995,74928.5915453737,138783.493752023,107613.560593156,60988.697226082,42158.6450930153,29061.455980523,65946.7612879053,135916.426472956,107731.026017911,60750.2465966089,42008.6187099653,28986.4384080172,66156.4835778283,140271.784604652,112329.81664507,64380.4945625414,44414.4600617259,30689.6196513938,70823.4174960804,133653.550712681,106685.187736919,61675.551058919,42836.9415803936,29665.4267696886,69058.9312758826,134434.918161041,108998.78843988,63175.4107429132,44017.3440795275,30617.275652699,71990.9504709741,133124.759416611,108219.4583263,63575.01667604,44454.4394386447,31012.2299857848,73692.9820975343,130513.536478456,106653.848415142,62996.6760056908,44318.4902898717,31069.5941209293,74633.5172234347,130232.852102824,107138.71953091,63713.3935603171,44988.6500436348,31683.8862507178,77075.6759702263,128765.934766472,106311.069398924,63678.1832214601,45151.4116221963,31925.9741958518,78675.5244828689,127194.004084478,105625.749541637,63604.0311848017,45274.1092195969,32141.8378253095,80236.9739819652,126018.554562566,105271.886230334,63827.8552286083,45588.8364048254,32481.3560868113,82125.9181856421,124355.989026044,104386.794212454,63740.0174477902,45707.396751029,32685.4913161994,83676.541181204,123103.070893431,103776.695856692,63758.2408114845,45905.1417454025,32955.8248113765,85433.52544141,121908.899684746,103270.415772067,63799.0904712382,46102.0005434006,33223.318075205,87236.2330927475,120288.961526582,102412.59439425,63646.6116232039,46147.0688001484,33371.6354896491,88741.5876594135,118686.653290533,101598.031793294,63539.2150435043,46231.3383850282,33546.7901112242,90315.0367858505,117049.995359134,100701.519103391,63401.8377903647,46303.7318484349,33718.643880206,91896.8766574208,115645.709282921,99846.6405230582,63252.2567832429,46376.1372277004,33898.0984087312,93542.4262420291,114296.922358055,99119.084578852,63101.7637054727,46431.690601927,34065.6714266676,95213.813328161,112717.986093743,98200.3773155303,62858.4254967251,46396.8003167122,34153.3510649773,96682.4395992315,111027.473677712,97218.8781676329,62592.3185873013,46350.93609008,34228.2086999488,98100.5666377156,109268.767597291,96146.702532655,62294.8749538959,46290.8974289536,34296.4205191888,99499.7266763444,107712.516653872,95116.5192602246,62001.5877406841,46245.4677618566,34383.4160102219,100984.299994066,106255.680446128,94204.8025683081,61709.8127389533,46191.2324434257,34467.0373280642,102516.498686408,104535.189583607,93114.8741722877,61310.6753779093,46033.9533739044,34462.8769236965,103818.381976867,102691.783082104,91908.9603079757,60870.8582758171,45848.5724990001,34430.7568896502,105025.281482012,100998.011331428,90742.0661437355,60462.219246687,45699.0635618082,34430.4042037361,106331.373723001,100036.929656939,89935.595352229,60208.7973688724,45671.0000310797,34528.4962099041,107986.564368326,99371.67005693,89504.4489182728,60028.1396395503,45658.2735979611,34630.8177326299,109714.402262393,98421.570425455,88875.5667724783,59744.3393694605,45509.0147920232,34593.5631076922,110958.82611802,97377.3415556313,88223.8026775089,59493.2228817796,45385.3092328338,34554.6132366197,112050.949112017,96323.7614492522,87570.3462473172,59292.2767571222,45317.5314341766,34560.2897379904,113158.645434015,95153.0025026528,86774.4364396786,59008.2666509525,45207.2218709898,34546.001859215,114140.829936701,93933.9915789065,85931.7121266221,58676.4974282522,45067.7336908153,34520.4546735267,115090.900981655,92723.6560741716,85093.3717661383,58343.6047527536,44925.0865055989,34495.9907023808,116080.423756694
573,350282.448130061,116731.747318413,27156.6585544345,12061.3663897022,5558.30496811612,25477.6704521772,320776.918704875,102251.68085327,23971.0525303549,10876.4901713695,5073.60486895975,24095.8370311209,321125.590504372,101728.759542253,21241.3477031856,9812.92429862588,4768.63290569279,24264.5985007652,321539.789294277,103659.333264974,20814.3254928077,9055.25121944459,4277.43133772024,24206.5396916037,321340.903222007,104800.065894588,21157.2633749406,9036.84411744946,4124.44729731115,24179.0933147475,320661.40763909,105683.410400965,21498.3143455205,9172.35615863481,4145.80411076286,24320.013944404,319944.48291786,106482.875239398,21823.1274597747,9326.00493660281,4208.13926674716,24565.1533215215,319145.991787268,107232.413917752,22130.8462018024,9475.77710571747,4275.71099523014,24843.2141308302,318816.820555915,108012.878999221,22437.9418330032,9625.63849495777,4344.56468170478,25145.4370367217,318234.443255112,108759.50529199,22723.690842746,9764.32475802869,4408.3246683964,25434.044861159,317423.509401177,109458.46351138,23018.1242814691,9906.43084674717,4472.80310353847,25713.1472837878,316337.509323479,110085.79670396,23306.9873297331,10049.7803587996,4538.92347704332,25980.9541590787,315124.981556125,110659.048585238,23592.281897616,10193.7576830383,4606.4494440292,26241.7931558051,314399.372409709,111264.373835014,23876.7418833218,10339.1878394944,4675.72831196904,26516.3780649368,313335.914817353,111823.767191249,24134.0199826969,10470.2409278531,4738.43773540528,26769.6143970722,311905.168078072,112312.539635211,24400.5491137203,10604.6901427621,4801.56644753755,27007.0499933771,310237.134067787,112720.522836025,24662.0697967081,10741.8739089552,4867.3379352664,27234.3859297533,308372.87367365,113062.014894445,24915.1136377908,10877.5849446274,4933.8507864864,27451.4219919719,307121.342917342,113449.155403867,25170.5844248273,11016.3099572379,5002.80661868797,27687.7908096818,305541.25981941,113792.598804165,25390.6467073149,11136.1462186537,5063.07451235055,27900.1422286337,303732.910748138,114085.69622197,25624.4629898156,11260.3717288618,5123.69710821931,28100.2787129088,301598.112875415,114287.255274523,25848.0181034362,11384.8601780676,5185.78701804726,28284.7934135071,299206.581159309,114408.28540759,26065.7743630765,11509.2864636681,5249.20254522573,28456.7303014691,297254.767570974,114543.958666793,26282.9613741398,11636.5350972249,5315.4062717009,28642.4118651632,295206.839018096,114659.932557142,26469.6974147576,11747.8567165761,5374.67101868289,28814.123435017,292716.006528619,114698.217707928,26654.8765014257,11855.649712953,5430.70172733433,28961.6215384645,290009.032039881,114650.247283503,26842.3714414567,11969.1929763502,5490.20964784098,29098.0255936738,287444.007603791,114570.862205745,27023.8719703718,12084.0169921492,5552.45768601667,29235.122534024,286408.659481383,114698.140985856,27216.5904559373,12204.4177988056,5618.61411878874,29428.5183706638,285426.091513329,114901.166446666,27353.4825562678,12288.3902505814,5665.95564325442,29601.26462633,284313.825059048,115120.479523453,27523.0808426711,12378.0738514148,5710.44515951354,29759.1439467218,282951.142315159,115266.848818071,27694.6062322666,12475.1872436015,5759.23797455604,29902.4250804284,281317.630372246,115335.972477909,27858.7157308735,12573.0941961917,5810.77595811387,30033.4824610687,279535.753763411,115344.113163428,28016.2228391143,12670.9438981338,5864.0429426296,30157.2545092301,277627.052411832,115299.412938423,28161.8662404702,12765.0935591405,5916.83714642919,30272.5666561203,275600.411074534,115207.175943893,28297.2151590472,12855.0791385666,5968.23036580739,30378.7206001499
574,163296.169889816,120080.919787811,61472.2547778237,39521.1945266064,25245.9942425294,49289.8015167436,131641.117139075,99172.455346486,50751.5235082479,32619.140869901,20878.5488278207,41033.3846683356,142887.51236529,111192.199665517,57187.153133596,37214.9790976158,24066.5823779273,47691.7773860251,134717.706435757,103198.239868636,53822.8752497323,35140.5966807504,22887.7827969147,46312.0277781245,136615.541642178,106879.988610393,55557.5497961115,36376.5921614893,23803.336180279,49020.1277445918,134434.924602613,105369.942118792,55599.8138677561,36467.8768755725,23892.3204129457,49857.6962865907,132967.987382751,105108.708586403,55795.6851802114,36812.0560653475,24221.6581001547,51051.1003424401,132096.977517286,105147.839244496,56341.1112118515,37327.2347822864,24669.8640879891,52557.3197694466,130685.332690575,104487.881456776,56422.4696408856,37570.9176281274,24946.2755436379,53733.5974273205,129821.800722378,104502.151812803,56789.0880948723,37974.3143036048,25330.1483491583,55194.0374372143,128467.856231749,104000.337960516,56941.6791546965,38224.5915821557,25598.5054948834,56417.4751341122,127180.071341073,103628.60178133,57146.1184868442,38520.2131843956,25900.0225409167,57712.5285092433,125767.178634316,103095.527269659,57293.4058722476,38780.0127094521,26180.1884401143,58975.2172820521,124668.573980159,102676.515556319,57469.5302165186,39069.5521771802,26486.6503566928,60325.7311536442,123459.630390664,102252.433685727,57582.2370093505,39302.5606764313,26755.448004832,61630.2399691209,121998.5170612,101641.824854222,57626.473516262,39475.9966969087,26974.5334249559,62831.0471190121,120508.105580938,101011.794265741,57684.5576574259,39669.666889697,27208.056596842,64063.6289546558,118910.353921532,100236.510345117,57668.7959941107,39822.9755796133,27420.6458536989,65264.2025472765,117663.824072883,99614.2757016304,57703.0020060306,40016.5079000551,27667.512182948,66585.8746369366,116344.353606725,99001.5236429891,57675.6669784981,40152.1722408241,27873.6345054867,67855.9277853973,114826.838592844,98229.2640087348,57583.5648241864,40226.2947954721,28026.0061960293,69006.6013284304,113240.888157794,97437.6152077525,57499.5671578024,40313.1929354317,28185.3319085566,70165.8685579239,111518.585135278,96480.0522058622,57342.3416635487,40358.5390874059,28320.3312437616,71270.304922156,110056.366261463,95623.8055591065,57216.2300275432,40435.4520012217,28485.2369336806,72481.2372551618,108635.576760371,94830.9879913854,57063.8752521159,40483.0582140019,28631.2500648997,73692.9344706086,106930.453132826,93849.3079148151,56809.3714394596,40440.2475380986,28703.843218764,74736.5644545798,105176.201617618,92810.5764112263,56557.8467841143,40404.0918396096,28777.0106573421,75774.5054629036,103538.888124695,91761.8139353008,56300.5430054841,40376.600075025,28862.4235090573,76853.9210780527,102678.747101057,91107.3292754151,56188.541098462,40455.5865953479,29030.4035495992,78199.0714613804,101984.385794629,90719.6916572348,56082.7927345168,40496.5766781694,29161.8084839783,79496.0343482366,101044.138244266,90159.942206704,55906.3611877208,40439.4941020549,29190.0922607317,80471.3745642878,100080.411996659,89646.1951728236,55803.2671101719,40439.530916075,29244.9908766014,81412.1597288662,99014.8486078111,89022.7768685082,55676.2714293111,40439.5603856988,29303.8229037786,82281.700379881,97854.5030295764,88297.8661348845,55485.972414444,40409.6800277752,29352.1331187867,83093.6994613574,96689.050220163,87566.7773500979,55285.749237613,40376.0685358405,29405.2204907502,83934.7612716812,95481.3114507122,86783.7162441814,55050.1277376372,40316.6906531437,29442.1381313705,84759.7749674458
575,318768.802274879,80232.8507926817,17913.0225947936,7767.31506419429,3501.35616120769,14797.2561530847,301433.879133648,76812.9886284646,17476.139785863,7752.84597066276,3526.9944330189,14609.172687365,301788.385283507,78519.0131650296,16744.8492599199,7314.46596497646,3386.32052622419,14797.114282096,302261.893717825,79620.2423593163,17149.2814234561,7316.65376620012,3288.69648046774,14874.90156057,302393.149545976,80500.737856288,17488.5257866642,7468.55646395057,3327.95905651744,15008.3267820916,302229.924803319,81326.477074936,17795.8134497258,7617.77469505161,3393.57358255103,15198.0639079757,301992.630252318,82112.0527717106,18097.1156065825,7764.76486864564,3461.53617647429,15409.3483152873,301769.560682471,82873.873930574,18393.9389747443,7910.26776000822,3529.43694731857,15625.1933904413,301928.189923021,83645.1570968292,18683.9057947492,8053.5761519533,3596.77704796314,15848.2705970962,301841.49556177,84418.4260630899,18966.8197088384,8191.27404003495,3661.11742220746,16061.4145036636,301520.3443755,85151.3885054514,19257.97776221,8333.60268120067,3727.1327491603,16268.4634996582,300967.750441674,85839.6631483518,19546.976278915,8478.32193017031,3795.41615096572,16471.0077597964,300362.586964792,86488.5150735085,19835.0359153697,8624.59218453313,3865.4320823695,16671.5534543653,300161.492107232,87145.6154228967,20114.5886934496,8769.01894058454,3935.67437811881,16880.2772368682,299570.766334231,87789.853116246,20381.1028601305,8904.38120366,4001.33768441474,17073.623379007,298667.632741557,88376.9780141551,20658.4047929272,9045.71460677115,4069.12506527171,17259.1890314283,297539.782486717,88909.8210377718,20931.6041183933,9189.7637680763,4139.78375448545,17440.9367725763,296350.071283127,89396.9350581317,21201.1796946418,9334.11105910168,4211.8093224552,17620.0527803432,295636.783563901,89902.1056899619,21462.1270401872,9476.51621237498,4284.01867006482,17810.0306292287,294565.614245966,90388.1100298104,21704.9643070613,9606.62178064909,4349.95028097167,17982.1463277232,293260.586083211,90825.8569859962,21957.8728528719,9742.02353794932,4417.4703957536,18147.2604589125,291630.092232984,91200.407587941,22205.1877578411,9878.94094931713,4487.16171528441,18304.3799772509,289876.387937325,91519.1410805992,22450.236693843,10017.6472107101,4559.06467273175,18458.2831786115,288514.213757113,91844.3930410391,22688.4903154403,10155.8901832135,4632.2070291551,18622.464812271,286927.24223918,92150.0146982,22904.1086189216,10280.7205399321,4698.99204389228,18772.3251213474,284925.705141927,92392.1193894738,23123.2574079602,10406.1864342144,4764.96418924589,18907.3371108929,282734.568020553,92570.7362005882,23343.7320851143,10537.3434493418,4834.95480285559,19038.9344734399,280917.87191272,92730.2394489228,23561.7852732065,10670.7653281938,4908.01591522461,19178.4214912211,280475.117792132,93036.6552641701,23769.7706583308,10799.6405863244,4980.13400931055,19353.4961096405,279811.868898706,93367.0911215676,23933.3128820125,10894.4007993335,5033.0208943251,19495.8347537118,279008.773387522,93691.6897991817,24124.7337548473,10997.7116788864,5085.69132685218,19627.9356670149,277923.850118535,93956.8817558973,24315.6087152939,11106.5633327493,5142.36200118207,19750.7554523275,276607.785581383,94167.3595927914,24503.550297135,11217.803198423,5202.24719583593,19869.3133779761,275163.449204035,94333.2394121588,24685.8241111375,11329.2881112156,5263.91443140585,19985.9162279676,273601.9273197,94460.5934971055,24858.8217528125,11437.8154058186,5325.25380157759,20098.4624071512,271933.618207759,94553.1553015083,25024.6867205453,11543.6174925613,5385.79468831348,20206.3089063593
576,341513.095732189,84862.8356490986,17871.9673331422,7503.26639449275,3287.76193460268,11625.2060827828,328342.168810583,81391.8926567827,17326.4824536146,7361.88918919664,3241.36094085423,11582.7033779367,326325.704537544,79923.7839463245,15200.3598064169,6583.7969492179,3028.13564748776,11574.3902545798,324892.665669894,80541.6547806381,14893.0387748427,6060.11389915765,2689.79515755234,11434.6023530135,323761.220300334,80939.2502496222,15034.2752844518,6034.63658021719,2596.14425698087,11358.637122141,322403.127850245,81286.2504804885,15184.1721803922,6089.99870771796,2599.93606514128,11392.2084364537,320992.97646355,81569.6974226322,15328.9867251015,6154.69460128943,2623.53672078287,11478.7938717332,319497.532851929,81828.5764933083,15464.5991074804,6217.60333875871,2649.5915539076,11581.5950296471,318500.865492797,82083.4201683612,15598.2105399572,6279.97251680885,2675.90757032143,11693.7150154906,317427.489083,82391.6116748335,15726.1776909035,6338.65293506694,2700.58575113448,11804.6884608201,316114.484057421,82663.5491286089,15863.5719987142,6400.68503439539,2725.96599108569,11910.6831773349,314563.814894006,82882.0069914139,15997.2842138973,6464.0347202627,2752.71186829314,12012.2208203815,312821.011792209,83051.2025648391,16125.7232892993,6526.5485668641,2779.78345026339,12109.2743223074,311558.499982704,83207.1767539544,16249.3284679106,6588.28143750165,2807.08115705688,12210.3517002708,310136.930085072,83413.392498972,16364.7481597725,6644.73778334514,2832.01506976451,12307.2920793972,308354.420840023,83565.7043394372,16489.3465952245,6704.38263280209,2857.42595592913,12396.4607472004,306318.280781585,83646.728359337,16608.7195433328,6765.38920689051,2884.40695758305,12480.4696931485,304084.410986865,83675.0932520861,16720.3180968375,6824.60022910485,2911.45387351065,12559.4447072096,302421.131503787,83695.9403642394,16826.894500531,6882.85191862251,2938.61364790421,12644.0475942727,300621.625282026,83781.1034697245,16923.7223490578,6934.47671185353,2962.6854749043,12724.2328260166,298583.636413636,83817.5330571808,17031.6854967353,6989.77108235746,2987.21299033382,12797.5263322336,296233.223759473,83795.211677005,17133.6152845509,7045.95983477188,3013.1498991156,12864.6287505557,293630.550106488,83706.2565137257,17230.1003462266,7101.49864833745,3039.59760643613,12925.6552010142,291419.823696653,83595.0618055638,17320.1965491551,7156.23173161562,3066.52483300098,12990.4494684353,289210.095996612,83530.2951141126,17399.461851863,7204.49772398963,3090.66675765635,13052.6490476772,286618.316610946,83428.0734966341,17483.8837377779,7253.30739871055,3113.9850135928,13105.1220944577,283792.688708725,83246.7332448053,17566.9690449177,7304.90458204966,3139.22758587708,13151.6523145857,281040.553065917,83027.0582482808,17642.1019432139,7355.54752836183,3165.31899359551,13196.7185662311,279781.078044648,82898.4185562362,17715.2160486462,7405.72375164256,3191.89049811378,13264.4478885485,278772.479855453,82982.6633456121,17775.7006398352,7442.20212609546,3211.01742603479,13332.1531039655,277632.501747028,83066.2733749772,17865.0766214315,7485.98551920042,3230.01498180473,13392.074683398,276239.403747573,83105.1617465249,17955.9499930812,7535.51854713261,3252.80125682236,13447.1897280095,274587.882324793,83085.7416952152,18042.6030195373,7585.89848039018,3277.44590085362,13497.8693345864,272789.213908075,83015.4413778078,18122.7710218232,7635.40875114031,3302.74458409213,13545.2426050799,270875.123765796,82911.7648873275,18195.3081740594,7682.46190087866,3327.56453812723,13589.0610337305,268859.663872398,82777.8792545211,18262.4665248399,7727.43152816092,3351.65088047196,13628.9417074701
577,369776.120921104,93124.2288462055,19456.62939097,8376.72211365611,3843.61638370733,22122.4219632378,346697.279968084,87644.4228727714,18828.01167657,8230.52398814125,3799.63573354761,21849.8839528801,347063.134033163,87252.1861260534,17114.8011131754,7639.13502491496,3655.67169929208,22069.4880719127,347231.354109137,88547.4405906053,17032.6094295805,7243.87250710589,3381.88528798578,22152.5267484851,347175.602997704,89423.4753122992,17294.7555015171,7284.90906693862,3325.27932684173,22279.9466017891,346759.319634051,90196.8487337016,17535.9993824387,7382.80593645548,3350.82183279354,22498.4375257944,346230.899683593,90910.1121747333,17769.8162018136,7485.46810129865,3391.47272547999,22760.5177240936,345620.914765818,91591.3668881321,17994.7283097578,7585.96983620001,3433.66208594558,23033.3099741434,345495.574779932,92267.6893925417,18215.0662865544,7684.85490525138,3475.65157224116,23317.3335820631,345149.29775768,92949.4292533755,18421.2989024671,7776.07111592161,3514.06714072107,23590.8333288752,344538.404949927,93593.0307568221,18637.3441502185,7870.79383611563,3553.09090736137,23854.5637584757,343667.457396985,94180.0746385132,18850.1001382034,7967.20004038894,3593.64681487956,24108.9419728173,342620.416619921,94722.6978507456,19058.7684059562,8063.34452796973,3634.87102636264,24355.5151466138,342063.353840714,95254.5835111299,19262.5575033929,8158.70403187465,3676.45446476136,24609.495937332,341198.986969988,95783.3297854589,19446.2939565969,8243.68649504149,3713.41261853695,24848.504519978,339938.674989646,96262.8600492175,19642.4659601813,8332.6898114782,3750.92116020826,25073.7185656014,338407.97003889,96667.6742811088,19834.5687096921,8424.16326903611,3790.53367556836,25288.5946801128,336723.97309179,97021.6120302789,20018.0648686976,8513.6482299972,3830.3251727734,25495.2367614003,335548.663899157,97367.6776000026,20195.5539675155,8601.2810762676,3869.85146607042,25709.4982640557,334144.088301733,97719.9934156248,20352.4101084575,8677.88485028522,3904.28003096643,25909.6830909597,332467.739476207,98031.2107465713,20521.4661777128,8758.09223164094,3938.94070169318,26097.6584352988,330433.993518547,98270.0755427712,20684.3913431024,8839.48585604117,3975.03414053139,26271.5303520114,328144.380427333,98443.1049381871,20842.3587322735,8920.67626134155,4011.99199465192,26434.1135686023,326273.757042251,98591.7344493031,20993.4270985316,9000.84424255877,4049.47329755363,26602.4419138208,324317.468513855,98745.9535150276,21121.6514931883,9069.37904610201,4081.92907450255,26760.1659618693,321918.582330295,98857.5972396856,21256.0410143525,9137.97297612175,4112.92081842226,26899.1313311607,319266.065656499,98888.2791000733,21392.1991901386,9211.24601192139,4146.60252429533,27026.0738026346,316752.107646897,98882.7864523199,21519.8468402102,9283.94976883139,4181.63405427197,27151.220690428,315734.197143882,98958.2260793109,21640.4789906869,9353.65891007578,4216.25008321482,27312.1724036628,314878.296483077,99178.4832612269,21729.716360922,9401.58817425572,4239.74031229922,27466.5246779038,313873.135673166,99416.9048971404,21853.8263010336,9458.19227340631,4263.08078088981,27609.6950292363,312595.539369938,99601.0880344706,21982.6807748196,9523.0823007553,4291.32059496504,27741.4811638856,311043.287718425,99722.4183768123,22106.6044112279,9589.31093054595,4322.162259703,27862.6956633776,309322.480989904,99787.7249341508,22223.3938371835,9654.51473158902,4353.86886882434,27975.4445675169,307473.336175961,99809.2189593655,22330.213654471,9716.35022514705,4384.84851832566,28079.7402326303,305506.246572579,99793.8075338364,22429.5315198186,9774.98936898991,4414.61295878581,28175.2492311013
578,240349.74648823,126421.673576182,49895.9727801373,27988.7464659796,15691.8961563369,35880.3485883021,207189.922128202,110830.679547949,44283.014165885,24981.9290556401,14057.7978884744,32199.764745789,218948.026266635,120419.830299493,47530.7257165292,27174.9448233954,15537.8431116675,35538.5210630831,209608.004806818,115090.685711452,45850.7309127134,26080.9671887193,14945.0819585454,34760.0424381543,213132.669727257,119361.062500466,47758.7084648954,27196.6247401318,15577.3887721838,36323.2703294165,208685.506427491,117420.926625544,47651.2733482957,27236.9287024147,15620.8623072676,36388.4053126311,208928.037253625,119091.33412387,48711.0060454506,27997.0248095833,16133.362589067,37484.3596389466,206244.009393767,118396.505181507,48964.5527936623,28280.5993878357,16371.4306772771,38034.2977891736,205811.315544475,119238.406636498,49715.8601047673,28862.7962545515,16792.9412339921,39034.4699313177,203986.291695235,119062.330910293,50068.2476122734,29197.1877944225,17064.7254525802,39745.5140844596,202783.936171505,119447.998839017,50633.7491197742,29653.3217538474,17405.5487208233,40611.050592708,200911.585656369,119331.099475252,51038.0513636263,30019.7340802886,17693.2559504601,41355.559050085,199242.234331797,119370.096327266,51501.6392620857,30430.7394062275,18013.2740208656,42171.0737564049,197844.513363731,119367.58192592,51944.6214389555,30835.2101113797,18333.8739846749,43011.7340178991,196233.423846034,119318.536154321,52308.5270608184,31186.7128191633,18624.7409843095,43813.6098517345,194365.774951655,119168.575316507,52664.0102643399,31523.8786590298,18901.6468866636,44585.4209343734,192331.704134273,118906.615936665,53000.696816259,31861.330389101,19180.8799424624,45352.9907589577,190204.667445829,118538.955923806,53299.4431813879,32185.8820504142,19459.050409353,46122.9176049962,188602.867763522,118322.760374488,53641.4738297086,32542.9275668341,19762.6540563766,46980.7590332601,186691.34352016,117964.716252161,53859.9836855767,32814.924743521,20014.9888310691,47757.9346178932,184701.001165558,117607.329693289,54104.3735998714,33091.4734594085,20263.168081973,48528.6699083043,182415.585535717,117070.412253529,54294.5979406429,33343.4082552449,20496.7635295311,49256.0615389043,180047.491145097,116454.483697876,54465.4977298152,33593.299839909,20734.7088037197,49991.6337160399,178041.721120114,115913.17986353,54657.0397293754,33864.5866510719,20992.4194022472,50797.9787874655,175938.803287131,115318.394456486,54764.4437087668,34077.4897687056,21216.2354190801,51563.9831882239,173547.465488285,114622.297501921,54834.5931304194,34253.8667905585,21411.1303261223,52272.9666176068,171023.98373054,113822.307435008,54897.5101011228,34432.2240316941,21605.9364548622,52971.3754402488,168679.563159726,112990.906722893,54948.8072574043,34616.344195593,21811.1937285886,53700.5612332007,167586.549306283,112623.36531067,55137.6709532548,34890.7507136888,22079.9167830374,54635.815135081,166426.74699284,112275.36119231,55179.0578063197,35036.950277674,22260.4557947746,55427.8641939448,165199.421520629,111989.007349698,55269.6693207974,35173.899938191,22409.9236643,56128.8811247679,163812.054696315,111615.991170834,55370.0368741422,35321.6702844424,22556.193243506,56760.9152176811,162216.986118702,111119.117670929,55432.3211493942,35459.8771511195,22701.3030764404,57342.9688779541,160561.260431057,110568.553486519,55481.9677690904,35600.0846698285,22855.1158049215,57934.4008053578,158828.719654708,109945.290487179,55493.7957707419,35722.0540639025,23003.1208595139,58523.4202148204,157039.807733539,109278.383880123,55477.8628528324,35827.2220039744,23143.2466352795,59112.851101098
579,312707.93944056,110355.12840336,33649.342783432,16495.2714420411,8114.81609491873,21504.2350722378,292812.72891234,103343.716853705,31059.7490013373,15349.1622695845,7579.96207677078,20424.4054205919,292135.638455904,104841.786823182,29687.3545476377,14724.6238263927,7416.12236924458,20609.1655418258,291742.821083416,106506.260676335,30054.6658786371,14503.4987769791,7171.31486500649,20603.9757469646,290611.380130109,107446.32878261,30640.926495041,14729.0833455875,7184.37923870704,20605.6480555537,289310.946078381,108265.889661099,31186.0630047838,15043.0991903004,7331.40995927294,20773.2478518079,287960.908136081,108992.815204719,31699.3402154495,15357.3905106339,7506.98038871764,21043.5724879492,286570.692193325,109662.289947427,32186.7113254983,15660.890822868,7683.73751640007,21354.4840474727,285660.801083341,110363.114651777,32672.1264044685,15964.0682366615,7861.82088451449,21696.8235041633,284512.303198322,111031.73537913,33121.2832199407,16245.1267410457,8028.61882307708,22025.8043860645,283130.088404632,111640.707071452,33577.2401926579,16527.7679838728,8194.48608399454,22346.4387417759,281514.41625587,112169.825704982,34024.1012831007,16812.3412846873,8363.39133328397,22662.6186344223,279750.61406945,112627.865646671,34461.8095229054,17096.6844782147,8534.95984572366,22977.6289941665,278522.671555437,113124.999177288,34905.1913547196,17388.62738546,8713.10134512878,23318.03980723,276925.74535126,113565.550854644,35296.5917129126,17650.138415366,8876.38553772036,23633.4438615675,274987.125559009,113925.985173733,35697.8164674504,17913.8968854315,9038.51201704176,23935.9766266009,272836.090338232,114192.715977609,36091.3126901694,18182.8159010788,9206.03044398324,24236.5900071829,270560.016423526,114382.783574485,36468.6237266576,18448.8517682774,9375.84742500237,24537.172960519,268872.758931532,114632.132898609,36853.3415947697,18722.8369259911,9552.53069878946,24868.1222584563,266858.071061026,114824.561830814,37180.2643802108,18961.2400999623,9710.944053515,25170.2487038763,264646.645573532,114962.663012016,37520.590619826,19202.7920908146,9867.96647011184,25462.8110263668,262082.039557332,114984.336591014,37839.5536071147,19440.9139521607,10025.4022994032,25741.8920390396,259364.461481021,114919.810888479,38149.956838066,19680.3098697181,10186.8764159742,26021.5442385104,257113.733818281,114890.968924179,38464.0946683598,19928.0655675788,10356.5059979039,26330.2267003638,254700.100804865,114823.275653044,38725.0095299086,20143.603592885,10510.2290894,26619.3055052074,251889.880607314,114664.770516088,38976.3592597037,20348.4151043638,10655.2358342187,26884.1305180364,248909.566800486,114411.901920543,39227.3906203999,20560.7763849504,10805.6476698926,27146.4716763238,246158.25316105,114127.671255139,39470.8343587174,20776.8576846194,10962.6607066035,27422.9057361305,244966.733912024,114136.712827764,39757.9716334791,21018.3793258276,11136.4320628517,27779.0583617271,243690.205921821,114187.903792876,39943.6104168027,21183.6156086591,11264.9144069166,28076.9679420542,242335.631494389,114271.895535891,40173.0134847263,21351.9301532254,11382.2200838569,28345.3308558707,240699.204341751,114253.348107713,40393.9495489572,21523.5866602958,11499.8902989,28585.6671005324,238836.976982676,114154.450190579,40604.8825364504,21697.1961850598,11622.4106272349,28818.9982864054,236849.349247632,113986.575075929,40802.2538466091,21869.696210262,11748.1587532444,29054.1075016942,234757.633049057,113762.671616996,40980.575096209,22035.1731957916,11872.9795988657,29289.3037006746,232573.921903342,113490.02691576,41142.6006600075,22193.13610451,11995.1756040434,29522.3815487528
580,309395.146314696,92556.977840598,24064.8250069879,10957.783341515,5101.85698055861,19404.4079231722,291409.50154686,84762.240255411,22592.4895538853,10506.3253225335,4931.01853429133,18851.3449658254,289597.827415199,84515.1420501324,20018.8828951789,9451.90534922884,4635.92809588089,18874.6355460851,288982.973701397,85808.7658832903,19928.6734543199,8921.42665862434,4229.77818083887,18745.9165668753,288363.927901809,86677.650334008,20300.1993470019,8987.08927043533,4145.45157201042,18686.8462064584,287485.534919642,87397.0887216598,20649.5020568765,9152.96582467005,4197.8356794247,18787.6606557781,286526.022897041,88040.0068568883,20978.5122097314,9326.15218605951,4278.81283967311,18976.896300819,285555.551205365,88652.2836730069,21295.6139305228,9496.26796727941,4363.59370285503,19197.7548376699,285019.41867219,89270.6552457333,21606.9428553917,9664.59292548916,4448.75338018515,19438.8348967395,284298.193411989,89908.191805057,21904.500295046,9823.85652940438,4529.51181928325,19672.826054517,283363.355635707,90499.0218222055,22212.4083514644,9987.47678748229,4611.32490931174,19898.9490159755,282203.130556637,91036.7478287295,22515.2998389609,10153.2897011058,4695.67957275486,20118.900466275,280923.942544524,91528.7204024875,22815.7901632285,10320.2590075235,4781.95003652363,20334.7727355984,280072.23899857,92019.8648761698,23111.1610422676,10487.6062860068,4869.84270682618,20562.5492987132,278951.939836565,92520.5490389053,23387.0799603364,10642.9543190134,4952.12657425576,20776.7525086308,277524.136630935,92957.036205263,23673.391987666,10802.507902374,5035.17276668121,20978.982407171,275851.498064706,93325.1061964377,23954.4506096022,10965.1631129224,5121.5053198075,21174.4555104385,274078.601110131,93641.8305290631,24229.5411121267,11128.0079441746,5209.75392831646,21366.3628128162,272785.105052423,93966.636951456,24498.7334759402,11290.5296894053,5299.34498826138,21572.8675400212,271264.775963662,94303.2705925089,24744.7651987511,11438.2205082247,5381.65658315841,21764.4310189348,269509.396531485,94581.4154184848,25000.8844130668,11589.3223050698,5463.97787355605,21944.4591284001,267445.38694312,94788.7211926244,25248.9932543221,11741.8332593873,5548.6421135537,22114.0571149553,265221.578698146,94929.6135411664,25492.8223680481,11895.6877964353,5635.7768864842,22278.2459335495,263383.098044324,95067.2803962259,25730.3101780964,12050.1833549132,5725.22667628055,22455.9711523663,261428.302052407,95211.9271522936,25942.8092585323,12189.6369612666,5807.68123728593,22622.6195995027,259087.659820523,95290.2281042412,26156.946712082,12327.2241309378,5887.5059989931,22769.8523093798,256564.735264993,95290.0312109179,26370.8886865697,12470.5212226175,5971.49447684378,22911.1850028569,254245.307269862,95260.933693088,26578.3553174534,12615.0408683418,6058.70386627364,23057.4873890623,253309.197195423,95374.2668632817,26786.1968494966,12760.8717902607,6148.24308727555,23253.151834393,252395.059449811,95603.5383560878,26947.4741005935,12869.4697023868,6216.59532834957,23425.1750170499,251335.294877506,95815.8404342906,27138.0683842103,12982.4806718174,6280.37774446548,23577.747251063,250034.431813932,95969.4799393972,27328.1366701077,13102.2185014192,6348.40500469028,23717.8586002785,248496.472919101,96058.5506250159,27512.3874344531,13223.4799940934,6419.69414492587,23850.5712594714,246840.938657531,96095.2478371573,27689.4042184506,13344.8114590551,6493.14039053134,23981.0231348089,245066.863868466,96089.9578897585,27854.6920471826,13462.188597713,6566.11614046311,24106.6182950255,243205.516651751,96047.7374754986,28011.9897155888,13576.4898439469,6638.25916051249,24227.7043292511
581,340897.866527034,105852.828073049,28937.3886081666,13408.7262876358,6235.8176368986,14108.1877429389,320625.911931164,97906.5616909765,27168.2496748059,12790.1647914689,5989.97320262459,13620.7725625011,319277.012529355,98097.1363334831,24969.6518001286,11939.6353286856,5779.62321676504,13700.0657580827,318912.148661446,99861.6699130034,24960.2396281664,11442.3473512583,5406.78733643787,13564.5028675717,318143.440789548,100948.963600616,25464.9697173407,11562.6389151165,5338.58723516155,13442.7979273268,317029.749901417,101826.614508913,25930.0876815264,11799.3305831003,5426.50912263971,13487.679216905,315847.272934243,102616.585224133,26367.0124281205,12043.0138931168,5549.37424147479,13639.6045017848,314615.096599534,103359.313000473,26784.8483544149,12280.3541354523,5676.0235315404,13833.28531389,313861.814363067,104112.680247214,27198.1723348962,12516.2833774747,5803.41717765809,14049.3769037685,312877.036597631,104847.087121602,27584.0328537135,12736.5082034453,5923.36077223103,14259.4370751083,311641.839436991,105531.616024999,27978.1071899721,12959.3138140756,6043.31305923541,14465.0056245858,310143.484188249,106142.980141002,28365.582441061,13184.2186985267,6165.91994756749,14668.2133352527,308520.732106535,106700.927135002,28749.2376414376,13410.6474732617,6291.26352118731,14872.3073354024,307390.488283367,107270.112327772,29130.3517231284,13639.2882426542,6419.53835106117,15088.3233975695,305910.957418684,107805.945817134,29476.4909455712,13847.9925819682,6538.51483253134,15290.8856087267,304067.938412046,108269.870427844,29831.707819487,14059.6565915842,6657.41602119011,15485.6344418601,301982.950054736,108650.074608025,30181.4930805227,14275.6213129056,6780.58119488587,15679.5589979382,299756.186954705,108966.871813902,30520.9031839934,14490.6349359118,6905.93046096712,15874.173172604,298107.369997286,109310.454693538,30860.9381685464,14709.0326520319,7034.80812294772,16084.0458509364,296151.940119813,109622.449911326,31158.927580144,14902.9668329132,7151.89091405845,16278.2558536582,293965.554139464,109879.454879639,31468.2032593686,15099.6842222585,7268.18905875606,16465.5753554998,291417.277686967,110039.882445931,31763.9763944168,15295.987227836,7386.14104473672,16646.5691660019,288684.091971975,110123.571947876,32054.3239712632,15494.0152899633,7507.41465490904,16828.1914404968,286411.492881226,110217.673782175,32343.0451950623,15696.1563805799,7633.3859255762,17025.0339849044,283998.088683532,110289.901410862,32591.8432630572,15875.4432090308,7748.76923780985,17211.139627995,281146.731393343,110282.053375526,32835.7942275121,16048.1623296404,7858.67995834537,17382.1625421255,278090.282348665,110184.477161386,33080.9127039415,16227.904328607,7973.40774907299,17552.0202309149,275286.06651156,110063.503268737,33322.2777962496,16411.9053678386,8093.77666786566,17732.0476293047,274082.170322044,110154.348942174,33581.665573763,16606.300157583,8221.50480272317,17952.9970892794,272852.90412172,110318.423758725,33765.3758107083,16745.7418954702,8318.1512567156,18141.0352172412,271504.996728579,110494.115179784,33984.1084814692,16887.7701238125,8406.82795637476,18308.3462731097,269882.645839216,110588.871678479,34200.2955811089,17035.869170494,8498.47764911202,18462.960243427,267988.197437809,110605.435007167,34407.1550446375,17184.8398764549,8593.6380306072,18614.3739750939,265962.518735803,110560.183435441,34605.6215013937,17334.2393491514,8691.74332223801,18768.492190627,263820.226658693,110462.951116826,34788.3886825412,17478.3883717125,8789.29353320262,18922.7805859132,261571.826221954,110320.176131093,34958.692788411,17617.1267590409,8885.08491984173,19075.4282340861
582,166318.952968246,124875.232314763,65361.8455404066,42519.7559111752,27487.4921261297,56027.8306229041,137558.991563334,106093.281651595,54609.5247460581,35477.4777495271,22986.490772511,47285.9807683032,144157.807905846,114283.915554503,59001.2099327729,38612.2503399703,25166.0246091766,52056.8831500425,139791.123191371,110191.656565571,57692.5276929814,37802.4433752083,24760.8677261081,52044.8373765507,138667.504697762,110734.404535682,58007.6944267374,38150.5112860398,25074.5277542146,53394.830398263,138127.383297602,111118.881753322,58911.8919090778,38826.8121038822,25571.8613113456,55035.1331864323,135776.89470109,109799.000492147,58708.8064554573,38911.2643061751,25728.1404137223,55856.9636327044,135004.861824292,110078.674792726,59320.6986715442,39498.1232263591,26241.5643864311,57531.2973482996,133610.819322573,109381.415538698,59448.610773248,39771.88450204,26543.1888996826,58813.38345125,132526.407924232,109188.3216167,59703.8530203174,40119.0511481849,26898.8621756783,60269.632698434,131234.459156772,108765.725189045,59911.2657850482,40410.0832280133,27201.86810828,61634.3785008616,129786.863636969,108225.492574819,60050.0442267722,40669.5300637317,27484.0841343693,62948.7254803177,128326.256028748,107659.124419402,60188.9421063744,40933.1455353919,27773.8324839244,64295.1657073617,127138.950307451,107151.776172745,60338.5939830964,41212.2549557507,28079.5185180781,65710.4093415128,125884.377463752,106672.819239478,60432.4104191445,41441.9482805392,28352.9216503178,67092.7205587239,124356.990312463,105993.305835739,60449.3134022093,41602.8405339904,28569.4799615014,68354.4317524945,122793.404152513,105282.278804066,60475.9915604596,41781.4603846266,28797.8925863717,69640.6133158214,121137.088481871,104443.380999977,60436.5447657316,41925.4882018979,29009.5484285388,70902.8141299624,119800.668161488,103729.547647577,60433.6342048113,42100.2554685979,29249.1005822186,72273.5538453592,118444.940132408,103064.47498887,60388.4818705132,42231.1292523497,29457.7791857918,73617.3054444725,116867.635710003,102224.515239788,60264.7267930556,42289.3228213423,29604.5359520784,74820.7060343959,115214.81342158,101348.91974692,60143.7795360897,42355.3197760579,29753.8745753587,76020.9129324954,113434.052030769,100325.998523184,59957.7198524207,42386.2795022342,29883.4189476774,77174.6546681664,111901.128031291,99380.2061922438,59792.5961777501,42441.6365348674,30037.9737462493,78424.2757554774,110447.750194332,98537.433396302,59617.1661333589,42479.5014475291,30182.4737159078,79699.5183917896,108698.513953922,97488.4314866679,59329.0583957937,42417.0121330764,30245.5192860521,80783.3683938515,106872.791139702,96367.1522579921,59034.8215266161,42354.38527683,30303.57665131,81844.4530405955,105152.185943889,95232.8455800727,58738.3600418393,42303.4428473365,30375.9607849396,82950.8878375227,104221.983332402,94490.8506216961,58588.8535189509,42362.3537789946,30534.5091364076,84339.4093466527,103530.968078955,94094.4364436775,58477.6231589094,42406.6774231245,30674.2601382744,85734.6025692617,102550.622825818,93480.6854333179,58269.6506052663,42328.1632572772,30690.6325246241,86748.2914690755,101554.74267158,92921.048020693,58140.2150982911,42310.7914484834,30734.9004217413,87724.1937820463,100477.957355893,92273.8031233419,58002.3971531735,42304.6222616181,30790.9510712371,88643.0533943798,99272.4522792225,91490.1857848122,57782.0218119326,42255.1774161381,30826.8494121219,89469.6379313214,98067.5487645888,90706.0183888625,57554.7471497036,42205.2899588681,30870.5791346919,90331.6690791189,96835.0846714849,89881.3412673421,57299.0330513677,42134.7506766885,30902.2998651385,91190.1404805912
583,263873.807237075,136615.508197063,47809.6339288026,24979.3200294733,12939.1853836856,16175.9560538743,235107.100826579,122569.890637185,41612.9209133275,21762.4242890016,11279.9098370809,14215.3100096041,237515.66544384,126143.726840927,41530.9311063029,21882.1884211091,11516.0244141213,14771.8050197831,234776.681310386,126350.295640192,41385.5011707404,21424.5427145176,11187.9527751724,14644.4410570265,233750.895061643,127440.060388256,42275.9893360457,21791.4499888447,11268.2031535941,14688.8536835555,232117.406954572,127885.043147216,42918.1778059341,22233.3836294457,11499.8606759339,14854.9990406744,230522.901610045,128306.682102347,43540.9390120497,22676.3302134698,11783.6399394164,15191.4173655091,228859.419199653,128624.347783374,44103.1393691171,23095.6742757956,12065.7109803094,15602.2751184321,227685.446975687,129029.906152402,44676.1417131559,23517.6149721872,12351.7380066572,16063.092146371,226320.519301521,129391.625135299,45186.0372349131,23899.2867850279,12615.3186708733,16516.6436397656,224774.994528489,129674.429149006,45699.9851972265,24277.3957154196,12873.2071061368,16967.3000322482,223047.854223112,129853.929598031,46194.4465233924,24653.8838933504,13132.6257466457,17421.375644958,221166.310118357,129928.830089932,46664.4888676206,25023.2162114708,13392.3195835971,17882.9016983979,219765.400492159,130089.4547759,47154.5337555863,25409.5452056333,13665.1582465185,18374.2218986669,218124.956083874,130190.090556079,47571.5945334696,25750.3910147403,13914.3108270624,18846.6265216153,216208.44955409,130181.912751683,47986.9069969298,26084.1235457757,14155.6595173146,19309.8268255112,214098.496482473,130049.343683325,48384.0703873421,26418.93836955,14400.5400638188,19777.846004628,211818.23689303,129800.05250424,48747.9131680818,26743.7245017974,14645.4946500415,20254.8829170604,210085.002693765,129659.523667453,49139.3720477967,27089.8777730462,14906.7388227934,20770.0218813672,208160.565866027,129477.708722208,49450.0961386285,27383.8998664239,15139.9669775821,21262.2042182184,206055.220914969,129212.453712388,49763.1837704272,27669.5648991405,15362.9216845483,21741.6339074319,203691.157423034,128815.090007712,50046.7761910601,27948.0943073726,15583.6147614808,22215.8565522709,201132.055904111,128282.026198246,50300.1136247246,28217.6582836894,15804.0602616823,22695.9966576968,198978.87556455,127818.133388653,50571.4990574804,28506.0996217322,16040.7010424094,23214.4768865401,196793.968406014,127350.863450554,50780.4905615983,28754.2628915143,16256.6796407695,23721.897869488,194262.019680882,126749.043173369,50954.3892284706,28971.0648112228,16449.6861555732,24201.1111855715,191590.132967605,126037.025842659,51124.0241012612,29193.8169310697,16646.4143765309,24683.5808887634,188974.586306225,125252.525236286,51266.8164219153,29412.1279087787,16846.8762749567,25180.1239352825,187712.887517256,124895.277299454,51513.4892511754,29693.7836493514,17088.7222175688,25761.1375021174,186554.691497068,124693.2826745,51656.6225075614,29886.2581126645,17273.5096112311,26276.7450996701,185264.851140581,124476.759881545,51825.6661926882,30057.9867902199,17425.1560115627,26723.3805525915,183822.867392577,124192.576379375,52004.1065642074,30242.6139997684,17578.4477067727,27137.7739705877,182135.347825536,123768.835422183,52147.5560237641,30417.3891586413,17730.4060136415,27534.4801112493,180357.831213199,123273.404707768,52277.6487085514,30593.0777443724,17888.5440848451,27943.2964737732,178508.711516238,122709.51273933,52377.5272125387,30756.8110176506,18044.459293855,28360.9593823575,176605.540281928,122099.152239012,52453.8410551674,30907.6432286691,18195.1424253639,28784.6120601482
584,354932.008228372,107084.384534136,24110.1759995557,10419.9919951748,4625.35086429592,14970.7349503398,326867.340035649,97481.1161947491,22357.5936450374,9828.41294073369,4402.2926070655,14446.2223688177,327890.173990436,97139.11720295,20388.8273300333,9148.13622867365,4242.82424459235,14595.406882497,328265.132387492,98826.7039550075,20154.9714868933,8588.73954522541,3881.12591407013,14516.2663394697,328072.033956744,99844.9991071268,20495.8016958179,8620.82405307807,3785.77322126674,14456.8103757564,327501.000777651,100694.035251635,20821.640855837,8759.65035916831,3821.05760396491,14530.6303538923,326855.02339793,101472.351384114,21134.0391693279,8909.09484983285,3884.59215122616,14680.5701518202,326106.023149676,102205.548297454,21433.1091358709,9055.368609335,3951.56345368616,14855.3736305754,325852.179981954,102959.863673297,21732.9380903339,9202.43488825977,4019.77702737233,15045.6991304988,325341.917684024,103685.853648891,22009.2761230916,9337.96276553485,4082.97591931308,15228.1249633628,324578.011083732,104371.39299385,22295.2234063425,9476.64459406715,4146.67282261569,15404.912177669,323595.514537802,104995.021961397,22578.1088987165,9617.81637626639,4212.55068138124,15577.5728509577,322384.915069996,105563.013342006,22855.170556294,9758.51482331472,4279.36847395995,15745.4172664307,321693.730807773,106144.332422919,23134.7905623742,9902.25676438093,4348.44562011102,15921.9637854296,320660.730196176,106686.607624563,23382.5417201603,10030.5369377748,4410.95747282426,16085.6391288837,319277.212098184,107177.589529375,23642.7900835529,10162.5355604122,4473.84546985633,16240.9998356746,317630.29703624,107588.260058756,23899.4848094636,10298.0471640803,4539.64686595462,16391.351780122,315802.356480797,107938.164070786,24147.7387961091,10432.4822641426,4606.508896154,16537.6710843436,314544.167143743,108306.445600484,24395.6907390308,10568.3762770116,4674.96951375222,16693.5019786698,312973.623859606,108646.635047396,24609.8517830012,10686.8685006699,4735.64809426439,16835.6688614985,311205.537392421,108949.165446234,24839.2474346673,10809.882401928,4796.75757728714,16971.3166876534,309042.156930231,109159.572401962,25057.5429509087,10932.7565890281,4859.14508541327,17097.6892347482,306676.278963358,109302.595961882,25274.3611569379,11057.590206146,4923.77652631244,17220.0798386406,304696.212092536,109434.490098435,25485.2629353042,11182.9855602957,4990.20807147089,17349.1256399081,302649.316888777,109557.169325142,25668.3606056814,11293.8561484234,5050.38698661908,17470.3925296101,300165.511037472,109619.091025462,25849.8905255367,11401.1490564966,5107.4478477514,17577.7259050768,297429.455905488,109598.680004541,26036.6193995171,11514.8396049143,5168.11057061179,17679.1707080204,294846.491055311,109541.411890631,26216.9022077413,11630.414650214,5231.90378675896,17783.2520894962,293740.64453449,109631.499950307,26400.9121801396,11747.8435058782,5297.73757170298,17916.0590436808,292742.918830838,109822.86491359,26531.7159205829,11831.130474354,5346.0901654763,18035.3108394504,291642.628080347,110050.576563004,26698.5112745226,11920.2756018434,5391.48796484677,18143.6623928597,290268.501631088,110206.047966127,26867.3755349698,12016.9485391973,5441.10281057701,18243.6561655792,288631.06602557,110291.889503409,27031.1854032537,12115.4007358837,5493.85619049255,18339.2166794088,286844.982907643,110316.216478231,27187.1998664742,12213.4046358618,5548.14238473943,18432.1849457204,284931.088662996,110291.280060498,27331.288309301,12307.5089229912,5601.78255792525,18521.2735956708,282878.111773124,110221.243652688,27466.2195206701,12397.8422539709,5654.11805020045,18605.0417006755
585,167468.546402586,112949.249511513,53888.1147229466,33516.3354442994,20741.8471925313,34166.5822068931,127426.585709993,85173.2471634566,41735.0463797065,26007.7335641551,16109.160345247,26710.5626051137,152368.80289987,108956.414039815,53253.6520536753,33707.6375432975,21207.6474035185,35770.1361380191,130727.969985792,88627.9289934657,44524.9485590052,28313.3606310486,17922.3728114766,30971.7823754387,145743.960675174,104592.891135487,51706.6027781346,33034.774388098,21094.7013451922,37316.3829338093,133020.803373545,92713.6965806863,47156.153820227,30161.5283166508,19251.3778622102,34610.8524654559,140024.350476283,101023.679519948,51077.1348496698,32913.8268748724,21157.2610591757,38559.9847397603,133444.615638978,95152.6221281007,49083.6689949209,31717.7625991512,20444.5033514429,37765.0541203475,135916.837718595,98711.7635888891,50922.7744766932,33127.9435938361,21488.5588800957,40215.8689211544,132955.207166542,96443.0882278082,50379.62736097,32876.7167309668,21406.1458608828,40610.78518903,132753.601305439,97379.1704199297,51074.4856485733,33500.2672350253,21917.5198770144,42114.6274767017,131109.900117964,96627.8835786885,51183.2733323615,33692.0386807667,22128.0674754611,43059.6569145133,129838.709325629,96399.7485424047,51420.131650693,34012.8791657329,22438.2331018564,44196.8349001452,128909.025720946,96213.6653953498,51729.9590934915,34365.1830386292,22770.354834128,45414.4667883179,127592.036736129,95783.9429735659,51831.8216515158,34581.3466664161,23013.503631045,46478.7646023122,126300.063370208,95465.5675016945,52021.1105695725,34839.4172552807,23277.9648932064,47598.8439321104,124777.111795698,94919.0747424902,52127.3067888165,35052.7520232081,23511.9441199482,48657.6090008813,123251.767408207,94346.8595351897,52213.1780398623,35264.0414673593,23752.3700734021,49747.0683300734,122087.649781775,93909.2347382475,52348.3593755494,35512.261896012,24023.2347408863,50936.864735171,120721.530081456,93371.4069840492,52364.9470443218,35667.6960843624,24230.8212936612,52028.0426539962,119265.601013047,92798.9909267708,52386.3159676815,35811.8754360213,24421.4796951306,53092.7952605563,117685.026353009,92137.4444752721,52382.4585666809,35945.9304593847,24603.8357070855,54135.9480161051,115981.678959434,91346.0971349692,52318.5248876273,36048.4323830834,24769.7443837613,55152.1527952893,114576.386679682,90677.1578374368,52303.7707464502,36192.3863282253,24970.7123034287,56276.4309929654,113121.899578726,89982.1951585035,52217.2345246882,36278.1405345113,25133.1499412838,57352.6752330771,111414.16757013,89150.8352123878,52059.8361154975,36298.828019345,25242.6128208603,58324.8897797894,109687.217012368,88290.851884432,51922.3350055238,36338.2552712869,25361.8195212029,59317.6758481554,108050.387687534,87378.635047176,51755.188192974,36368.7822700309,25480.7811586341,60321.8399904283,107270.009953593,86891.5835847897,51748.8856259513,36514.9005036625,25686.9320948612,61572.2444251191,106528.770419148,86522.4484451436,51669.4092219945,36570.2870485031,25820.5327229476,62684.3282462762,105589.185842301,86060.6941235918,51559.6835665229,36561.6725694808,25879.9575155914,63577.7075831401,104652.750959651,85654.4779585858,51531.1888421187,36613.9025508501,25969.150221338,64456.8407596858,103549.289861724,85092.7389305618,51445.5084602729,36642.0718813413,26045.3825573048,65239.7166681947,102384.896745229,84475.0763060711,51327.1679645891,36660.4534657016,26124.4639186899,66011.9038398972,101221.486032867,83847.4970978051,51200.6223564797,36676.8244722755,26208.6843607039,66813.7369115414,99991.7701112961,83152.1538212844,51026.9461936634,36660.0206660455,26271.9421086491,67589.476143618
586,187700.279982171,133935.016428321,70923.5493991012,46335.9568843994,30042.9744761882,55533.38769242,162335.625769772,116303.395423912,60058.4413559407,39266.2038230049,25550.7031723645,47744.0003887195,164238.396087444,120985.100438727,61362.5582550971,40150.7181540135,26194.4147839988,49241.6201997352,163974.125484821,121491.253983018,62775.1450956295,40810.0821417746,26640.2209053404,50811.3196053833,159395.988741095,118778.714006361,61601.6064918871,40283.876922314,26294.3735239253,50479.6239339496,160641.686382616,121219.59379505,63537.0859763337,41619.4612966998,27248.9540029029,52742.2313116535,157095.877786543,118892.971266273,63002.0489913248,41525.3708345309,27285.1194957007,53214.7087635819,156407.142774977,119503.547384826,63744.180498961,42226.2603913416,27897.6460229879,54975.9371002932,154842.826689298,118816.073824914,63978.5879510537,42577.1556199977,28259.2604402362,56360.6566609362,153434.085902405,118475.117983451,64178.8194167352,42914.5649371709,28620.1840123546,57805.2231872411,152057.989525279,118175.308743506,64488.2980117343,43283.1432556894,28986.5076167028,59306.4710458829,150328.01506218,117542.965036312,64624.7812361625,43556.218828842,29285.5676400517,60669.3107953336,148680.226138806,117000.779977875,64808.3948210477,43863.8102104346,29614.5277052259,62114.0922524392,147285.052347041,116467.048156828,64990.7906767583,44177.4004939086,29951.4354013125,63607.9527657369,145830.289990923,115954.642089519,65104.7930602461,44437.1163852474,30254.4728116099,65069.398047926,144078.899827681,115261.387081907,65147.1359225789,44628.7986645456,30501.6784214681,66427.9856689787,142266.647788281,114506.929643096,65191.2656549878,44831.8965879693,30755.0482783559,67799.4858836627,140363.525081375,113635.875457068,65174.5554364564,45006.1042033363,30996.3117903976,69162.7069767666,138810.971714248,112879.594273577,65192.1215754162,45209.4197565615,31264.5902165726,70626.9964447236,137251.674196333,112179.688728282,65162.456238407,45367.3174328514,31502.0167389551,72069.7678987747,135415.72931685,111283.801806503,65041.1518872754,45440.1413651946,31668.5816066493,73366.176763949,133508.501583275,110358.52366128,64930.6696126202,45526.6981105817,31840.8553104101,74667.9721317454,131460.602240153,109277.519156205,64752.3515932895,45577.4443407488,31993.3863660841,75930.0686378859,129665.542612849,108263.63793383,64589.7036531679,45649.3548431242,32169.001227289,77279.5621087298,127983.531378167,107357.028221936,64417.2664075948,45705.5815986746,32336.5562186053,78660.5394074675,125968.372801932,106243.081848493,64122.98122632,45653.8069250695,32417.9048625651,79857.5786346893,123849.562434366,105039.258426769,63818.1686997886,45596.4038799745,32488.9331244603,81023.1892811874,121884.003008744,103848.571032,63528.2653665569,45564.8825294291,32584.3830071458,82257.3664123875,120748.26726399,103027.407148966,63373.8307810491,45634.5014313575,32760.0053372281,83737.2499494052,119945.595182159,102581.742418173,63261.9745608508,45695.6276587664,32922.3322035977,85233.8737709138,118826.965474362,101941.348789079,63049.5216489928,45624.941297785,32954.6905799728,86358.0164397831,117670.46660682,101336.680478762,62912.2579855544,45608.1541874722,33005.4772097407,87414.1367885693,116415.958690589,100643.104684129,62771.0037343159,45606.9150404787,33070.1654243784,88411.6867596043,115026.691726534,99807.6550831281,62548.7775311878,45566.0874565126,33118.0896466869,89327.002934592,113635.618682788,98968.0973462755,62315.0710254545,45522.6850132826,33173.5828193235,90276.3009763271,112206.307499786,98080.829332281,62048.2653269963,45455.0359541209,33214.8763082862,91220.3197306674
587,269919.056394261,127371.613723568,45424.7008884843,23963.5022917425,12589.9034525245,21565.579047582,242951.212228997,123947.103647884,44465.1124485348,23551.9910573082,12423.0759022762,21095.318919287,243178.011296111,124225.976359677,45569.0510033469,24591.3179146006,13159.9491829833,22267.4301814066,242203.481122224,125073.766676065,45908.0930403313,24797.6648710964,13410.097408908,23043.907733025,240897.941223985,125719.950513032,46608.897649825,25218.0845333596,13649.1136842749,23635.785020767,239776.50798401,126414.776200575,47331.4731497779,25729.4647819544,13970.4637618839,24216.0693970244,238227.063582881,126848.540580546,47987.5908724773,26219.7292122574,14304.2410651232,24821.9041444888,236849.297266936,127325.810766473,48636.6198069414,26716.1241098056,14649.7778133034,25467.7672431859,235695.348373153,127760.027290853,49271.068294012,27203.3297650328,14994.1447414285,26143.7516383276,234518.587801874,128196.996790332,49847.7576964714,27657.034735953,15320.5126926353,26810.2035002356,233107.044696271,128563.791993624,50417.4000233002,28095.1278983118,15634.1196604552,27461.5623077663,231510.128947117,128825.500995762,50972.8415886426,28533.9157309495,15948.7818569621,28110.4879876983,229745.273428651,128992.295113469,51503.4518425335,28966.8424742297,16265.263064687,28765.8679323394,228381.127222378,129190.816962826,52047.6585624611,29414.5190577395,16594.9841188427,29459.1029388105,226813.051541796,129327.750116171,52507.4828712024,29812.7215182728,16899.6630443103,30133.0529093522,224985.423589945,129391.625904711,52961.4794277547,30195.2876322472,17190.4682807517,30785.7625455256,222927.229500955,129318.418099626,53402.1488839334,30580.9619729241,17484.5771132875,31441.2053737299,220719.495162064,129143.497363345,53806.1987015957,30957.3423207581,17780.0073901311,32103.4338403449,218953.966098153,129017.396952664,54229.8676760103,31350.6261572315,18090.844999484,32814.7836265127,217073.057466541,128860.715458911,54567.2324344841,31691.3809789143,18373.8181663132,33505.0917982699,215001.304144639,128642.623549865,54896.4786628235,32010.8179684533,18637.8284576331,34167.6366705413,212647.393722331,128290.600497681,55202.5181549184,32325.2393780838,18898.5843888613,34819.8241608665,210095.349301071,127808.73452124,55473.2835650766,32628.985600049,19158.3036022225,35469.1511870376,207877.558673315,127353.336434028,55759.859445166,32952.0370284008,19436.3166282267,36171.1603113366,205670.992009639,126887.142212772,55973.5692816611,33231.3904396048,19692.5846476308,36863.7020528223,203141.042624559,126324.572068564,56145.9028080611,33469.5984427667,19918.9963071093,37514.7786725509,200430.053499181,125642.177709442,56313.679819486,33710.0111726885,20144.4245257658,38158.2304761858,197772.320310418,124900.769171193,56462.9416109153,33953.7082650556,20378.4688406495,38822.3212533704,196316.804538249,124455.537001609,56695.9050347226,34252.9032580027,20652.4966387044,39594.3688225879,195178.653818276,124239.487810059,56846.2209313411,34480.1801549436,20880.903948321,40330.5735790435,193850.806441668,124001.09869389,56980.9584579938,34647.2120504267,21048.2662265802,40941.0950604852,192402.428845865,123751.868726416,57169.238874274,34847.9281240637,21223.7548942087,41520.9090258603,190683.783595317,123323.236412972,57302.0550432799,35030.0517566898,21391.437900304,42046.3469195758,188901.42909443,122863.903725165,57437.6541708813,35224.1060903477,21574.3160718525,42597.6426253183,186994.683185335,122292.919246518,57521.2046865328,35393.5064587169,21747.5922033477,43140.6659803403,185044.158123571,121696.510856748,57589.9542550411,35554.9139868552,21919.4106320422,43700.1463314017
588,317338.490318449,112973.112604212,32507.2541070656,15327.0304829249,7152.82610314475,7464.21140312956,291840.654656507,102906.309238329,29694.7836453983,14185.572649265,6657.40742495817,6982.74713151291,291004.311985305,103865.400124902,27761.7471404425,13376.1240607994,6454.41776372265,7042.96764754007,290894.494522447,105724.406003084,27972.8696968203,13002.8635196658,6126.31893968839,6855.67220071839,289959.022411034,106729.042390566,28530.1863503317,13176.8501689515,6092.50104664603,6680.50339108505,288790.898318802,107557.203939962,29040.9522555333,13456.0867932,6211.01876545427,6681.92843028808,287563.861723982,108299.688712662,29520.3108153245,13739.0606739739,6362.90389462673,6796.55639048244,286293.899652591,108983.952703553,29976.5734134553,14013.1355507789,6517.36391405103,6958.34294046384,285510.76831443,109701.396598005,30429.9136778443,14286.407606757,6672.83203084239,7140.68626564915,284471.779933896,110387.46522087,30849.9473494963,14539.6374120193,6818.37070918002,7320.27208469174,283205.710776975,111014.651647122,31278.7763274083,14795.9922026346,6964.01962787704,7500.1848697525,281714.1842979,111564.131231714,31699.089502325,15054.3049115771,7112.72980978465,7683.77385199305,280092.545074661,112047.24098511,32110.911692618,15312.3574313473,7263.75074810122,7872.81786256851,278976.611332169,112568.823579691,32525.6069274707,15575.3675773754,7419.22389527358,8071.49636157556,277487.073643482,113036.164819269,32895.6878683857,15812.5122488547,7562.27111122713,8260.79491298496,275692.021184921,113426.760235193,33277.6604911911,16054.076383541,7705.77661042508,8449.19258150429,273654.849404767,113722.668963543,33648.9930846899,16298.5977420955,7853.52199028507,8642.32940653114,271490.878327416,113943.96919281,34007.5635013205,16541.327675386,8003.49720343074,8842.04041415499,269919.459534861,114225.532759664,34371.7556947404,16790.4384841457,8158.86012318528,9053.8685196091,268012.934739745,114453.379612779,34683.9467193457,17008.0309091154,8298.44436896258,9253.20187906906,265898.782200257,114623.452699055,35009.7065750097,17229.7078687964,8437.55246835559,9450.35244162551,263449.73098611,114682.176913183,35317.7191783118,17449.725066351,8578.1711653624,9648.55045494965,260856.601769702,114658.622755757,35616.4943724939,17670.4386115878,8722.23785026793,9854.19660303656,258686.274029116,114666.029100621,35916.0434565392,17896.3122099021,8871.83964287362,10072.6762841818,256367.508322614,114638.89879017,36171.1773495622,18095.7191781803,9008.59652037641,10282.9665282151,253659.618818384,114520.45603704,36418.1103428405,18286.8722479751,9138.84719204811,10485.6494967298,250785.536689613,114311.423398256,36664.4010853494,18484.8647168141,9274.21475070309,10693.2847457852,248107.752638665,114068.287058298,36901.8294853291,18684.8514279839,9414.54700281825,10911.5878567028,246973.323458405,114109.275615104,37176.4522704,18905.0787656725,9567.40269515092,11154.5657499704,245766.946643718,114198.890164137,37360.6958486913,19058.3854471616,9681.39946889242,11358.6569424741,244476.586595194,114312.456067144,37586.0536989346,19215.9281049258,9786.61392360701,11541.1499318033,242911.323981825,114328.431343692,37804.0877892357,19377.4436516101,9893.4297745205,11713.3047041249,241129.259081917,114265.989088528,38012.8459043838,19540.5877992497,10004.5309379033,11889.0035547672,239203.85108621,114133.774414976,38207.7923815074,19701.7174848876,10117.7547094237,12071.3338527646,237188.19673075,113949.711127532,38387.5866686913,19857.7866727026,10230.6202499559,12258.9616481421,235063.877325884,113714.451387774,38550.7662536278,20006.4048369316,10340.8480220526,12448.3836715799
589,261402.317994538,142729.503013968,54806.7500255306,30127.2210783564,16558.6702059077,39796.779006042,225136.915189539,123883.455528472,48538.7116631633,26924.5602753227,14869.8055927206,35859.8928299633,229613.754364024,128023.891096999,48831.4527725168,27724.8060922291,15678.1270873033,37836.6815523135,225572.634364098,127228.430681033,48324.3155985023,27047.1258087884,15338.5931162345,38002.938991046,224842.949447794,128544.832284643,49267.5123215245,27485.2947802318,15477.4363127803,38584.4956302661,222885.061269639,128693.273364584,49914.8780800173,27945.1657816603,15731.3039871553,39029.1465944008,221235.75927611,129006.743288249,50557.1073993618,28454.7592723037,16080.3420969026,39688.7365729824,219428.167729205,129143.386861741,51110.669634519,28915.4569724955,16418.8906443469,40404.8362384246,218115.659462273,129399.355923268,51686.49100342,29386.000091877,16766.3880225529,41211.1708741915,216619.305935883,129580.388455639,52180.0842490713,29802.3513512603,17081.9626867579,41991.2161860044,214981.634853999,129714.122006465,52676.1151522007,30210.6358432589,17387.6197497217,42756.2864405769,213140.190252329,129723.486213479,53144.7743260209,30611.0849772821,17689.7483519383,43506.054667532,211162.85490877,129633.847499589,53585.9240365083,31003.3911380435,17991.8933797302,44252.7633681699,209670.782939192,129638.975728515,54056.3310969673,31419.925317144,18313.2983585993,45063.7064551402,207937.495655941,129565.894494832,54432.4234944519,31776.172972267,18601.5964192987,45830.0430343591,205911.812881287,129387.04948624,54798.4429437746,32115.5451483464,18874.277990536,46558.5124042529,203760.159654442,129094.375334902,55153.8046353756,32460.696459228,19152.3029153907,47286.4747941713,201436.242562326,128679.383709774,55458.2682519062,32786.4602291967,19425.9748240091,48005.6663614121,199612.365784349,128378.407459652,55800.3293217771,33139.4907027108,19720.8674652518,48799.9952577909,197622.837036017,128020.599572291,56051.0896812703,33432.0079112994,19981.3734340585,49551.5629678935,195469.181975894,127596.664712965,56294.7800263866,33707.339833324,20224.9693507389,50268.1901507585,193078.086033659,127037.859612358,56507.5256231621,33971.5926447838,20461.9002824813,50957.9146015747,190498.399702502,126344.728679272,56679.6068470107,34221.3921568504,20695.3083351448,51632.6862732055,188292.099266993,125718.903878681,56875.9523963832,34494.7526480961,20949.4469379827,52375.9843636242,186075.065645649,125087.241982025,57004.685641371,34723.614165501,21179.9538756668,53103.3682880628,183516.681494491,124320.420315545,57080.2710314699,34905.3201406197,21375.7362296524,53759.3858933839,180863.446979366,123461.171589472,57157.5382765689,35094.3334051716,21574.3842580543,54410.242228807,178275.06716856,122538.710117654,57205.3799699329,35277.9399655176,21776.3990629473,55072.055493878,176935.737255026,122037.022850115,57379.3460011493,35542.7329587156,22034.4221924102,55920.0063811403,175780.803648466,121721.346300047,57464.3603535406,35723.2224318256,22235.5292554438,56708.1035083853,174441.670765127,121374.594992831,57548.1442780797,35858.0799087833,22383.1819463372,57359.1898121543,172988.358646689,120992.854841597,57666.999764155,36018.0692579077,22535.5379467393,57963.4880444676,171292.023142775,120450.418558182,57738.5630016366,36163.2117565596,22682.9817251736,58505.9121812014,169533.237659448,119854.521358376,57797.2632938974,36311.284765893,22839.9990282354,59058.0526322787,167703.321911544,119186.054249992,57819.7697207802,36442.4798953425,22992.2887675214,59608.8105867448,165797.164027373,118462.5021502,57810.2467013527,36554.4144924178,23135.2809633521,60154.4300767375
590,123270.935794067,103111.926809782,69030.3955439885,51657.6959198689,38404.4058399929,112114.535714017,110793.607805073,95238.6971873387,61960.0659068409,46381.1618205082,34571.4870369898,101981.721341219,98129.8013932927,84715.8989053438,55055.3677125585,41278.6540288266,30806.2255476675,91503.1491297419,106203.506114798,94287.0172808643,61651.6953780599,46104.4186682612,34492.1825793572,103626.664409601,104744.839510048,91910.1655092397,61348.430396239,46106.4084643405,34523.9407061851,104852.486162032,98722.8290042048,87033.6684603455,57829.1583408953,43776.246248227,32973.4517435767,101292.555558415,100361.324616498,89771.9034882947,60006.198446644,45428.7743341978,34323.6209246692,106868.179933481,100110.883328147,89483.3083643774,60593.3415947703,46067.5714432616,34888.8585988186,109974.949515553,97016.9429322241,86801.4811579569,58919.3765213055,45055.7897999391,34289.0054829703,109474.765417723,96615.7260591019,87144.9474394967,59322.6193089862,45466.3274181726,34735.561740453,112484.797540506,96352.410109405,87196.4381664338,59825.8062511869,45971.340716524,35211.5947506005,115600.259730363,94414.479363579,85660.2350535001,59059.9544732053,45564.7373738707,35016.1971579011,116474.912136702,93050.1522348196,84895.1368640823,58784.1850308872,45489.2119852531,35076.4649933759,118234.625559576,92508.8560422462,84668.4568830604,58992.2981620898,45788.4994698128,35412.9883234122,120957.68669155,91385.2393108811,83878.4893107304,58704.622929101,45724.1440828445,35478.9641629695,122794.064237163,89931.0986503992,82896.9033731977,58257.1124105071,45503.6346258608,35417.5023685726,124219.946254769,88762.0944410791,82198.0821659715,58073.3727061979,45483.8987865097,35500.427080948,126142.443748091,87527.8128792372,81356.5292590108,57812.0022164751,45424.9002023136,35558.153102062,127974.833851769,86320.0482043007,80411.9417078556,57420.7563031443,45272.6201345328,35553.5898103643,129627.456403817,85256.9866235544,79710.6920644389,57125.3640549977,45173.7824525966,35589.4858944739,131497.087803237,84093.6936185993,78908.8970941023,56804.9309460458,45032.3785479657,35575.5846493899,133204.335649273,82725.9554655195,77924.0822422831,56361.9580799167,44803.8756406998,35488.4961521736,134608.605493854,81315.7323119056,76895.5310331769,55900.3346814463,44566.1526174107,35397.688867768,135986.437666961,80126.023084663,75962.5285834991,55497.8575653168,44383.650981013,35356.2455612579,137578.622436669,79014.2813975862,75132.9116860298,55101.8131486612,44199.3113749898,35316.4916831289,139236.119860579,77692.8131097242,74151.0610802239,54601.4569503683,43908.9098611942,35181.5873346396,140552.432143195,76233.4241423629,73029.3944176739,54030.6322796003,43562.5511758061,34993.7911865742,141636.721943364,74899.5187541677,71957.9923227328,53500.1267905948,43259.8117073227,34844.3705704506,142862.877033958,74155.9927915748,71213.4560861302,53141.1077951104,43098.9529320924,34815.1324767418,144621.24672593,73686.5262669139,70853.2534190376,52910.1634774359,43005.4454553001,34833.4544133323,146641.405836085,73000.6551086859,70324.1501843881,52593.5212625542,42787.7414419803,34716.1975724108,148040.065165538,72130.3372560809,69661.7748121031,52217.0327530279,42524.5226347486,34541.5577583446,149001.212123679,71286.0393573644,69046.2490147111,51920.3918340234,42341.6232121916,34433.6207364336,150065.114703719,70450.9917335199,68407.1082653445,51628.6010298492,42183.6930827706,34357.7745428421,151166.823686586,69523.4950459473,67662.786588885,51241.9523503722,41959.0563794536,34240.4745218253,152072.651486651,68554.1262161471,66878.1477957565,50811.5767588123,41695.8383179214,34096.5263609429,152894.799159149
591,375433.534492565,80477.8445342792,17515.9533536991,7998.6702696311,4084.92815703508,42959.7811336135,356994.730760061,79176.8574069793,17730.4372822223,8199.73671819942,4177.20647884176,42737.6997553316,356250.299929207,80149.6598091394,16805.1900393929,7807.39252622446,4075.2943333985,43161.2549859885,356021.943351841,81089.4883170602,17130.8487761619,7739.8263289699,3952.5406837314,43572.0733603032,355714.728443032,81813.9441040423,17406.1042499216,7857.64471778462,3972.43639380226,44038.6347328455,355095.223003992,82496.2401481352,17637.6856193978,7964.7748944086,4015.68006175968,44542.5315509502,354379.403273961,83128.0219308758,17860.6972482779,8066.18132048482,4058.21559590875,45052.6186501333,353597.260405022,83737.056168851,18076.2492324263,8164.21793163983,4099.24149564746,45554.4833660758,353284.760653852,84333.7673296731,18286.4365709114,8260.3408140068,4139.64597030148,46070.7439661579,352743.162679711,84951.9031104163,18486.6504153973,8350.11424450783,4176.75346578814,46566.3260278018,351930.019658218,85531.3527386572,18696.7525736998,8443.66362151336,4214.46098494786,47039.4954768435,350851.516652557,86058.4497823342,18902.8317131815,8538.66961561617,4253.63303190777,47490.6375282768,349624.993782937,86545.3187105348,19104.8424569979,8633.31914450664,4293.47190901248,47924.215913188,348870.174531881,87012.8504720197,19298.8276283159,8726.07903120982,4333.47621044277,48372.9553418234,347776.166837271,87496.8280749858,19478.6379428955,8810.08010310779,4369.19459939771,48793.682293755,346299.644685123,87926.5365096605,19669.7129183921,8898.18448766995,4405.40026168453,49184.5650770229,344555.533810538,88288.6933050769,19854.6956615534,8987.72539418359,4443.30421594973,49551.6022309809,342667.373713573,88607.556983417,20032.475098201,9075.47396486989,4481.36337166651,49899.6471558355,341315.063214672,88910.4538502431,20201.3307483634,9160.63578254899,4519.1493939291,50267.2698563696,339686.687784203,89237.7593465851,20354.3349906887,9235.62429932519,4551.80741368036,50607.8527397875,337789.372271039,89516.3594449422,20518.8828219947,9314.54298046052,4584.67921860278,50922.7025750807,335510.922864955,89731.3172136901,20676.4016326894,9394.09266120201,4618.72857099644,51205.0976266164,333029.709019064,89885.7104587561,20829.4030591111,9473.56195558837,4653.67706065073,51463.8107248118,330977.830867971,90016.6897138611,20972.3657071047,9550.8036223555,4688.91597799847,51737.0144803403,328801.248693116,90164.7751140909,21097.5792195542,9617.48943796376,4719.19797613102,51990.7601792313,326167.150123045,90267.1350018647,21228.6901431592,9684.5856590115,4747.95251566482,52204.3612054022,323286.103435558,90290.9644548364,21358.9103622398,9755.34010938186,4779.0343288268,52391.1868068191,320653.117253787,90288.0197370086,21482.6078913813,9826.10444324441,4811.82773369569,52578.1391626853,319593.404205849,90363.2192785375,21595.5420860594,9893.02702582591,4844.55294119891,52854.554490989,318615.606972671,90587.9759133835,21685.4962945517,9939.65164230163,4866.01977482035,53121.4787458568,317477.117697185,90809.2999205783,21808.7072910392,9995.92302881424,4887.68759170021,53366.1801244293,316046.388750988,90979.6463451302,21934.221374664,10059.7700823059,4914.26074916333,53582.8313354484,314338.390711366,91092.4193077636,22055.3603661916,10125.230182181,4943.75836851329,53773.5810943776,312457.397739451,91153.7590209649,22168.7791883583,10189.587707033,4974.37911415541,53944.5691993517,310448.417361627,91176.2654164651,22272.5940052439,10250.5438372776,5004.37791949765,54098.2855331623,308320.123916238,91165.5893217228,22369.1393860809,10308.2150455744,5033.10651187775,54234.3708631205
592,211512.643925163,124952.672075582,57099.5609587967,34397.2052597716,20587.2731554179,36298.7662425343,176860.36119778,105514.405847457,47993.259087043,28955.7996101978,17372.426928933,30900.1977949946,190436.426024807,117803.233432672,52738.0289973307,32162.9802186542,19536.9454095923,35061.5034243712,178623.940502344,109499.337256177,49656.8658898992,30112.5521846339,18317.809416236,33549.2538221483,183969.167931637,115608.340112798,52475.7372259195,31872.3874125221,19392.0583744862,35818.6662198524,178047.910116532,111841.081597424,51623.1004907737,31453.8214913118,19153.021900366,35548.0074595858,179211.409022732,114253.746294677,53034.0928245457,32514.0447066532,19902.0406535327,37092.7545959196,175896.505452797,112611.949866033,52904.4091282578,32585.2266948841,20037.024200856,37612.1300271277,175750.450004222,113569.149869014,53717.6075711146,33268.1391394135,20567.4286485439,38918.1345024337,173766.55861744,112938.311339485,53881.0129440447,33512.9489146256,20814.662482012,39753.2374991635,172619.689713591,113153.577208289,54369.307386779,33964.8499692486,21189.2808352861,40834.059198074,170777.373265207,112757.280511361,54648.2014254409,34282.3034688478,21476.2668183309,41755.4031423591,169111.612874648,112526.968804155,54983.1236934464,34650.5410296782,21802.2560190836,42757.7533264927,167773.001508206,112308.121820973,55323.8895856201,35025.3516708463,22137.0912012961,43806.2343153329,166201.662459892,112020.083792862,55559.6982356938,35327.0823356386,22427.4019370909,44797.1311307861,164423.341588877,111642.783048394,55788.7271390065,35611.1728490942,22699.150320871,45759.6938923896,162529.830224504,111167.609526993,55998.9380013517,35895.3731268635,22972.1911586728,46723.3480922636,160512.821831525,110569.358844345,56152.1459279728,36152.9228851488,23235.262009147,47681.1919895931,158987.624141415,110140.780402598,56366.9428840064,36456.1509191921,23533.5813547592,48743.0461184218,157237.572362971,109612.88738932,56463.6312174677,36671.8302539577,23775.8698163278,49726.2766640023,155355.386843638,109030.853995158,56556.8094692949,36870.4838959978,23998.3539602995,50677.1086518561,153301.343836462,108345.162925638,56622.6324566883,37059.0446644707,24213.3370053327,51607.4021668296,151094.769133611,107515.787624387,56632.1505108891,37220.741642726,24416.1827587939,52518.4484704219,149272.573155409,106815.064989627,56690.3055187098,37423.5216459993,24653.0563607102,53530.0349753311,147377.780686717,106075.899463399,56664.7037228109,37563.1005121515,24850.5926347405,54496.557944028,145198.454366856,105209.807538649,56580.1294755009,37647.4109818052,25003.8251323404,55382.2095057915,142946.804509631,104276.947619362,56500.6795352014,37740.5837948563,25160.1182777815,56270.3365868191,140813.527901569,103291.661365972,56395.9715969221,37829.9228253692,25320.4221471952,57177.6739584834,139799.526033679,102783.498812808,56461.0699338939,38036.7560346655,25566.1636642496,58319.9323245477,138800.100567154,102380.462835377,56419.7827742938,38133.4935762811,25730.0965323841,59323.2558549571,137626.55870074,101929.724565544,56377.4093141627,38183.9960180558,25833.5871817804,60158.1180441762,136406.242468933,101493.793316823,56393.6063924821,38277.9471592184,25953.6098629896,60953.3834866706,134968.453874482,100886.291033204,56348.5105858985,38346.7251187368,26061.0182215631,61663.5308486384,133485.39552575,100239.780089512,56287.2989665014,38417.1384194432,26178.7656139972,62384.1894818803,131956.087428311,99541.8644909901,56196.5678051035,38472.3739267694,26292.6373983604,63112.1016813314,130359.060208878,98782.6215522931,56064.8690835246,38500.6199781961,26391.1266092944,63828.7513302014
593,201855.950718964,143233.079620784,68873.7973883102,42573.1126696479,26125.5409106672,46195.1485994897,169624.730893907,121059.985664889,57379.1852377472,35546.2874577279,21896.9064539751,39289.4961995862,174937.507880119,127931.98970674,59569.7117868913,37199.8220386655,23097.3119149533,41619.413941384,170751.58754912,125158.180302634,59159.4609030317,36683.7659019064,22853.9691162623,42090.4131184802,169453.804693767,125770.160143331,59461.4958153292,36991.2905552289,23018.5438099932,42747.2307950628,168511.40012916,126095.621760537,60525.4962303811,37698.4023749302,23492.1573023,43940.846101874,166107.420339811,125155.416159845,60548.6664058805,37971.0112319265,23754.1952315666,44627.2621543951,165106.430736467,125448.557458767,61290.00521446,38605.7804908585,24276.8982043978,45981.3899197523,163363.983403271,124782.203494145,61480.8331079204,38936.8913865202,24604.3837293235,47024.0752342457,162300.201895481,124846.751839251,61958.7892749949,39413.822435091,25028.5191880667,48332.3488252969,160634.36463292,124361.446534357,62199.941850985,39733.1577553476,25338.5448197337,49439.0771319571,159076.547082127,124036.045007593,62525.9684540383,40110.453831703,25686.6933605589,50625.5187189512,157302.627127306,123469.949012486,62758.2184372459,40436.7504915458,26005.515477005,51766.6756160732,155916.759372048,123059.759135791,63038.9882313293,40802.4541579041,26356.6817198709,52998.8870840021,154454.165143251,122633.040794681,63247.4319141076,41112.1580371884,26673.1340362103,54200.0211751399,152679.662998474,122023.595214062,63385.216297805,41360.4739523566,26941.5808065628,55315.3241309753,150851.505573834,121359.011170432,63534.598456225,41626.0592288223,27220.6864265328,56450.7455394032,148876.681542415,120539.208867418,63607.7313725202,41854.9840841167,27483.5061711832,57567.1201531235,147290.366172157,119854.46304908,63725.7891825083,42118.8558374393,27776.0068390783,58780.1026936328,145666.056307168,119195.86822151,63779.714703647,42329.9437848277,28034.8269388964,59966.1827199067,143813.831732234,118374.768394643,63768.7381501283,42478.7541454759,28242.1466386331,61055.2002059537,141878.492293291,117517.372416719,63762.8174630704,42637.7629138456,28453.8782078217,62148.5058004316,139732.733751769,116457.916926556,63671.7424055526,42749.9845318331,28639.3145501728,63189.980396526,137895.56569065,115500.005272759,63618.9093327579,42898.4164520594,28856.7063277482,64328.8472118752,136135.250834257,114612.025757888,63530.3774549462,43016.2988796671,29057.2148344198,65476.7649087756,134062.67780598,113534.945420299,63339.5200679721,43044.6237189863,29188.5535344908,66491.6749624925,131903.95671177,112383.637779197,63150.6011013581,43077.1535555299,29317.8001184108,67496.7294370586,129819.576384074,111183.331724013,62940.9407494552,43110.1810422779,29453.5558674904,68524.5075226596,128615.924756156,110376.066523151,62867.0516853341,43240.1395675574,29662.9476514248,69763.3739429604,127763.536148951,109943.805833528,62818.5876661318,43351.5275165497,29853.350357581,71011.1941416488,126614.57905769,109333.341598301,62682.1999939117,43346.1469820437,29931.1260509256,71965.7650603128,125458.433246809,108782.981405561,62632.688518843,43400.5999610017,30032.2033212294,72882.9400893597,124127.634047009,108076.374697134,62538.7260672234,43441.6114939548,30127.0139338733,73711.7820239322,122694.755468321,107266.41254261,62392.4224256053,43462.5729438535,30218.4270249026,74506.6877424156,121258.270266707,106441.565402991,62234.7081836258,43481.4091331012,30316.4945163799,75333.07751689,119755.214751592,105544.248068808,62027.7520467849,43467.0736094078,30395.040501816,76140.4886195891
594,184151.361811439,123659.022295922,62966.4757680548,40370.1712449531,25734.5349315458,46064.5221219969,156301.680795722,109576.633022677,56649.7080206735,36440.7760827361,23319.4357597005,42086.9428286066,161838.362785455,114648.441545562,60072.0605406243,39317.219539053,25470.4180151938,46612.0940834073,158160.523314137,111832.810358419,59099.5034168188,38867.3167146773,25467.9582060049,47904.1685288006,156393.664159982,111661.769686914,59023.538159419,38963.3280186766,25655.4963014758,49431.6630591248,155956.256455876,112341.882914044,59959.3437293703,39636.3457464675,26164.6785321865,51353.4457771366,153360.194969781,111031.483942031,59790.7423940916,39724.0056326126,26309.8648180069,52355.729065193,152360.262490267,111226.40073817,60323.6086869967,40261.0623643716,26788.3551309165,54014.6170009096,150908.540874267,110688.65786041,60540.8888422514,40587.3547054837,27123.5031920713,55412.9512776006,149569.741166266,110392.061116806,60748.5065126001,40908.2250049826,27461.6199907878,56843.8997898076,148160.983854115,110054.878502271,60989.0761247902,41223.834066603,27784.937006694,58262.587233575,146501.77246531,109511.163743015,61130.9548921422,41486.2080317811,28070.5894948947,59596.6989410539,144859.557843453,108966.211585347,61277.0799164583,41757.9287021195,28368.4323484413,60969.2277921535,143542.574174309,108501.218493024,61451.0178781115,42055.2659470984,28688.9757477773,62421.296829025,142088.740714994,108007.307659104,61537.7506542193,42283.2418404007,28963.6954156639,63811.5546753019,140374.223623542,107358.228963908,61567.8932790258,42455.6512338828,29190.9686123733,65111.154703182,138607.521798711,106662.152391112,61602.2135923225,42641.2968226855,29426.4729797249,66427.98585889,136732.464062863,105835.769764424,61568.7671949071,42791.5343261406,29644.7120799955,67723.3352903158,135238.487073051,105145.017507572,61582.6887580548,42980.6902496731,29896.672725278,69135.2627354631,133684.931146828,104477.027157298,61535.1168270197,43113.5641370071,30109.8039040454,70504.0458158586,131900.378228068,103643.559578006,61414.79876494,43176.2006024725,30262.4360841762,71745.7944503798,130038.92548117,102786.917457907,61300.9588870155,43249.5852558669,30419.4271289437,72990.5384137009,128023.466092726,101766.384025092,61116.5219056519,43282.7220463455,30552.5348270114,74183.7240653452,126306.305785604,100840.955656736,60964.5421338247,43350.0623287567,30717.7396809011,75485.339927145,124643.248488162,99989.4122344785,60785.5332254122,43388.3149632549,30865.1899634424,76792.6490908024,122658.006116119,98937.2626929838,60494.5865317714,43326.4053352731,30931.3985329626,77920.9611038079,120614.417796451,97832.5112872502,60207.5068256919,43270.959222539,30997.0617921096,79041.8903915129,118704.29319556,96718.7577303928,59921.2557912483,43228.7310861787,31077.8046547229,80209.8122014919,117664.782954807,95993.1700831855,59786.5698684051,43300.0710587603,31247.2116986925,81648.5062555737,116858.738863444,95571.0735373658,59665.3186347666,43341.094064938,31387.1668748781,83058.0199280807,115757.222353548,94968.3698717942,59459.8991186401,43267.1998231708,31409.9498144445,84118.2800637679,114629.424893119,94409.3394227903,59329.2154699838,43249.4760810705,31455.6553434915,85126.8342359461,113400.173072952,93759.0000608538,59188.4532678634,43241.6618009815,31511.6238078913,86072.9062222886,112042.400885938,92980.628185115,58973.0082133007,43197.1356319065,31552.1822276807,86942.3993696971,110679.590103946,92195.2079311391,58745.3158161386,43148.8654915081,31598.7624689698,87841.971858696,109286.591193842,91369.2251633743,58488.6281476731,43079.3108117481,31633.0057675579,88739.3743788399
595,188375.993892357,133720.767535926,68334.844016335,43842.7075059868,27930.7197624876,51718.1929946685,158894.253841784,114703.987195676,57171.4286930476,36628.0571667317,23391.4122567497,43777.4579442013,164180.771562231,122072.342457594,60316.5520390086,38728.4049233608,24803.6909302418,46630.9566120176,160905.724033575,119647.403330375,60171.6912851101,38499.4098895413,24689.118124136,47026.6199349598,158663.716968305,119244.720134441,60110.9844516591,38657.0164601966,24825.9889870501,47635.60763211,158409.711892797,120165.548466586,61298.9871538542,39506.5420892176,25437.9425279495,49186.2777399905,155693.431209478,118725.603518994,61138.0889928457,39640.4939226453,25627.1213299299,49911.4665249864,154757.012380944,119038.56685818,61780.0758974149,40250.7732482601,26156.141005574,51429.2894037941,153187.353936537,118386.710773478,61989.5490898005,40582.0146164138,26495.305995726,52665.5017511679,151964.993016825,118213.231411207,62294.0220019045,40968.7328639229,26875.4140014859,54042.8957349836,150463.600338682,117797.907751883,62541.4871088849,41290.3843011635,27198.6782460708,55337.8187150038,148846.843768773,117290.323194438,62743.1392452589,41596.9343143824,27511.0863672611,56610.2454238284,147188.066342546,116728.878209232,62928.9667006416,41897.4373633705,27824.8890940261,57902.7984212728,145824.316889006,116233.743089782,63128.065590335,42214.8568683542,28155.1754537467,59259.8137531894,144389.359558274,115751.971875968,63265.879778884,42480.9221627649,28452.7303235312,60586.6158898638,142661.007030879,115079.227649915,63330.5588610512,42682.4554011482,28698.1236553768,61815.9397619297,140896.652175905,114364.559919521,63403.6004112681,42899.9456668174,28953.849285212,63066.7411249303,139006.282553265,113512.220896837,63405.5000503838,43080.7447934837,29192.0520124077,64296.94170511,137480.426767717,112786.121475485,63449.172509265,43295.3663318368,29459.5492842587,65628.8381492002,135925.965524302,112102.148683045,63439.5958673309,43461.4769434886,29694.6518793333,66933.7566467277,134123.493699149,111235.008269997,63351.3424440529,43554.5494942694,29868.8964260685,68115.5933667689,132255.137970478,110342.490371582,63271.8818691586,43660.4884798721,30049.2520190117,69304.5916245678,130225.467862832,109276.198204183,63116.4697788253,43724.2172014566,30205.5633198835,70445.1553175653,128477.824437778,108305.620630657,62990.566903429,43818.5440462342,30390.7275803613,71683.2303713572,126802.688713167,107413.110882492,62840.5045415155,43886.368362785,30560.0330180008,72931.621598305,124812.678816384,106321.645082008,62580.7490109253,43858.233332649,30653.0910915456,74020.1528807349,122739.072113273,105154.206061305,62317.3209616219,43830.9769573149,30741.8563867122,75092.2617971436,120779.303027634,103967.248076105,62047.8966356491,43813.6481419347,30843.7668051351,76205.1960025548,119695.235328182,103190.426482741,61928.7992863872,43906.2241452429,31030.4449062299,77570.6471587744,118885.104294797,102755.049285195,61832.0896766996,43973.7738396792,31191.5741121949,78923.1930533387,117780.266950956,102130.649770026,61648.3827604717,43924.7578174233,31235.8738645461,79944.5504403464,116656.751499912,101556.155639397,61544.8266546935,43934.5765043946,31304.3363814215,80920.5676900135,115404.498422446,100862.167340921,61415.8674689022,43944.0493652938,31375.952616842,81821.4896114844,114034.253715594,100045.007940577,61217.8347282507,43921.4240693899,31435.9005902956,82662.1862246057,112667.375591591,99225.2624907913,61011.7358243599,43898.2784151239,31503.9699112294,83539.3225469183,111250.339904658,98346.5952363423,60764.9371629721,43846.1507232755,31554.5214248485,84401.6622842953
596,365751.022392541,86012.2657946917,18563.2746610359,7912.87441625108,3468.66856925589,10321.2659192515,346151.080364022,80841.7221314584,17757.7306898567,7752.20667401894,3438.1055533248,10176.7940616626,345930.612853191,81657.8793207469,16377.5268725269,7124.45813905638,3242.77379398361,10229.7862751038,346091.400156846,82847.0675932186,16511.2599831672,6898.9106918384,3034.87939553788,10167.2070990006,346013.674901707,83704.062399934,16796.4808893014,6981.12207016566,3015.43270541358,10166.3115517333,345567.706670424,84466.8721773328,17054.1828554752,7094.81772995878,3054.94064389153,10247.7794558188,345051.268839312,85180.3507914629,17303.822345436,7210.02241224198,3104.38245711225,10367.2807669504,344515.201226421,85867.0614447771,17546.221629587,7323.01973255346,3154.56621902688,10497.9132247148,344461.113784612,86570.1206776222,17784.9302071665,7434.68735503452,3204.50658356301,10636.2174775908,344106.633727333,87261.4739856447,18012.2942454357,7539.6357617957,3251.17990555104,10767.5911136648,343486.095653017,87911.8760460032,18247.4323140068,7648.30475481993,3299.00413902697,10895.3195735316,342602.049316931,88510.9566176841,18478.9632779068,7758.3645339929,3348.40301913699,11020.1694691406,341620.605285796,89071.5084106525,18708.3946372096,7869.01045964494,3398.85405193481,11143.7798581628,341151.225617728,89647.7859360669,18932.7762148105,7978.73060263562,3449.57724187646,11272.9927993096,340236.563613072,90197.8306624169,19140.3061908462,8078.69205883722,3495.67498496312,11391.3961504402,338959.156387533,90690.9741799253,19357.3080127076,8183.15059577404,3543.09520146258,11504.5643708249,337423.389707032,91122.9688713099,19569.2253924996,8289.28574844282,3592.52642804215,11615.2690251272,335791.195195585,91513.8819928571,19777.0150469769,8395.04305384691,3642.72746254248,11724.4432931608,334761.205990383,91928.9814561696,19979.9182340447,8499.87714019278,3693.16087807587,11840.6513676549,333327.10833261,92319.003252803,20162.0837941662,8592.5174140256,3737.73439042358,11944.7949385887,331634.720124825,92661.6624946035,20354.3043971128,8689.51543497211,3783.33079232761,12044.2667151534,329545.941285064,92932.580572421,20538.9220220607,8786.77740607904,3830.23605553395,12138.1492216907,327343.630492517,93154.9515980661,20722.4319361731,8885.68413102254,3878.90554105158,12231.1822553782,325580.366921898,93386.5315972861,20900.2746239921,8983.8764536832,3928.24117005908,12329.7622399158,323609.192068373,93595.1126102067,21056.2008249141,9070.08787704317,3972.07183374606,12419.2577308302,321154.761394231,93741.2804082579,21213.93745663,9155.86631339072,4014.71284879784,12498.9116614702,318513.021728402,93825.151655089,21373.6721556649,9246.55674098253,4060.50347808557,12576.7881884449,316203.396777697,93901.6973893527,21531.8209664906,9339.18585482956,4108.67632142016,12659.289455359,315539.930796529,94132.2749667888,21689.961347422,9431.46755476106,4157.31436407163,12763.8800331475,314681.658656054,94396.7123409765,21805.1121152599,9494.94729362878,4190.86666750832,12848.7124520198,313673.567247051,94662.5734532178,21949.7664359215,9566.80746784711,4224.59901061525,12926.7079384428,312345.366025266,94866.7844779755,22094.0916179118,9644.26334237639,4262.19143221577,12999.9760654457,310756.253142048,95015.2394259569,22235.4196906834,9723.46440724027,4302.35555930763,13071.481606345,309025.138363675,95117.6957712253,22370.3174349941,9802.10689374015,4343.54682531643,13141.91967727,307168.381932909,95182.5349522293,22496.5946328086,9877.74527046482,4384.09333329047,13209.7145624518,305177.272938292,95210.1544963313,22615.3140269297,9950.34935470279,4423.53044974863,13273.7747137995
597,262694.049108149,129346.767922605,48471.2254229682,26380.5326594523,14283.1429147348,20290.5536127825,234913.54891849,119499.249473155,44884.6463861131,24529.1023411014,13327.6919599314,19000.2404354176,239084.768033617,123798.789825356,46284.1895983089,25598.6270148873,14104.597771793,20346.9798450892,235370.437525764,122791.785537124,46173.0526633443,25430.1450446066,14042.2200070009,20631.1964832335,234688.930765869,124055.109631024,47070.663672241,25957.406698736,14326.6495051561,21191.5241041037,232651.439186911,124167.032332318,47636.8003078975,26393.950844556,14605.3163497808,21649.3670130743,231002.374624968,124568.94990882,48273.0324559685,26886.4579960441,14950.4543046776,22247.5364548747,229132.105039534,124738.500785195,48819.5667622203,27334.9453086755,15278.1645447901,22867.1202108571,227838.331822522,125066.562532933,49403.7237575003,27803.7359821886,15621.1818690016,23547.5297228492,226295.966861918,125294.143952041,49899.4452637392,28215.9025479208,15931.309565919,24202.0581235339,224602.892100968,125480.875570143,50403.1390894035,28624.2017469329,16234.6832773305,24852.2999269826,222707.250118994,125547.604802092,50881.5702415293,29026.7083652502,16536.1786605308,25500.0262292562,220680.453435182,125519.535233629,51333.2937825812,29421.3717943899,16838.1032623809,26156.5639207754,219175.781482748,125591.873496314,51815.0451439957,29840.1976337904,17158.7346228422,26859.3872896894,217355.134555966,125563.912813453,52197.9244290838,30195.5976215156,17444.2390811698,27527.0682774687,215275.419647601,125448.724503489,52581.5921245589,30542.4209478835,17719.5842479321,28182.4672241872,213017.986928593,125210.956387547,52945.5060557527,30889.7130096033,17997.6717248437,28841.8662255944,210622.544762081,124862.158963627,53269.582862142,31223.2443293227,18274.3163980568,29510.4396519708,208811.195099656,124648.187473822,53633.8173079392,31586.544327325,18573.6787832968,30237.9611206721,206718.120340692,124339.179949061,53890.9852669436,31877.8758475544,18831.4478122445,30921.4055162899,204475.985226979,123978.30460666,54156.8436763225,32162.8126668457,19078.6325939847,31591.57320895,201974.520477263,123477.22300953,54386.1977414102,32435.4379102263,19319.5211056888,32248.7584503201,199304.322191322,122853.318475476,54580.8852109948,32696.2544009773,19558.7471742361,32910.5593521928,197073.489430661,122315.809331267,54804.1203241327,32983.2257049056,19819.8740477322,33629.5758922869,194759.314745017,121743.049595385,54947.3996560437,33216.6790407927,20051.3853508789,34325.2926301091,192104.179675974,121049.185833307,55049.4718860811,33411.3930856714,20253.3293311176,34980.0794721202,189317.077767705,120252.65280141,55148.1204272808,33611.2969474462,20457.4828398424,35635.9099943685,186666.836128487,119405.007310755,55226.8766999087,33811.7606253188,20668.8146676345,36313.9816039744,185408.243239825,119010.764696964,55436.286455186,34096.3207919621,20937.7776842809,37124.5799683539,184164.767271225,118712.709738684,55519.1069414411,34270.1433928371,21132.4670138099,37834.9838353271,182794.507080409,118423.068866874,55630.6388071323,34419.9708635997,21287.4648185406,38452.5829122037,181264.122271138,118069.623981038,55759.2573164955,34585.9155352484,21443.1604554086,39021.399047551,179502.185472132,117575.923104773,55848.8666607809,34741.3545744636,21597.0318129804,39557.6546309457,177672.396041874,117027.190368555,55924.6703926611,34898.3891794365,21759.1300574665,40107.7811508369,175759.480351646,116405.050357147,55964.3700021093,35038.3954432418,21916.0478819614,40663.3073153662,173781.673555297,115733.771834243,55976.408111871,35162.1365339935,22065.4626541888,41223.7283883162
598,200980.726153254,132082.602710624,66562.4789745357,42306.8506560418,26688.5737278436,47644.8121307511,174063.165321292,116111.606778264,56323.335550501,35710.2413221364,22574.2980718319,40719.1762181291,178312.04057866,122537.906065096,58546.6281742482,37058.3088303899,23444.4178874716,42470.997109266,174898.796258137,120790.410905468,58622.8170977131,36849.7517644755,23264.4044901845,42532.8937722292,173001.18093385,120764.365976482,58955.1341943827,37216.3234939563,23480.9520077302,43031.5755956615,172171.518143123,121330.588870883,59931.3503920113,37953.9641648888,24009.4512912138,44159.4403708402,169690.972815571,120355.44368192,60030.2138201595,38246.4942371325,24300.5027753279,44933.6562779099,168500.509232749,120536.117866599,60627.9391099471,38823.4373908647,24798.4405164614,46253.1686170299,166910.186036419,120044.566188061,60912.2197699396,39199.8624997161,25162.1286391584,47426.4362389411,165613.316916113,119938.036415901,61271.0163823517,39612.2301961089,25550.1509141638,48712.7655371297,163993.574384406,119569.01783021,61549.6343697269,39951.7450488592,25878.3356601701,49914.0820745544,162297.465550281,119162.524544369,61815.3620435527,40294.0865327087,26207.8488932647,51121.9739147088,160499.147054915,118643.695606157,62040.1091575112,40615.888841158,26528.7525968365,52329.4696064953,159083.268065199,118235.582060511,62298.6383737531,40968.1612368544,26875.4753436264,53617.329885857,157529.05677406,117800.70584718,62474.8191855345,41256.0055989727,27181.4012831614,54860.5160571188,155683.026240923,117190.874939319,62591.2735648309,41489.5021959507,27442.8056461723,56026.0218235084,153792.472718191,116539.736439001,62716.6513958922,41739.8174228316,27715.4883527314,57214.828445553,151746.62827139,115728.541520578,62763.8649691429,41949.3512358733,27968.3070149447,58379.9898172397,150141.859445557,115075.306155942,62867.8388060217,42203.2233459331,28257.3483846075,59656.9071971867,148455.898324665,114423.972175921,62895.8282748443,42393.8893178105,28504.8394782803,60888.892489205,146536.552202615,113618.048887355,62862.2722139983,42524.4262583125,28701.2172534824,62024.6501475699,144518.118643899,112769.234281383,62830.6193603179,42662.7853462885,28900.3527472533,63160.5935816243,142325.242736992,111741.396501878,62723.8599815938,42761.1270294039,29077.5058620616,64255.3381912132,140460.486908347,110822.995843637,62655.0411597683,42895.6226643571,29287.2705612568,65452.2252246197,138635.822418198,109953.415150908,62543.3969318812,42992.0569376596,29473.8152937572,66642.7015590058,136484.092404087,108894.684068978,62330.739845064,42999.8883960701,29590.5655832392,67696.4692092045,134261.117705379,107772.322211365,62122.7997042675,43014.7129470519,29707.6199567241,68746.7792684606,132140.682086385,106610.509524112,61897.9039499569,43031.7142468003,29832.4016072844,69824.7020672745,131004.198817858,105879.825577611,61832.0461363031,43163.434930461,30044.0707753762,71147.4719358862,130113.208008716,105454.19556013,61759.1722033493,43250.5788773122,30217.3669814559,72426.7271587605,128918.110226568,104850.713133927,61607.5688212864,43228.2560437735,30280.7563303945,73408.4462470607,127719.852275111,104312.299681223,61544.3366724858,43269.7348132101,30371.8237470546,74358.7093094353,126347.072053061,103622.8442112,61437.9433475558,43298.3781319401,30457.3512334998,75220.3264230651,124870.453947276,102829.948539327,61276.2870818727,43304.739242716,30538.101154511,76045.3222733146,123394.81162864,102031.056680001,61105.7851601709,43310.1857452427,30626.3999112427,76905.5543773736,121852.769626435,101160.264108659,60887.5749913072,43282.3703640673,30694.4481647459,77745.4551474707
599,356054.084236404,86042.7740819408,20118.2651145044,9271.10868895534,4675.85312361102,43319.7861506677,335142.984721442,77108.4351267638,18764.0704956032,8916.89213945132,4548.75495282081,42417.2749553983,332759.684506272,76672.0485942002,15982.6106102285,7719.60343558272,4166.4811197878,42465.6444198449,331821.479467517,77539.9272287845,15784.9832426779,7190.42229446975,3768.17747351532,42580.0986241623,331112.611129246,78168.2008448745,15973.6092837292,7181.40906475588,3671.49838320595,42846.9347552403,330188.881593764,78718.6539905868,16164.2945104449,7252.46817872881,3679.1735271435,43245.7483769495,329206.199740726,79211.6108424761,16345.8110442288,7331.2315742302,3706.98667772611,43701.3460924285,328203.123435656,79681.0373380831,16519.4639815477,7408.0807722746,3737.11153708758,44169.7867098806,327669.497270822,80154.4577725962,16687.5826602757,7483.14582755717,3767.23178174863,44660.8196349808,326934.059560824,80656.7687690548,16851.7183151253,7554.1585419454,3795.00908873828,45136.1605935864,325968.270379465,81118.9059630718,17024.2604417711,7629.08609747709,3823.71894148956,45592.4424848489,324761.083278913,81535.208321671,17192.4805720631,7704.82908369751,3853.58406723577,46029.0994590618,323438.475276271,81910.5960095521,17356.9585079132,7780.05778834118,3883.8693602889,46450.0447574832,322584.929950324,82283.6505863018,17513.3002900391,7853.22502765275,3914.18636761183,46888.4616331913,321420.074345811,82680.770880806,17662.9885965877,7920.48373216783,3941.2659410256,47301.9850626922,319928.857322575,83020.0960910502,17821.3412369788,7991.79127550181,3969.13733363493,47688.9278697567,318191.47057149,83302.9608756339,17973.6059947598,8063.72137944183,3998.26475890621,48054.7774909637,316343.806261108,83540.9753109562,18119.5528122763,8133.94073896012,4027.33125923875,48403.7102159553,315007.802026347,83781.0458081321,18256.7792652782,8201.51855335701,4056.03634597896,48773.2837839287,313430.64966055,84050.1228624759,18385.9183734643,8262.10037036325,4080.84393091619,49118.8585389761,311611.654624322,84270.6455717455,18523.9434391775,8326.54031276625,4106.21315193171,49440.9170910514,309459.910051994,84435.195466819,18656.1855153946,8391.39228440298,4132.56660392943,49734.4407749067,307131.193581177,84541.9308983486,18783.6926627832,8455.83269333733,4159.48097435342,50006.0893972231,305255.118119008,84640.9896234628,18902.0332723005,8518.08588665697,4186.54924384842,50295.9241703944,303201.007095645,84764.5149375782,19008.4440794809,8571.9648910924,4209.38160323612,50563.5794140169,300775.208736207,84836.2607075375,19122.2860934894,8628.1371488521,4231.83418095524,50796.885525464,298141.327416609,84841.2075830383,19232.5976221314,8686.47106484448,4256.10835344448,51006.9898003911,295787.759182628,84820.3027334344,19336.7411328296,8744.06062171741,4281.33983294985,51218.5357796142,294917.010062326,84905.8201905978,19429.7090223813,8797.35883428366,4306.09442635998,51517.4591885644,294063.858022289,85129.6086210413,19512.5699203022,8836.00696212449,4321.86862461005,51800.1186935501,293053.66869081,85335.9035962178,19623.4120175067,8884.98325445727,4339.24566477848,52060.5337058009,291769.61975327,85495.6535821887,19735.0575543775,8939.94998777607,4360.9735159736,52294.6810634215,290228.577427507,85601.1437631762,19842.8409916794,8996.23027673332,4385.16296595054,52504.2209936505,288552.953001861,85661.8258016475,19943.7535016085,9051.53271529772,4410.33723115646,52697.5290131761,286764.184079232,85690.291274222,20036.5232760526,9103.73031471381,4434.83152312279,52874.4881591943,284872.436196668,85689.9011528403,20123.3397905086,9153.28486666664,4458.25597796936,53035.6967818976
600,329303.233425072,115282.061217718,33475.1596388468,15992.4714755546,7673.73295654508,18351.7634978618,312586.311088848,111347.436310763,32049.3796211219,15398.4870593757,7413.91371169696,17885.484081722,311723.901910288,111528.809617025,30957.0421789167,15097.6132428193,7412.85850143553,18106.8801414413,310835.066496125,113123.570295784,31074.8384190421,14788.8418536502,7198.35775061212,18154.1389784368,309815.972957801,114197.068465766,31708.7073350991,15016.1886515355,7209.43979665101,18183.6800703363,308537.441828563,115108.71244092,32298.8205995933,15350.6152873264,7362.70725500384,18343.1568171263,307171.269829203,115908.881084609,32857.8697768716,15688.9281766087,7549.45213871351,18600.5770767651,305712.360081369,116649.434445031,33388.7790868424,16017.6714481589,7739.32511773703,18900.1431243322,304722.234214824,117396.301198271,33918.2990836165,16346.1330102783,7930.85092192562,19227.9914705775,303569.200254222,118128.25367526,34408.3520564177,16653.2203367837,8112.35919356681,19549.932675485,302181.923883351,118809.717471998,34905.0762823243,16959.3936122362,8291.40749286779,19863.9636362198,300529.984848713,119401.118768482,35393.8084655574,17268.0198311495,8473.36761230582,20174.1002450907,298678.709246575,119919.081162541,35873.1170257154,17577.1467012082,8658.5810250291,20484.328379156,297322.539601044,120438.707079876,36355.5125506945,17892.841438808,8850.01386321503,20814.6879546486,295709.485693237,120935.600712309,36787.9085837555,18181.5688812324,9029.31886994758,21131.5076757323,293721.221257458,121352.291872451,37226.9069462112,18468.3131982005,9205.03387104555,21434.327739555,291480.680737702,121660.62167091,37659.7910807213,18761.078765162,9386.12900354693,21735.6571178924,289054.797256427,121889.081080723,38075.6971865076,19051.8223937891,9570.32209443312,22038.4492899032,287204.932582989,122137.812403447,38497.009979416,19349.7404603276,9761.22076134765,22366.4556877237,285121.688290629,122370.62018923,38861.2767287123,19615.2057255131,9936.58686403776,22677.6514685764,282764.356125819,122530.589951164,39233.5941646289,19877.77987039,10106.9264230429,22974.3472073663,280097.41837536,122579.345447724,39591.8760951785,20141.7440128424,10279.9553007272,23264.4222436821,277179.559834827,122528.7086969,39933.6535582282,20403.4591742876,10455.6119721524,23553.0884957917,274684.066542105,122477.001037506,40279.6516284394,20673.5832337618,10639.3260607682,23865.8608507284,272159.390940334,122420.694811206,40576.6386996497,20917.1171649783,10811.3044904501,24171.8624628523,269224.521949224,122277.605561579,40856.9221243509,21143.7363575812,10971.3528929343,24453.9014470288,266047.124804463,122022.058796585,41137.0649615842,21376.4503581944,11135.0899859114,24730.618081207,262946.038267177,121711.108909476,41405.7087251866,21612.7018285394,11305.4925964506,25017.602857591,261426.532928195,121628.080480514,41714.850478122,21874.0319544014,11493.0959535119,25371.7569589301,260127.585434385,121702.294812307,41932.5327273866,22069.6678223532,11643.4897943285,25695.7542265839,258681.863341912,121783.715102612,42173.4480399947,22248.835368826,11770.7169298344,25973.5444525511,256984.555734175,121788.437590264,42420.6061471015,22437.7265198358,11899.6476485039,26228.2272706539,255016.660337583,121694.603812467,42653.1034696737,22627.0468448418,12032.4327684912,26472.3333499701,252896.333124316,121524.444106665,42873.7786036978,22816.576347727,12169.4316568595,26719.8884093626,250669.630373213,121292.780412827,43074.7191626741,23000.0507609114,12306.4980960018,26970.1621080722,248343.921263687,121008.727882445,43257.8697519378,23175.3838339143,12440.9862232566,27220.2417779051
601,324067.167651159,101261.227732958,27130.824814973,12631.7748872784,6072.95729446073,30223.7838180681,295850.24722045,90283.2196070999,24478.6436002772,11611.958196807,5634.72605823842,28475.1823061983,299525.498867657,91881.0077238122,22956.0810944818,11009.7254999745,5499.31780560401,29047.9230205749,300812.298103092,93951.6666496903,22982.78161446,10569.5657313288,5173.97010296239,29204.449562626,300824.063263239,95105.647033372,23458.8406977895,10675.8882776593,5106.66839116207,29315.3400602527,300525.32560366,96095.0434815638,23909.5113459726,10893.5846879569,5181.92254693269,29572.6934468258,300162.313536239,97020.7039463186,24342.8055558626,11122.0634134362,5290.54560194955,29922.3999803419,299756.358918614,97898.7200572127,24760.9220268325,11346.8674565363,5403.7341362382,30302.8453875329,299805.016287134,98811.9262926842,25179.6639480357,11572.9083183552,5519.11894294546,30714.6967316999,299456.135948268,99641.0018480755,25560.9132318054,11779.3825652476,5625.22690691617,31096.0389257889,298913.915281233,100449.874953834,25955.6955114985,11991.1925555318,5732.83817356705,31468.749484289,298116.807278846,101190.795584062,26346.288284458,12205.8195833354,5843.16694782789,31827.9445433713,297225.557203573,101892.888383845,26736.819012026,12423.719050809,5956.8866321983,32182.0605504531,296835.921985023,102633.290188852,27132.0080217022,12646.9022875366,6074.97097485035,32561.3186515445,295911.923252215,103262.078169514,27476.7460560823,12843.9794969028,6180.89590635215,32896.9328454875,294718.893768916,103865.660362268,27840.2141820907,13048.2693380566,6288.82632443812,33220.030937093,293296.899168831,104393.406370648,28201.6971431218,13258.1107829425,6401.24548045699,33531.76514822,291757.952095965,104868.557010762,28556.1576707942,13468.6056412368,6516.42525411547,33836.3230136198,290792.773813407,105394.669976502,28917.4538970611,13685.0730555823,6636.33406745149,34171.6109371198,289337.310806596,105806.541199763,29220.3643069255,13870.5972392193,6741.46454675462,34460.9844920001,287746.242005938,106216.296441594,29545.3542843577,14063.8543171655,6848.36544215838,34743.3831314827,285763.522972902,106516.779760031,29856.2547645895,14256.1511008527,6956.30566402271,35000.3062554381,283655.413761536,106769.223148629,30168.8107816723,14453.5775662624,7069.0542918772,35252.0647163521,281977.948117362,107041.880588491,30483.6392137904,14656.4974477488,7187.01546048,35527.8991598634,280018.609579728,107228.665752801,30745.9203308582,14831.8898963487,7292.3433443748,35771.6555258952,277692.942972488,107367.438233636,31009.8020648377,15004.0193820745,7394.07181296633,35989.2209042304,275186.741510069,107435.39018493,31280.0551509575,15184.8320319079,7501.05634120713,36196.1407100533,272938.684117449,107495.572460491,31552.587587962,15372.7696967257,7614.79372102514,36416.0188482567,272172.389375774,107753.722055359,31842.7596796369,15570.9780628622,7736.07379672875,36719.6416295043,271145.135543308,107947.241582347,32026.9182700734,15703.506899186,7822.34688339828,36964.3750607096,270135.227920426,108233.817017537,32258.4013385969,15844.2763341008,7904.4385842327,37198.596918256,268799.913568055,108415.191418655,32485.8612981589,15989.3977910342,7988.19323286173,37401.8261366197,267241.370813901,108540.605323122,32709.9984247851,16138.9579172923,8077.27784729598,37593.1374582669,265546.097158427,108607.582030153,32927.2398356096,16289.4938327118,8169.59311893007,37777.8197310167,263719.836756957,108619.440492237,33129.2851235264,16435.2354736677,8261.59619276178,37953.3906937204,261795.212948257,108591.285663735,33321.4318213752,16576.9781099367,8352.60631984345,38120.8709200983
602,370465.981494334,82610.875596737,18202.1631422886,8868.32756814917,5136.68419282019,81335.2228644398,354601.588874996,82959.5392935627,18286.35778752,8930.33719554452,5155.43653700753,81648.1058757132,356067.986108347,82540.6759917479,17464.2907156097,8680.56972734939,5106.34898424236,82813.9821939742,356487.077732891,83649.5032500765,17463.9505366766,8424.09413278285,4936.45292745347,83889.6383007861,356633.334744791,84359.6869150043,17679.9573316784,8471.97161405356,4906.48154929413,84973.8970290749,356420.67469068,85009.4009741856,17864.0748392878,8542.98158222468,4924.09680094224,86081.2263242964,356126.101003368,85607.9434749062,18042.5062778835,8614.00480420453,4948.02448701071,87193.4071822902,355761.907459285,86178.4104681065,18211.5596650759,8681.75108042394,4971.38018282825,88289.4106908454,355867.222398132,86742.6062594999,18378.2975084272,8748.54445893456,4994.6494070624,89405.7899838778,355731.878521418,87304.1538052041,18528.7368291426,8806.98573743222,5013.52809820693,90479.6615610489,355340.112929394,87841.5925769672,18690.0945982048,8868.09528869563,5031.97550465798,91514.114841713,354677.184705372,88323.0143687481,18848.742780154,8930.9738014383,5051.34563717433,92504.2267725657,353853.920144049,88764.9149774989,19003.3069452796,8993.60154768658,5071.30178508404,93460.0590959074,353493.109733094,89181.2809343047,19151.790323644,9055.14974488662,5091.87779603494,94431.7959828253,352814.738172063,89598.4434281631,19280.1288154394,9106.29291346723,5107.49600725762,95353.8636865302,351767.158747954,89979.0107191539,19420.441745018,9159.92930266166,5122.27644637671,96223.5111481359,350440.647355982,90287.9765322993,19556.9165157729,9215.42707262639,5138.09279481038,97043.7599741249,348920.40048148,90547.5810617028,19684.5713186125,9268.70450847974,5153.67263683934,97822.4399844739,347904.344939937,90780.4191088465,19805.4930295895,9320.08743454364,5169.28328514222,98620.1967861059,346653.996423262,91026.6323003773,19904.8702632659,9360.20133743257,5179.43979897519,99375.07807656,345126.585277185,91245.152344902,20017.3645664488,9402.67200809276,5188.43750836145,100081.353168989,343254.721748589,91396.7678834198,20125.5948799968,9446.72689730251,5198.15627291242,100728.403101277,341107.450832276,91487.9443418012,20227.3212473418,9489.70067884791,5208.01782134633,101321.664856057,339338.225233141,91539.3572877651,20321.8476428396,9531.39805531084,5218.39887821885,101921.524338857,337495.384390951,91598.2969209471,20394.3377313915,9562.33248176551,5224.1071141311,102491.685732483,335228.992509537,91637.9882511947,20473.6514743319,9592.26849679467,5227.16849068421,102995.405509018,332683.253653788,91599.0582236411,20555.0269403799,9626.03057115791,5231.5737290414,103439.788550027,330210.845725966,91523.4766838896,20629.2068461996,9659.83319092613,5237.36628356128,103860.775049492,329214.019714022,91482.9798839685,20696.0430724986,9692.3174205981,5244.83507044827,104404.55412587,328432.774711064,91607.9523753762,20735.0186146516,9706.69935421313,5243.74819762357,104967.323932184,327528.509548176,91785.0274427348,20814.9777582776,9730.69076117298,5242.56318268639,105499.444607857,326342.041711662,91915.1277165302,20904.1630539938,9765.75004083415,5247.13193381233,105978.591007277,324880.36287303,91988.4443439228,20990.6510499208,9804.08297703803,5255.75649433276,106404.080980119,323226.659732253,92005.5321240278,21069.0798396509,9841.62566694956,5266.11015739771,106784.201942766,321438.737649915,91979.7356750129,21137.7182082116,9875.82807140446,5276.15585594441,107126.73041977,319525.985341118,91919.219047458,21197.9386745629,9906.15331092745,5284.7125889757,107433.225660691
603,216518.779950109,79445.5776148865,17419.2374938606,7447.05081993738,3262.21628913201,10109.9995966822,195113.254507619,71504.9520934855,15987.8721506,6981.6165657879,3087.50356145403,9590.03767199938,198152.973527771,72870.9467696972,15091.9649615752,6538.65057997981,2968.8539909654,9857.34671379212,198776.047289161,74035.1428682183,15240.1438364841,6375.97706569445,2796.96493332948,9839.45978533739,199017.360585688,74920.5086567228,15567.2794262275,6480.03572386803,2789.80903096271,9862.66205185977,199069.814114159,75712.0125600894,15887.8768864449,6631.29309257417,2847.51072657548,9971.29139649632,199084.283390653,76465.08318982,16200.4144143476,6787.30129670846,2919.08749420958,10124.5080138707,199071.258142467,77190.6759140526,16508.0998594832,6942.62435433885,2992.86672835912,10292.160092032,199373.950302007,77949.4480543999,16814.254483545,7098.44350301461,3067.73215571684,10470.9250227912,199479.993070892,78695.8439274427,17109.6083604576,7247.25858415541,3139.22977926051,10642.3082391569,199439.693263985,79405.3457641893,17414.4000080523,7401.29035470755,3212.81379198018,10811.4957339404,199269.280840422,80082.3556739642,17719.5710951092,7558.88770448905,3289.28877904786,10980.3320719055,199024.439644797,80720.6505739432,18024.9417850878,7718.72921208723,3367.87015628077,11148.6518423888,199098.16612585,81391.7688355825,18329.5456359978,7880.38433584915,3448.410017311,11325.5658817183,198873.973441636,82024.1165106363,18615.9922434325,8031.30197603905,3523.91511670676,11489.5190311777,198483.865375433,82617.7566635099,18915.4775154303,8189.45467201925,3602.3972384905,11651.9821156654,197926.864681267,83160.2275310351,19213.3529356786,8351.06924804797,3684.07228679835,11813.1250473214,197302.430403913,83658.1284607677,19509.964608848,8514.7417598341,3768.09902506052,11974.3046607341,197040.774980608,84201.8413013651,19805.8469889584,8680.38753113425,3854.3304012467,12146.5977954476,196484.497711301,84689.9012698313,20075.3813912534,8830.5305223253,3933.10135018187,12302.3377696445,195821.120169881,85152.5861558536,20359.4006172491,8988.05709970868,4014.65847117816,12457.4842450766,194920.030914827,85550.9707916953,20637.4447603753,9146.82805760606,4098.3358760178,12608.0239666138,193914.798215905,85893.8804315188,20916.8364804037,9309.3497153026,4185.25082390346,12758.6679667897,193196.18793429,86266.4944154252,21195.4867397353,9474.8411199134,4275.31730819674,12920.1764231421,192310.363953957,86597.1539284635,21446.5670358629,9624.99198212363,4358.36996474373,13069.4017050638,191148.267887489,86866.9803962056,21700.7706257949,9775.65490512805,4440.77777125794,13209.6451085434,189864.309200042,87086.4842709079,21960.6628841292,9934.06162217766,4528.27894560031,13351.0902679292,188742.201367429,87272.6730678675,22216.3892287814,10094.3902561214,4618.89999364894,13497.2621720227,188602.68333892,87648.5512767918,22474.1104441223,10256.1574041665,4711.57313914157,13672.6373892954,188219.509210164,87960.8094144888,22660.8639109625,10371.4985381032,4779.26063671457,13809.6749780145,187814.572434805,88308.1021612307,22881.3354518777,10496.8089896026,4847.12425869229,13942.6355782086,187202.165203925,88579.125720656,23095.1607855978,10624.0221618241,4916.83626903422,14066.2577308023,186428.562177779,88806.524113981,23309.3572659306,10754.7273233781,4990.08234033349,14189.345406731,185585.357309509,88996.0335060837,23522.0180802176,10888.0982018448,5066.31833689367,14314.3879203791,184648.206024068,89145.0012539385,23724.8018918981,11018.5718836422,5142.51781288831,14437.6745514697,183639.13062008,89262.6187062042,23922.806970927,11147.6840769883,5218.73133725588,14559.5902139566
604,316734.860718276,81646.1489133906,18485.8492656476,7932.77747560655,3452.59581795901,7207.13644179689,297083.443744919,77311.171755918,17798.4522973485,7807.79741016673,3432.23859083194,7109.8234174855,295499.475867658,77864.5536626767,16419.4487610554,7159.33176100771,3235.43863067226,7123.9541615496,295009.3715255,78697.7476743274,16629.3814502335,6996.57027616149,3045.76144354861,7013.76284809131,294477.54943784,79354.6074060852,16906.9830720348,7098.39095207271,3044.58213096968,6977.20359708307,293699.613527255,79952.8007961568,17158.9678358728,7219.75646466845,3093.15917562873,7025.44861850373,292854.486334652,80502.3295045367,17402.4194966111,7340.62258657801,3148.84099662503,7109.63140174856,292009.051775822,81033.5590981026,17639.8343447088,7459.50362822979,3204.99112299717,7204.93743971199,291576.390070351,81571.3696441884,17871.8512378551,7576.50468419149,3260.63967742747,7305.54190623187,290977.317874931,82137.9336865469,18098.7469256502,7688.88851309898,3313.89074379464,7403.50448676749,290159.482150714,82666.487434423,18334.3160498354,7805.6384736044,3368.57798892881,7499.74863210195,289148.515203862,83150.2013854626,18567.1321829798,7924.29830351042,3425.2607014219,7595.79211332796,288038.394946742,83598.0107932868,18797.5771544686,8043.4946343409,3483.10098888474,7691.94337969266,287340.081053235,84043.2470706599,19020.0802816118,8160.8980202486,3540.93374693622,7791.22693334561,286352.222827934,84509.1925268935,19233.496132016,8271.25739611102,3595.29484495624,7885.45135889845,285086.655919451,84917.7557903047,19457.1816371689,8386.88406703026,3651.35297920959,7977.17262208133,283579.07445814,85270.3325274954,19675.2784237666,8504.11287494629,3709.65448007556,8068.49685115281,282015.684752972,85581.5418491088,19889.4124521133,8621.37716161545,3769.06365080923,8160.4369665936,280897.722015252,85896.7639466706,20093.7677768258,8735.66765087843,3827.94074062428,8255.70394648887,279549.012940254,86235.0579164437,20287.0301020736,8841.29692863217,3882.3575727341,8345.11717996226,277970.161370679,86521.6126554646,20489.7863013418,8951.44651562634,3937.92781947038,8431.51819468631,276089.460116144,86751.002518853,20686.883650805,9062.91062058638,3995.52603747434,8516.55146207173,274081.664084294,86924.2771999516,20881.1358128249,9175.46385512205,4054.83321580453,8601.9456932041,272442.147457654,87090.8274740728,21065.201919874,9285.7418827141,4114.32250393583,8691.06595426324,270672.792500385,87273.7993561608,21234.4706337884,9386.12304073914,4169.04426486144,8775.15148477546,268528.340087889,87404.1555912577,21409.4355741569,9488.11087894827,4223.41528751103,8853.70509846019,266195.353031099,87463.2650361858,21583.601303024,9594.41049954678,4281.07428647858,8932.22282470392,264146.274636702,87500.6998762889,21751.9848071026,9701.07884508545,4340.70163938163,9014.75052883453,263404.935116807,87642.8539835892,21906.3971093557,9801.05209463747,4397.94332074158,9107.70866800361,262655.693550589,87908.4580854642,22037.9384424481,9878.09150193698,4441.65443684367,9187.34201064713,261749.453374439,88152.8306471773,22196.6244798273,9963.3840942123,4485.1227974928,9259.37724177936,260596.225546993,88346.7243490321,22355.6061863955,10054.6098811586,4532.90250346764,9330.02508398863,259222.192025851,88486.2691774544,22510.4628823951,10147.252997121,4583.23094540402,9401.42386969702,257724.765190631,88580.0293192385,22658.5593688212,10239.1671414752,4634.59063263174,9473.64862390001,256126.769705561,88640.3691128974,22798.2252666218,10328.2294671715,4685.44763887292,9545.23157133638,254427.600981914,88669.4224241276,22931.2842995913,10414.6636727695,4735.42291647542,9615.15181108963
605,274175.714216829,112083.356186071,35785.5581230948,17852.2811853406,8843.77717246489,13176.7109364174,243794.313057592,98836.5942744966,31907.7240042416,16115.716548881,8027.76840055848,12007.3483394013,249776.044929859,103871.054151948,31819.4039859126,16191.4648202665,8262.19655286374,12693.3690185676,247350.393402804,104163.531550492,31961.8286278337,15910.048198007,8005.25016608801,12594.7653752315,246781.282394854,105372.685013366,32660.6860692746,16219.7877867453,8080.34816641726,12631.1835290534,245643.005608039,106110.701640037,33271.0872143073,16595.2585141997,8271.33800788831,12783.9155369879,244460.084652758,106786.5187146,33833.877639587,16965.6031891033,8493.65227421449,13048.6028864393,243261.870572971,107403.040168204,34371.301140506,17324.1843280875,8716.89577739554,13364.6313011858,242527.595701132,108083.234044508,34912.1631461528,17685.2057054768,8943.15361656523,13713.500606601,241456.539424815,108666.489571338,35394.7141173035,18010.6942197334,9150.61819163674,14048.4802230414,240269.815869595,109229.299462626,35895.616245006,18343.885155705,9360.08958727003,14386.8207879242,238844.456070232,109688.346267532,36378.1096028302,18674.5553892649,9570.64787610637,14725.3791551612,237328.093581654,110082.096856706,36851.5672390492,19005.5132306618,9784.66792794656,15071.8973445315,236300.114128501,110552.603664737,37339.0816314044,19349.0342835499,10008.4006847053,15442.4651588851,234838.78486279,110892.025981698,37751.1222407341,19647.6333363922,10209.0605884478,15787.8617188154,233183.568790125,111200.156918412,38185.420769226,19955.7127781094,10412.4315157033,16135.2951188574,231293.763687046,111389.459799019,38601.2341974628,20263.5559287548,10618.7522824448,16484.8464779699,229315.996585018,111505.001972735,39001.6110750547,20569.2816260788,10828.3293834543,16844.0275427489,227890.904195741,111720.36546556,39421.0691489016,20890.2476143592,11049.4465302509,17233.0831345303,226061.255331765,111799.063013906,39752.7809503209,21157.335840985,11241.8772815497,17590.5160089938,224167.815092947,111887.286146192,40116.4789888168,21437.3167224767,11437.8479409827,17952.2158306608,221892.968510124,111806.973895715,40439.3567227329,21703.2709342401,11628.4942009509,18302.5413199272,219560.716790066,111677.312224588,40763.4831296848,21976.5849296872,11827.157523313,18668.0228483046,217619.921990451,111588.501122038,41091.46072656,22258.9228803966,12035.0983966602,19059.6927453251,215482.982478515,111427.192476705,41350.6092736498,22498.6263391686,12220.8908010358,19431.6906997605,213031.076122379,111185.565199959,41601.9592079188,22727.3815057133,12397.195985248,19790.0599731941,210426.906522409,110848.94913457,41849.674018933,22962.7893234897,12578.6830065147,20152.8347547116,208072.010150572,110488.568367443,42092.2950924326,23203.871039914,12768.6155323947,20535.6840431638,207130.215777567,110499.477985373,42403.2291736934,23485.0916726284,12984.5191276462,20983.5237842333,205912.384519279,110420.994285714,42563.0968500711,23655.2235681414,13132.4635759921,21344.8168266207,204776.733005455,110483.322489179,42804.5518351063,23848.1515267053,13278.0065147154,21687.7953734077,203291.625009123,110360.628862265,43008.9853620715,24027.7574643415,13413.3777230213,21989.9817729892,201686.302265285,110214.09278291,43219.2472370773,24219.2078412623,13559.6574473067,22299.4200243776,199929.455561429,109963.822693944,43403.6860405009,24402.7233589464,13705.7021543453,22610.801028904,198116.908773594,109679.654768668,43573.3932471087,24582.0728460479,13852.9533741899,22932.5299973415,196206.513109574,109333.334410571,43719.6749984104,24749.2980506474,13995.0379499211,23254.9605634092
606,310819.774420076,141537.573626133,41026.6843103895,19796.2727197405,9601.88277173798,25277.5916278272,274837.826483415,120835.375211282,34326.5681697178,16693.6818061633,8141.72250468827,22601.1989897513,282055.933293343,125596.500798665,33343.1926858157,16370.7910827151,8144.4640823095,23271.6112939316,281308.515656748,127379.513643673,33208.1801186839,15715.1221540609,7692.9054360735,23108.750887539,279997.257973704,128397.873478932,33831.6238492313,15851.1252535264,7592.61116492929,22984.4743895774,278991.591195532,129420.216411246,34486.8107780039,16199.0154335463,7726.18350313966,23105.2696118206,277793.036740398,130250.909329822,35082.6225370863,16552.1815144575,7912.96936236833,23370.7037297706,276514.629826366,130990.88172619,35639.2062155115,16892.0174264051,8105.54031187672,23702.1797117183,275740.717566687,131812.643972852,36204.9461080825,17235.8286069629,8302.37199631111,24079.2599892169,274708.995677269,132531.072910561,36712.0510699858,17548.5895069971,8484.33638184895,24441.6075336426,273487.193499204,133215.562102085,37228.9284838437,17862.5231407887,8664.94798143365,24797.6203528352,272031.025501599,133797.587132586,37739.7187903484,18179.6467716294,8848.71729847068,25146.906115592,270356.458828354,134274.176063905,38233.4945669115,18494.4111247425,9034.56848042115,25491.2190506356,269241.199437014,134838.308634204,38747.8011645007,18823.7446061953,9230.47988003039,25865.5947840713,267751.036490156,135275.291721817,39187.9682123325,19114.0920260741,9408.3144689162,26211.0878201826,266025.159124905,135668.967928768,39645.587045111,19408.8284663049,9585.84989479806,26547.1187473062,264018.470612209,135926.000529433,40089.4588174859,19705.3283363567,9766.6140081785,26873.8742908477,261856.189433983,136091.706048612,40518.2880630085,20000.8601893028,9950.82097191589,27199.9319417678,260207.911540357,136330.663210118,40961.0370585146,20307.9020608757,10143.9361134701,27555.3573430968,258308.271443024,136472.591448808,41331.5947250789,20575.4789372373,10318.2134932359,27885.3667207226,256236.959030436,136585.992906967,41716.1803443204,20844.0493834085,10489.867030216,28204.5251715892,253839.68953663,136547.505122654,42079.0167652838,21108.9371890123,10661.2344084637,28507.7018288205,251226.291824547,136403.852359727,42427.5897801613,21373.221914893,10835.9556952495,28807.02662225,249041.059201295,136306.94688246,42789.505918947,21650.6535700263,11021.1702459673,29135.2951174617,246750.815470295,136146.715355389,43085.2884372052,21892.5915372846,11190.1992235441,29447.2420199019,244119.626770367,135907.539945977,43369.7340524675,22120.8889730042,11349.0098221292,29734.3604240237,241258.726631671,135539.547211863,43652.3743657424,22354.9806926927,11511.4806199399,30011.7470744371,238495.380447435,135118.948422384,43925.4601554156,22593.6561268199,11681.2796603067,30299.507821934,237146.58422072,135030.048541194,44250.2257470434,22862.1808885374,11870.4468077146,30666.3224775455,235908.916258451,135006.768012006,44462.9533041749,23053.3435796989,12016.1757883018,30993.7142947424,234655.518276581,135076.794008007,44719.2593601566,23240.8865367068,12146.1221563965,31287.5652356126,233112.740854069,135003.226404229,44965.2452843827,23428.8637284849,12273.0531626973,31546.8385422095,231356.842067532,134848.562400614,45202.4567953265,23620.4712101815,12405.5740625967,31796.4723314986,229444.075775011,134596.161902879,45423.5310778316,23810.1903967521,12541.0929414309,32043.9836058251,227444.783601775,134282.038100439,45625.4882140024,23994.3389477395,12677.0362963821,32292.7411148486,225349.235686836,133906.919140229,45807.6480141964,24169.4813072343,12809.9794209052,32538.0972944907
607,343217.313804728,105450.9734736,28797.8038242205,13256.9544228073,6106.94027057118,12010.5894633315,328830.168296539,97767.07874291,26401.0467521478,12271.4432915628,5679.42251415056,11535.3602536986,328675.303500376,97335.0809577109,23903.3742455209,11330.0027551378,5414.8342295212,11520.2414435397,327961.625970262,99061.8445629432,23526.3899911924,10581.5224152037,4934.27481745764,11282.8207092432,327086.552767909,100140.583631572,23978.8670297646,10620.2246514116,4798.00984658746,11069.9760551928,326015.204368646,101024.34847244,24425.4797247775,10831.1679434813,4859.20854195083,11050.2262226958,324846.62930901,101811.321928696,24842.1261565944,11056.0305685343,4966.56614950536,11154.1784404071,323604.088482049,102548.893732796,25240.0180293789,11276.1910452135,5080.33908286618,11307.8547308245,322849.381245522,103283.814167216,25632.5037112471,11494.7722177483,5195.15135747131,11484.4260909258,321892.895851963,104014.57968184,25998.3822034873,11698.9561084757,5303.52273709018,11658.7864511941,320697.844300412,104703.637763882,26374.7278609316,11906.0117063275,5411.94660270569,11830.2361861009,319227.681534975,105321.910877532,26745.9565958652,12115.7217430398,5523.11601038209,12000.2160271712,317584.058676171,105884.133374034,27112.7965262669,12326.731441231,5636.78256826451,12170.9366878813,316432.302086913,106440.748858231,27477.4390435626,12539.8782101205,5753.15448303038,12350.7834746424,314984.702974212,106985.06062185,27809.2142155482,12735.5201317225,5861.8317291495,12521.7125022446,313179.511289859,107467.27627521,28152.2513438111,12934.1178498875,5970.33130259713,12686.4687845763,311102.097998074,107861.585894774,28489.9305182934,13136.776873332,6082.69946535517,12850.3002028282,308846.549500054,108193.951228415,28818.5959384249,13339.1766455479,6197.40532138204,13015.2079623011,307158.718405192,108529.936237967,29146.0092013177,13543.99701313,6315.02504511463,13191.3902156452,305220.069458283,108860.633996126,29435.0345397416,13727.615397537,6422.93497204639,13357.3315942826,303033.461769619,109138.366529727,29736.8163817636,13913.6151095406,6529.7808982206,13516.8548175934,300495.116928348,109322.87880712,30027.0261158834,14100.4769612232,6638.81293180211,13672.3690141451,297724.615902145,109431.052825834,30311.1171971533,14288.3319181735,6750.64135946412,13828.3300957073,295389.281618352,109528.539670896,30592.9555033554,14479.6704054113,6866.50699097419,13995.6732178789,292970.3014188,109622.170251147,30838.4962237625,14651.5652003005,6973.92970831742,14156.6262004305,290121.064866704,109649.434903992,31081.555162454,14817.5619091256,7076.38315982779,14305.6481376475,287030.764904183,109579.744098804,31325.5530220521,14989.8893191569,7183.02201661615,14453.1368632064,284110.721277087,109476.53896618,31563.7182212695,15165.4866357209,7294.56193242152,14608.1705772166,282762.055609264,109531.248471566,31812.2887546523,15347.7822055814,7411.42701048909,14793.0917877673,281547.789700764,109716.394439187,31995.8751442261,15483.9391004598,7503.00053212287,14956.8573011118,280211.253658688,109910.774636096,32210.7332416492,15619.3797412698,7585.39262824686,15100.4980605679,278598.620461712,110031.455405676,32425.3345238042,15761.5757593495,7670.88293988315,15234.208127939,276703.207651682,110075.939282181,32632.3068350549,15905.2451238603,7759.90367067759,15366.0712336797,274658.775997331,110054.433035671,32830.9286272447,16049.2614572889,7851.63384607721,15500.4832310707,272499.428910047,109983.335759444,33015.6611016157,16189.0831563457,7943.26516719841,15635.9222619326,270228.055533058,109866.965919333,33188.2911422661,16323.8511474843,8033.33672431871,15770.266740824
608,129084.004637434,119693.725845426,75781.6005941541,54829.7020493227,39365.4116042334,100575.320554283,126472.318869654,117720.663743905,70777.5675572233,51243.0543320592,36935.8577034806,95564.2004073481,107680.623658675,101441.753697992,60431.9702787639,43239.4825095956,30983.0312027659,80218.2475161459,120785.079111103,117353.166846457,71204.2093273454,50697.8506361362,36229.815902337,94039.8800112098,114654.242667325,109386.92192959,67791.2739678018,48733.195405306,34864.0529997872,90676.9816270332,110218.212439486,106721.773566927,65589.6670608572,47444.7451508122,34188.3652503265,89458.3208155445,113782.426331178,111277.227317729,69450.2516770505,50248.826799815,36300.8317638156,95995.8094447772,110171.411270694,107381.312237864,67650.3901216942,49312.2461299372,35771.8378742847,95549.0739406222,108419.480421025,106519.134799236,67193.6733078388,49189.7668582088,35881.1447683985,97033.203250722,109027.15808126,107662.208660348,68508.4723709116,50281.0101072224,36801.9514873147,100888.372025552,106968.542792903,105808.536972425,67734.64064049,49938.5728546798,36686.6187831744,101892.539221389,105508.052005763,105013.075281796,67512.1534706738,49940.0516333353,36827.9662790681,103644.414476585,104771.272963825,104786.618239922,67874.8484712239,50366.2162402295,37260.8746103228,106244.037810816,103332.085402566,103581.595740202,67510.2125836631,50304.8663140366,37350.6337786091,107877.09572427,102183.315914832,102883.020698871,67341.1000913999,50355.8261330522,37530.0487694216,109836.967627701,101093.698430003,102243.774055499,67309.6166817322,50479.4505658966,37742.8095101676,111929.0101003,99594.684627909,101135.058474001,66977.2945515569,50401.0245620881,37803.3687606348,113552.166891543,98121.1694219366,100087.745272545,66673.0019816323,50347.858706479,37890.7652189324,115269.921046914,96952.6965316695,99190.7189828076,66469.9554687543,50374.5852490763,38042.0736266166,117229.135733922,95803.6417460796,98347.7651414866,66206.5776910157,50349.9375530231,38157.4520048365,119140.721239543,94447.6263806546,97329.3790108911,65836.252069831,50214.0504707692,38175.5592602954,120780.275846226,93025.2475262612,96271.7558731504,65468.6315292876,50081.973403042,38187.4107742576,122382.006248797,91537.3717708477,95124.6623763992,65067.0270001687,49935.2948497624,38191.2933404411,123948.337163128,90141.3249326049,93950.2131536117,64627.1974159932,49770.9140131527,38190.0225462305,125524.099626753,88906.8742007661,92958.3376152906,64235.0052141091,49635.0582276586,38214.5816588033,127246.17812578,87522.6357746565,91864.162936003,63772.0782819882,49419.7293112699,38167.2593562154,128770.081253822,85939.8082229337,90561.125134712,63200.472928351,49118.6535354303,38044.3500032839,130026.701259381,84434.4666761269,89280.5166775088,62652.8473847275,48848.5341921316,37948.4023690318,131365.381861341,83480.7041656591,88307.1623402776,62253.789493454,48699.3860815249,37953.3971801803,133090.796636731,82947.1700909948,87842.4757793735,62023.2045129577,48649.1158035636,38030.7949529189,135136.633900425,82208.0611235851,87237.9585401734,61706.018794411,48464.6299166666,37967.2612631617,136652.931034622,81290.6134059084,86489.7926045317,61340.5009509524,48237.338397899,37843.1065452428,137779.194439633,80390.494855579,85792.2400835702,61063.7999021003,48097.0742579659,37786.7601236868,138979.271436892,79442.9699311134,85003.991582165,60749.7500630227,47951.3383236341,37738.6506160133,140114.845988781,78405.7249946285,84105.6392694862,60338.030148741,47740.5175649209,37653.3487818612,141101.882309844,77364.0926736411,83207.0048903423,59915.2272344894,47517.8352898112,37563.8039793894,142109.671896536
609,403128.284168704,87554.8009947743,19638.3422413797,8969.32739643567,4520.22374984742,42798.9869963688,383558.478728042,76438.6555081829,17382.0415665783,8174.02137688578,4201.0126450627,41792.3142981787,384151.897257124,74396.9985739825,14583.5558920916,7142.68082907914,3895.29351477465,42120.0241754811,384926.450202465,75711.6449283368,13837.7804783255,6331.53042094404,3432.49230447559,42395.8578863225,385158.999006847,76567.1623068226,13951.4617149429,6211.70750482218,3258.99594951884,42714.1572632746,384911.597355271,77263.0898797885,14115.4507203016,6249.05131200415,3237.60469160918,43158.9778111071,384531.38347985,77888.5130841096,14275.1257412874,6307.98896136652,3252.30071011176,43676.3646222463,384112.804060994,78485.6393055624,14427.3413564644,6367.22153444892,3272.6609180306,44215.4877206712,384207.410224138,79085.1111311929,14576.1352532818,6425.48419756874,3293.68670753171,44777.6881150308,383994.264702874,79675.9293991438,14713.845802275,6477.75472122236,3311.69821523925,45316.9025203178,383492.884522938,80234.8312008234,14859.0955328032,6532.55614033528,3329.92915443641,45837.4335095681,382693.121055438,80743.8510727516,15000.9145287855,6588.10085134195,3348.855883279,46337.5592415185,381766.461221097,81221.9761670584,15140.3208206636,6643.51984361188,3368.22909815198,46824.7681454007,381376.734692985,81695.9695605445,15275.0922035713,6697.96009116716,3387.87255473724,47327.1023293134,380553.878409725,82154.9646715917,15394.4430650992,6744.18873544031,3403.52947447618,47796.3589201787,379329.049492089,82570.4821730647,15522.7585155105,6793.16651518121,3419.25148092443,48240.3331519311,377819.361678901,82925.6892085808,15646.6448142079,6843.01121437399,3435.83379314627,48663.1369457161,376171.037929493,83245.4339995483,15765.071157908,6891.37468699996,3452.31014531378,49070.6536668052,375140.387917659,83562.7502598421,15878.5486546185,6938.30118632473,3468.70732437077,49496.5738712701,373734.805155838,83873.6933737676,15974.7446503477,6975.91848336076,3480.52768513794,49889.7685449707,372050.466596181,84148.6238732353,16081.4332781752,7016.62085717759,3492.39221688757,50261.0889838829,369956.996121484,84360.4251888204,16181.9345141202,7057.40424712216,3504.67832935874,50602.4295628941,367667.782052055,84526.0314542301,16279.7681147076,7098.09098115161,3517.41300368434,50924.8333677103,365833.622414815,84674.8340944094,16370.7768267564,7137.20126814345,3530.21200210178,51257.4398751185,363835.925103606,84818.5368268641,16445.0153151572,7167.60253501732,3539.0156732201,51567.0383362266,361334.819474937,84921.9127349309,16523.0644715069,7197.74030809254,3546.35549415921,51840.1627130677,358586.457778343,84960.7604767463,16602.2124416121,7230.84478983379,3555.14298539896,52090.3782290676,356103.767340742,84986.2169648032,16677.5710991605,7264.32131670193,3565.13018895857,52341.9030398067,355309.305109179,85084.0143319618,16747.2527615717,7295.94795450085,3575.50128624026,52664.3454374698,354504.594630734,85279.3733363397,16792.3256490085,7311.65894205094,3577.90352985914,52966.991590425,353520.735827168,85490.087038297,16868.3790934693,7336.47498824863,3581.515217606,53251.6721238581,352231.579084436,85655.0640351498,16948.5515000324,7368.46086053295,3589.34435089891,53511.3768467073,350634.261448969,85769.873609692,17025.8966480593,7401.98706547573,3599.53261674364,53746.5102023087,348857.14850316,85836.6723710451,17097.4291214438,7434.7459212644,3610.59404460883,53962.880193783,346947.183321606,85866.8323733697,17160.7605015069,7464.5684825758,3621.03829651865,54162.1540794969,344903.605295674,85864.806046892,17217.380588269,7491.3287250389,3630.21238721032,54343.8976839617
610,119181.900902535,99836.0667225148,66966.7872300406,50197.0081881615,37358.0061050156,108113.291979081,107470.471519196,92961.6644119879,59498.3467973863,44469.233876349,33154.167299629,96824.6750758005,95017.7163411848,83156.4718862339,53147.447614415,39486.9678155158,29321.9288317191,85878.9266197611,103520.499187876,93262.7812738182,60366.5358732735,44705.6380120124,33152.6280627177,97431.7783812234,101360.277232542,90094.1505991006,59614.1166212694,44469.2730184801,33013.6859494946,97350.983570179,95762.4714338197,85676.1855776126,56401.1080385446,42407.8658670888,31706.0503776438,94177.6519657715,97785.3435975637,88744.6453383438,58867.284392169,44278.5851667343,33221.6009928142,99823.7736800339,97037.8200675659,87914.6137723205,59065.5924197263,44645.6851307778,33594.7809200958,102089.502021507,94099.5922799034,85434.6375175264,57501.7548442086,43712.4927836206,33063.5858486304,101740.377983534,94043.7517354176,86080.0809783311,58159.8955568639,44307.970587796,33641.7793617012,104992.539445081,93570.6111515442,85870.1837559375,58479.1838999503,44684.1375468241,34019.8455701749,107626.287210577,91617.6818919435,84338.2215780077,57690.5777500679,44257.8692249378,33813.2808222387,108392.318715523,90502.542984198,83800.0727065547,57596.8572657696,44314.875906492,33969.9080820719,110363.2711712,89939.0283239599,83509.9997172228,57769.8810263658,44591.8818926729,34286.6925975426,112880.567590239,88751.2366662574,82650.8706539923,57419.0079508341,44479.5065197573,34316.9411552421,114495.024243528,87418.5778845195,81787.4922990599,57062.0856887966,44324.9934644228,34304.5238825456,116000.424887976,86324.1382062105,81124.277470663,56920.0616931684,44339.4508648964,34411.6951973269,117898.810384819,85083.6862054923,80246.476697031,56627.7863924469,44259.7870637676,34454.2581063742,119578.879606883,83927.7286851051,79349.769882709,56266.1067311865,44128.159995255,34465.2684587926,121197.867360966,82931.8871949662,78698.1072044358,56017.0843105242,44063.5811368914,34525.1885188174,123052.159524805,81791.4093106872,77892.8950221627,55699.3481439326,43926.8097441619,34514.1562389058,124669.694505007,80457.2794476345,76924.5664517974,55268.7613716545,43709.3324546931,34436.2609215857,126020.751062137,79109.6438456682,75936.6122882465,54843.273443581,43500.3941643766,34367.8406462922,127397.843075205,77962.6694133682,75027.0883288624,54462.3813019207,43336.4573459846,34340.7507757715,128953.238904123,76874.9624659797,74203.0571276009,54073.8369323926,43158.8070811318,34306.1141860298,130537.648565558,75593.7846466206,73242.8552787685,53593.574360162,42885.5613064196,34184.9268532144,131824.871062267,74191.1304619234,72154.3214916198,53053.4413435946,42565.4441458222,34018.4514453982,132918.312662383,72903.4571733693,71105.6203781366,52544.5816933948,42281.8781902616,33884.8530304306,134129.381635937,72185.595718352,70379.0988762837,52199.3189322081,42132.7487256841,33864.8622250336,135829.477476238,71727.378717885,70025.9336723599,51977.7439990177,42046.0253788697,33887.6437720167,137760.089355251,71059.4992409074,69505.8455425904,51672.7821890922,41839.5972961172,33779.4755868519,139104.595482787,70220.6298096843,68861.2857358404,51315.2155335612,41593.9215164556,33620.1923585538,140054.902235282,69408.9872533503,68264.6213827801,51036.2944652916,41427.6277568997,33526.8959672308,141107.887145372,68593.9693793701,67631.9536136951,50752.0541187798,41277.1124402173,33458.031701631,142171.445724824,67691.5721440986,66896.8243500883,50374.9719295779,41061.3517468314,33348.6154187542,143053.04805772,66755.8428872105,66134.0166679039,49963.7716440742,40814.6635426913,33218.5443909204,143881.018701937
611,335802.862569047,121177.936178698,31008.3969532956,13992.426615859,6318.63441151225,11004.4746115133,300549.344962419,104954.161860066,26810.9375194686,12331.7153833265,5624.20707751235,9996.47316677609,305946.682207567,108054.833427449,25409.9950564198,11680.2826983479,5460.36472889676,10220.7523698536,307042.383404185,110283.591690229,25540.231266848,11261.0063707574,5114.02041234966,10054.7911024169,306727.637247417,111501.626429653,26076.2958644894,11396.7667799035,5054.22534973995,9904.39366856666,306209.056956557,112575.83498408,26601.0964110643,11656.392363586,5149.8756658988,9929.03055825421,305627.244050275,113569.630284004,27104.6754268236,11928.0597924703,5282.71349967517,10061.3085569195,304977.641302977,114494.577648281,27587.7076958983,12194.036288813,5420.2410522287,10235.7871805534,304839.725694099,115487.872177055,28074.1861748741,12462.5323903836,5560.60875747425,10433.597102955,304265.959660168,116365.792456877,28517.007683938,12708.2302025184,5690.49155287773,10621.6293017322,303518.617805194,117214.469102071,28973.5559168363,12960.1260185244,5822.51932488061,10810.2771559971,302493.317868012,117979.556809304,29422.5973083919,13213.7377573111,5957.20783244826,10998.7012193824,301346.957803952,118685.335260908,29870.5816100301,13470.5228878772,6095.41795423931,11190.2916261373,300746.214114692,119467.110027389,30328.2406215194,13735.4420009061,6239.39456948874,11395.5012501412,299599.309014162,120098.896424317,30727.2803645487,13970.1901231623,6369.68304556168,11583.1055755347,298182.546291418,120692.356652327,31144.3431697872,14212.5765277042,6502.43038491854,11769.4785586355,296512.341766987,121194.036930299,31557.0351348026,14459.9592132642,6639.86537186665,11957.4069759873,294723.325742504,121624.96153221,31961.7703580335,14708.158645462,6780.46340470102,12148.9735574962,293556.426086379,122153.993645011,32379.2922955184,14965.5674258691,6927.43546184131,12356.8376196389,291873.506567751,122522.473207757,32728.1385317514,15186.6007100258,7057.30345493726,12543.852406602,290063.249378035,122889.238066658,33100.0569242087,15416.5396959706,7189.68085937395,12730.9883923478,287842.700484807,123118.241121802,33453.2238179708,15643.7656654513,7322.75971436209,12913.2714898092,285482.852623067,123282.36546932,33806.4858613133,15876.0860320436,7460.98350912118,13100.840642438,283593.163390936,123503.080107347,34168.0540685034,16117.2660153035,7606.22397912348,13304.2368628458,281421.109454564,123612.068198901,34469.4460264852,16326.8867734666,7737.09808933063,13493.2006016108,278860.285789328,123646.101260592,34767.3856866915,16531.184869627,7863.5890586978,13672.8658371794,276119.832011965,123601.777548225,35072.2023298794,16745.1628987801,7996.22802871866,13855.3772641145,273637.294152142,123540.109411965,35377.1777061885,16965.7876616072,8135.72053372745,14049.4094541617,272786.908574161,123813.028748087,35720.9836526645,17206.3194266911,8287.05793349653,14280.095895412,271586.915831922,123942.706366089,35930.0143195192,17363.9094058025,8394.17930141798,14462.3897007875,270472.180295923,124207.650726983,36198.0488802096,17534.5532847632,8498.51034974315,14634.4489430622,268967.002925058,124316.42395686,36448.7987634417,17703.087366211,8601.33304933323,14790.2441789936,267273.502086327,124375.658720531,36700.5339100545,17878.1847151774,8710.46149882312,14949.3297636561,265419.604052287,124356.691416582,36940.52725433,18052.4031229838,8822.01722569817,15111.6086347886,263444.181870724,124281.141250937,37166.1848719679,18222.4461270458,8933.6575320284,15276.1987345747,261356.960144546,124152.430048471,37379.3576860165,18387.7301757011,9044.13455491154,15441.0848619253
612,133244.055714639,108397.717822435,70963.1858026995,52427.1245818461,38465.3573688587,109853.569688481,123717.040138802,102417.165474076,64310.2076895421,47505.7873245154,34953.7217960445,101140.431611277,109369.269065889,91669.8113951446,57206.5268172074,41947.0963493793,30756.0463676428,89205.5384622439,119894.377802444,103481.672289325,65369.3130608927,47739.9778210556,34950.4711164667,101761.48136147,115521.585789434,98284.111325252,63484.368884457,46693.8660032785,34206.9008919676,100023.614522564,110275.404191204,94750.4345629618,60824.9273100589,45077.1386396762,33245.8054188658,97793.8780402366,113328.865011762,98652.8188942204,63981.199878412,47424.8165594215,35088.3167328455,104297.689394262,111025.213503005,96365.3902115781,63255.0513163202,47162.1980321384,35008.7443360983,105158.357660945,108287.383050312,94454.8050576518,62059.9389263333,46518.7008945407,34717.6508026333,105508.579024146,108834.666685414,95646.1192242578,63212.3883596241,47480.0376825753,35562.3994744102,109524.108924617,107484.362362009,94618.0471499441,63010.0053780599,47502.7763734445,35687.6784846112,111336.231665459,105420.757200652,93237.8728946274,62326.2438726724,47168.199569554,35567.9968137205,112370.06540227,104627.180286753,93089.7841485772,62595.7285236831,47504.3806151422,35936.8317897562,114991.381506233,103622.812640784,92407.7231576567,62552.843295526,47645.2611732721,36159.0964209239,117166.950102784,102184.115873551,91457.9639091789,62154.42219873,47514.614542271,36190.1658950011,118771.846585023,100963.389328142,90820.0820351637,62017.1591332815,47537.7968166777,36321.2335684261,120744.732386885,99660.6939728721,90029.5786985225,61845.2264174877,47550.3775892321,36435.5772349088,122648.038265733,98112.2768318758,88984.6304758707,61471.5847019342,47427.0985678886,36456.9512398807,124242.798602494,96881.230555124,88133.4011405525,61200.4458447824,47379.6801053971,36542.480584682,126106.314624242,95797.1408886027,87460.3874821605,60993.5831976954,47369.1269429006,36654.5058245055,128129.704050807,94420.9180857009,86524.8240730493,60618.8197335783,47208.3892091756,36638.5096615562,129732.236051602,92917.6979891257,85510.8950467905,60200.4851403551,47015.5584764964,36591.192164258,131202.142747893,91437.7100436776,84504.5916297748,59817.9799003403,46857.3781921783,36572.5009627424,132763.661253015,90091.8663851497,83490.6566540204,59417.1866579831,46697.9672535196,36560.2803673926,134373.366204612,88826.2827630072,82578.7681301301,59008.5323539215,46525.0256022805,36542.056562192,136024.3019416,87389.9625938094,81568.5757876914,58535.930775059,46275.8211269082,36452.7800329679,137451.770417249,85808.9107339602,80407.269342632,57993.1582117053,45972.0674161365,36311.4661443112,138665.524760643,84333.4066491216,79274.4498696911,57471.3290574552,45697.2414699224,36196.921347044,139970.300790385,83457.0838079861,78457.8806810155,57110.4350901299,45553.0405760886,36191.8945589737,141740.024377977,82924.7427903108,78052.344296096,56883.0587100501,45481.3874706031,36238.3192959506,143780.900162285,82161.3918991383,77491.8078466982,56564.508721975,45278.3132931082,36145.6863584812,145234.569725674,81218.9998849037,76805.241784632,56201.636062165,45038.1506135643,35999.779893154,146292.36379726,80305.1804467155,76173.9403391553,55924.9909586427,44883.349754094,35922.54566245,147448.232535633,79363.1108271585,75479.4457262713,55628.6347056978,44734.2715276574,35861.6694162699,148571.239594735,78327.4110560719,74677.23332279,55235.9217853711,44519.7522374796,35761.6626921948,149517.648267919,77270.2876853036,73863.528276003,54820.4049558002,44283.7086153299,35649.524302959,150448.417918741
613,238679.396823941,103434.241726693,34603.775941365,17733.0772981439,9064.27828346106,20141.1628670005,203842.880941999,88117.3627980892,29095.9618780973,14970.7724725869,7670.82087057983,17478.5391038682,220345.801861995,98615.2842899976,31399.7523297518,16194.1675809544,8401.43776324664,19283.9793666069,212217.275725049,95255.3680501365,30523.2237144425,15473.4674041259,7952.68668715665,18655.7783264717,215741.799360319,98651.8908191362,31811.587015626,16115.9832299574,8223.33642559573,19183.5205598766,213253.931224994,98312.5045785846,32129.3308765279,16336.1175777526,8337.7554844913,19260.6572392694,213620.554608522,99709.4034060276,32884.6897899545,16812.3348079353,8618.22099786753,19719.7092045964,212400.3291357,100079.045547739,33356.4781770165,17137.6120952671,8825.64239470735,20070.4291716462,212390.727295105,101034.825507922,33977.1738606383,17544.6437830071,9078.79317662917,20544.3963002087,211563.330360385,101553.875277632,34443.4391198724,17865.142826104,9286.08194337989,20943.0161780109,210967.305377923,102277.723163722,34988.3209444791,18224.8289589035,9512.20994219433,21377.9557798218,209931.753989366,102762.617904625,35477.6328748792,18561.5364997622,9728.05635428153,21785.0521906185,208950.733009593,103277.927534294,35985.5213710751,18914.0161670063,9955.88252335094,22213.3595355884,208281.070790906,103805.383262515,36492.2460328874,19270.9465553294,10189.4389533317,22663.9926263623,207226.772731957,104193.806485339,36918.2199721083,19581.2929505199,10399.1999827577,23079.6085764822,206054.735127169,104595.404661733,37376.3314976296,19905.0334340174,10613.7149224306,23499.6838095518,204629.209833474,104854.396088409,37809.9802451541,20224.7796736377,10828.6973546689,23911.7950204216,203142.472547531,105065.447415284,38234.6325087004,20546.5888501988,11049.4012012706,24334.5805312404,202088.968619589,105352.734345171,38676.4420228831,20882.5046083518,11281.3708055185,24794.2801665884,200655.468802113,105472.677774387,39018.7602560496,21159.5472187597,11482.1023171891,25208.8535946296,199223.275869374,105657.068857079,39404.8414682448,21454.5303670851,11689.2022343019,25633.9181529865,197386.901225714,105633.721615704,39739.7720471267,21728.7970309041,11886.5183246047,26030.6100951128,195545.642174569,105607.862281371,40088.7992107814,22018.2639689143,12096.4044205991,26448.1327189883,193963.838110846,105578.029783457,40432.649484731,22311.6806573571,12313.0331614586,26891.5057169641,192236.156000453,105474.245487974,40707.1650142532,22563.815601285,12508.6374157908,27312.6566911488,190257.433866003,105316.712135303,40973.2011361317,22803.4809332998,12694.0058476183,27714.9494110395,188114.712726756,105062.416734316,41236.292439744,23047.9751676488,12882.5957559208,28114.1651447503,186156.713037522,104787.102697211,41497.6712605471,23301.2188708409,13081.3395174793,28535.9980827128,185361.315347827,104824.738241857,41822.3068972099,23593.1427084699,13306.2762195894,29045.7587307158,184338.714682509,104737.837873453,41981.1685053279,23769.133722963,13461.2587941161,29458.1135653285,183475.375310074,104861.019582787,42232.5811502717,23970.6292026963,13615.3211403303,29860.5417790979,182214.395083368,104751.691775246,42433.9538886175,24148.5689716287,13751.2694209851,30197.2840488801,180928.915564018,104677.004475415,42661.4510132845,24351.1286954249,13905.2243329636,30548.1324816782,179434.698038703,104456.379098647,42848.5201676451,24537.2388567342,14054.3822575863,30886.6490965122,177931.349023653,104234.499161969,43031.9453448133,24726.2421681624,14209.0879697665,31241.2347992832,176305.402244386,103926.944364528,43183.3113469897,24897.8921684565,14355.7934766161,31588.9477701296
614,269911.22131424,125515.440908881,43919.9762414226,23033.4558881117,12024.5562183877,18261.5715003099,242482.598154888,118945.799915614,42673.6441081655,22563.0594915479,11841.5804007972,17856.1268451232,244388.189162497,120655.864742594,43496.0173892907,23465.7391284167,12559.877028159,19068.9231880891,242237.192794048,120889.706846809,43676.7544224372,23496.4204880782,12665.867896949,19652.4560422062,241127.863187727,121705.085732912,44383.411555152,23910.3037433746,12884.0035757167,20152.8568847716,239516.92149534,122157.129326605,45013.829339952,24357.3579970336,13162.3855177739,20625.0573160194,237912.14004024,122576.707418149,45624.3125875461,24815.5256542305,13472.5208816031,21155.2341028699,236250.965932287,122909.688867886,46196.9321850172,25257.0128365649,13782.028076422,21716.973811574,235060.311461276,123329.325099231,46784.167277742,25707.5823634394,14099.367310986,22318.1324445519,233622.876155209,123648.250735261,47291.4493853475,26108.389391597,14389.1892019784,22896.6028127348,232078.534053105,123956.570361734,47813.2490042785,26510.323815779,14675.8208318501,23473.1096080949,230261.918971197,124120.668766464,48304.221653345,26902.4539597168,14958.4207314555,24042.2382727528,228372.316420346,124224.093147864,48784.3604813864,27296.1674980564,15246.4517105978,24624.5918719394,226924.079163825,124388.75997169,49279.3746205585,27704.7770493794,15547.511319102,25242.7582102943,225170.541543441,124446.018105899,49682.2035259789,28056.6234447356,15818.1753241528,25831.0590647193,223208.775357689,124456.894334629,50095.1350153725,28406.0024003676,16083.1294096177,26412.352613466,220997.466568654,124317.711080747,50480.7083533313,28750.1166434122,16347.1957043246,26990.5476563553,218696.394931221,124100.477024769,50843.4938645333,29090.7488266111,16615.2977216802,27582.8574511726,216902.058361926,123973.745718175,51230.0407461626,29450.9094174501,16899.6220140307,28221.1029567709,214855.427425848,123752.549750318,51517.6920612256,29747.7745952628,17148.7611095883,28824.1484658571,212684.221495557,123509.73750157,51818.7252044702,30041.0505230683,17389.9750065821,29417.2525524293,210204.871864372,123103.194247447,52079.9080578401,30319.3281078382,17623.1491344023,29993.7715521181,207584.427814183,122604.789631897,52320.4062585277,30594.6260467148,17859.6670845043,30579.530931652,205352.79330745,122156.912392144,52577.376901963,30888.2461149042,18112.8405562396,31211.2348091267,203035.870647467,121664.713433606,52756.0899958436,31132.1126951393,18339.599054911,31823.3578284092,200419.4204257,121082.742527725,52905.1865577123,31345.7580150513,18543.2392403287,32404.3319923188,197629.042272374,120384.645597852,53045.412642629,31560.2993106587,18746.5253785853,32981.0217492172,195013.008915666,119658.869713199,53179.3722146142,31783.5038521975,18961.2499987155,33584.7385945962,193711.959633138,119319.291267145,53414.115611025,32070.7719815889,19220.0512304679,34295.6701979962,192444.732428602,119052.104569759,53521.6836977718,32253.6280083562,19411.1271251136,34921.8855416898,191116.89076672,118849.88443509,53670.55916277,32421.6343143733,19570.9130882953,35475.2341248406,189577.34069727,118543.514066974,53822.1252838278,32595.368118739,19725.3490003177,35976.6540498579,187832.509356296,118132.606691422,53947.816138929,32766.5145562384,19882.5340695025,36455.7356858069,185987.904277716,117646.103335181,54055.8165985144,32935.8692795957,20045.0950242595,36943.3913721098,184067.098817557,117094.242287723,54132.4348672007,33092.2567047938,20204.9648303073,37438.4069393564,182070.569219012,116489.111674329,54181.4017903816,33232.7620241029,20357.8105022437,37937.1926858744
615,119346.548517274,102096.96173877,67079.4729950021,49741.9573685794,36674.2898489525,106148.26156199,104149.811923507,92537.0230474998,59557.8070559379,44205.4338380352,32692.1129583817,95605.7030410514,95864.4888356645,85553.4894296178,55541.2764346066,41379.9875622962,30665.0662893456,90314.9876273891,102908.014801218,93593.853468269,61291.1771417738,45744.2498483014,34068.6735672869,101634.045444306,99867.1933132537,89831.932741083,59641.4814349453,44778.9645675256,33464.8576023115,101286.152809471,95615.8464557642,86740.3749875023,57329.9862646844,43251.2920706179,32501.3998946974,99845.198433306,97266.6366530308,89243.7022077976,59494.9642949851,44895.5863110752,33812.2692471614,105421.47094808,96074.0527507504,88049.6871047839,59332.405751622,44989.8776022545,33974.9065097196,107312.764297301,93594.2494776667,86037.2582106122,58094.6937235844,44270.6132365599,33588.4613192392,107511.985991277,93503.3546479141,86574.0102444485,58718.4294623067,44845.3819357557,34143.0000849596,110835.550756657,92807.2208797104,86146.1648488438,58856.5144041272,45090.3915798756,34424.6430719699,113264.473386034,90997.3193866945,84759.4311892132,58160.1145165119,44725.1172806753,34262.5269472793,114210.162387519,89926.2808977721,84231.8295184019,58089.1124793733,44799.3240030003,34429.8471553048,116277.562686014,89254.0012357857,83818.6283436092,58170.4882439261,45009.5879048793,34697.0315123529,118703.91385051,88095.8115378662,82988.1815998761,57830.7588053897,44903.8539735173,34732.8695051317,120383.867124683,86821.8523630374,82153.3345654235,57499.2194246212,44767.1480441763,34733.1865795035,121972.208184284,85704.8734424251,81449.3307886972,57321.6134386702,44755.3311265601,34820.3666311294,123849.665513567,84432.5834445874,80540.6615933891,57003.7528353455,44653.2526322857,34845.163453539,125506.416022138,83293.0102191484,79638.7594539483,56644.4477496949,44523.0605529596,34856.4213450144,127159.049448092,82313.8885298295,78986.9045743377,56391.5592129171,44457.4469523388,34916.5523412412,129057.541886085,81165.796331251,78160.3913556763,56054.4433866415,44304.4829208388,34893.2913997422,130669.826346057,79830.2025144651,77174.016152284,55608.8944167008,44073.7419556755,34804.3823690504,132008.45742487,78496.530711406,76183.6225504218,55179.3654756076,43860.9654176532,34732.4340494817,133398.769739903,77349.3855105181,75259.0699991843,54786.3410580714,43686.711380891,34696.9514105259,134953.586743232,76262.3979814763,74420.0860310542,54384.4404930549,43498.1975073409,34653.5791429724,136537.038119282,74990.2901732688,73454.0138804927,53896.9074775982,43218.1232228458,34526.6758504903,137825.882625761,73604.1293200924,72360.6669532103,53350.3735450229,42891.90082205,34354.7226944048,138914.194266882,72307.5535815184,71296.9321429992,52826.588802347,42594.9426629847,34209.8475294656,140098.832869569,71565.495140552,70535.7467869124,52459.6027270469,42427.5970649539,34174.6255515381,141770.674639251,71114.605394861,70181.8036887003,52235.5051698848,42340.4903502564,34197.7284950695,143749.848643585,70464.2244257935,69668.7101625906,51933.2207720316,42135.493753625,34091.1219791137,145138.489557142,69626.5447988928,69012.4509329454,51563.2823611652,41878.7253344032,33922.3564703881,146074.602611075,68812.4109732796,68403.8482586997,51272.0580953018,41700.8671845416,33818.8984268281,147110.530156753,68005.7283150879,67770.4214716623,50986.2326884713,41547.7223828444,33746.9096965213,148183.475705302,67114.2979638951,67034.4253129048,50607.3245157579,41329.9654675207,33635.1597571271,149068.486038382,66181.0615420225,66261.7224189663,50186.5581408705,41074.8713626247,33497.8780176985,149875.08587655
616,310360.994275136,102398.259407416,27653.566731474,12642.3551807195,5813.60760966243,13463.7707743203,295712.482250378,99313.1818287121,26535.9656159597,12204.1217420494,5626.51596182604,13149.681899736,294355.709083565,99123.6132512696,25153.1635733129,11734.457676317,5547.34921647402,13261.7996275745,293474.012567475,100424.823689968,25217.8979392721,11391.1094944706,5293.52724958437,13208.538318289,292600.015595763,101313.878522772,25711.841334492,11551.1016434223,5276.03196332321,13165.4248232674,291455.054496783,102056.837164547,26166.1388938204,11795.4836081302,5378.92490890267,13247.881326125,290233.234086531,102714.482099049,26598.830824815,12044.2483324499,5507.92609234347,13411.3215292058,288915.595245091,103328.378081089,27013.4348820156,12287.579319514,5639.89173470609,13605.5953438248,288042.222066816,103946.7871333,27428.5715760236,12532.252271076,5773.91182480415,13819.8335876251,287063.580467231,104585.57029827,27818.3188279791,12763.176093042,5901.90725196095,14031.2428261667,285842.381457126,105168.883638334,28214.597384522,12994.4676520782,6028.66312736092,14236.158683479,284396.566815717,105683.803808716,28607.2189856016,13229.6782000738,6158.98605751519,14439.6517315871,282734.163964638,106131.573174822,28991.6471082815,13465.108848824,6291.75668813534,14642.2172283175,281551.56561165,106583.223107352,29380.6015704573,13706.7175696723,6429.65599935446,14859.7665762368,280150.958355967,107042.052494008,29733.6015494758,13929.0695288757,6559.23539017907,15068.1163618594,278398.013435375,107418.77676124,30094.0974359366,14151.5894016938,6687.00473058618,15266.3471433205,276411.056709026,107710.710983212,30450.7984689404,14380.0392239655,6819.92718055686,15464.4086610694,274210.548489427,107927.266635045,30793.8201430175,14606.8366026814,6955.10884633375,15662.2030461395,272555.63535906,108161.52521139,31143.5515447705,14840.7073468691,7096.03535205654,15878.7236740044,270721.532306345,108405.313806124,31450.2112397707,15050.6171854474,7226.02137545482,16084.0051646967,268644.537929686,108579.108918586,31765.373898759,15259.628523792,7352.94791029495,16279.2818456183,266264.370565836,108668.225743646,32070.3138123898,15470.7282196725,7482.8148371879,16470.3648467993,263624.275738468,108661.898730689,32363.9509670262,15681.0854738663,7615.11605561585,16659.7845333908,261391.993565063,108657.416623102,32662.3401218722,15899.4202249762,7754.39551081046,16867.6943737243,259146.973532857,108664.517132889,32922.0625925514,16097.0334013945,7884.85198459944,17070.6358963892,256480.222991111,108586.426954251,33170.3465848911,16282.525255709,8006.77706410262,17255.0027432974,253601.234508598,108415.804042628,33422.7886270213,16476.6277022744,8134.06726931964,17438.7260138168,250772.092437877,108188.359358171,33662.2533523765,16671.6526379131,8265.82031528352,17628.6024771322,249443.281647564,108162.421398416,33934.2236232347,16885.6903493867,8409.94262414688,17867.9547185974,248318.939048824,108286.709510106,34127.5923159388,17044.5304730287,8523.61151175726,18081.969618192,247029.399540702,108401.341067936,34344.5695218383,17193.420501759,8621.16383885476,18264.2676681383,245521.343345109,108456.98047388,34567.8622171947,17352.7183421368,8722.7006232246,18434.3407299365,243746.263482568,108421.706686941,34778.3745181719,17511.783049787,8827.32735719842,18598.7768223171,241836.122265482,108325.720818601,34981.8493548146,17672.464866797,8935.89210580387,18767.4952106885,239814.560274372,108173.367574774,35168.9379070246,17828.2023536816,9044.3830362077,18937.4154777284,237701.857524083,107978.438132437,35343.8612841522,17978.9651511291,9151.6598821613,19107.5888385559
617,339058.912249549,109240.612352646,28440.8433193157,12932.272903698,5907.75033173564,12627.8556487098,310249.682944018,97745.578851037,25750.5920781101,11921.1153376514,5494.77850719365,11877.0059128669,311767.17217019,99106.680767238,24040.637264189,11223.967313172,5322.84265470477,12039.1022719705,312528.972582652,101181.209541992,24147.5857705277,10820.056933577,5002.13616486964,11936.1286599969,312103.38507512,102336.671593788,24657.5436614945,10952.148651399,4949.79668293223,11832.6184245696,311330.288016301,103305.178526438,25132.2590162189,11189.5669102374,5038.68550169465,11883.5505174376,310518.275535162,104208.813242843,25588.0540865155,11436.4335004046,5160.38820566612,12032.4597763839,309657.089922706,105059.813709552,26026.8445313227,11678.4120700624,5286.10720647005,12218.7771886917,309297.876989508,105949.161307362,26465.8154241761,11921.3693000117,5413.73255145423,12426.6974333552,308584.71809715,106768.431343591,26869.3168054483,12145.4076084656,5532.58100512391,12625.068054545,307656.020021759,107550.607132948,27283.6596844705,12373.7949650917,5652.54567990743,12821.3913759968,306470.964587244,108261.518505132,27692.9804031965,12604.8091132786,5775.38865807501,13016.3761605811,305157.371404696,108918.64573915,28099.4194844485,12837.8942409839,5901.15520360769,13212.8091048541,304375.131230112,109620.034355907,28511.0349165329,13076.5955684991,6031.33068670273,13422.3587800874,303132.629577102,110227.118008126,28876.2408682043,13290.9067691238,6150.38042466242,13615.2904033474,301578.840962792,110784.093215718,29254.4158926552,13510.1852604858,6270.55559537047,13803.8061758795,299777.018190246,111260.288786469,29629.2177839132,13734.3823418756,6395.12004933489,13992.1993148694,297847.060996403,111673.38015867,29996.447905036,13959.1616262354,6522.51824662528,14182.4748093629,296526.970827781,112146.409175321,30370.6585247403,14190.3191783399,6654.84614870831,14388.787665719,294760.643787965,112517.776371072,30689.3134854548,14391.3450135984,6772.93063475874,14575.2424279837,292837.969404526,112866.728451156,31026.2137474575,14598.881837043,6892.32000529779,14759.3140222096,290527.730770378,113104.632198012,31347.3838704669,14804.7693703072,7012.75322842079,14937.0767995939,288054.743436211,113277.245312326,31667.0765063981,15014.2844973114,7137.32453748019,15117.3965692546,286039.109304749,113479.396885057,31990.9179875806,15230.4684574001,7267.66333887543,15312.7564167154,283814.687258034,113612.139562782,32265.7484118344,15420.6069005782,7386.21532987358,15495.2373203849,281182.260668007,113673.170280865,32535.6445277947,15604.5382311207,7499.90726034987,15665.6086419854,278349.672563801,113656.334625737,32810.9688859254,15796.8578663073,7618.85847725903,15836.2216522343,275758.982580563,113618.642549428,33085.8231590284,15995.1947023031,7744.12591165382,16017.2165233282,274785.839893464,113834.046068029,33387.3949555425,16208.0373661323,7878.67601211086,16237.2338481712,273607.411659433,114004.721892327,33583.4389271648,16353.3409960786,7976.81842242036,16416.5134102527,272416.922722414,114247.521478006,33823.3060996451,16505.2161673033,8069.47153617389,16581.7365061335,270903.590725423,114384.235813112,34056.3593674492,16660.0264945345,8163.15872750549,16732.7313049637,269145.853303728,114454.265583947,34284.9875978043,16818.2510048591,8261.45038057936,16882.9709377457,267251.007846457,114460.931410247,34505.6152972447,16977.28087038,8362.85320744109,17036.1475129034,265239.161123935,114413.713854754,34711.3987187092,17131.6712343191,8464.03338538776,17190.1567986203,263110.374820802,114318.157041469,34904.610612755,17280.8170659482,8563.62282081703,17342.8038432072
618,192181.836330146,122389.0930952,60843.9563071505,38044.6081194816,23576.7555165357,38883.3885068068,160702.639106494,105278.299191511,51754.05178636,32402.3818079356,20134.4337054666,33419.7206501274,168127.788847989,112705.168236775,55023.7388635977,34953.5856962002,22001.7837336122,37053.0970037986,160936.228669362,107652.825117213,52866.844860335,33446.3674129111,21170.2098834817,36590.7349882863,162687.709727931,110801.841645259,54594.4874941904,34550.3407660466,21868.0820063444,38439.2057268998,159400.040622887,108959.377306087,54420.4559427965,34546.0736162989,21882.9831801388,38831.2311818479,158746.059761018,109650.352891628,55172.4558636747,35223.3399259524,22412.9241276578,40121.5334534447,156734.585523262,108922.692754675,55356.0156781861,35512.6062597252,22704.2395766898,41072.3011662073,155717.103759515,108936.751860485,55786.3096221423,35974.357261995,23117.3790432428,42314.3264603335,154362.627964317,108677.114366179,56060.695067451,36311.4540112029,23444.5703213907,43454.320672503,152885.048822066,108386.218232658,56318.4159747589,36629.0982756438,23751.3717041693,44572.664409393,151355.994078742,108059.619194875,56586.8101762329,36957.5667691047,24063.6333238469,45706.0188620677,149627.692631074,107548.84632332,56769.2220989088,37239.3359916326,24350.1789757957,46802.6842871162,148383.476582391,107233.161775904,57033.177663164,37581.5317571069,24682.3115381778,48015.0716771513,146925.400018041,106826.517463089,57182.6718879279,37838.6984282936,24959.7031545701,49153.6040943504,145220.20223889,106296.611301411,57296.2876632994,38057.0316854265,25203.0074547963,50235.8134866752,143455.838092619,105708.748927611,57414.4158317382,38289.0602912128,25455.2174664108,51335.2936765276,141554.451609312,104977.718207549,57458.4712096897,38483.749817707,25690.0645318417,52416.1698961458,140107.647308528,104412.281574077,57566.1859767115,38726.2837546958,25963.3137095891,53611.1308934042,138519.289182913,103818.416745196,57582.5829327626,38894.996360938,26187.2746863538,54742.5355431015,136736.933995407,103095.771213844,57557.2310459193,39017.675064709,26369.6067694478,55797.2439713289,134877.67466321,102344.739103721,57536.8828231263,39151.861956082,26558.0515231031,56859.3512163953,132823.155753755,101409.810046015,57434.3940166196,39239.4054329388,26719.8091564578,57872.2474961662,131106.955926809,100589.844938487,57379.3439615463,39368.7464906605,26917.2271841417,58991.0268483379,129426.62554153,99816.8582436666,57280.8302065302,39460.9729637776,27092.0660729673,60101.4839145017,127404.585747123,98853.3922218606,57080.4751870813,39463.4015796851,27196.40772213,61074.643583001,125337.18773435,97844.1535697712,56896.5813397235,39481.6227109486,27307.1799285107,62057.6633459213,123360.900707225,96791.6629335584,56690.7492122745,39498.8011998182,27423.7149183971,63063.3536291332,122352.08135932,96148.7407029106,56641.833650889,39628.8755944258,27625.7683851724,64305.7078790981,121516.96441905,95766.9289780255,56567.1499626901,39703.0711379155,27781.7613078605,65481.6977920269,120395.725116855,95216.7219674255,56426.5007730614,39678.9951902981,27836.6913325138,66384.0513308077,119287.914108757,94742.0778703006,56377.0453673443,39723.1975551694,27924.3307712156,67271.3367906546,118008.660406886,94115.6791219622,56278.7613791687,39749.7467430742,28003.4532887803,68069.7644245254,116639.626145779,93404.8362995141,56133.1804715128,39757.6936697939,28079.7676633358,68841.1332965751,115266.313074389,92685.8603338658,55979.0904239722,39764.1003386668,28162.1938609625,69643.6814734917,113829.296548371,91896.7911549441,55779.2379784608,39738.7226079366,28225.0558807367,70425.7396545717
619,329445.81756366,107656.113456056,28767.7541273224,13340.9054468599,6279.60009069651,20465.7527768361,307487.49284253,102257.979230147,27733.690745123,13030.8342726513,6166.68033713918,19892.1394758557,305719.564451261,102662.7629804,26358.5932197134,12527.0423703119,6082.92786614841,20100.4153659851,305307.865358208,104191.225389528,26629.4587636636,12312.8666038732,5874.74276901018,20161.081431499,304510.066954822,105176.657070218,27142.1133264332,12505.0937014041,5886.79367504957,20220.8182263509,303342.826151219,106001.544707329,27602.6281468633,12754.1254634293,5997.57446733115,20393.3173290078,302122.816760322,106750.463174473,28043.420381682,13004.6016597879,6128.41690012634,20637.2552558962,300881.096865992,107457.845325277,28466.673900577,13248.6588974004,6260.49132805985,20906.3349972354,300069.432211923,108178.509826427,28885.1942116986,13490.9568117854,6392.74546748486,21195.0195705503,299055.848485727,108885.890119097,29279.0550127257,13718.5057510245,6517.72380987869,21472.7331800412,297807.665393545,109536.675722054,29679.5149508185,13948.287217918,6642.57713144021,21741.5229499541,296315.691266725,110113.692809554,30073.0007450174,14179.9244201922,6770.04387018151,22003.8437250305,294682.668387008,110628.772297656,30460.1272072683,14412.146400003,6899.89883255994,22263.0605139914,293538.860864202,111159.655181212,30845.5273986965,14647.0952014015,7033.13039528572,22539.3794737177,292063.415482282,111662.165386279,31195.039204566,14861.0844424051,7156.41093304758,22796.4458467213,290234.872934569,112083.38267066,31553.4538913643,15077.9526688538,7279.37585798768,23040.014947638,288176.653866922,112415.738531933,31904.5790537781,15298.6713434301,7406.5952332071,23278.8128606446,285968.633895591,112679.094498204,32243.8132757575,15517.7110782456,7535.76260864932,23514.165573582,284332.24899304,112972.749240728,32583.136920544,15740.2894591555,7668.77616433688,23771.3126286422,282421.582481798,113245.534031401,32880.5944653931,15937.4565204773,7789.27378942639,24007.5731782009,280273.874141165,113453.897759766,33188.5263385045,16136.8924714416,7908.42430555019,24231.8237760108,277770.997101744,113559.569100749,33482.4816649144,16335.9262595561,8029.30599869762,24443.273397897,275098.940605794,113580.91156937,33768.0739438086,16535.9916994786,8153.46650334424,24651.7788709946,272865.029897064,113617.17980977,34051.3556530359,16739.5349877984,8282.22197042422,24879.7546911978,270528.128794597,113641.199211129,34296.0131228079,16920.3249760741,8400.18872364829,25094.5726774537,267733.341662214,113573.823849911,34533.0558631449,17092.7633761808,8511.4946339675,25284.5615133109,264771.653299524,113412.147855137,34772.4150934935,17273.4329043939,8628.32011019007,25470.7031101722,262028.365751912,113223.194614507,35003.1855704356,17456.2860675084,8750.14610978322,25666.189365662,260803.676747431,113260.152573862,35254.6288734962,17650.6017199569,8880.01890200968,25922.7829544043,259607.352387703,113398.267985748,35436.1228155125,17791.3665695354,8978.89496824894,26145.6476522352,258283.510618406,113538.300041638,35652.327325293,17934.1550852319,9068.94680785375,26342.6087070715,256705.547261475,113596.246911754,35865.6634303651,18083.3895676181,9162.23422978179,26521.5616552409,254875.068277736,113573.150831052,36068.5997190365,18233.1872414899,9259.09212672478,26692.4551752884,252903.051227894,113481.876063659,36260.8833176736,18382.3448561495,9358.52411993301,26861.9002327195,250829.464467137,113338.544930469,36437.1255206076,18526.2772306867,9457.5345403761,27029.5077323515,248641.867019244,113146.525319931,36599.1389658064,18663.6668248464,9554.23780900384,27191.9705075795
620,215783.466981492,128128.885889842,62358.5196607153,38776.7112071254,23942.7180126078,47783.1577121608,190241.451627481,114002.666547371,52996.021974032,32860.794388759,20320.9438365292,41271.0411205432,194854.014842725,120362.620800466,54605.3548384929,33792.6688057213,20943.1569601202,42770.7953966246,189963.122625754,118241.17425606,54210.8683793483,33169.6700407251,20455.6144644854,42190.4945187236,189656.09280259,119681.404222486,55331.3365799687,33908.7150478561,20835.3446168004,42905.8818359416,187476.317416845,119271.397216013,55842.6116162812,34361.8291621599,21147.779314146,43441.677634388,185868.762187798,119307.943267115,56385.4252133181,34903.1734447262,21581.0123904498,44341.9153265047,184132.769484629,119142.783867848,56841.5874109619,35368.3331204079,21982.3785870778,45352.0534656404,182772.470204018,119059.297013258,57284.2375817518,35826.3907316216,22380.3462924108,46464.8888748599,181337.488661072,118983.966166193,57672.7382951413,36233.4126640572,22743.0914174165,47579.2307538287,179680.884900599,118779.394752919,58020.4368928197,36602.8552028723,23073.1650640883,48649.8255229199,177950.879156259,118531.201131135,58366.5000954584,36977.973484876,23406.4186730557,49731.5768106432,176062.949786509,118138.151461931,58653.1340227306,37323.5888988409,23725.6549394703,50794.7355425277,174633.889813084,117890.810786569,58992.4009879937,37709.7458794101,24076.4047419713,51952.7364234343,172972.167659623,117552.038332264,59224.5298074607,38018.8075532028,24379.2917927206,53044.4749310337,171059.339080309,117097.142908191,59428.6749228759,38297.2169032448,24655.2787016317,54087.2781709176,169051.780193769,116561.661956701,59625.6816561223,38581.8470049142,24936.0272886991,55137.7141695159,166911.326755961,115892.143085007,59758.9856099795,38836.6510650815,25204.7900475394,56175.0900777217,165256.261341806,115377.108418301,59947.2796766669,39132.7994808672,25506.6908645754,57321.0564913116,163428.987287823,114811.913952509,60035.8086437827,39352.9180953234,25759.7090967817,58401.0661275999,161416.06966948,114141.844931803,60096.4029721029,39538.1616759039,25980.3974855952,59419.0802359976,159255.629332242,113396.797134252,60142.1997876907,39721.4466115451,26198.5547164183,60424.4775317331,156912.767231059,112482.066422373,60120.6753198728,39870.6390399382,26399.5436063689,61394.6669624745,154971.776928146,111696.19505814,60148.2498208768,40062.4172701568,26636.4031463599,62476.8044731179,152995.971131076,110906.985994264,60103.6857565239,40198.1061834929,26838.7195260879,63525.2289941747,150683.953819664,109953.110264911,59980.0792457026,40262.694953962,26984.989643306,64460.3768784837,148312.843457193,108939.621026133,59867.5635979016,40340.3392851479,27136.6397890097,65401.0990062494,146060.976234715,107878.120772146,59730.439979533,40415.5032082965,27293.5688334126,66363.8344662379,144930.536522905,107272.804258978,59756.3264592778,40604.2024790838,27534.2408524117,67578.0061107674,143924.691206297,106870.679835915,59716.3591839333,40709.611410808,27710.9193134177,68695.8995483293,142664.272055544,106350.759388582,59638.5232542417,40738.9196709641,27804.5042178668,69582.395591484,141390.648854105,105883.863218621,59639.5840238585,40825.7171684969,27922.9599314616,70443.1080110725,139882.364962988,105231.072804216,59576.4294894152,40885.2874302228,28026.9059859898,71201.5325314893,138310.690208319,104520.568351688,59486.9333616085,40941.3568396952,28138.4729937619,71958.4661395252,136712.867819501,103775.653279123,59375.6224926411,40987.8177500025,28250.7633772281,72733.5844108639,135038.856422965,102958.685376397,59216.6837882448,41002.2942864964,28344.2648148682,73488.6283968952
621,371442.719568344,84468.9836386077,17937.4822843978,7761.61607468147,3551.08301610713,18927.8055689843,351024.538922189,79029.5418189703,17243.1078591142,7644.79307387744,3531.6609850887,18709.9028434207,349869.51605772,79381.0069043896,15490.7306534863,6887.81738049991,3300.62662391194,18801.6980042332,349560.852445326,80370.4572419263,15551.0146983937,6604.98877417844,3055.47713883446,18809.6884751495,349243.967023974,81120.4469483842,15788.4353122488,6660.68707698633,3020.69995772949,18899.4275950784,348615.099805696,81799.8427100361,16008.4065826682,6753.36829831428,3048.85168269285,19076.0909767105,347921.585276294,82423.1026867404,16219.9636290428,6847.94012439792,3087.35056175495,19289.8913851166,347167.283436875,83023.1015583485,16424.0333429824,6940.03717133756,3126.47241482971,19512.1170992496,346885.834569842,83617.8594127771,16621.9261164471,7029.94296402973,3164.99600542284,19743.7592189731,346377.226298108,84234.5385940471,16813.5458372763,7115.1079766456,3201.08220290188,19967.2963891161,345616.96071449,84809.7865239984,17013.5682239982,7204.15486324098,3238.23129717838,20182.8348183846,344585.038378119,85335.773349703,17209.2288010012,7294.04072789147,3276.61741119702,20390.4057629542,343424.175652022,85819.6545749583,17401.9818795094,7383.83920890618,3315.60944646214,20592.0754362031,342732.1282923,86293.2055432256,17585.2290781247,7470.92368997071,3354.12936631902,20800.0907365224,341702.900990767,86783.6894347309,17759.4510355107,7551.42002132346,3389.33733720901,20995.8563204263,340303.527488443,87214.9822375646,17943.089316993,7636.26290233486,3425.64464633352,21180.0813518498,338641.89876224,87583.1401825129,18120.4616620669,7721.94672374713,3463.45196317316,21356.1303426042,336854.740273451,87906.6597982328,18291.8827861912,7806.13570388236,3501.36757572371,21525.5462155135,335610.710944589,88225.4959274655,18453.4566894739,7887.17488779395,3538.49988461699,21703.2531248,334072.407596963,88566.8653129395,18604.0024187353,7960.179671906,3571.5152460521,21867.9450733193,332274.116700274,88854.9397429816,18764.3651587268,8037.48761110807,3605.44734772103,22022.6038395308,330105.472268515,89081.812387694,18918.1284967127,8115.15816397219,3640.59357606496,22165.4262568648,327754.744563045,89248.3015086934,19067.6842358847,8192.74416339347,3676.52474006229,22300.2132538817,325834.725068041,89400.9305417136,19206.7409192145,8267.46597253684,3712.12117405592,22441.4050964596,323764.476788643,89569.9847336347,19332.1651365863,8333.47849968706,3743.53367797117,22572.4832256912,321258.79174182,89686.3282555516,19463.5920794207,8401.1290450805,3774.54815003228,22687.413111098,318515.18571811,89728.6065091247,19592.4528679641,8471.48888338623,3807.69202865455,22793.119107895,316070.70530005,89745.1434806633,19715.6202773493,8541.45984757516,3841.96320029253,22901.0676676792,315166.504353231,89861.3195090315,19825.0645600377,8605.47067464813,3874.413057533,23043.6951142717,314274.759500453,90111.8807522535,19919.2130690291,8652.78570063734,3897.14483903553,23174.8675332307,313212.441941863,90344.647660856,20042.0931964447,8710.07983889312,3921.27913462703,23295.3392652849,311877.633683686,90528.3430468921,20164.8438823999,8772.93905078867,3949.53842357617,23406.7084129839,310249.384592338,90655.3148947492,20283.633747493,8836.60399043788,3979.76262454005,23508.7974530497,308483.860462663,90732.5997312245,20395.6673047897,8899.40555223818,4010.76171913088,23605.1439954604,306593.180870882,90775.5313560468,20498.5384011084,8958.75440356666,4040.86466244181,23694.7517617281,304570.922445964,90784.9710124997,20595.5041800261,9015.4840942172,4069.88135821535,23776.6802845189
622,372033.974560209,78986.1345720099,17203.0022248564,7440.86537496819,3377.27437668933,15590.3102579382,356996.979292833,75408.2110434674,16654.9777026326,7347.83530763104,3360.87699464747,15541.6616731089,356143.175059933,75546.0314548006,14783.8608778414,6573.51720545173,3131.27371696921,15606.8625627979,355690.122850008,76399.2583441806,14770.7624083187,6231.16839549029,2860.85885109597,15562.8798510479,355227.169368174,76999.4012453704,14956.7948299108,6259.24132005456,2811.04920325021,15597.9729229447,354470.105192517,77537.8261788126,15126.5044191178,6327.01591722725,2827.50731327955,15723.4525327568,353608.343291508,78017.2951075105,15288.1208439731,6396.69568793467,2854.46454316463,15885.8810776372,352691.090004568,78469.7248102242,15441.1198904269,6463.61587831056,2881.92364807233,16057.3800168267,352236.811802529,78909.7059464391,15588.1243393788,6528.10053261305,2908.56929606331,16235.7089971354,351590.084256588,79381.8386194052,15729.3606940521,6588.4863455121,2933.13316539963,16408.6345266998,350695.943329352,79815.464821752,15879.3105781516,6652.40212816851,2958.5244959152,16575.0183549447,349530.573410303,80199.0100988548,16024.2199042636,6716.79428143924,2984.89416321453,16734.7013182096,348185.602371825,80538.0692404169,16164.6507957653,6780.21901608775,3011.39094709245,16888.3962357312,347327.173923287,80852.4168029178,16295.6843565514,6840.88289820197,3037.24838707417,17046.0430206744,346159.770101301,81201.6507271264,16418.3218534074,6895.60864866784,3060.22441543232,17195.0078225091,344630.49931347,81493.5993934824,16550.3524059741,6954.16833960984,3083.95659526983,17334.6067135595,342826.832956728,81720.5333767456,16675.5234181897,7013.01547637524,3108.79275296408,17466.7810569044,340854.405469178,81900.5290717285,16792.7582071967,7069.49920571167,3133.26982652835,17592.4429040502,339436.943315187,82060.2704061012,16900.4042706662,7122.69825308542,3156.73671618775,17723.2278346325,337758.852288865,82264.9004203676,16998.6396770348,7169.1071521202,3176.8088324101,17845.225786087,335832.037503078,82418.182239647,17107.5154305432,7219.65268017921,3197.61406674241,17958.9856731486,333532.378781946,82514.6334702437,17209.331283537,7270.24404860435,3219.40000048869,18063.19234552,331019.48724186,82547.6740841684,17305.6327538235,7319.85038280071,3241.41417421684,18159.7788445867,328913.442116733,82553.4066199529,17391.1457888824,7366.29304811681,3262.77959972725,18259.3737549024,326740.437137819,82591.8656813936,17465.0481952439,7405.53073856154,3280.77585698748,18353.238583124,324109.1657442,82593.3121367345,17545.7096417882,7446.16910031307,3298.23250219106,18433.9775825841,321234.240182172,82514.580941346,17624.4320892369,7489.44087153728,3317.53270271107,18506.5231830281,318564.036019481,82402.5110853418,17693.9871436366,7530.83577336773,3337.22727265081,18578.1889614348,317452.26690289,82357.7475750209,17752.2465268158,7567.31821801003,3355.35835635662,18675.3327971586,316477.727196527,82498.2792974493,17802.0678422328,7591.93118252272,3366.58025643891,18769.7053057785,315355.758279008,82637.5478096275,17885.0321192834,7627.62924177758,3379.74157992883,18856.866671689,313954.212704784,82733.1167137923,17969.6378973585,7669.66419223387,3397.26012255106,18937.3781322627,312272.214086423,82773.820266442,18049.8405775073,7712.29642480341,3416.5810015431,19011.0811179426,310423.76558675,82763.8153883233,18122.421218541,7753.29059715196,3436.15887371612,19079.0323150618,308459.714734693,82719.5207027646,18186.2735833437,7791.03600064612,3454.80533313848,19141.4873607754,306361.928989682,82645.5314436951,18243.9570150708,7825.97025481716,3472.25182384052,19197.4560915797
623,201892.34914429,125155.474982979,59438.1935027428,36167.7027863637,21812.2366316536,35378.3206424441,180687.318497533,115621.364460286,53490.3718239477,32587.97142326,19722.4573362602,32269.4619827507,178044.622118188,114706.288145855,52615.1675654629,32432.5372882714,19827.0911956925,32777.957979565,177924.32465187,116493.427240629,53362.1959750483,32639.2775082861,20050.4056105258,33936.7574326082,174566.818667477,115102.099668501,53252.2330888934,32543.9459925256,19917.409324566,34091.1731885845,174611.310571814,116574.376807378,54503.1080534122,33428.4828175466,20486.7444613739,35232.9715119065,171621.10609844,115203.335080641,54450.0828208796,33588.9701368707,20666.8724135691,35723.0690358975,170995.358965138,115969.265368173,55290.9114857679,34289.653687175,21214.1610928244,36971.7665282556,168912.466186444,115105.850032852,55399.4634079567,34538.4153183349,21475.8953084976,37802.2833793079,168153.204696582,115539.936839047,56000.0141654731,35079.0708159251,21924.9198149172,39025.084812134,166187.584136581,114914.161191468,56155.362233879,35326.265595291,22175.8205721179,39913.4738411766,164854.448213029,114915.63897945,56601.6172486193,35762.924027292,22548.6895946943,41027.4398497817,162864.60341341,114305.825426992,56785.7779799586,36042.3671752229,22823.9992911564,41974.3663260549,161595.809397457,114116.705655343,57147.3327942242,36441.3146216189,23182.8596382129,43100.7395312817,160028.855923255,113720.911110505,57349.1883180909,36732.4727621748,23473.8342288589,44131.5640486621,158273.182194712,113271.584461497,57541.3700096843,37001.6058671358,23744.2506495712,45135.9276070674,156405.181276422,112726.691636167,57724.2237089441,37274.2989190383,24015.9902247843,46142.6267883748,154354.79990984,112026.587155198,57833.8701102976,37511.4399674524,24271.8879663947,47132.221709023,152768.301482447,111469.860000771,58002.770008819,37793.6417391793,24563.513849789,48222.7618571118,151117.271673603,110924.008190156,58093.127821663,38016.7575890791,24818.7248079105,49279.421463219,149239.638627885,110235.317156249,58130.4588542505,38184.6394808122,25028.0959924282,50258.5783460113,147268.331984292,109518.02570951,58177.2725124115,38365.4129890231,25243.253293979,51244.0197468455,145052.927938076,108591.485559244,58137.9135869415,38499.517018117,25432.3971701748,52181.6028657835,143193.620717737,107774.038891631,58146.9619153915,38676.1136068991,25657.3036554696,53218.2985034111,141393.69295081,107006.363425649,58108.5187433323,38816.845212905,25862.3951609068,54254.1679129607,139254.661471874,106059.679982812,57974.0549483075,38873.0718933951,26003.2123465966,55176.2417706508,137049.984485246,105057.910450006,57854.3511146322,38942.1541251368,26147.9000209905,56103.2304756155,134878.602359623,103987.189063557,57701.6465722378,39003.6993631566,26293.6641422928,57040.404924253,133692.114520667,103285.962191598,57687.0538383525,39162.8383371418,26512.4806294992,58173.2293287958,132827.9822664,102932.191461879,57672.2393440724,39290.987109475,26705.7602244467,59293.9584706315,131629.304703399,102377.374524771,57564.2209149465,39299.5164681632,26787.0546012092,60143.073625579,130474.28162117,101936.281412254,57566.6271013401,39384.5226139671,26903.9264459519,60989.8756494565,129089.564722388,101296.12199053,57501.1187246785,39439.2311021202,27002.8719735895,61732.9638851219,127629.8082249,100594.709083262,57405.292674791,39487.9219092114,27107.6586789948,62470.4352841918,126153.816697348,99865.5560027409,57294.3730770177,39531.6884978052,27216.198382765,63231.6276350541,124604.173703943,99062.3794007391,57134.0030133915,39542.8935124077,27305.8559629116,63975.485667902
624,350683.556009473,85017.3937813317,18615.5703934289,8132.7958702428,3743.09339837603,19218.1624472346,322095.795362295,71279.4797537832,16699.5469987719,7638.07461204991,3584.98073526994,18552.3129089093,318743.997324986,70117.5779989571,13133.6820201295,6107.24756139363,3090.53605396062,18426.7976565361,317528.927574161,70883.4958914342,12690.1922387805,5405.00788907814,2600.9901647047,18226.6972294276,316660.401391762,71406.0982540994,12794.8054598382,5329.76293523235,2461.42147012274,18173.7101852217,315606.185021062,71837.1762274869,12924.9966843095,5365.50415883298,2449.28709947099,18277.5070124696,314537.54926437,72216.2881950169,13048.2454897573,5414.31771923847,2463.51453884947,18454.8358777296,313470.605056109,72571.5757371016,13164.8626553605,5462.18652116546,2481.23879427011,18654.7291182914,312876.563657888,72945.9190076088,13277.1270046528,5508.61469529096,2499.03186318266,18869.3209774045,312116.455240045,73343.5320309861,13389.8003933102,5553.36395336167,2515.6683643155,19079.2426789678,311122.019556515,73702.5054766043,13507.7544542468,5601.07000860864,2533.23210276185,19282.2664946911,309903.399659814,74017.4066631866,13621.6943777581,5648.97872187607,2551.50310926331,19478.565980819,308571.826422606,74289.8889281468,13731.2720109489,5695.75904948709,2569.69364295411,19668.7540309246,307750.197506567,74577.2460038754,13834.065138663,5740.49521138629,2587.49105705576,19867.4349672546,306623.909058007,74884.2349700775,13934.9988896379,5781.89641654282,2603.2609863567,20055.1530449625,305174.02670022,75132.4032352899,14041.6000240301,5826.58726544162,2619.95306925587,20232.6964166463,303525.633397289,75331.138943658,14142.0318213842,5871.02852187454,2637.34590078073,20403.7944319141,301742.314689424,75483.91224696,14236.6176605141,5913.42456579355,2654.21809015077,20567.2942672783,300543.893680628,75657.4274698822,14324.2982400805,5953.68750410575,2670.59200408629,20741.7340767439,299051.573603481,75853.9769457099,14408.7551024128,5989.57508448287,2684.36396090702,20903.419826456,297364.168019226,76001.6954838989,14500.0672159266,6029.24524670376,2699.19172392724,21057.2630392217,295353.097342478,76100.2407938854,14585.5236567674,6068.4862742314,2714.56352269787,21200.5885012536,293204.563829316,76143.0424003365,14666.4814361649,6106.92104846424,2730.0294991174,21336.5412370146,291489.207963962,76193.432192902,14739.5541977397,6142.94625265386,2745.03434296796,21479.9004866296,289644.82459123,76265.9162931364,14806.9884861679,6174.15407905921,2757.45554686544,21614.1791115546,287407.346747346,76288.1258028466,14879.3036037313,6207.28705448457,2769.95927157859,21733.7773913002,285002.76341526,76249.9610740185,14948.5633497598,6241.91861628295,2783.80909005011,21846.3692747408,282860.499967226,76186.0143775528,15011.0594491501,6274.77921363197,2797.66525386387,21959.1626078092,282185.389396654,76252.6277512697,15066.5607836003,6304.39023266204,2810.65305560314,22107.6626915083,281466.64454406,76433.9329944023,15120.6850466985,6325.84728182411,2818.19773100449,22242.4388610156,280603.889172936,76595.6584224594,15197.1701771884,6356.84163571788,2828.3049856048,22368.3286009545,279476.115887457,76716.8373492495,15273.4106036347,6391.81412491743,2841.54699658844,22485.0862603045,278124.770630955,76788.9751096389,15346.5550740614,6427.44428998458,2856.23520671044,22594.1539276063,276634.683835839,76821.5972052709,15413.6302166508,6461.7281080588,2871.12668360076,22696.9487692015,275073.444139148,76828.3260878343,15474.6216276012,6493.76185085809,2885.39274658882,22794.8008250682,273395.048345125,76810.0457404296,15530.7755015479,6523.54615417948,2898.67475978718,22885.2910757171
625,241683.702459148,124409.041152089,48163.8788792265,26567.7620032896,14532.378526211,20983.7659783485,202456.30807992,101536.5325199,39224.6963288949,21742.4312366244,11911.481486837,17331.1133452142,228405.806142737,121989.782420725,45721.3189479837,25459.0793610052,14178.4450937518,20932.9153036661,205711.835011966,106770.383690014,40603.2205095598,22393.6375815917,12394.8955432137,18677.6842263985,223080.384256311,121440.526005752,46168.9397345476,25449.483675731,14068.4608657203,21206.2971920399,206943.176212799,110477.168860065,42934.0493604916,23782.5911591503,13137.8158774373,19781.043238117,218496.084298437,120812.236560801,47045.1428816271,26213.4538115915,14586.4586724079,21964.1059789649,206720.682875438,112955.513369919,44771.5183154382,25082.5208387052,14008.9308496795,21216.0112037068,214995.455430788,120595.163659844,47941.7607552103,27009.3456637677,15192.3332956474,23142.6005782416,206256.732528913,114917.509201709,46328.0272873318,26222.1445567585,14806.3602788251,22745.0792190344,211670.54644375,120554.679620502,48796.4045494517,27751.3728757272,15761.4966042554,24378.4792331519,204683.67399347,116318.822967261,47712.6809982464,27258.0116506931,15539.1702928028,24225.3623604283,208017.142345295,120383.992075177,49661.3565898813,28515.831722964,16347.8375739157,25659.9265901602,202943.8131717,117367.155627448,48998.7816376206,28270.6969686654,16276.7658162855,25758.7139027347,204920.217251972,120292.112170377,50474.4850238503,29261.5085324685,16938.2672667437,27012.801484999,200469.247168273,118011.259317332,50056.8976648959,29138.5754300529,16933.4025975723,27228.0428345845,201068.717307837,119975.661226921,51244.1525661366,29972.6540952989,17503.2630793383,28350.0764860879,197182.813260267,118135.315082204,51009.0790703654,29974.2279536501,17580.7541485141,28704.7296466452,197506.616082457,119580.331534861,51995.3199271166,30709.4564289642,18105.3489759275,29798.8683824698,194304.965908575,118161.399574452,51830.5683450124,30745.221498252,18207.7413536384,30235.1205689076,193730.419215261,119063.937215046,52583.7077551221,31325.0971567313,18634.6659441197,31201.5367601333,190572.916905474,117826.933484813,52530.6052801921,31426.3867512051,18771.3474603045,31691.8741704591,189223.39255716,118148.150108669,53095.3235429821,31913.8549900258,19150.5182937054,32590.8815577876,186720.291261832,117210.424518948,53159.0938565598,32103.2833934321,19352.4674119739,33219.9124222383,185229.981976852,117233.83345574,53533.5315358622,32478.3489851342,19672.1338122866,34071.5718937845,182548.466042108,116351.136701248,53568.5539997272,32630.6826448221,19847.6299270658,34688.1699612039,180439.741128223,116004.566441618,53846.1098099892,32944.0086958226,20123.8098750715,35474.4326977571,178033.890039986,115139.90017174,53923.0122186144,33143.3538997846,20335.5439799825,36164.4072174679,177281.040689795,115115.823135143,54265.5317311817,33512.3176835805,20659.3157744613,37085.8218308426,175960.558832373,114673.682710619,54289.9266808051,33644.2153379357,20826.5088693077,37758.8946663721,174993.597245943,114671.070903605,54523.856548589,33872.0775727865,21030.4530215516,38469.4801898431,173496.910514821,114257.254439161,54632.5328486306,34026.5017785547,21179.6570978342,39033.4533965183,172063.192301878,113969.675626895,54807.245121017,34237.7526090201,21370.5015250263,39644.6646543903,170384.27649179,113457.23401324,54901.4580539741,34406.9586634157,21541.4619184614,40221.4672410133,168735.793351306,112983.359284377,55001.7480156959,34586.8964891081,21725.1940598815,40836.8752923642,166951.263405812,112391.198959585,55048.9477268523,34733.2773842806,21890.0746536354,41437.6179813952
626,338436.134303767,100239.169341155,21988.2746054065,9453.55086710488,4184.67857795223,13929.3320347602,307558.392733759,90136.6871890415,20153.5568400483,8854.25183681077,3963.2735318424,13284.2114159772,308099.113339104,90497.6288151792,18465.7740072258,8174.62494491337,3774.8053146572,13425.6705819941,308551.80267688,92020.4581940857,18425.1742340622,7784.07763063718,3486.24543164142,13377.4936709506,308457.800019083,92970.9708286167,18736.8784588326,7839.0680592948,3427.13146713982,13364.3175037243,307975.236902773,93761.4902830657,19024.1082352035,7962.52514586509,3462.89624264121,13458.3501111214,307422.200502332,94492.6523616543,19299.5625785963,8091.82762486389,3517.77464491139,13610.0005171233,306782.110640881,95184.9654759039,19565.5706330606,8218.63316479873,3574.760425188,13779.0424599336,306664.154700641,95918.5446156509,19834.0448282348,8347.09988060231,3633.13545372422,13962.6333227951,306289.849135074,96621.0696035017,20082.6813398875,8465.25980770376,3686.85033905907,14136.9455944387,305665.064853515,97280.3395192581,20339.4552889469,8586.56119992571,3741.2180284862,14305.8384247135,304809.039971295,97881.6395554831,20593.5737791913,8710.12675886976,3797.57106352944,14470.8338328771,303817.411135728,98436.0279255625,20844.1342273357,8834.06927741703,3855.09993632242,14633.0550980252,303360.122752512,99033.8646028978,21097.3654231018,8960.58364375699,3914.55326683527,14805.1859466532,302486.027319135,99573.9670777175,21322.4978548347,9072.76370266177,3967.56000905718,14961.773460487,301309.674137753,100061.942289203,21559.9778543672,9189.82446998065,4021.79056257364,15112.0161466912,299901.204438582,100481.157306829,21792.6254728699,9309.31540808804,4078.45095846977,15258.3496881907,298355.949162722,100849.515910138,22019.1402347678,9427.96923674805,4135.90894490632,15401.4923128779,297401.738258263,101269.11397047,22248.8978195678,9549.3129945204,4195.29422727203,15555.8834679979,296083.432151441,101634.529071829,22446.8781738474,9654.07241773362,4247.08173214808,15693.8761698113,294562.120424471,101961.612582642,22657.85903519,9763.43873993241,4299.71393089837,15826.3725724357,292696.360992882,102206.274945054,22860.0928222067,9873.11270168311,4353.70778033149,15951.090796027,290647.313060195,102390.648426187,23060.1429968302,9984.19222083727,4409.52592139068,16072.3666729369,289031.934306365,102597.077182238,23259.900331546,10097.5507144278,4467.56938294164,16202.3533543764,287272.41295831,102772.525525959,23431.3318719226,10196.2667457925,4519.16562672458,16321.6267913875,285080.194270516,102879.611245994,23602.5590498765,10292.7388031409,4568.47550871176,16427.5060643491,282710.495773571,102919.573899744,23777.7294176603,10395.2808889126,4621.39156168511,16530.2627882826,280502.536582376,102939.764211478,23949.2324284953,10499.4480167448,4676.84244007135,16635.509183434,279824.646355927,103155.012987714,24132.7169993012,10609.0587668984,4735.601853448,16772.2688244165,279039.853225248,103391.449395176,24257.5413330549,10682.6815715431,4776.19714105319,16885.9681205368,278124.934671724,103646.324049178,24414.8662829352,10763.3101549821,4815.37243951188,16990.5068821329,276957.70553647,103834.179729149,24573.6269164964,10850.8078975452,4858.72608670786,17088.3717245111,275545.813089667,103961.055642656,24728.4547839526,10940.0411467008,4904.93293631698,17182.5259166073,273991.663836409,104033.409543057,24876.6708531921,11029.0462190749,4952.52575663501,17274.3792985693,272330.653091539,104064.380934635,25015.7746325773,11115.1805201816,4999.76625556276,17362.9470598515,270561.238747043,104055.384776432,25146.4270888077,11197.9879568593,5045.88361055375,17446.8952096997
627,320634.077666918,116530.062117958,35170.6984460261,17168.6148797733,8403.64756810379,20480.5332813939,299323.82552227,107797.586882239,32148.6606166113,15819.2186243041,7773.16713458141,19322.2306273436,298524.635560714,109045.711592932,30546.2500654961,15151.1522005626,7608.09677321519,19487.7046485962,297971.564691972,110837.321986872,30787.8337804145,14817.7209375151,7312.43650298574,19443.2883518703,296700.610547871,111823.18948141,31396.6059024981,15022.8745341853,7295.92684302387,19395.042565262,295290.783381278,112666.576504851,31969.0608571804,15347.6677931532,7441.09937159886,19528.0691644843,293831.31216435,113408.060010635,32502.9537184053,15674.5573805697,7622.47745395455,19779.5562346943,292275.856586021,114080.125229048,33007.0110752475,15988.9665542689,7805.6888998683,20078.5238438603,291252.722100338,114788.300152932,33512.9728417238,16305.2897892098,7991.6173001737,20413.5526209572,289997.321088533,115460.417421328,33976.9622590935,16597.1570041435,8165.47958864795,20737.4417161038,288509.787990268,116073.923167987,34448.1331219153,16889.8789090977,8337.82624388163,21053.9944905609,286794.699546974,116604.41397352,34910.12198484,17184.6070249189,8513.14253395512,21367.1180518961,284896.018848772,117057.262095622,35361.3327069625,17478.3243921023,8690.76607934862,21678.6741726891,283558.883464976,117552.725459182,35821.2576475387,17781.482947611,8875.93912895905,22015.8454958023,281875.440970364,117990.932547293,36226.8218409154,18053.4757883143,9046.1943193037,22330.7175526572,279840.829928279,118345.749127221,36640.6409562289,18326.3923153709,9214.54106621033,22633.0286837623,277580.580217656,118602.017754473,37046.319876182,18604.2525188996,9388.05737029432,22933.7711042753,275180.099153001,118777.675693784,37435.934614715,18879.5059319341,9564.07497527549,23235.3695207503,273373.609815464,119012.417367504,37834.7056302408,19163.8397796555,9747.65536625846,23566.1698280947,271275.344808048,119192.735706041,38174.2459086501,19412.7085528205,9913.39294407887,23872.2153662438,268961.285483969,119314.329075991,38524.0141966852,19662.2504997799,10076.3982024165,24167.5924742652,266285.50504296,119314.395402827,38853.2035522879,19908.699458128,10239.7820913697,24450.8280704774,263439.96150289,119222.659968592,39173.1059457513,20156.4619983291,10407.3529468324,24735.3360647035,261065.184223009,119165.395272531,39497.6488572612,20413.2870860344,10583.5918641247,25048.0279343548,258574.414384364,119077.17976705,39769.3923757124,20638.7647522347,10744.6833310963,25345.3797192203,255665.782099139,118890.761144651,40027.0781943028,20850.3937949432,10895.3596231793,25617.7939358578,252574.113335921,118606.039022372,40285.1794603212,21069.718347868,11051.2442790318,25887.9731660209,249664.069349713,118279.983062595,40534.2547010948,21292.3998488814,11213.6152713424,26170.5398680937,248370.316341605,118262.048713873,40833.2981110003,21544.5292690173,11395.1414567537,26531.4670603265,247056.838727215,118302.859218769,41028.1839368446,21719.5835909184,11531.4829293047,26839.2715859382,245639.719165903,118370.888637335,41261.1782385449,21892.5259750905,11653.301884252,27112.772574381,243957.596628012,118340.023741193,41489.3114680923,22070.2219841352,11775.5957944338,27359.7187863572,242023.05972766,118219.697963507,41704.5357473568,22248.5670737427,11902.0141656555,27598.1814919256,239966.253412314,118028.812700422,41907.9684358915,22426.9549962542,12032.3332233603,27839.894345209,237812.416029094,117781.277776049,42091.5138358576,22598.3817991128,12161.9998954803,28083.2320043,235561.277085117,117482.278946678,42257.8495922542,22761.5617162121,12288.6893306658,28324.7329122655
628,282654.078684377,68738.7366674203,15196.5514259319,6666.74762231696,3127.09305439769,19966.199982882,264525.408076159,61656.4683933498,13852.0077834372,6273.20579810682,2985.98004980333,19275.9602860073,264874.108701673,62543.2667987077,12256.475760598,5451.01682556389,2699.59701334489,19474.9802760399,265442.667908983,63510.1467600984,12274.8999505863,5178.42794243777,2460.3793553681,19567.5450746116,265723.237319832,64240.8445889774,12479.4842282918,5211.44592553013,2416.68982037151,19724.4683246753,265764.602533006,64896.4345643043,12682.4801523193,5291.86349332924,2437.56356844402,19962.5074061409,265763.63057614,65518.9166025958,12880.1111751311,5377.60770390991,2471.32397140568,20239.6382885939,265811.798332504,66122.0183235284,13074.6547113629,5463.099186844,2506.93142108869,20528.2129732915,266217.708808087,66743.7862214298,13265.0091340419,5547.44195671799,2542.57881293926,20829.2053911099,266400.682219906,67367.8855815532,13453.6202755066,5629.22603762141,2576.56491828438,21116.6896354126,266414.860698093,67964.0870757288,13648.9561387457,5714.97603075757,2612.04293895137,21397.4670003667,266250.092531829,68530.3370069162,13843.5499312099,5802.46026990899,2648.94204644662,21671.5278448455,266053.403203731,69065.2655449356,14037.6636140043,5890.94900422223,2686.80009433888,21941.484937344,266231.646282303,69618.4526207361,14226.7149375523,5978.50578361999,2724.93462646639,22222.9172567696,266047.417436992,70157.7476336434,14409.363218149,6060.99815457598,2760.248372948,22482.4387762345,265621.358917924,70656.8833068293,14600.1473279568,6148.19213250542,2797.27931528662,22732.5802213441,265016.310774083,71118.7666143645,14789.2865586629,6237.43718867198,2836.10641457768,22976.5207431277,264379.578314103,71545.3377260308,14976.3493927075,6326.99865161598,2875.68715189512,23215.6753764779,264171.243500374,71999.5183802742,15158.4330194484,6415.57763748225,2915.51211534803,23470.0355041984,263602.179890739,72429.7997122686,15329.5070747511,6496.53001621106,2951.23347927679,23697.5998549387,262853.212115712,72828.5830650914,15509.4143557696,6582.37137616938,2988.66239381722,23917.7861047366,261816.090955176,73180.9902797065,15686.4086979488,6669.515043549,3027.49106012299,24125.085466635,260724.152246029,73494.1473223767,15863.9639183698,6758.78415982847,3068.01650525861,24328.1857509502,259978.194053893,73826.3421468159,16036.6527131331,6847.56899095535,3109.25655926192,24544.1856824787,258972.14064023,74134.4810828186,16195.3335797796,6927.92055909244,3146.3143846713,24737.646233852,257623.666206831,74394.2221747946,16358.5544327387,7010.30361876132,3183.61723353003,24912.6255695706,256139.63315341,74615.3149264602,16524.2684154637,7097.19206487163,3223.83133641129,25082.9059705431,255011.59746998,74824.9728858866,16689.6099961523,7185.94830219382,3266.04064579027,25262.0318161709,255093.403914989,75171.8341791645,16848.5016064517,7271.88245000104,3307.9449662619,25490.9786725744,254803.429566438,75490.4558784992,16971.442486579,7333.04759047485,3336.45443075275,25668.7843542006,254399.548171002,75811.9975526833,17116.8192382667,7402.63621555033,3366.63784968226,25839.5843207926,253753.113742221,76088.1785548499,17262.9074533679,7476.70496180105,3400.04288821462,25997.1011501909,252925.570675526,76327.7567553104,17408.5238213813,7553.21771752818,3435.99555834057,26147.0486195378,251986.026597426,76537.7235636323,17551.3545376583,7630.38005170859,3473.32659619458,26291.6419763529,250961.969424202,76722.0654214041,17689.7692125375,7706.51058837568,3510.83728987977,26430.2321140769,249825.1059571,76878.5913805546,17823.0354876961,7780.80023797328,3547.80684304298,26560.1138455279
629,267910.477851482,139456.079623475,54816.6774161217,30428.1620965559,16793.8391140316,25053.3078686445,242500.709487917,132211.311614687,51677.7761566488,28786.081603169,15962.8016739593,24005.8355707428,242976.334966101,132655.214117273,52029.2570157258,29404.6525130291,16489.9337632619,24936.2104719548,240758.628207891,133444.587892124,52417.6334139812,29498.8488265307,16670.979618965,25789.0046061047,239370.447661194,133829.426784699,52987.975826939,29850.6771927846,16836.9049138949,26272.4481653699,237805.01538525,134581.186716884,53949.6483784077,30498.9506325293,17245.8737489611,27026.3171361484,235880.273952255,134539.08508436,54446.4268667967,30969.5363545281,17588.5237228448,27643.0235753464,234286.180103336,135079.288837958,55254.6933219755,31585.81235334,18038.9323336493,28535.4805012371,232640.913004648,135034.847302061,55740.9976719653,32046.3149389672,18396.5240142945,29298.2850247476,231425.929561658,135558.919202815,56450.1448970922,32607.7019764811,18819.3203009619,30228.2217421976,229524.587144512,135476.063760822,56879.3558447842,33011.2006049321,19139.5945527724,30984.8433052861,227869.344350221,135758.007534256,57522.0797772125,33531.2164223152,19531.6787238959,31876.3686946946,225620.967843624,135501.96663978,57929.7296903796,33935.5092273321,19857.7116130069,32653.1228597371,224163.434114818,135657.747309072,58529.0553268403,34451.0608773994,20258.2023903061,33584.0455658394,222301.074399846,135490.781672205,58905.9557754935,34840.9128817224,20585.5638889864,34412.4299326694,220317.828645691,135434.373839219,59359.3912769482,35254.2215168453,20922.7748876684,35274.1344062171,217976.0229573,135071.454622626,59722.0926800231,35628.5581045532,21235.2903221606,36087.6143840405,215597.348447381,134727.873620698,60101.9377380509,36023.4570911464,21569.1302984141,36951.9402061388,213565.251349779,134327.393077411,60451.7364817311,36409.2729422217,21903.0521842216,37839.9013078439,211594.180493261,134048.198259528,60771.6317113029,36771.9261984959,22226.9726645238,38745.8547340479,209259.849954801,133544.986079164,61008.1245635521,37065.5858559622,22500.4982592787,39573.6353569459,206823.839898406,133047.689371322,61278.4350262197,37386.4530759927,22789.6597947259,40427.5394326584,204021.652979148,132276.646867558,61448.5176826593,37657.8513877254,23053.3888492307,41239.204904063,201684.000657702,131640.469493103,61682.2647876476,37978.8407977518,23355.7574223209,42143.8736049163,199368.300262273,130973.631712098,61826.1551395414,38244.4961335084,23628.7167740451,43030.5090308304,196712.885885995,130204.42128957,61913.2457220176,38454.5545555216,23861.1095077793,43862.9610305916,193856.458625926,129297.654084929,61990.5696672151,38661.4518727965,24087.0918102162,44680.2275321212,191037.786740026,128321.979497746,62046.6226295215,38871.6783158871,24322.1540325271,45520.6876283078,189461.160028635,127689.255675941,62212.3287887087,39157.8333457434,24613.0183808741,46500.4930547357,188336.803755533,127405.168163754,62332.9883696387,39390.3759327182,24868.1948091731,47460.988081484,186850.964836663,126969.619835525,62375.1259245213,39513.0843500761,25024.9516514221,48221.2585903258,185394.759122099,126639.59614435,62528.7147865826,39705.2959252858,25209.1777209032,48972.1296106315,183573.535555898,126041.684268712,62588.073210311,39854.9410911117,25369.3525555278,49627.4777250242,181726.602659482,125445.532129818,62661.1615342353,40025.8320501492,25552.3436114857,50318.1534759427,179758.607261708,124725.953771497,62678.0957801345,40168.8709169124,25724.2101712458,51001.2672488397,177743.560981513,123974.201559498,62669.4181972957,40297.4714193012,25891.1432782234,51698.498863029
630,369557.384957532,76832.8846383507,16578.3155586673,7325.60753334874,3500.67414492609,25898.5305876526,354864.404855955,74537.1726978925,16175.2686710539,7273.95656138502,3497.2887098384,25809.4498669308,353963.434178231,75322.9412381625,14972.7161026463,6729.04689782098,3328.63335864104,26012.9139207762,353572.019114559,76172.9914616878,15155.9882284985,6570.52185912419,3158.83802605919,26165.2348619128,353118.499999574,76823.2581701521,15381.466268795,6646.27714654147,3150.95191062167,26384.7074775249,352366.297033615,77425.4740021285,15579.8069710633,6732.95554873177,3181.40692425697,26662.5247756031,351515.349789978,77977.1273827586,15770.597203984,6817.82701225832,3215.99615223425,26959.9598007034,350625.833165977,78507.8332226914,15955.0358169431,6900.30433990425,3250.28025577666,27258.9485587589,350200.131430912,79029.4369867795,16133.8944316785,6980.76820365379,3283.93182519244,27567.4223556066,349577.915219479,79577.2551516868,16305.9621014835,7056.52698303652,3315.16301873489,27865.4225660901,348702.307622277,80089.6993432301,16487.083410073,7135.94894543447,3347.21017884099,28151.2672983582,347550.058414315,80554.6214960082,16664.409128284,7216.50104569247,3380.5185193197,28424.580800497,346272.162697874,80981.3912429213,16839.0535538379,7297.08772358902,3414.50702734432,28688.951091147,345459.830910947,81390.5521046998,17004.7464542631,7375.24834795256,3448.20664863356,28961.8016213938,344329.143688254,81823.3603852339,17161.0122309757,7446.85920230746,3478.66253204937,29219.0962129188,342835.421189175,82204.0067595405,17327.1246127932,7522.54182041772,3509.9378395131,29459.8166861799,341072.176196586,82523.5779123463,17487.612573765,7599.23511641288,3542.65461405237,29687.3850265582,339183.763066979,82803.0625870379,17642.482102819,7674.63722532063,3575.56908531932,29905.023072445,337832.09525749,83068.2314391505,17787.9720532611,7747.13800235363,3607.8612824872,30133.7899794261,336211.107798894,83364.8592152959,17922.284337193,7811.80226095801,3636.18720455878,30346.903839682,334329.809271327,83613.53465115,18067.0739307166,7880.54144340717,3665.15562647887,30545.3453890366,332080.348428162,83805.919776065,18205.8767521841,7949.91029763399,3695.33319927962,30726.2144925353,329650.072240599,83942.9658758526,18340.988963072,8019.32019347789,3726.31537690677,30894.7675153371,327643.751196687,84058.5950033706,18466.0305545211,8086.12125793245,3757.11174093407,31071.3966496905,325513.063966833,84196.3789081388,18577.3775144584,8144.4647215718,3783.91898050287,31236.3968945979,322938.503442679,84292.2694999447,18695.4771764835,8204.27482301193,3810.08722253928,31378.5722454119,320139.47557189,84315.8713585606,18812.239820232,8267.23401189328,3838.42531589069,31506.7926028306,317619.579823411,84316.9435553747,18923.180941822,8329.85655399486,3867.97696081846,31636.7843191153,316617.466834259,84387.9567504295,19020.941168685,8387.11744628867,3896.16044353623,31815.0744275312,315689.447606924,84606.6483584684,19103.2148046883,8428.48823596764,3915.33166595756,31985.5728674925,314602.331258656,84817.9942884975,19215.1572625127,8479.38071038911,3935.51676743888,32142.3597296163,313229.908647137,84984.2607086405,19328.6869809865,8536.57936126001,3959.99676145177,32284.3801348405,311583.733891608,85097.896281293,19438.729900991,8595.0739572908,3986.77979778178,32412.5679260579,309782.404193935,85164.4079922172,19541.9034373423,8652.54268617632,4014.34382698979,32530.7030246167,307854.763296968,85197.5012590481,19636.905243965,8707.02899099014,4041.2345880571,32638.9626268309,305806.460913362,85199.7943325994,19725.7434650509,8758.87337093902,4067.08648936686,32737.0111726483
631,279571.496112463,98423.2492346776,20268.2066343501,8349.96885499263,3474.30928557039,4361.05986533679,255007.200641688,90776.6970469538,19284.1980470678,8159.49946210569,3442.3033162989,4283.08925082992,258540.453410859,92443.9238227072,18235.7473210069,7603.87329974039,3274.77364328487,4346.94825704037,259983.784507394,94001.5993669519,18466.3940415879,7451.16769240406,3091.34191742506,4212.42679355609,260733.587265058,95175.4037765347,18842.1336084737,7576.01083234677,3091.3927383103,4142.64408257137,261209.26910272,96242.6326658807,19204.0423514791,7739.58900822738,3153.08544082615,4165.76543742251,261624.31323011,97257.8921641159,19556.841292563,7906.15612316106,3226.42846798742,4232.29726511103,261986.672113272,98232.1861370644,19903.0704113031,8071.11535107087,3301.1375597287,4313.17337396299,262659.81882962,99225.0289228558,20243.2317838032,8234.62778334506,3375.89574612882,4399.58385623729,263100.648987955,100200.130839323,20574.3422005766,8391.93984364896,3447.64710075414,4483.6762520217,263341.091217428,101123.094788073,20912.8893638841,8554.04155622994,3521.4028691084,4568.13646365543,263383.388391908,101992.74849455,21249.094477664,8718.57052112782,3597.53057213432,4654.23560450136,263341.975829923,102806.338496013,21583.4463033633,8884.54940799506,3675.35192684638,4742.01321714776,263646.035073854,103650.894796555,21911.3978929189,9049.72659227128,3753.81511885532,4832.61379260854,263598.389504103,104450.654036362,22223.556592063,9204.88566012127,3827.44876117809,4917.89218052109,263276.027572226,105181.356711993,22545.1296512162,9366.14633851259,3903.6099588421,5003.25058345519,262748.49907504,105847.58094875,22863.7181001171,9530.70066087466,3982.96267810878,5091.0338875895,262131.750666453,106448.170386789,23177.50872852,9695.67492465371,4063.85333865503,5180.73988435028,261933.543504366,107098.308076903,23486.431629948,9860.39567048215,4145.6710664796,5274.19999809091,261387.9009952,107689.932422782,23771.0423512569,10010.4367383251,4220.39980102777,5360.28587336187,260655.300237435,108230.931995564,24066.626817964,10166.6791113921,4297.40287496541,5446.38272585562,259612.601554552,108686.760187764,24354.8699660091,10323.8053045731,4376.44162945446,5533.21801214809,258424.668156756,109066.664014755,24641.2992873936,10483.5462666904,4458.17580719177,5622.79037270477,257610.325996172,109488.509773906,24925.4157872713,10645.2636888325,4542.33848570354,5717.7427005504,256548.170063468,109856.00305893,25179.9806183929,10790.4149355248,4618.89645802262,5805.88244314078,255120.332733477,110136.925019664,25437.0376726193,10936.435266061,4695.0495344216,5891.01769587063,253528.66194054,110349.966937728,25696.6298283722,11089.0903825104,4775.8782438954,5979.56577565174,252172.099084255,110529.047777368,25951.9111387251,11243.3362677647,4859.45106424774,6072.69733433516,252068.135847848,110961.03945011,26210.9372692407,11398.7556748373,4944.34764102448,6174.77482670442,251679.099015635,111337.13810005,26403.40944241,11509.9308560098,5005.74674182631,6253.73051382729,251182.851181823,111720.402955348,26627.0481451776,11630.5651186733,5067.33588623253,6327.31585950755,250435.224686738,112023.651340022,26848.1060745218,11755.7981810394,5132.49398824052,6400.69708345124,249481.739639582,112261.125344348,27065.9788274052,11883.4809187175,5200.84617712235,6477.38667801083,248409.849135827,112449.211774951,27278.9639045779,12012.067710023,5271.24072609357,6557.36994251951,247241.410611343,112591.674814157,27482.8325035162,12138.1709430162,5341.59596107651,6638.55085637765,245950.133057857,112687.651184119,27677.3386234161,12260.8454797551,5410.98068089364,6719.35855614962
632,339130.947085476,97273.733993494,24652.6999388006,11105.0550512819,5058.98975385715,13199.3228805297,320466.836283068,94114.5233086047,24284.9899005695,11100.6766222377,5088.04444070509,13042.0291798578,318731.83246595,94628.812752523,23028.1861679378,10625.1359402901,5000.51569435151,13181.0958170817,318216.284492067,95925.529328767,23312.4299719819,10453.3589747398,4815.06673912619,13168.1154494754,317536.962383282,96848.4983417319,23759.0003513365,10628.4173731296,4832.93872808472,13182.6430758636,316518.77758173,97651.8609516522,24158.3278259585,10838.7642780753,4926.082833261,13296.2417425926,315381.331594226,98382.4650412914,24541.3432895124,11047.9796594364,5032.0954810996,13463.3391607529,314216.983732626,99076.1814862936,24912.8328906711,11253.4987905956,5139.22672458954,13649.2406439598,313532.489959214,99775.6187286898,25278.5083754296,11457.2031487142,5246.39037702361,13848.1444636026,312612.31529291,100477.629980356,25623.5216778527,11648.3346472892,5347.46219852314,14039.3514815114,311464.44189113,101128.4280178,25978.8124849314,11843.5317579641,5449.29999301615,14225.7544916355,310051.011291147,101712.901803638,26327.1030688746,12040.396352443,5553.61592912591,14409.0430248153,308485.47308538,102242.039040816,26671.1321691565,12238.1326310589,5660.03864565661,14591.4329004752,307421.475977932,102772.188358043,27010.4612236634,12436.8531730173,5768.58380978297,14784.2937001651,306030.497973199,103295.922640611,27321.5716684129,12618.8823869828,5869.35569946747,14965.3426688407,304274.134114695,103746.153294018,27643.3106659559,12804.7562932192,5970.4402930557,15138.2560913027,302268.352638348,104114.064826449,27958.5796388028,12994.208717115,6075.3778169399,15309.2169769961,300116.813968788,104421.714961128,28263.6760191242,13182.3643976048,6182.012910672,15479.6661373693,298529.983604359,104742.955583693,28565.9045003041,13371.7413841995,6290.81060887802,15662.8211429302,296668.535555368,105060.672546676,28835.0582800868,13541.2267073983,6390.00024201444,15832.6880122273,294562.092634961,105317.056408276,29115.1997452789,13713.7624093082,6488.65458443348,15995.0316702893,292097.593553082,105486.301255646,29384.012615783,13886.7042931868,6589.34791882138,16151.1068805792,289446.03572447,105578.301996512,29646.4296520523,14060.6668333426,6692.7605296302,16306.4155849486,287243.819130198,105672.078174694,29904.0676432392,14236.4412279208,6799.36060677986,16474.2340684009,284915.009032557,105763.209799864,30129.1016326212,14393.111907872,6897.07647061021,16632.6641717263,282162.14724742,105780.196691527,30353.124746573,14545.7114397837,6990.73696991089,16776.9901187686,279173.925839135,105704.066885522,30575.6413044923,14703.8246173839,7088.49939485522,16918.3566007205,276427.726520521,105599.567210308,30793.4656963099,14865.0871936396,7190.93025163293,17067.886203185,275241.955897589,105672.854180818,31019.1612178832,15031.4069055579,7297.73157258581,17253.6896195977,274093.163275345,105862.278991287,31187.5198636272,15153.2133806434,7379.15344812528,17414.2602387231,272806.074409405,106046.722750817,31389.0022236295,15278.6756873896,7454.18164141298,17556.0174408546,271242.052636132,106158.976484511,31588.920163331,15410.7950694011,7533.03668267891,17687.4493733503,269418.827595916,106196.888035426,31781.1115608452,15544.2652159014,7615.44231806413,17816.2710746039,267447.860395348,106172.858415219,31963.5774769541,15677.043016768,7699.96817621749,17945.9523749535,265369.94660911,106101.802788765,32132.6741118872,15805.4590573994,7784.07714667387,18075.2476592022,263185.217898283,105988.20081138,32290.2833452897,15928.8779715248,7866.5141670152,18201.9944222281
633,160686.228888745,132937.566092203,75148.5036945959,51260.6569451389,34744.8243885906,78881.2931684103,140280.832938213,116661.2533732,63881.4678943578,43496.2060778264,29563.5427584171,68102.6387173352,137968.402077955,118265.102187724,64146.4562446545,43507.8161259238,29528.345720503,68126.1603284862,142003.594032716,122437.829684692,67922.514805679,45929.9423755592,31151.6076543135,72431.2609553045,135054.947276596,116336.408371638,64898.5453773478,44241.7799374419,30082.7899401199,70277.8296138369,136631.0784369,119548.292522,67047.7930602529,45813.3271731115,31282.9147424392,73612.5230607784,134413.080065767,117723.011582846,66922.3449591291,45941.1156537988,31470.6784535325,74685.8059431918,132315.725210363,116731.177755587,66673.7631814544,46039.574723646,31704.5936869693,75936.972231332,131947.975027408,117056.671839796,67427.1077011784,46732.5803479486,32324.8586811103,78299.1567867819,130227.250190666,115961.076850363,67242.4503463591,46820.5321672889,32524.59068047,79705.842067868,128935.653030523,115536.034995128,67381.9881055189,47092.1354852999,32847.4657866467,81454.4233205374,127616.827035814,114967.505240248,67552.0541613841,47382.8314673171,33170.0128611185,83217.6985901646,125916.008269349,114018.917978715,67462.8798582762,47515.9563238788,33391.1579885818,84730.394152738,124730.831785873,113444.830772333,67567.9733119896,47782.1412041397,33711.7367324487,86535.4894306958,123454.448011137,112809.340598602,67584.9627135756,47976.6759751653,33980.9216072534,88261.4641040485,121835.68095729,111909.886130987,67457.1037542487,48052.9332808208,34157.5830268315,89764.1962738466,120250.46990368,111050.35788487,67388.4193436505,48177.2744804139,34365.7851125953,91346.7595777002,118565.736662206,110040.381809151,67241.1129518659,48258.9499778673,34550.2607699778,92883.4038969305,117143.992450401,109124.175157648,67106.7751202405,48356.3215686414,34753.6992646352,94515.5293641612,115798.525295261,108346.56414767,66979.9303787611,48442.2905357819,34948.4817852313,96185.2849876466,114189.519180196,107335.709309677,66734.6491965036,48421.294386131,35052.875244652,97626.3721539505,112493.160131062,106279.802538943,66481.85278342,48400.5211807523,35152.8821480318,99040.1797551252,110724.149264812,105117.158278984,66190.5721961954,48361.9377914301,35244.3330077936,100431.057501163,109134.082659605,103989.317242214,65891.7531505196,48329.3297419375,35348.5644223394,101890.712614335,107658.975016403,102997.749449151,65604.0068329217,48293.4813057927,35453.0746820784,103411.105693899,105928.665153114,101817.344103241,65205.7109655914,48154.1458461052,35470.6434608556,104709.376266444,104066.951613143,100508.667629988,64761.7342217767,47983.8299976674,35458.8853322814,105909.879450064,102341.875093001,99229.3638960378,64343.2620977122,47845.4217831015,35475.9145255059,107199.541526117,101337.680988636,98339.8310424097,64079.7682681119,47826.3087954276,35588.7725134231,108827.307219041,100655.466364941,97865.5057048242,63903.0624050287,47828.4414524099,35708.9394635395,110544.807195332,99701.3663613329,97187.9334183241,63621.5551720465,47693.2072001944,35689.3404796046,111791.288376309,98662.6817261187,96495.1091040809,63380.5545609955,47588.5305499159,35671.3026384908,112896.726453287,97594.1520408014,95775.8388144721,63176.5260476355,47530.1662728116,35690.2688332041,113993.147268076,96406.5160699781,94905.0719249639,62883.0763520542,47425.9784655505,35687.7546500275,114964.177723609,95182.0182570027,93999.1472187871,62551.7527261004,47299.7902686451,35679.5019053355,115923.902332528,93959.428162437,93085.0480606816,62212.3409469329,47165.9755081868,35668.9267864692,116912.226311552
634,301379.415259909,84605.7953000812,19635.4783772797,8575.75198920875,3847.19304755892,13321.9906076936,283259.959566551,80544.0433844842,18838.9479732505,8356.76106013793,3772.96550239214,13066.3872426038,282048.359915045,80957.2245392275,17517.1213691321,7769.33984900465,3605.71818603227,13149.4905813136,281651.016952095,81922.6649910454,17701.6629612565,7586.72179541735,3412.94767740862,13121.2903833136,281138.644728744,82659.9283075634,18016.5239142078,7696.7001284653,3408.93463155706,13150.5430951045,280364.822308094,83318.4429624389,18307.885025057,7838.36348182205,3465.11907713469,13266.278785785,279532.799919815,83923.3463623072,18590.0928266246,7981.61296226671,3531.88706305776,13422.9299044301,278674.767946902,84506.480952913,18865.340970283,8122.96249430704,3599.85056229267,13592.0530924686,278233.175342529,85095.647625298,19136.7191666133,8263.41675646688,3668.01677640475,13771.0691854326,277641.211960383,85711.2922322242,19399.2546615757,8397.6894096841,3733.20602569115,13945.1315653737,276843.34493263,86285.6132268763,19671.0211837106,8536.1481529347,3799.60140795125,14114.0377259665,275841.031693704,86812.8530986556,19940.0464245891,8676.99351663957,3868.33101652127,14279.5432330863,274712.552345492,87297.0884033109,20206.8585204025,8818.91933396296,3938.6789131549,14442.476614936,274012.631948465,87780.5772176693,20468.1128636801,8960.62790385995,4010.06493497961,14613.1700672096,273056.013107802,88282.453048818,20715.4415159882,9093.16631295766,4077.15338497464,14774.85613938,271794.564471125,88722.7266173972,20973.2249930657,9230.46631384703,4145.49034417629,14928.7654682498,270320.600409818,89101.0535178094,21226.8073497908,9370.72259523077,4216.84362047828,15079.4432965904,268729.375121034,89431.9290669162,21475.0599551687,9510.86453864896,4289.58614360144,15227.5511999295,267611.979421664,89768.1919602921,21716.9633289814,9650.2532312369,4363.12093214034,15385.0446388542,266270.45051151,90124.4114097749,21941.5043200447,9778.00967241022,4430.98808380265,15532.1969102151,264713.404918507,90424.6079828103,22176.2317835008,9909.95629302543,4499.5661466424,15672.1239561261,262862.459830447,90663.1901579141,22404.6168559181,10043.3900554753,4570.37831141577,15805.9471832508,260846.263121324,90837.9375733883,22629.7408913579,10178.1993729817,4643.28947617291,15936.4334700002,259189.696208183,91006.1896908797,22847.701246823,10312.814574543,4717.7341256368,16075.2785257093,257441.468084521,91188.2031932918,23046.3297430416,10435.6647765053,4786.78842696181,16206.9584307428,255319.951184431,91311.2839650667,23247.8669748421,10557.9854342097,4854.25303046762,16325.7440601584,253008.488173722,91359.0521456755,23449.618151485,10685.4733612529,4925.4239429601,16440.8481339231,250901.064837967,91376.4951040262,23645.417296097,10813.9327395114,4999.24188444998,16559.8593199403,250116.11082473,91518.8051347434,23834.2612676656,10939.8614580775,5073.16952633218,16709.2796415799,249331.793761977,91779.9938031976,23986.9919063138,11035.336800408,5129.78281995236,16840.2684228262,248406.492387795,92018.2813517424,24167.2324990238,11136.9302536323,5184.03546740524,16957.7488964568,247246.429989246,92204.5444274896,24346.5388862624,11244.3420468675,5242.3802302741,17068.1960965923,245863.134695652,92330.5812997328,24521.8209194505,11353.3843337818,5303.56077443783,17174.8497770666,244352.557942319,92407.0439362761,24690.460720667,11462.3937854102,5366.45631415029,17280.121453012,242748.192331913,92447.3388840472,24850.0809015689,11568.6938324058,5429.23609209083,17383.2233749985,241041.15779374,92452.0797385154,25002.0317060014,11671.9187362839,5491.07916166327,17482.3851050221
635,295571.290796503,137017.846950411,39092.3474597545,18598.187208214,8813.73401487136,13565.8248539652,266580.042181621,123513.927720807,35136.7342482494,16856.5239194983,8015.38169511569,12481.7823589597,265898.335536443,124174.972192764,33401.9870223146,16241.4451039894,7931.59592130522,12710.1911585953,265265.686815752,126045.202587764,33536.9013924207,15822.6175645053,7600.91868929753,12615.4873802033,264032.204042688,126962.536940649,34161.0920867129,16012.9376891409,7562.85442347046,12484.1527410755,262680.023222252,127721.891565957,34750.4974858584,16345.5985481916,7707.67235634974,12541.9262560894,261305.302561689,128371.447412548,35295.821952316,16681.4430591642,7893.53768195876,12729.68954539,259833.965755951,128942.22330243,35805.336077663,17001.8029898481,8080.6493288091,12971.5311879716,258847.146618639,129568.805953491,36317.5606465735,17323.8515972121,8270.10473435753,13243.7871000922,257681.828589706,130173.336952656,36790.4643969015,17622.0646619291,8447.69282177858,13511.2264510765,256324.834626431,130702.735877097,37269.5863372669,17921.3534551295,8623.87844515049,13775.7017723765,254746.438734708,131133.818993397,37735.4585164892,18220.6772609405,8802.33505469762,14040.4412678493,252989.706329053,131468.584416637,38187.2394464004,18517.8505676031,8982.58477154273,14307.9326040272,251713.933953315,131859.023896729,38646.8495121036,18823.6681707538,9169.85562267369,14592.55452596,250199.699861354,132213.518981645,39057.4214861544,19100.7046605369,9343.3973218051,14864.8215027763,248371.048467656,132458.942755764,39471.998657067,19376.9884384528,9514.2154416106,15129.5330892798,246313.504130996,132582.943893466,39874.4204260544,19656.1963353983,9689.3577172418,15395.8561516213,244093.009458764,132607.902314659,40255.4731362887,19931.0692267216,9866.32129817063,15666.6393725652,242424.353453995,132712.143540732,40648.7372927893,20216.0241248624,10051.1712404192,15958.4152749366,240540.439997307,132787.149419497,40984.6808733414,20466.162961842,10218.6250876327,16234.3667565272,238459.423986371,132774.95455452,41330.1257005706,20716.419900208,10382.7244433512,16502.2774310098,236069.830534134,132634.12145178,41650.6851931531,20962.5534875383,10547.2598413516,16766.0178567065,233491.23144705,132374.763319549,41956.8028438749,21207.0421786067,10714.3819626571,17033.6300671655,231305.946106036,132157.363853953,42265.7944341971,21459.728364443,10889.6022923987,17321.6329538696,229084.313730719,131938.624969528,42529.7196345107,21684.6867134739,11051.5387798074,17601.6175069493,226490.220187598,131597.106976996,42775.5398488177,21894.1460002437,11202.2990944173,17864.1787365561,223710.174408088,131133.669453582,43016.1502426666,22108.8745137279,11357.2571519966,18127.2596308035,221034.629418898,130617.339895922,43241.2241562975,22323.8290861702,11517.1610255243,18401.1456636887,219773.632336648,130461.714436375,43520.0379079621,22568.4665827058,11695.5561947735,18723.6385641426,218611.076189819,130449.910309285,43715.0684344384,22745.3559419014,11833.4407177139,19005.8515408796,217347.610038402,130431.931258352,43944.7869916786,22918.4736970057,11955.5429635809,19253.3344749807,215858.586708065,130315.833228324,44166.9586346982,23095.832479704,12078.5836479831,19482.3659739853,214135.367828579,130089.758766172,44373.2192442724,23271.9234496443,12204.5947807591,19707.9229507956,212286.668871482,129780.266409811,44564.088077038,23446.5586217708,12333.7379453615,19939.2636389341,210341.865719288,129404.77523121,44733.7914436022,23613.7038583468,12461.9614649219,20174.8116398357,208329.455635578,128977.726696159,44886.3218284551,23773.2081183669,12587.7052302771,20412.4913107122
636,310222.741058653,126257.208625514,41388.306023816,20970.8624914324,10657.083883987,28330.9663890747,282888.079335513,115352.74303457,37677.2230537443,19237.8014569926,9827.20374782547,26657.0474235641,288067.912524413,118069.502906175,37050.0391773677,19211.7597383927,9996.71630258518,27344.4506028947,285074.705554966,118895.660665266,36839.3729235216,18643.9825753092,9655.11074812526,27297.1442018446,284342.418286981,120209.05326474,37628.4208956745,18929.9186355581,9666.00826396201,27404.8012423669,282882.826403046,121003.703343809,38309.4299502369,19333.3319059157,9853.91051621602,27625.5581761975,281426.693165684,121724.623572042,38943.2822339197,19750.8783548658,10099.289430416,27998.1678208582,279889.36431789,122361.495246537,39535.3736827495,20150.133469201,10348.0684921044,28437.9272369032,278836.782364182,123042.321361368,40130.8866036739,20550.9314737144,10600.2295467054,28929.9556815357,277521.174057784,123638.414933542,40660.8447330984,20914.7144196244,10833.5644967764,29405.9171828667,276068.390822902,124221.71369691,41204.9161036196,21279.8614887018,11064.7526654184,29875.8108692912,274315.584008514,124675.784375039,41729.1365452401,21641.7267684316,11295.7777003627,30333.4331467897,272457.227988851,125076.109190488,42247.8381510884,22006.9579878697,11532.2829878812,30794.60455642,271053.846877904,125498.882127987,42773.317218287,22381.6643199572,11777.5736130504,31287.0682284687,269318.682031041,125832.035688251,43223.7370054308,22714.6142392487,12002.622450875,31750.9058959374,267335.167431505,126123.582918699,43687.8129164983,23047.8551033392,12224.5870256539,32200.1002922897,265063.580527156,126273.550313844,44134.4310759488,23381.6079664043,12449.0601420395,32639.4466877503,262669.510931459,126353.319686216,44565.5692043713,23715.2094904989,12678.4727770414,33082.6416079438,260799.923666837,126476.911596609,45008.1735902832,24060.3033885819,12918.1504822758,33565.3141946998,258678.363386428,126529.139418807,45371.2771538297,24359.2824576375,13134.5710521309,34018.8794714979,256388.342387351,126550.686491321,45745.4286505909,24654.7943243165,13344.7388231536,34455.7137762802,253739.263347729,126422.151867805,46093.0766820279,24943.785137862,13552.4839453009,34872.0483541389,250927.735685485,126208.178401931,46427.9961790819,25234.0907448323,13765.3756149065,35288.6881567197,248501.0286794,126008.546333811,46769.1292760037,25535.2607428661,13989.1927344087,35741.6163820016,246007.532765977,125770.230032122,47045.178034485,25799.4732834395,14195.4198423352,36180.629449069,243153.948059591,125450.208372767,47297.9152989569,26040.4811623118,14385.0294443189,36583.9653101442,240082.20320866,125012.640526131,47549.1102239151,26286.4944276053,14577.140711795,36976.8320066295,237172.300114128,124541.547165105,47794.8575835747,26541.1215610334,14779.7552999919,37389.8554167573,235714.920053711,124364.767246651,48102.0499343429,26833.9346020048,15008.8194286751,37908.6725376288,234366.713479629,124277.754643359,48292.1095214719,27040.8273063715,15186.8171804443,38378.0236538697,232965.554919446,124259.294683662,48517.0702767476,27232.2543411075,15338.286416325,38787.3839729906,231275.12138243,124124.592620346,48741.2316774382,27427.8471656484,15485.8505052282,39152.7114955344,229373.515849943,123903.945552067,48951.7086305937,27626.6235805853,15639.1409909331,39498.6248999782,227331.409390837,123597.076346645,49145.8507844172,27823.8624201657,15796.9150683562,39846.3918023932,225184.739427338,123225.299637759,49313.6553582764,28011.7975866142,15953.6700780052,40194.3640229564,222961.498231317,122799.937222951,49461.7749839934,28189.8204483577,16107.0490860139,40542.9801680736
637,180466.96714333,128763.453883398,73180.4546417505,49478.8654054093,33235.8062063807,71516.8614045928,173833.155527149,128486.586844614,69453.7960089811,47044.5922872391,31747.9013949977,69151.6064468497,157231.673973176,116006.105725722,62675.1356649893,42280.9339711285,28498.3814587691,62433.2002695254,169323.613410856,129296.634877035,70128.6112226531,47112.986826972,31794.6221782797,70318.2596092879,158008.53959988,118953.841352274,65769.6826933125,44366.0210168954,29896.9818463584,66464.0993337171,160997.149373558,123888.94521051,68473.960288563,46426.9223124096,31448.8812422885,70351.0418231129,158162.585442299,121722.704666115,68367.2670292721,46529.1304759798,31610.8608840692,71293.5934815001,155572.223792123,120621.015483135,68068.0341701331,46625.6042667328,31853.8067392896,72522.3342179135,155395.364460104,121293.460185452,69035.6020990601,47472.3962678534,32585.2614429913,75068.7338507786,153132.845483555,119932.186055791,68748.629325263,47502.2628297508,32750.2600605683,76374.7144859232,151840.231115244,119769.347135067,69043.0265011302,47889.7920296354,33160.4672662197,78308.6932929131,150210.374949697,119143.624671339,69216.6045003586,48189.0858750757,33491.1135390222,80066.2659115112,148171.689802198,118203.842991698,69156.2584241448,48351.5237904779,33737.4291373813,81624.1536992365,146835.160567732,117692.068097023,69345.2619711553,48685.2226998892,34109.0566020724,83528.5932360888,145349.053986563,117064.932464001,69388.5771398154,48914.0967043435,34409.1552954526,85310.5616994938,143461.716316788,116192.250410202,69291.6588243115,49018.983201187,34612.6098324325,86878.6262945463,141638.762606639,115380.35860094,69280.3370739481,49189.8660520221,34856.9091299184,88545.2727325747,139620.480533621,114367.081480239,69160.2493450385,49300.5672046597,35065.9445021575,90134.2910363319,137935.198663406,113426.930413329,69058.9064829232,49431.5821565728,35298.3162930752,91828.3666209965,136413.685893152,112710.515431733,68989.9542272427,49575.3766017756,35542.1673918498,93616.879586638,134496.087219871,111663.145423308,68747.0372119132,49564.4899972614,35661.0123331643,95104.3454851179,132541.892044181,110642.757741527,68537.4495336715,49583.4437614792,35794.9753691631,96618.3548466091,130442.716688916,109479.3137532,68275.2525876037,49574.3225607878,35912.2949189859,98086.5691641946,128548.272213073,108307.923203557,67993.9278997322,49565.3967013264,36038.9239158643,99610.469540459,126868.121036763,107347.55971361,67750.9210491518,49577.6439975387,36186.4394366136,101255.249386798,124832.588361085,106154.049029813,67363.0260454783,49456.3780838461,36225.1011685948,102634.342692503,122643.922938681,104825.631446897,66933.4370975887,49304.2394937944,36232.3254203532,103914.599999263,120579.068267158,103540.620173932,66541.1006514793,49195.0124652197,36276.0030320742,105299.422869065,119345.734877062,102563.567734541,66283.5573863919,49192.4119767131,36406.8304731284,106984.134084304,118601.307243588,102128.461413314,66142.1686934731,49242.6279399417,36573.6741374372,108848.034228939,117462.14649265,101418.143839241,65846.0938532884,49102.6443394739,36559.8828944107,110152.698953636,116249.900063414,100723.133126348,65612.2254949452,49006.8405438797,36552.4595827104,111329.74724047,115020.386520149,100027.842140699,65438.4181889382,48974.5146729017,36593.0881544538,112518.454387184,113606.984455338,99127.5480369027,65148.6997620947,48878.9707325636,36599.6611785916,113537.133984856,112169.676387351,98207.5655844569,64829.0835916838,48769.998299115,36608.5721295051,114567.270862895,110752.35921695,97295.1308804738,64511.0152432348,48660.722765916,36621.544002599,115648.506306598
638,242033.146264323,127541.609835561,54207.7978018931,31338.4566865347,17975.1174046183,28110.400301864,211528.759806795,112095.14400251,46291.4242564879,26740.7082368389,15356.8051277594,24271.8181414169,220538.998576027,120694.497192246,48524.4803758055,28129.2291509887,16294.0545143429,26024.1194976636,212808.539013605,116865.939047458,47351.4996457185,27120.5120771087,15631.4690227717,25328.8092834321,214758.614153609,120129.773295924,49031.9381478577,28078.0542877338,16116.9893473771,26121.6056272267,211149.174517514,118856.959187634,49186.2364381619,28290.167818235,16253.0827683995,26264.2068127983,210581.567300436,119948.777698808,50080.9756020246,28971.3500961672,16729.0793203452,27059.1871361631,208215.778455286,119527.256192144,50433.3362910944,29329.7336585388,17022.3647470489,27666.9399275972,207332.136610764,120041.987621239,51084.8655615902,29864.3374489095,17425.8716828927,28522.936754583,205646.697368133,119983.854965611,51481.9975081935,30237.1097563232,17729.5524380793,29257.5610594947,204157.233131077,120167.879721212,51980.040846652,30661.9266358644,18059.9370668534,30048.0871402179,202276.167412093,120067.385377983,52393.5191054443,31043.3749747533,18364.3461518467,30798.5019327585,200411.062794922,119969.756032211,52811.9438592932,31436.540443834,18681.418441777,31579.5844500674,198979.061602863,119937.794799929,53246.7057014356,31846.172362055,19013.2213825347,32406.8936277634,197246.673221793,119810.161486962,53579.6310660327,32186.8068554964,19305.0007304686,33189.700732747,195290.805915843,119602.727637543,53914.5753502597,32519.1155735223,19585.8082915178,33958.4801554298,193163.264509719,119272.625525176,54224.9130346856,32848.6270977256,19867.2305820371,34727.9758720458,190926.961331178,118835.208915339,54493.6820071486,33162.692082735,20146.1555217003,35506.1415219888,189238.280314231,118547.450577623,54808.7724121339,33511.2905321717,20451.7373576173,36357.5563975988,187267.507882262,118149.571649348,55006.9348098752,33778.0579128417,20707.8168881438,37149.2989212786,185182.673021452,117718.440808068,55218.4174052771,34040.4639505149,20953.6447411225,37928.1695206673,182842.820652575,117142.002101667,55387.2568181103,34285.4094075961,21189.0894512901,38684.9901154517,180359.850220818,116446.506972259,55519.8367596736,34517.3130124525,21421.9513455038,39444.3882156713,178302.697505555,115855.534434165,55687.7867162587,34780.7200010663,21681.1253643501,40275.7507475492,176136.509548559,115212.804560892,55766.6704537594,34981.5775858397,21903.7102926911,41070.9768341778,173671.670865064,114461.33755615,55805.809089686,35142.9541266874,22094.6972000986,41818.6804472172,171088.399857323,113610.266537739,55839.2476813235,35307.6193505187,22286.2828249535,42564.4322818021,168660.990240657,112720.493833571,55855.2278187852,35474.3394777224,22486.1103048408,43336.5470167472,167513.031651931,112292.945661147,56015.9028606289,35736.301611372,22752.6932793698,44273.1435820633,166348.250170799,111941.232567918,56047.3688821459,35880.48993023,22937.1347089333,45086.1525584591,165061.953616503,111600.506852894,56108.6475422953,36000.9431542493,23079.9097506761,45792.2965567919,163645.510235397,111209.531074553,56194.5028496433,36142.1093279638,23225.3886406905,46444.2906616682,162006.046041455,110671.937116618,56234.4912728982,36268.6642214875,23366.2732842556,47049.420991973,160309.743031876,110087.987717336,56261.5797232786,36397.7893863988,23516.7294449926,47669.2328455569,158540.953286797,109432.689585613,56251.6243163986,36508.470418016,23661.1249684779,48292.8003412259,156714.095554358,108731.409194292,56211.6642529481,36600.7369938887,23796.4944235356,48919.7255515009
639,329711.52236369,118859.09244804,36526.7583605563,17985.2780744233,8897.5837398937,25098.5267476344,303065.219191581,107142.293632674,32328.6882983837,16042.8427551476,7976.58068404398,23319.3633304591,306385.280235739,109836.318683302,31103.0751275498,15511.2473595077,7846.96570561854,23677.5651510671,305850.837527515,111639.888304061,31260.6163376203,15103.1284127307,7514.8660917625,23605.3567377963,304572.44518045,112639.019422874,31872.6909087432,15297.9778508316,7482.49069873353,23565.7467689942,303374.190846623,113567.466894081,32470.1994152988,15631.9217708867,7627.50576038761,23729.9872022464,302039.632930058,114366.071708608,33022.9487209618,15967.0794765738,7811.27814958711,24014.6927178359,300666.010580849,115102.659370566,33548.4742119103,16292.5349541747,7999.24292058283,24352.8882555294,299809.378844827,115883.027643724,34074.2743549283,16618.7342826067,8189.67902632613,24730.9959541503,298594.084976994,116577.840186349,34548.1282003402,16915.5051046997,8365.43541818786,25088.8735773905,297227.854700421,117246.697790386,35036.8605009629,17217.3562954254,8541.94314107863,25443.1474539765,295555.53727735,117814.500266042,35511.226038657,17518.2930815086,8719.93212965808,25787.2227471656,293808.896742257,118331.661039037,35984.408243458,17823.438902841,8902.86585174559,26134.11447688,292559.797756644,118883.772393723,36460.4111931315,18134.8044924747,9091.88702792978,26505.8336119163,290874.658765505,119336.00938748,36874.6891597884,18411.5354691235,9264.11426427886,26846.9180405384,288894.204120044,119737.188366465,37303.676244134,18692.7497785638,9436.45793564032,27176.9066766359,286678.132036655,120033.088589949,37723.847658447,18978.2572149171,9613.55287794401,27501.8498174113,284330.095196403,120258.106168517,38130.0972010114,19262.5007595431,9793.89154261625,27826.8376300261,282588.500326427,120545.223950407,38547.5254941495,19556.7265528433,9982.26853620763,28185.1621629699,280456.330989999,120732.860150356,38892.7077150593,19809.4232705162,10149.8831745659,28509.0359214872,278165.509850908,120897.518279234,39257.0186495888,20067.0226359799,10316.9244881593,28825.0114120996,275496.425224564,120925.743207429,39597.7935736,20319.9391276784,10483.4248535773,29123.2142955521,272684.741835758,120882.75014417,39932.9067201564,20576.1077113282,10655.1681761068,29422.7389153411,270331.494761705,120870.37855086,40274.1074857669,20841.6404782039,10835.583790738,29751.9679832266,267782.22946967,120787.722111568,40551.2688033318,21070.9994954429,10998.5974742084,30058.6415032809,264861.88244171,120634.722095513,40821.26583714,21289.9475533337,11153.1343900303,30340.9740649504,261728.80828361,120376.242245534,41090.0409168061,21515.3453779838,11312.0782628483,30616.2787449227,258884.346688248,120110.738192929,41361.9676403148,21751.0065197371,11481.2224374998,30912.6217132759,257604.350504791,120128.478071247,41674.5724870797,22010.7374572902,11666.7954664801,31292.8523530173,256226.381912821,120152.045126631,41869.0405605517,22187.1067084139,11804.0159166173,31613.616677685,254821.895964638,120254.57721339,42112.7148173532,22366.410744773,11929.4388145243,31904.9551207269,253097.928211833,120229.435731048,42345.9702683216,22546.9580588325,12053.0629505573,32161.6106641561,251154.791287941,120134.976818813,42571.5720548645,22731.5959792341,12182.7791170673,32410.2386896544,249065.125332054,119961.410654768,42782.9515311793,22914.7823936726,12315.6629770645,32658.2290451164,246873.866070001,119730.867691899,42975.3114209657,23091.7073257819,12448.3289986132,32906.488723663,244584.461373815,119447.650839878,43149.6610079345,23260.2820076528,12578.1329995193,33151.6602041696
640,171755.88667957,150405.9352773,78894.0705291435,51512.6563881454,33486.686471344,63316.6438686235,135975.111220415,130366.775333472,70199.5492820597,46000.3669469523,30045.8876891875,57304.1662242786,132731.156997736,125125.623199418,70704.9571299176,47599.3089944782,31517.556532027,60905.0716261147,139046.509783074,131722.274189989,74636.6207356745,51056.3472334683,34594.7996382934,69332.0922528731,130421.220219874,122740.134023209,69308.2204420354,47632.6865593101,32590.5499047628,67907.8650185487,133528.922699195,127905.004086586,72488.3744187467,49752.0136589371,34148.2304179027,73388.602985138,130518.363478919,124829.000268689,71618.754949967,49336.7687117038,33904.3247889049,74379.9144607827,128712.981815601,124077.828558924,71475.496946054,49470.3897772009,34142.8664949136,76147.6702619344,128404.635108551,124393.191037234,72322.4045880187,50236.3815454252,34800.5172708531,78807.4373601714,126526.426124064,122943.814408607,71914.6073346278,50192.3313639637,34917.4621642625,80201.7062457074,125482.022315112,122698.214132324,72192.9976858743,50563.5823539607,35318.751485941,82268.9678141225,124100.326558402,121910.939411692,72274.206670891,50810.1685591676,35618.0794373343,84077.3058103453,122414.311275414,120870.42195067,72145.447032234,50929.6930055937,35841.6308000242,85701.9949339438,121226.405818006,120172.972727343,72236.0404675948,51199.9833532703,36175.5272192247,87627.3309227996,120039.183520205,119498.165903676,72243.2341265399,51411.2914156609,36470.9231554999,89506.8930616437,118467.298444243,118505.319431608,72074.9216492059,51468.3764016207,36646.1461715066,91115.7903276417,116942.462518577,117564.152037387,71984.1555898187,51588.5093776458,36860.3441716653,92814.3340550822,115296.420586322,116473.680223519,71810.7080117571,51665.5010858275,37051.4271869528,94466.9746673267,113788.379911602,115338.717772995,71588.0371164695,51713.1526493215,37229.5849822161,96129.436345054,112551.162982599,114547.751825772,71473.5481354209,51829.7235021124,37459.9838588969,97988.8866562442,111022.623703713,113457.497073611,71191.3636645063,51794.4835265368,37566.8014442515,99555.4670585729,109370.123734405,112305.898665709,70887.9105916717,51745.8355995259,37655.9540143174,101061.25751311,107639.119498848,111054.798813519,70565.2413645407,51693.4222441438,37744.8086751232,102560.354775538,106004.767441302,109737.988162496,70187.0732545579,51616.3629203334,37825.5540293201,104063.981179856,104615.290039294,108689.242107318,69880.1865921833,51586.1404926343,37946.9370840604,105742.290572599,102995.38628725,107467.287034337,69458.4811429876,51440.8374480221,37972.1124883444,107195.184617779,101165.355350882,106031.190164728,68943.3670069071,51224.1505344641,37933.9936422803,108458.782580919,99404.2239021677,104623.999750149,68463.3753037598,51049.0653044495,37930.7298780446,109816.22704288,98235.0160661696,103461.169677446,68081.3936256802,50956.019649317,37997.472698634,111415.724786967,97637.4501741437,102993.688088784,67913.5029413235,50990.8440531515,38157.5708975161,113359.575845179,96746.7329804688,102286.970936441,67606.4331498034,50842.018759622,38140.0411896557,114755.513763929,95720.8505335708,101504.89190979,67302.461455072,50691.4879708651,38092.2672130405,115907.130855602,94712.8648417346,100767.988136189,67092.2325895115,50629.4232599066,38110.7243545398,117115.086319257,93563.2705733043,99833.3783894571,66772.646581619,50510.4041781134,38099.6828256636,118158.854238683,92378.9483097201,98854.3592465377,66401.3551664237,50362.7327310734,38080.5769690395,119179.076973447,91197.0146101649,97887.856099504,66034.2905275162,50214.6459224646,38065.4625050983,120250.58170031
641,372620.109676654,89960.7520565583,17798.0850103867,7541.2264734492,3421.29164134332,18400.4252845402,343536.165223262,79048.5965734909,15992.4781750564,6957.5194165177,3206.80697314035,17808.598096892,345596.659011406,77785.9052017919,13776.8099712943,6168.69034831673,2989.20995365047,18027.2548672277,346769.659677092,79262.3681913664,13246.4421654542,5515.15535413531,2611.47152469807,18062.9402748148,347279.246205459,80178.0427547901,13388.5582693442,5439.72677902043,2478.69263053959,18119.9909559366,347262.510030958,80926.2199568997,13555.0102244457,5483.82953250924,2468.38978924654,18286.1045623541,347157.7894119,81608.5636158982,13717.6920414707,5544.26686063578,2486.35858330343,18515.6476842282,347036.158639128,82266.1296307347,13873.2680227513,5604.47250652412,2508.59252620232,18766.8096113048,347391.191669456,82940.0776226015,14027.1954715854,5664.09683748874,2531.25093780426,19030.9233999143,347438.588264726,83585.1353757615,14168.3776822999,5717.58017146966,2551.09248066642,19284.7704138492,347242.013598813,84200.5855949466,14317.3626055148,5773.89588781643,2571.54954407902,19533.066678105,346825.317168383,84767.9420092219,14463.011872073,5830.96408022392,2592.82519601641,19775.7770553184,346225.297624426,85298.7219453818,14604.8577494974,5887.13592975102,2614.12830137478,20013.0906481979,346202.587765151,85845.2607105422,14746.5659033643,5943.80916475863,2635.9794690118,20258.5595127554,345760.057616837,86358.4959562799,14869.3368579929,5991.65942631872,2653.9592371304,20488.4200154791,344957.030023597,86826.5299493735,15001.2373640943,6042.34564891553,2672.26741819174,20709.5124141327,343923.510955204,87239.2557885651,15130.1421188709,6094.40874168217,2691.74148103328,20924.6573778081,342719.186944449,87610.0736697854,15252.69818825,6144.75067000118,2711.00866698293,21134.0351214839,342149.122494587,87998.5324209336,15374.1974160097,6194.92871721871,2730.4614549137,21352.008573161,341222.772185853,88358.5933959487,15473.7807788102,6234.78946375687,2745.3230069189,21553.7530737115,340030.621157095,88688.7578003227,15585.4865650022,6278.13028248391,2760.56325683919,21747.5900379502,338508.231653218,88954.4800941601,15692.1509865355,6322.28487468045,2776.71983803768,21931.9784269955,336747.232653071,89167.3951717419,15794.3786850541,6365.63352519189,2793.06524328898,22108.9041410728,335468.39577383,89379.6375707546,15894.2616140317,6408.90001337248,2809.82170377775,22291.5716708285,334013.156093791,89569.0061043475,15972.5230093652,6442.33042260967,2822.40357623687,22461.4414593751,332136.395583894,89722.7368420499,16057.0141737918,6476.36179718534,2834.14325317018,22618.4196855496,330025.707051635,89812.0473507192,16142.2282870622,6513.32904059644,2847.45037196483,22767.569639309,328061.588722976,89883.0098333151,16223.440790923,6550.27952231692,2861.58227489978,22916.0366834232,327641.853011356,90036.3174030446,16301.2005003372,6585.86810490651,2875.6595114514,23088.2909926228,327209.547658459,90264.0804019013,16347.4378292638,6603.91980053438,2881.54422188792,23245.0609129468,326599.599118058,90519.370461861,16426.222163556,6630.94450976437,2888.67417062824,23393.9007348954,325705.624803313,90724.8465906346,16509.6968822112,6665.06066743971,2899.85161463118,23534.4480321118,324534.643300487,90880.0341695982,16591.2668190389,6700.76483460127,2913.11747664601,23667.6753166609,323225.801226432,90986.066811506,16667.1281555901,6735.67523563298,2926.95168660375,23795.1546958646,321791.97570065,91054.2351745658,16734.2222270852,6767.37434514455,2939.87383705379,23915.7205904181,320237.956249618,91089.5113970107,16795.5298190707,6796.50052242918,2951.6842001641,24029.1054728428
642,299782.683201992,115422.176246903,35807.8327426227,17806.6622435068,8984.09005491505,33318.3848909295,276863.085512957,112475.644203583,34977.6485318425,17478.6231189567,8836.77324809478,32208.2677529347,275207.799916874,112642.374365816,34858.191316885,17717.4736720769,9116.39739504545,32937.3009257047,274653.488893011,113925.629325281,35181.8084373984,17699.2555127097,9105.25720078517,33337.478297123,273226.638428059,114692.539264683,35794.4995445656,17984.1468709432,9199.94810158254,33649.670008748,271871.806039644,115417.148269312,36381.482300029,18355.4173939749,9398.27759028771,34036.9057631595,270342.460570091,116015.686712811,36930.268066775,18714.6039175494,9613.90876176209,34478.2490095727,268754.595401743,116565.656826715,37456.1060444543,19066.5511528729,9831.29264815584,34946.2200928891,267604.138680457,117132.116194839,37983.2649783686,19420.1976644667,10051.6420790371,35451.283957316,266340.901048512,117692.127363856,38468.1524262016,19749.319513101,10259.834678089,35942.601595073,264860.785593432,118191.981930603,38954.7024207259,20073.8277478696,10462.9290907195,36413.6256093361,263139.250005493,118599.802508711,39431.0855685428,20399.7078110817,10668.23078466,36870.3083254277,261234.274674216,118924.324519996,39893.209912216,20724.443438821,10876.4578912554,37318.9530925846,259803.504216323,119268.678791717,40363.5837121305,21059.1917784503,11093.6789814889,37804.9663558436,258171.349043292,119593.60493503,40777.8379721175,21362.1716164711,11295.8664184381,38267.8401480025,256201.448156993,119827.870187304,41192.2842495724,21657.933253631,11490.7708652006,38699.0349489007,254002.052231426,119954.516210942,41598.4267689444,21959.0046182881,11690.5934287627,39119.8725938287,251616.884296243,119987.900349735,41981.578219068,22255.4206202544,11892.6573823254,39531.9635315889,249764.394594663,120059.168404779,42376.8585098445,22563.6715442022,12105.0019935079,39990.8379620117,247747.232712289,120119.611338967,42709.6205977734,22834.9346169202,12298.95255136,40424.190723616,245513.231182842,120107.431555241,43045.0554702412,23098.1512533904,12484.0693527793,40829.0591626241,242988.992137599,119985.870369388,43362.1597843858,23359.7209455399,12669.57811852,41212.7014487264,240230.274137226,119751.769511245,43658.3697087081,23616.9150233045,12856.6614179905,41581.3583414371,237863.484055228,119532.146656666,43962.6203363727,23886.2648265612,13055.1107126682,41992.3077965051,235479.716264597,119310.581645661,44214.2699221687,24125.170225054,13239.469805003,42391.6035282097,232734.245912084,118995.556161851,44442.1893487843,24341.3032708313,13407.5151390837,42746.2192227726,229777.844962188,118568.0108704,44666.6217300448,24561.5265526172,13577.7662171503,43083.8279968953,226905.73123101,118087.502798075,44878.1313383383,24785.1871197818,13755.2005744263,43431.5551813633,225460.782150451,117875.742349,45148.1025430851,25045.6676147578,13958.0847904646,43908.8641848147,224229.302386444,117835.697279222,45329.2376107517,25236.6661696805,14119.4853633472,44353.7799479238,222841.525776057,117789.934646863,45529.4966996684,25405.1418512956,14251.17443419,44725.9738494339,221258.261096982,117682.556682803,45742.4729479209,25587.203191517,14385.4169351685,45063.9147356338,219422.075937518,117461.193612727,45932.4842064224,25766.1044193876,14521.9067210119,45370.8661378601,217466.366114641,117171.911010157,46110.4116144449,25945.6409735148,14663.755936889,45678.0291530559,215412.382138931,116816.05793742,46263.4472584056,26116.1042672054,14804.4055057458,45981.0324934179,213272.580377662,116411.138033763,46396.5734502977,26276.6522894231,14941.5602860824,46279.9133235702
643,335840.19272025,109230.726834087,29281.3222709603,13542.7041167442,6325.32758974111,17335.0589707315,313383.060018872,101980.591420252,28220.8268034213,13321.2817891778,6278.71869678546,16880.2718132737,312374.504875813,102863.854806473,26688.5999421576,12731.9242849809,6178.83236976808,17118.3807021278,312253.146832801,104594.746142179,26993.831441763,12499.1329702949,5947.56293619941,17135.4273781076,311437.43088069,105630.579862424,27541.0849751237,12702.0360385392,5956.56055690913,17144.424406503,310270.599844648,106499.822301713,28031.886355657,12969.4226739122,6075.64524837253,17282.6523756996,309074.067255917,107301.453644052,28501.8277676608,13238.8269983914,6217.70531346995,17503.4190176032,307864.055794442,108058.758188507,28954.8625172226,13501.9743623825,6361.54653348929,17754.6839314961,307126.785735176,108841.126142427,29403.6120529695,13763.9835276991,6506.07309896663,18027.7261397298,306074.20408002,109580.303156628,29821.4871488267,14007.6595694707,6641.5208840791,18287.4248134785,304806.886218372,110266.225162207,30248.2854858795,14255.3773330755,6777.8437956228,18542.064947125,303288.726485429,110878.453166176,30666.8758460407,14504.587935488,6916.86465725634,18792.8035604354,301660.97710827,111432.006511157,31080.83941956,14755.1668144249,7058.71388540226,19043.5938263553,300548.603085231,112019.006469144,31495.1750894777,15009.6465968957,7204.5894991915,19311.5782766629,299023.260965173,112542.614743709,31867.1096693536,15239.6670910312,7338.71693614602,19558.786023985,297142.873308094,112990.854922058,32248.7162139775,15473.4133729088,7473.13919381174,19796.1485533002,295041.74820659,113354.430767801,32624.9164828152,15712.1892792095,7612.54038363116,20032.2617713476,292823.578449371,113650.12676741,32989.282183099,15949.5916203657,7754.26518066021,20268.4489130329,291213.101170618,113999.914233483,33357.6446443993,16192.2945385191,7900.75846711694,20526.7466600386,289220.346720674,114283.573256876,33674.9873781549,16404.6921769642,8032.14981755239,20760.5498351721,287024.296082361,114517.676039857,34006.0555880103,16621.6825244127,8163.58152392546,20987.2941771491,284442.231195977,114640.239847237,34319.7250357697,16836.6283716821,8296.09338368544,21203.4106794265,281725.97742273,114688.067236315,34629.6166855967,17054.7902823542,8433.03475624677,21421.0898640482,279481.830264842,114765.705544733,34939.0704188076,17278.0545455291,8575.63392346089,21659.4333725067,277025.948681587,114794.961587281,35200.9776642602,17473.3714129532,8704.74553544994,21880.2803228342,274181.883545648,114742.039516587,35459.1405569307,17662.9417954204,8828.61774039678,22083.7258423347,271122.475791766,114596.107496197,35714.9292835642,17858.3077337607,8957.02316123091,22283.8082417576,268399.41941948,114441.830817628,35973.7732251341,18061.5508442323,9093.15669201217,22499.6323911171,267260.157754618,114547.675210498,36255.0522000389,18277.8436986396,9238.52337322094,22771.4663463543,265995.006825884,114676.457938999,36447.2831582762,18428.6097916252,9345.99087172166,22996.6501928351,264634.443994985,114831.944562503,36678.1591962346,18584.0939247702,9445.842391985,23199.7775223602,262975.008080062,114890.482716732,36903.7657230021,18744.1561765823,9547.75471850761,23384.1303089277,261082.228990542,114872.200994117,37121.1034406067,18906.518459519,9654.27860548464,23564.6176027564,259052.858528484,114788.713657382,37326.6043031928,19067.872056051,9763.43832377824,23746.365734704,256916.723531438,114652.970698627,37516.5057605456,19223.84002717,9872.0423601438,23927.9155949667,254667.340389513,114466.878402226,37691.8877326623,19373.3923628027,9978.4563190213,24106.2901132581
644,264161.976109225,111262.193276465,37030.7111599604,18993.6938554807,9722.61495202246,18243.2613111386,243568.927815494,103888.992963861,34125.8298188579,17589.3166904487,9029.20404417084,17043.9694346631,246936.067764522,107918.011753713,34578.3310253625,17904.1733561906,9330.79060218296,17850.2943447921,244149.438428033,107707.128607853,34638.990268914,17726.9371718885,9167.61709686729,17799.5662281091,243892.377561266,109218.927988938,35504.7421885119,18148.6007920055,9337.6232145157,18068.0417626016,242297.306032363,109653.461429996,36066.8549143082,18533.2004363722,9549.85985556888,18307.8072374287,241133.956581756,110404.415274305,36700.2221929203,18956.7749775273,9815.22432832996,18704.562224399,239696.251207995,110899.316637474,37250.5039966493,19345.0568067882,10066.7223667822,19115.9918248764,238820.489135013,111539.284855822,37830.4734107545,19747.3791293071,10328.8117474302,19580.7284317451,237641.567457658,112066.61990277,38338.9980643471,20107.7962610349,10567.9564641969,20021.0746239188,236327.774789715,112574.989441647,38865.4714195832,20473.3674851567,10807.4799256878,20463.5080251976,234786.370926054,112970.787624372,39371.1152914216,20835.8039811659,11047.3849993057,20901.8913812983,233131.509628237,113297.362557482,39864.8889023226,21197.3055749593,11290.6217151064,21347.2594420885,231956.933361527,113682.708430348,40371.7712487937,21572.0656162192,11544.7048869676,21825.0192113436,230410.491277107,113972.066090598,40801.8651387634,21900.2543376728,11774.6273333726,22272.5584653153,228631.785141248,114201.200317485,41248.7642202795,22233.0575395779,12003.9550606761,22716.6340498752,226647.450135863,114313.65809228,41676.604521682,22566.4982762721,12236.8017132024,23161.2367011724,224533.482998783,114341.043850985,42082.1342641655,22894.3560441786,12471.5806263397,23612.8180334942,222994.009191013,114461.242034054,42510.6294917797,23240.6483367403,12720.4511924333,24107.1742932184,221107.646795319,114479.188415626,42847.6526916793,23529.6392531722,12938.355715733,24562.5344945865,219111.122662865,114476.460529126,43210.6518426131,23825.9295617385,13155.8210256645,25017.052196057,216777.935845813,114320.939126338,43534.9231589021,24109.8846754252,13368.4771857699,25455.6644592569,214314.868829727,114081.984633856,43849.243862425,24395.1365123454,13586.2912093315,25904.0638235082,212273.06001738,113893.089766733,44174.2403451396,24695.1204159574,13817.5298142261,26392.0891586008,210095.14737721,113651.160196365,44427.757966733,24949.8217731766,14025.1327547772,26857.630275129,207573.998434544,113317.437981384,44663.881950005,25185.6873320527,14217.7961609547,27298.7114691584,204902.918423424,112880.604371419,44897.2640777365,25428.3298350984,14415.0573432792,27741.1129318505,202418.026466459,112403.572153807,45117.6506625146,25673.7573348622,14619.9026199837,28203.1790603673,201373.171768906,112306.243734167,45420.1765104692,25969.6206074217,14858.3975429826,28764.50060264,200159.777083246,112193.523675839,45574.9323155659,26152.0988161196,15025.8593013549,29227.6890396229,198938.948387971,112170.040694976,45797.9235059473,26344.7113297831,15181.0124828891,29655.9826535676,197444.270638781,112001.997311858,45997.7691290546,26532.004225459,15328.7567752903,30035.5787593656,195777.41459795,111775.974007413,46191.8787405968,26725.2875975551,15484.5285359667,30412.2801192999,193991.530852333,111458.418163795,46364.1811010932,26913.7146726651,15642.3511008675,30791.5068367706,192139.97327121,111097.964709163,46516.2126677239,27095.0565220795,15800.3158225495,31180.1442178896,190194.996733202,110675.096005537,46642.8058111004,27262.5561271362,15952.0972610964,31567.9496862129
645,354697.709240621,86319.8496004425,18038.6513587101,7473.99529938839,3196.70399274879,8050.75946319879,339287.738840644,87201.5276653477,18253.6861645762,7603.46388564171,3257.57080777835,8110.77641888157,340330.418750344,87057.9169377343,17519.5831935171,7407.49915072005,3240.91886917876,8233.29532411262,340828.313540982,88294.7585262734,17664.9489943331,7216.37984372364,3093.88555972411,8233.20511523098,341205.693370588,89177.7383801007,17984.4671937287,7326.72381921356,3094.92958687613,8253.94864375331,341264.594006017,90010.5119368837,18263.4252250254,7453.31112412722,3143.56953709431,8337.38136870109,341216.576511321,90789.2589420545,18536.8702919777,7578.88414785615,3198.04268617085,8447.88546021914,341059.073987058,91535.0436157406,18801.0579226208,7701.75544727899,3252.46940182241,8565.18511082197,341300.882582653,92258.1031128314,19060.5047154887,7822.85703262011,3306.3236575309,8685.66287954774,341353.453950978,92991.4603725881,19303.6528160884,7936.1363838986,3356.81718563207,8802.04060032428,341156.831124233,93703.6791466098,19559.9323057889,8053.58170774402,3408.19030945178,8915.63401205312,340708.709716065,94358.480597258,19814.6094081111,8174.0560326792,3461.81143254995,9027.60828139804,340049.859837436,94970.2548816767,20065.597762555,8294.90115117216,3516.60423196138,9138.32134840838,339796.283545004,95541.7349162937,20309.6044861188,8414.47136039555,3571.56838981448,9250.84235849499,339286.148423136,96126.4327422472,20532.9750421836,8523.96418262664,3622.3564125391,9358.0038465625,338419.015819449,96677.5429757651,20771.2093321045,8637.98441356502,3673.91985960935,9461.03949912903,337279.33518403,97151.9763573335,21006.9209591324,8755.6223090133,3728.24624267239,9562.30076179343,335903.708162637,97574.7385785193,21235.1017653842,8872.37522958554,3783.50238690021,9661.94692206786,335008.977418303,97956.4139099871,21455.4011729201,8987.32301028165,3838.69474509987,9763.97974384221,333912.092977927,98364.0220294701,21651.4279275329,9090.05409798333,3888.68061849896,9860.26308306444,332552.300026623,98742.2397538138,21863.4529819618,9196.90608188623,3938.89543163803,9952.06744966256,330837.388941537,99048.0275635586,22070.9393500505,9306.5450406335,3991.51466464434,10040.8524795728,328845.068759853,99288.405394339,22274.356991533,9416.9451662883,4045.77951922321,10127.8252958254,327190.790368762,99478.0196581207,22468.2693102673,9525.93938673332,4100.61048386921,10216.9530200779,325484.106993322,99682.5498670747,22638.4492930361,9623.28189563985,4150.68576710816,10301.9355994493,323362.78361707,99861.7755460471,22815.7133233545,9720.52966966791,4199.26431201535,10380.0393904671,320975.246726669,99954.1505928384,22996.0581482619,9823.34033662534,4251.05846009154,10455.6220385881,318579.496366464,99999.5673746817,23167.3496706922,9926.16010477034,4304.79799137909,10531.6186880577,317604.691431342,100066.816835327,23326.981966209,10024.8864234253,4357.71745064409,10618.5220872623,316873.049770177,100311.510913936,23446.2201919626,10097.3564495863,4397.69362005715,10698.5348426792,316028.856205388,100595.332609804,23602.9736255536,10175.8597633071,4435.17975644028,10770.177665069,314909.663069303,100825.645196763,23766.1418931168,10263.7198433689,4477.77655795011,10839.2287309293,313511.973134755,100994.711885255,23925.8380308257,10353.965203256,4523.60092876367,10907.9651914251,311919.817546492,101103.500620404,24078.5257755962,10443.8485378695,4570.7504148847,10976.175185239,310202.562916409,101165.080199255,24221.1870850974,10530.9114572686,4617.61837575391,11043.0404148345,308339.952303016,101190.179655594,24355.3946882468,10614.5908815682,4663.36657657813,11107.1428761162
646,242826.295735627,139216.357127124,58658.2960170523,34010.4886049003,19715.1244226393,52907.2647408982,209803.010374227,121055.525205973,49690.7496975395,28821.5797836592,16750.4072916182,46256.3734553913,217526.071013266,129003.440641785,51675.6563297706,30089.3277067834,17611.1012007052,48723.2695232492,211290.450293818,126086.081148584,50892.3101248147,29290.4064381385,17087.8398559279,47995.8785770116,211756.583264483,128284.8386377,52160.1744955819,30023.5589211429,17438.176652406,48921.370453465,209157.575257611,127750.970027557,52612.0319144879,30393.0876976876,17664.6120633333,49290.2001318635,207804.951994553,128211.605421609,53302.56994003,30961.3181143991,18069.2308197029,50146.347264536,205849.2951878,128089.802359464,53785.6488320247,31397.6680328765,18409.2730230886,50947.846957956,204616.161151145,128300.512359458,54350.4603848065,31884.868213387,18783.5233728852,51919.9102137341,203082.784013238,128339.733946337,54798.8662658511,32291.0606065535,19107.8820671831,52827.2760530137,201457.283645421,128369.416950032,55261.3220802911,32696.3092849846,19425.4666802606,53726.1036845523,199632.331803122,128259.449082587,55690.0630429427,33089.4114090072,19736.5438555356,54599.9962860711,197689.195329272,128053.465738892,56086.9968674971,33472.0491132353,20046.5233358775,55466.5581226487,196213.1770928,127958.174066836,56518.6738396247,33882.426693614,20378.5450882849,56415.3382532244,194494.344309307,127775.929901557,56850.6198466442,34226.2569044709,20672.3576238777,57303.1167997141,192505.114074281,127483.255894218,57168.9093053139,34550.6881421874,20948.2266057963,58141.916767347,190390.608109893,127082.671705863,57473.2869481687,34879.1216311525,21228.442384972,58976.940810797,188109.674817454,126546.596067416,57721.9611632199,35184.0096162638,21501.5064095002,59792.2755249196,186363.886593808,126161.743778132,58020.6215764504,35525.7970103141,21802.9123209275,60714.0991428972,184437.048622518,125710.788566276,58216.9330424595,35796.0158121548,22061.7929831524,61572.5948850176,182343.746729171,125191.534686763,58405.601347653,36046.9161055963,22300.7211707778,62383.782085883,180001.897094771,124529.288095719,58559.0609409673,36283.9266318312,22530.5616904196,63154.5093306568,177518.549800396,123734.626418747,58672.9243342493,36507.8307518184,22757.9948854626,63907.5488795021,175426.214016217,123037.454774963,58815.2425349922,36759.2047525476,23010.1131177865,64752.4737758493,173287.960174132,122323.722199114,58882.6732411449,36956.9286335234,23231.3482418574,65565.0168762455,170821.670552121,121469.064509902,58895.4413252877,37104.7707731279,23414.0324158291,66285.8631297839,168264.368881299,120523.007020278,58908.1715906769,37259.8104992038,23599.549393766,66997.7370626348,165797.281107788,119519.245135685,58892.6253994895,37410.205793772,23789.3041440225,67723.464490647,164538.899897377,118971.722806176,59019.8211910114,37654.5893074028,24045.2565759987,68693.0479769092,163420.409531989,118602.801438717,59058.9306853413,37809.2142625116,24238.0082676731,69587.2937250125,162112.763237796,118186.785696433,59094.5214172882,37915.4522316731,24372.527627585,70314.056568874,160736.495965306,117759.743258993,59176.0664175984,38055.1671290448,24516.8694858641,70997.5522545864,159117.320097916,117165.013973358,59201.3911224019,38174.0742524035,24652.4145849799,71596.2186982807,157422.455710146,116510.168252043,59210.3083097713,38293.2690258338,24796.1024625543,72195.2070719964,155664.330907277,115786.750705482,59185.6119816903,38397.5274737804,24936.5097875209,72793.581551354,153853.352140648,115009.562709617,59126.7462327421,38481.2937749915,25067.1489322894,73385.0207837427
647,280809.893580237,128088.57011395,38167.3704183054,18467.384153835,8858.34306756986,8184.26231529206,243943.338045166,114981.685031348,35334.4163311854,17288.7974828361,8337.76079207041,7730.37984508839,246326.874785202,117625.662645021,35504.2127994433,17721.8706726596,8791.38477299607,8436.87867423352,244997.076621106,118435.759612138,35729.1491012712,17636.8815890458,8725.2700862755,8620.12608728394,243653.676761009,119147.898360132,36335.2645183132,17912.519551679,8814.39447325496,8712.91931966131,242377.907978866,119832.722086708,36944.3266158824,18299.4608490689,9022.30589327299,8896.2762496598,240902.593497503,120341.639213523,37490.7008934952,18666.6393859174,9247.25945774676,9150.97230448551,239400.954004685,120808.477995626,38017.4154230491,19025.8706524191,9474.13427374739,9445.88100563744,238345.671406883,121330.235781215,38547.5161523656,19388.361873628,9704.38478797553,9763.80226536387,237122.089329811,121820.817814291,39031.2689698537,19721.8648486976,9919.65390969492,10076.1086031134,235709.062987762,122239.164816642,39518.974695526,20054.0152965684,10131.7655801866,10386.9034704115,234127.141384155,122571.641534017,39993.556098198,20386.8659532212,10346.5444250833,10702.6375907166,232351.798817327,122803.152529304,40447.5376367824,20713.8126083752,10561.576983628,11025.0316544621,231070.61667994,123106.097855604,40919.1581256911,21055.512360523,10787.3862110435,11367.0234959896,229529.598248644,123351.580779501,41327.5119077251,21359.6220279715,10994.6034341679,11696.8698535538,227685.147992455,123495.707222459,41738.4985747662,21660.6891379894,11197.2682254071,12022.8543828488,225668.968184769,123533.160800713,42138.5537740583,21966.2505462536,11405.2686318732,12356.7136457072,223473.87020077,123461.802019563,42509.5380979744,22263.1324266361,11613.4106917507,12699.31136055,221850.59644145,123493.86037764,42904.0061977876,22577.5021923987,11834.200230709,13066.6103178367,219965.748317739,123465.386735866,43223.900037812,22845.404753091,12030.7177159476,13415.7221708236,217921.558555069,123372.662147321,43557.1714560212,23114.1151872854,12223.4279317483,13760.6827080739,215592.619047121,123146.096350529,43860.8893566406,23375.953648126,12414.8376922981,14104.7423075172,213081.578933579,122807.398113757,44144.9712638773,23633.8736770347,12608.2544109783,14458.3760730676,210983.329365336,122526.781613496,44441.2954664458,23905.7727669411,12813.6621871481,14837.2734339551,208803.512707134,122221.878879999,44678.8810388118,24140.9676759994,13000.611046634,15206.0175368226,206292.512107532,121807.637688306,44896.8098144069,24357.5606931211,13173.5391682904,15560.7978021432,203636.243625672,121286.374383416,45109.6878387792,24579.4854127756,13350.5264651507,15920.7490356931,201073.323860509,120708.171656236,45303.0563996165,24799.5729111791,13531.8327272918,16294.2915036267,199895.649983742,120515.815342517,45575.1654557756,25065.5251878887,13741.99904396,16716.6530037906,198727.865027078,120413.687868473,45740.1037713971,25245.8299244324,13899.3834855064,17081.4320380995,197474.54104274,120327.343757521,45946.7491471968,25422.2931373654,14037.958062024,17404.9807618246,196031.871504507,120149.509398867,46147.4564286076,25603.9316410775,14176.4878029626,17706.2195640649,194361.533037164,119864.021689076,46326.6255277183,25781.3363206354,14316.6538230367,18003.8244261181,192590.544651938,119503.478080023,46491.8468981438,25958.2554883388,14460.9014492043,18311.8864014713,190749.532055422,119086.962277054,46633.7279218249,26126.63171751,14604.1149389695,18628.8906083055,188804.796081672,118607.495924861,46751.2651946399,26282.0087153814,14741.7161691913,18948.6793529038
648,305103.055904851,101632.324161908,28672.1927194159,13537.3982820733,6441.1782113172,18298.296556493,284037.035768322,95995.1538101104,27129.671009268,12962.7447048135,6197.98256115525,17591.4759084649,282915.278912257,97077.8023796525,25885.5767587285,12427.5870206522,6085.38037201258,17803.8205232992,282624.573219052,98488.7766626137,26257.3855949718,12280.3679892364,5892.9676025228,17832.0763435904,281773.087442839,99368.3567073298,26756.4774750035,12483.5670541246,5917.95067829847,17867.6319976654,280674.704998579,100131.157220292,27214.1974195118,12739.6032509735,6037.33885355597,18027.014687033,279518.704957632,100821.101674748,27651.2497113293,12995.7486287992,6175.25893084587,18258.6810144419,278328.177213616,101467.376236931,28070.9548849259,13245.1558695732,6314.05481468659,18516.1380697738,277593.001903661,102135.353960156,28487.6720465731,13494.029899926,6453.71984957076,18795.1465225858,276636.101739388,102794.977800184,28878.1722282745,13726.5488518168,6585.1820643669,19062.842713794,275457.005097451,103396.612514498,29277.5858213814,13962.3536894937,6716.8464216888,19323.1430182701,274046.099418808,103927.493925878,29668.9929595614,14200.1569090351,6851.49961294024,19579.1572859506,272528.42108876,104399.389820934,30054.3487830155,14438.6136422583,6988.73244192004,19834.5681568739,271468.789143721,104893.014208376,30437.9631600413,14679.8702470787,7129.48572774183,20106.9904544757,270100.100135127,105362.444474361,30786.9557087946,14900.0215183063,7259.9463153025,20361.4399250127,268395.88929645,105751.093302181,31144.4747961043,15123.0142158991,7390.08267716395,20604.1289361467,266477.924495461,106056.031622529,31495.0218207318,15350.3433835555,7524.91319886244,20844.5033709635,264444.015550458,106293.564603151,31832.9564124732,15575.7621263269,7661.77884573924,21083.9987282565,262962.40135823,106573.365098427,32172.4774400309,15805.3847283557,7802.93985638034,21346.1286610575,261174.316755468,106824.806603144,32468.9091242336,16007.8527687005,7930.28509179274,21585.4637729577,259172.922406699,107013.190260368,32777.8315975571,16214.2568097542,8057.15569387091,21815.5716719448,256854.282334326,107105.128613499,33071.1464934986,16419.849165127,8185.89488425894,22036.1292857803,254392.455253054,107118.195616063,33356.2020525286,16626.0859837993,8317.79192772952,22256.1359414746,252330.379563781,107149.832272753,33639.1308206888,16836.0957550205,8454.51784959165,22495.7809537162,250150.630400431,107165.507853892,33883.9179579087,17022.8256726563,8579.92351772837,22721.7020749299,247568.025127259,107094.491214732,34121.3532002484,17201.6378212792,8698.90145620537,22926.3989434558,244820.575808246,106935.015212006,34359.387743731,17387.834868071,8823.16813921158,23129.0632048945,242294.911346444,106743.82632785,34588.8633230951,17576.1201885565,8952.42594031319,23341.8444389525,241235.373450715,106794.509691615,34843.4580981779,17778.7571730167,9091.5092725839,23615.6021705283,240120.19097332,106918.64331376,35021.4917875261,17921.7036941613,9195.349584394,23845.5592437389,238896.875800413,107048.99600008,35237.6979261599,18069.0404886763,9291.12126432089,24051.3378271354,237416.377791113,107094.922253473,35448.9329601401,18221.886357691,9389.72614603724,24238.6796838494,235707.467601956,107063.280058409,35650.3500217747,18375.810085338,9492.3245104599,24420.5736314401,233882.607485731,106971.02455658,35841.0357208661,18529.2140353949,9597.76835205963,24604.0749333803,231954.103363579,106827.810696061,36015.120981222,18676.5561695913,9702.29605164068,24786.4062815707,229938.715313134,106641.243736171,36176.434521968,18818.1782889983,9804.89830974114,24966.1416987005
649,353010.331249359,67644.3320153292,14122.2174720272,6098.07666982211,2782.10227246737,13888.7987980663,334437.996099431,62253.3042824785,13303.4897159845,5942.34596607112,2749.67817833945,13723.8090791934,332786.995213717,63195.4048701799,11705.4447706912,5155.97318842906,2482.9560178492,13743.6403954587,332079.67311342,63767.2163255722,11822.2271846341,4965.52448274892,2285.69006877539,13713.020679854,331403.419473645,64181.9384189627,11953.9566435355,4998.96789401706,2261.89974029077,13774.1435646541,330464.4247883,64554.9793407934,12065.2938068913,5043.5853341294,2274.32212961423,13901.6009516611,329446.504976329,64885.7771215399,12169.3621689958,5086.56418820042,2290.58124244339,14051.9314435243,328430.349708349,65196.8722959779,12267.6770184077,5127.0836181692,2306.35946735785,14207.021315383,327872.948873839,65513.9862359438,12360.987484111,5165.54485481625,2321.32317921754,14367.6121350961,327105.43566311,65862.2449331303,12454.6452470668,5202.37644736866,2335.12515670506,14523.5569827546,326110.254297367,66173.3587254848,12554.51353393,5242.33744786926,2349.85866410894,14674.3530549968,324868.198364784,66446.5826945462,12649.7087502426,5282.17813593776,2365.17847948831,14820.0565878508,323540.740724072,66681.6421945737,12740.9229474161,5320.82278803344,2380.32227185098,14961.6834259821,322674.240738934,66916.4526262366,12823.7235113463,5356.61438313034,2394.61701066338,15107.1939187938,321498.068485415,67180.5369887053,12905.6020270595,5389.65076733607,2407.20063492828,15245.6007699115,319984.284602063,67393.3690361374,12993.846145775,5425.98555110412,2420.68245929216,15376.7118620253,318229.043820815,67555.6347743148,13075.4617014113,5461.79774252663,2434.7143548045,15502.270979501,316400.77966102,67679.8669428189,13150.9804068391,5495.39503559042,2448.16961427875,15623.4913902158,315092.517382915,67807.1812038957,13217.3722053809,5525.58131120921,2460.41663599441,15749.3649168833,313522.915455959,67970.5668014546,13282.8739216424,5552.62272948171,2470.64670645153,15867.8772576999,311718.462934591,68089.9797278866,13355.285251836,5583.22252674904,2481.82475355944,15980.1187161614,309582.851270539,68164.9052016057,13422.4871120148,5613.61831441353,2493.62576685176,16085.1080569327,307323.650527788,68189.2731026019,13484.7096878369,5642.80545035441,2505.33136717482,16184.8509058042,305472.555133466,68207.8108717345,13536.8257992369,5668.47809639816,2515.98163955397,16287.7447297227,303495.333964198,68255.6970280251,13585.2450218615,5690.19105070052,2524.41780009319,16384.8291436723,301116.718530558,68266.0454749399,13639.9014773738,5714.32075958126,2533.17573608601,16472.0591101124,298551.555183812,68217.3021231155,13690.8255829024,5739.48640098847,2543.0352846166,16553.6568345057,296324.748596777,68143.2407812466,13734.5330319372,5762.50328066623,2552.67544890299,16636.0483350583,295514.167051167,68152.3200057597,13765.5976970486,5779.83390998053,2560.21291798803,16738.0886858765,294709.201406076,68299.9506822262,13802.2648339281,5792.55767159241,2563.99625623786,16834.4379647477,293767.320644114,68434.7043469361,13862.8066964345,5815.6537450539,2570.8100917739,16925.6121953668,292554.149481028,68536.1175387066,13924.2091542967,5843.0772010596,2580.90676993042,17011.3814074957,291100.812293942,68593.1047518472,13982.2975693926,5870.90000815173,2592.26061100795,17091.8068156699,289519.626013236,68613.1373070438,14033.9338866907,5897.0325687735,2603.56365670368,17167.9952466617,287834.879820216,68608.053694644,14079.3790227862,5920.57389151597,2613.97614054187,17239.4557537786,286041.592328601,68581.0771493557,14120.3012396383,5942.08630974711,2623.46915073739,17305.8608190792
650,330848.888425751,83409.6709785186,18541.9014332521,8028.54536231637,3632.25101997805,16349.8691839692,314332.382982895,79850.1889892334,18324.3800776318,8144.29725257751,3721.68048424899,16251.8771162836,315113.322090155,81459.5503514523,17488.9099606792,7703.24615196358,3592.16578055488,16481.1739544028,315709.40913159,82678.8471004638,17847.8077925175,7647.8759140279,3468.50975413662,16573.9643049527,315912.25764964,83581.5707358919,18191.7066856145,7790.96853133241,3495.30384958004,16714.0353219842,315782.670004086,84409.9992895205,18496.5529615166,7936.96628814356,3557.04780759055,16914.716398761,315566.291474305,85197.2358105332,18794.0413281414,8080.77922002762,3622.67966389992,17141.0485602399,315376.622060559,85960.3193059827,19086.5789079455,8222.91822667374,3688.37343768844,17373.4933339466,315603.049379179,86744.8931131466,19374.8590892544,8363.78460440045,3753.89494614658,17615.8261226483,315506.941522206,87507.3156380282,19650.351292821,8496.69959441792,3815.36151020164,17843.5550203138,315184.20470051,88230.3203895105,19934.5304780801,8634.20202017754,3878.41632169035,18064.8224731325,314605.225194877,88903.1453632657,20214.8961550649,8773.39181864805,3943.37999684352,18279.8536116519,313974.662220704,89539.2842041828,20495.0891503816,8914.37015575309,4010.13365886994,18492.8474171736,313804.887536551,90200.8265805691,20770.8985660261,9055.22572860335,4077.84831477433,18717.0417565262,313155.594654138,90816.5855969924,21025.7014521166,9183.78672713764,4139.5830310118,18919.7748120478,312203.418538972,91381.1320087392,21291.9140089673,9318.19960147995,4203.30231131404,19114.5933779464,311005.995051333,91887.1262216178,21553.4865345735,9454.97749699283,4269.60598546582,19303.9187397354,309747.75595324,92351.1861172365,21811.8973371247,9592.29825941609,4337.3664151589,19490.591605447,309027.646708466,92852.2681430256,22067.1486504517,9729.87576493131,4406.23023444009,19691.3453909963,307866.429036039,93300.3064536634,22295.444998967,9851.78725577703,4467.41534901748,19868.4254154111,306493.829708139,93711.0610538121,22535.3006198858,9979.0296276117,4530.09266182651,20038.9710258326,304738.307692668,94046.0168094647,22767.1827403953,10106.6413226785,4594.25408059961,20197.8487174171,302892.166453199,94333.7901766893,22999.4312392687,10237.2777890792,4661.15939771023,20354.8176086252,301485.31858364,94644.3841001087,23228.2447439605,10368.811304591,4729.89526156904,20524.1692494677,299791.556813751,94908.8792706175,23427.8513049499,10484.2753750327,4791.10203550079,20674.5935003559,297664.362097482,95108.7595662196,23629.6929516579,10599.435099757,4850.9999498621,20808.3543878531,295356.131373324,95250.036583811,23834.6354536477,10720.8316416754,4914.98017000358,20938.2934219102,293452.357127111,95393.3605761058,24041.9083596376,10846.6784987789,4982.97709983348,21078.8406879543,293034.941580802,95711.7144297874,24250.2125630021,10972.8919028114,5052.23364604,21261.4203407392,292302.734416161,96002.146384792,24398.4374943232,11059.6219071047,5100.37636942702,21404.8727345959,291439.535037842,96306.7179343631,24577.3904419773,11154.7203962226,5148.06049642963,21538.6789344616,290285.092034098,96545.7868979148,24756.7431487044,11255.9573790721,5199.77650284706,21661.7955646726,288883.273816082,96728.8112477316,24932.5087982792,11359.4266128845,5254.72431355547,21779.2515322789,287367.35356007,96870.2909232918,25103.7295188663,11463.6706052916,5311.69452707447,21894.8127365542,285720.176608476,96969.3775419264,25264.0090737292,11564.1878641583,5367.99235054956,22004.7750608376,283946.00504206,97031.5159461227,25416.9088191418,11661.7116204993,5423.29833481801,22108.6122055456
651,345746.250005978,104709.3757214,25487.8502207863,11729.3632747217,5749.25369168865,42133.6722213864,318944.084301256,94338.8480306744,23437.5522569006,11062.5847036267,5481.18517370445,40415.9812280186,317925.708483999,94651.6374400752,21115.4683703192,10019.622380162,5151.65080670131,40664.2422083402,318011.248279065,96209.8795950237,21095.1923550362,9563.37110014585,4784.36406798352,40865.878772506,317789.051475711,97247.3621270096,21463.4022674498,9631.40474127134,4712.0162438158,41130.590008263,317173.4872748,98106.4750192577,21804.5941776491,9782.40738371994,4755.93003883541,41518.8697413979,316467.503926376,98889.0977367299,22128.4950567201,9939.81810372776,4823.68171106012,41975.8790107209,315720.429369014,99630.8070520041,22440.7708071215,10094.0124327388,4894.15782777791,42449.6172342304,315451.790616619,100397.64611342,22748.8836156017,10247.3346195225,4965.43479327173,42954.2859579229,314913.377787045,101149.044193655,23041.6276925916,10390.7567925913,5031.58095644889,43431.3606475449,314126.603310839,101846.608766085,23342.2748822348,10538.124626031,5098.65380620025,43887.9494381397,313106.430530516,102483.244142434,23637.9879649934,10687.1412462407,5167.70763102213,44325.3193658031,311953.730898564,103065.756400503,23929.3156100241,10836.3051729075,5238.00247952933,44746.7642718748,311289.437049634,103675.240372454,24217.1973327764,10986.2704842482,5310.12741028455,45194.9819334782,310244.743728027,104251.465657342,24483.1647155843,11122.7849565879,5375.52540169284,45603.5142617625,308857.772740183,104754.538768791,24757.6176734162,11263.4171078128,5441.70258772272,45983.8335012243,307218.988003347,105183.778852725,25025.6002530122,11406.0784636488,5510.36580458338,46343.8231125956,305473.815112956,105555.928966229,25287.0424856927,11548.0233023581,5580.11228589121,46688.227584828,304285.82254088,105968.673134313,25545.120513092,11690.6072521115,5651.60521096002,47065.932427183,302747.738005969,106345.48536431,25776.3338613914,11816.4267364961,5714.51521652255,47400.4810103761,300980.395211751,106664.828208063,26017.1871502604,11946.4471153507,5777.96936623766,47712.9120099716,298859.001321902,106899.78724096,26248.1370875002,12076.2710906335,5842.64053545673,47993.9924142105,296575.083075016,107062.709111923,26474.9643076164,12207.2199879314,5909.28900292695,48256.0205450805,294719.51669804,107247.509970331,26696.862528735,12339.0685990165,5978.25749181764,48543.676733249,292681.15170704,107407.303776955,26892.2882852788,12455.1662519735,6039.61557661034,48801.1074981277,290224.323742008,107485.290920306,27086.8897369007,12569.1686601474,6098.36715579044,49016.8037259014,287553.907773036,107483.415242919,27280.2844860917,12687.6615826977,6160.36892001874,49211.0594310228,285187.24125656,107466.360816691,27471.8561691623,12809.182566825,6226.05739138985,49415.6185372555,284373.07813831,107671.494895436,27670.330375736,12934.6388539672,6295.62712336056,49733.0085534347,283418.456123714,107915.179066122,27817.3930105247,13021.8427390612,6343.73739926584,49999.3530061761,282331.325322832,108152.144782571,27995.990096361,13117.4946798838,6390.57531843563,50244.112544961,280961.037811814,108315.850019238,28172.4115574929,13219.007418581,6441.55911970053,50458.8059021058,279338.721744919,108409.071592394,28343.2257772198,13322.1992621728,6495.87378544091,50650.2186693959,277584.917682701,108448.283403941,28506.3374973363,13425.1684112064,6552.1986203101,50828.0170532586,275707.241454237,108440.114614758,28657.6712406442,13523.9974871971,6607.86819266906,50989.6466413148,273707.729892718,108388.292435017,28799.1104149045,13618.6910194113,6662.08262634445,51134.6154258703
652,142012.578930895,111070.151073987,68733.2721948959,49001.9477683613,34656.1918233284,84110.6596634384,126021.267166109,101904.04450188,61195.3254465426,43627.4422980591,30958.2516048159,75923.9043488991,117042.892500941,95403.7892642677,57425.0613759054,40973.8675564228,29092.5485873079,71717.6332967945,125129.385777668,104096.686469146,63248.282479447,45079.3679091059,32122.1897428373,80168.0931811129,118837.918301464,97872.98750523,60323.3482277713,43244.1085524172,30870.9002127289,77931.0685478323,117169.260299489,97881.3414049226,60160.1262297852,43317.4942561861,31077.9236581125,79370.4581206194,118379.704613434,99588.0679333072,61996.789868201,44709.6973155242,32155.5086901781,83148.9531140346,115176.355433199,96938.4790595025,60825.7290815325,44137.6903534716,31871.5171209868,83361.8158479174,114281.141191782,96887.0269701772,61006.4798639482,44450.5065855189,32254.1858046143,85460.1227589505,113946.854261896,97039.8013571738,61561.5180254818,44995.4852142939,32767.0216822901,88008.4932064589,112054.998932603,95761.1362257727,61093.3628248824,44834.1582649957,32769.7283475576,89183.6733430959,110838.26286462,95312.8479910915,61121.2123185996,45003.503471669,33012.5763453552,91032.4659272429,109715.616018552,94800.0926566764,61223.6169681917,45232.7823823483,33291.0659220472,92994.0925854901,108349.985690516,93910.0806962173,61010.8418719212,45256.4342307592,33430.7511439275,94588.9900909769,107254.520965472,93399.5961281534,60957.6888462392,45374.825523524,33642.6611360962,96446.1788558715,105958.570463823,92708.6595592642,60848.9159882147,45430.9192084673,33793.4968492643,98152.1143375386,104416.222821305,91790.2485855662,60601.7698700953,45398.5339135026,33877.1647084291,99650.7067301693,102934.798100242,90920.4784092205,60390.8990015918,45399.7300822779,33992.1563754766,101255.718766597,101721.853167882,90127.7440793937,60215.0082974175,45433.4113943113,34136.9289717215,102993.313935569,100496.518969317,89391.5533314133,59989.8464837239,45419.0364559057,34247.1500978176,104685.348538269,99079.1039078894,88505.146179092,59687.6148290528,45320.9197087127,34280.9193959154,106167.152979174,97585.2091877003,87575.4232892212,59377.6966867938,45221.8700624557,34307.5872379488,107609.431234921,96016.6720280678,86555.397657808,59029.9258992159,45103.2886771031,34322.9994561335,109011.257170062,94606.954729591,85552.1903618365,58675.103737381,44989.9788332545,34349.8778747796,110476.636042666,93317.7902501587,84690.9001860081,58343.5880400349,44885.8747858604,34387.1506479636,112032.593098448,91809.9670403227,83681.0110731745,57919.0429023862,44687.1828090327,34341.2662893169,113350.665318001,90156.9530112303,82529.6217280638,57429.3262124573,44440.1032560995,34250.7174075866,114508.01604769,88637.388753147,81425.5598675708,56976.4511851872,44232.7248557861,34194.8043218219,115778.224442547,87751.0573131718,80634.1280860556,56671.78774631,44144.1187537553,34236.8854463349,117420.713375024,87173.0103255739,80226.1306913222,56466.1112446219,44097.6565434131,34305.5224850271,119212.933489666,86350.4225383884,79652.6781485231,56170.6111063022,43923.3070312767,34240.2655353806,120500.779621887,85399.353053546,79008.3349745559,55871.987516051,43746.6394800691,34151.327873064,121547.989610556,84464.4206319601,78397.0401371525,55642.5450047724,43640.6793292351,34119.0380820173,122651.181525543,83450.8888416348,77677.3354251016,55355.8623580727,43510.14324271,34079.2328398323,123653.225632561,82363.1802093514,76879.0322557878,54996.6582972077,43331.9620020881,34013.8013264363,124559.007098504,81280.1866272589,76088.3661405172,54635.0429067076,43149.0382567428,33948.7159020428,125500.54095323
653,307085.729061676,98377.2531080868,24433.1522714409,10882.136610667,4846.45562488769,7059.82561362248,283065.549314638,93274.9896534206,23480.8630219388,10606.781617984,4755.90747832921,6876.83498130771,282462.821820246,94482.1222245727,22741.6444086513,10269.9174313571,4698.47464690734,7007.44682666825,282399.277317784,95735.4781888955,23201.4102767994,10277.6645644234,4605.98687841403,6980.34405236179,281777.667305919,96600.5535770939,23645.0715732995,10485.4197844958,4665.11625943238,6984.55777279913,280872.018506932,97376.1051324388,24050.6393201782,10706.2173882216,4771.78784320547,7070.38011926167,279913.419226129,98097.8521704444,24446.2631505401,10926.0991226064,4886.20175565222,7197.54457374358,278927.562183444,98784.5348105871,24831.5266605854,11142.3750986593,5000.86786407609,7339.1195967197,278371.196465182,99493.5512663876,25213.4251622923,11358.0828781598,5115.98097921568,7488.83454444392,277610.040589253,100199.293383824,25577.0940597578,11562.1716779165,5225.41449678759,7634.06397085738,276630.764151743,100849.93746615,25948.9389738777,11770.1237359008,5335.84995070858,7777.99509474857,275426.9179379,101437.760447647,26315.0494972776,11980.2912898847,5449.14233752959,7923.5451882089,274109.889577885,101968.652321901,26677.016249449,12191.5534116086,5564.74421238455,8072.11384396556,273260.493814909,102524.243585655,27035.8604059051,12404.4266135827,5682.75575300307,8228.04861932727,272078.451944322,103058.655863664,27367.3098637308,12600.3514274114,5792.64461003436,8376.05213182756,270583.01943169,103514.71101944,27709.2703455519,12801.2778044298,5903.7640075806,8521.89973693009,268868.20800686,103894.950137647,28044.198985626,13005.6751126167,6019.00411116678,8670.7672783174,267045.46092397,104212.277444086,28370.615339829,13209.3620608967,6136.20478996021,8823.25590460722,265755.319229974,104569.244485411,28695.1158703571,13415.0465410071,6256.03981307929,8984.722015324,264150.691534445,104899.852271428,28985.6237162166,13599.2274390088,6365.17570838443,9135.70231793347,262345.971284042,105169.018299004,29288.2241559405,13788.5203080697,6475.12459805653,9284.46829513998,260216.864608561,105349.529288383,29577.8820526345,13977.52311916,6587.14768806247,9433.13377042628,257945.027827693,105454.122521255,29862.1857259541,14168.1135994271,6702.2445332667,9586.12324178191,256081.156813342,105578.666820547,30142.7573968436,14361.0151941183,6820.82098571945,9748.84494596894,254075.785773506,105687.906291737,30390.4300853693,14533.9702114928,6929.8589619459,9904.19524361981,251668.277581201,105710.543955944,30635.3128877328,14702.8527747469,7035.09441806505,10051.958715135,249092.176480258,105650.073116888,30880.573680953,14878.7768959271,7145.56902457814,10203.2719002901,246760.196249403,105559.780603907,31119.1323634398,15056.5923316013,7260.20596557342,10362.9807920191,245839.854484723,105694.581079079,31368.8053718866,15240.4368645793,7379.40368606878,10542.2300451002,244862.728996131,105894.252599458,31555.4961354436,15374.5950879338,7469.64376129691,10692.0598274739,243753.481614452,106087.50744416,31773.533149572,15513.4956886138,7554.33356903103,10825.9064665052,242383.176267243,106202.637766569,31988.5203815355,15658.0801199172,7642.56966633951,10954.2620405063,240801.181391582,106244.841481738,32196.4090404678,15804.4558611925,7734.63274588216,11085.4705159553,239094.044892286,106229.770212737,32393.9982546799,15949.86661522,7828.73312659232,11221.2677425163,237287.251421984,106168.016050288,32578.8287562937,16090.9176892843,7922.30814935508,11359.4564626591,235387.359925865,106062.510054676,32752.4415697751,16227.321562134,8014.42554536599,11498.0840996648
654,253871.27685591,139953.975785283,57820.0928334772,32815.7443982464,18443.2207403126,26003.1363423672,216492.159905663,119313.834024535,47870.3007599125,27204.3705238457,15341.4347706427,21992.6975242742,232195.446021261,131079.20666596,50787.2783629588,28873.613765983,16347.6954243183,23495.0278198868,219631.791501096,124807.428781455,48933.7857735259,27417.8701878562,15480.1535237254,22653.2925853358,225164.296603598,130147.834851981,51088.0691540971,28646.6617579884,16067.7148649809,23425.2541157588,219156.554438279,127533.071172609,50988.0482191889,28649.1515545093,16080.6552215209,23410.866764138,220342.915166802,129717.867515756,52184.2555049841,29533.5984950172,16652.104796319,24211.2726360358,216802.900041088,128619.808532102,52417.8185504001,29799.0275893415,16893.5951013949,24717.8526613633,216732.358011088,129688.69463808,53241.4713659837,30449.7043863668,17355.3330088872,25570.032438403,214500.260059167,129311.982624984,53598.7503488373,30788.8180241929,17639.4833213307,26237.9335542569,213469.989954486,129811.799155472,54208.5091463371,31287.5012272228,18007.9968464071,27019.6965655827,211337.73384608,129576.186656448,54624.2697444527,31663.1739070904,18307.053704353,27719.3413060495,209666.684505458,129647.04328216,55121.4994548434,32107.2300700052,18649.5262576109,28480.6573069468,208036.442840119,129536.921020234,55576.6424644637,32524.8657010723,18982.7393013088,29255.9029814806,206439.24386328,129502.555824072,55974.4001011312,32911.5616658215,19299.7095170597,30022.5178464661,204441.047863956,129294.437959865,56340.470513276,33262.079064925,19590.2634156456,30759.3938170541,202330.770296976,129001.654679899,56699.4672295486,33622.505470803,19887.3349719514,31503.6431681539,200064.154729109,128576.240793055,57013.8029122982,33966.2872036222,20182.0822759729,32258.4026840959,198267.76896851,128263.639715301,57358.2736506301,34334.9511500693,20497.2486479494,33068.4458022976,196314.283853612,127884.064819033,57608.7766890605,34640.331439666,20776.3706615964,33848.3512360002,194206.766995722,127454.864716105,57850.1943236351,34925.6669416058,21036.2561435932,34603.1703242056,191846.859814095,126881.05930911,58061.0507808878,35199.4038621203,21288.5682983434,35344.5103846384,189328.612110096,126184.936453505,58233.0559512908,35460.475056742,21538.5080420751,36087.6836865284,187134.102965028,125542.055526273,58425.8221759013,35743.0705502045,21808.4126101944,36886.3213493649,184961.651527655,124891.995481357,58549.8410944984,35981.2204199803,22054.7277624998,37674.5164041552,182468.87967881,124127.246911666,58618.4143136277,36168.7508635199,22264.1089323943,38413.8538452006,179825.833149546,123250.672813176,58682.9174168683,36357.7435894853,22471.4275119877,39147.5232260387,177277.225372004,122322.650065923,58730.2500256232,36550.8434976586,22687.9941585682,39905.932668119,175890.667226557,121781.227214008,58892.9263425306,36820.2941644053,22958.8424569101,40789.7872476219,174743.239028704,121433.506020265,58970.1583443949,37008.2469530495,23174.6294465965,41611.1286586647,173421.061951245,121073.846656093,59039.4496457714,37141.4592794987,23329.9642303197,42303.9985497024,172001.974453435,120689.565502657,59155.4739504673,37304.7813606848,23490.807960984,42952.3646142452,170340.794033657,120143.57941923,59219.0226266709,37450.6550930746,23644.4396163207,43549.1969170424,168596.285013912,119540.392112488,59270.6344757329,37599.491195599,23807.7547441432,44159.2098614124,166779.401272798,118857.504579922,59284.3841278651,37731.7583192864,23966.7374831756,44775.5041800079,164899.302593088,118125.701205951,59266.7556427282,37845.5196629076,24117.5861553871,45398.2790879402
655,338292.683267358,105312.26761899,29672.0593121675,14050.1371665119,6788.98566863592,28454.0087176151,313025.429607574,93537.4510150585,26084.6514234936,12512.6182743248,6092.61511497892,26740.5840677346,313889.426351428,94033.8263962413,23786.9616900486,11567.9535277108,5804.66255115241,26914.7195699395,314514.730364436,96104.4530204126,23602.9079694965,10933.1351537497,5365.37515968437,26899.5002126999,314104.13813709,97244.8074024007,24064.9433792489,10989.6029815562,5245.30344039496,26878.3433179661,313305.858833084,98154.239813904,24503.5240243883,11196.1866318845,5306.02227060601,27036.3695060568,312459.287243347,98986.6214439318,24918.3799161413,11417.2588515109,5410.24083846213,27312.3405003564,311581.399439705,99773.224810469,25315.3322414968,11633.6996939973,5520.32655994334,27630.9707036605,311179.966642769,100577.858979436,25708.5979322908,11849.1521352744,5631.70682128376,27981.2692256702,310444.526233768,101336.153683291,26070.7216345212,12047.5053928875,5734.91889582444,28311.6255799734,309507.44151701,102059.795613602,26444.8567185589,12250.4076640118,5839.10500595947,28632.9998696579,308305.876572716,102715.134593101,26812.9576391019,12455.3566547758,5945.74574930031,28942.6483377643,306984.509168193,103325.303441448,27179.1148302785,12662.4179884008,6055.14825305238,29246.5645497257,306165.702662767,103952.968947213,27545.3503905303,12872.6687754434,6167.87759743506,29570.9148772927,304918.169066645,104520.158026584,27871.5734212066,13061.3223348024,6270.55871651024,29865.0088037194,303362.599005409,105038.390827923,28211.833951974,13254.9818069709,6374.07888040135,30144.2525251452,301538.963943731,105474.495160759,28546.6852529792,13452.4823224221,6481.30811763903,30411.7312353101,299611.023899251,105858.644648155,28875.2757012954,13650.7898668444,6591.27344064935,30674.0374057689,298242.311000108,106270.395022551,29204.094987216,13851.9920436079,6704.4902332406,30960.5031893085,296508.221903969,106625.35921628,29487.5594071102,14027.9485816602,6805.55567862082,31215.9800023506,294566.890588086,106945.612421659,29786.1709164295,14208.3392358607,6906.6770667406,31458.9703777103,292256.461825085,107168.220500159,30072.4698582387,14388.6767609713,7009.33253090844,31681.9948243187,289786.014703822,107328.797560893,30356.3148497974,14571.9405134063,7115.6764455804,31898.051053533,287741.852516262,107495.577113581,30638.4500309596,14758.7054015822,7226.18779381303,32134.20876913,285528.732334548,107622.513827075,30879.5412649432,14923.0998727164,7326.461814635,32350.1818714059,282898.797184035,107683.939484022,31117.383424268,15081.917377639,7421.93849620152,32538.5913610594,280066.300174608,107665.616432423,31359.1964073355,15248.1786379971,7522.03230778947,32716.4353445639,277486.512358312,107632.518449389,31600.6823756929,15420.1794083327,7628.15967773204,32904.9960731651,276438.221228306,107782.438846621,31855.4721088941,15600.2937683399,7740.67088383511,33167.8814135768,275305.625850086,107965.080868314,32028.9634827259,15725.9634693805,7823.46018404812,33391.5003878377,274098.578882945,108188.961488955,32241.2230387318,15856.3373728011,7900.21190460998,33596.0781464687,272608.035245599,108329.614631537,32452.8610418698,15993.3126074526,7980.08714287141,33777.257949566,270858.58572603,108400.119366245,32657.2239562454,16132.3696546267,8064.06650887807,33945.5499956288,268973.230225425,108411.880733072,32854.1791896876,16272.0508195374,8151.00035235918,34108.7094598387,266966.874554513,108371.693958647,33036.4385468784,16407.0042382772,8237.56574260468,34264.7675085353,264843.877870627,108286.094804694,33206.5619382539,16536.7284821594,8322.44365734755,34412.2863685707
656,355205.376776952,76571.846153726,15698.1383738513,6715.09594619078,3054.92903346734,16067.7496851224,336893.855101753,73795.8011476281,15410.8431947577,6711.4720142437,3076.45022596099,16030.0062356392,337680.854601392,74294.1527546656,14382.5562103644,6294.71963961244,2957.73000416837,16221.5356929281,338136.112875518,75325.5500487725,14497.4024323113,6110.49098334591,2799.85921290694,16317.9682900731,338290.086766925,76031.1609183869,14714.4975051582,6174.11177576709,2786.15820462066,16453.8756313325,338109.588684127,76669.9901974849,14900.5523865997,6252.30518633606,2812.45991771215,16643.9740112804,337870.182812472,77271.4604107028,15080.7240020335,6329.72868178573,2843.86654786914,16857.440755817,337609.285771055,77853.2848510856,15254.7936974987,6404.84362141329,2875.03982497132,17075.4287522501,337835.413547261,78451.5541088441,15427.3222597295,6479.23656137011,2905.9894275202,17301.6245176415,337750.16432353,79035.9783698805,15587.8326772401,6547.1449353419,2933.76121035552,17516.1795004269,337402.374507236,79587.590837035,15756.4030386424,6618.20285611956,2962.2496642896,17724.0172299902,336823.269593698,80093.4643668273,15922.1228512124,6690.55703953013,2991.96846462026,17926.1378692825,336152.603643126,80570.8873447597,16085.2882247959,6762.84920400385,3022.25191030076,18125.0136382729,335969.189411961,81058.3357131831,16245.266090456,6834.46291787283,3052.68106357233,18330.7279318197,335370.30363018,81520.8190312167,16388.3443594187,6897.23856892191,3078.97815948449,18521.2001755411,334424.40974453,81941.0096395791,16540.7432845142,6963.42051422442,3105.93208501533,18702.9563502291,333242.636245822,82305.3781298918,16689.2819889033,7031.06214212667,3134.32579354835,18878.7840780442,331969.591113377,82639.1211248134,16833.126768317,7097.72384666494,3162.97736434501,19050.7542702506,331236.739672081,82983.2655291741,16973.1976277903,7163.27067545321,3191.49895380045,19230.3317078715,330151.802874578,83309.164358144,17094.1611111811,7218.66322158836,3215.22625030443,19394.4152475186,328825.547391806,83601.727263456,17225.2722237888,7277.40423628417,3239.40024964144,19550.7705385267,327121.843265559,83830.9088546201,17350.0546168426,7336.38537062228,3264.3986153524,19696.6769476011,325274.300421433,84021.1423338467,17474.2994152937,7396.48711722174,3290.5536866352,19838.1133435121,323858.008609803,84204.9100141265,17592.3535860203,7455.39389198503,3316.90295138851,19985.0671483515,322255.824981115,84375.2917092137,17690.722788184,7504.01101708226,3338.60542453971,20120.0055584175,320203.906780396,84502.3209310044,17792.6938206096,7552.51835425016,3359.14105573688,20240.61221034,317940.190905481,84571.4683712055,17896.965293068,7604.98585655372,3381.90403873316,20354.8427283032,315978.22093084,84638.8686643152,18000.1344093856,7659.14022870313,3406.53765959028,20473.0891643115,315506.467269903,84794.6433862127,18097.5414828704,7710.64121446017,3430.60857068291,20617.4425231263,314915.541281879,85014.0848088436,18162.9935922771,7741.73945544155,3444.3436440756,20743.9072086668,314173.247753623,85249.3830768165,18259.7824514349,7781.95479321465,3459.16169236037,20862.7645006324,313132.522476355,85435.7815257427,18359.7428478205,7829.03904418187,3478.20416369806,20973.5269952093,311838.063494275,85574.3746018222,18457.7441059236,7877.95873957201,3499.65216950316,21078.307658137,310394.768141625,85668.5270196021,18549.6049318515,7926.04066945939,3521.79343197993,21178.0357617951,308830.081646714,85726.8784802227,18632.9146598109,7970.97872866158,3543.08846688299,21271.7804683744,307146.035281345,85755.0462286077,18709.786984694,8013.0569832064,3563.19483732456,21358.9629093131
657,240362.830914535,123276.709492659,47239.7435575418,25714.9001421245,13877.6947863953,18984.23637104,212666.684456273,111567.475916288,41711.1227660481,22725.5172324516,12282.1477792246,16905.5509071931,217661.982078331,116833.374732039,43081.9812775416,23722.7924100603,13008.1437288402,18150.576418221,211754.412892138,114163.877765547,41979.0200146947,22883.7944438487,12531.4464571129,17848.4914833758,213491.44279425,117311.854397073,43658.3407276621,23724.5122317636,12926.8989707755,18484.5609295393,209723.724539505,115835.306139626,43600.9268943755,23834.3977921361,12996.6017856237,18515.7428967936,209777.648545474,117456.638197576,44695.9372602487,24550.3262726996,13458.1530935026,19205.8485092288,206924.966538476,116643.058558051,44839.2913523825,24781.146826581,13654.5507391123,19571.8682773346,206630.191245976,117660.491832526,45671.1361470253,25365.8169512846,14056.6223655857,20294.6293503597,204619.191288515,117324.384849338,45924.7654746034,25640.6859643316,14280.1990134352,20776.8031341481,203623.569612832,117918.775558417,46563.8934189319,26108.6334716103,14611.1062419682,21430.2825616753,201565.906597701,117660.486667526,46890.5901803419,26418.9279313967,14851.5200902358,21946.6234851466,200019.69444708,117872.878282517,47412.1690821005,26838.8835382589,15160.7290136232,22576.37321566,198435.84443104,117731.614628856,47791.0590846014,27190.0166597616,15433.6295928705,23164.5864497813,197007.825686963,117866.573169428,48215.7130293044,27558.3467612241,15719.5166366387,23792.3957160959,195028.171084423,117641.732174743,48535.1408403863,27859.0864815178,15960.4578121889,24354.5645640085,193123.351844125,117515.156358546,48918.7625875761,28206.658392212,16231.562003213,24963.618600224,190870.041360781,117111.964368715,49198.404199079,28504.0602572511,16478.9990143009,25545.8502509748,189266.714367412,116938.737409412,49563.1493895398,28855.9570014539,16763.547126768,26206.0471986085,187388.132023805,116630.008238458,49801.5122523013,29128.6136108242,17002.8881726651,26816.2665091607,185423.398687583,116320.692398017,50067.1996151698,29403.421890411,17237.2907647678,27424.161649902,183164.947319981,115839.899820654,50283.2651029114,29658.3068064821,17460.2315200288,28010.5391199667,180767.386842516,115266.298377215,50479.46892736,29909.7644324183,17686.3229096584,28608.5331192147,178728.588345565,114738.253659979,50689.690620314,30178.8977844724,17928.9144928051,29251.6505258268,176683.969312939,114221.111187452,50839.4720101587,30407.4016409956,18150.106050561,29884.3630418349,174304.486455444,113573.823246623,50942.7362149506,30594.0977058678,18340.3440257129,30475.3622726526,171801.782939375,112832.507130835,51046.8571119534,30787.8209595673,18533.7121877164,31068.8217447764,169353.687392947,112021.193628178,51122.3315374329,30976.9045701372,18730.7669553975,31677.0149647723,168154.999908908,111608.990929122,51316.7173104983,31242.1036511827,18979.8396970195,32401.3046133775,167073.44026361,111352.828084152,51408.1421066303,31416.2437579106,19168.5681589104,33050.312416164,165827.391502224,111067.754869262,51510.8954974666,31554.8394621452,19311.9866537085,33602.9465408051,164484.702785801,110760.98834321,51646.8805657713,31719.7243163086,19462.5174775256,34122.0144964757,162895.301098333,110290.758847297,51732.4009948636,31865.9780731163,19605.9548166059,34602.8051184583,161265.010137311,109792.455032382,51816.3936783084,32020.7540521721,19761.3201520775,35104.1692877459,159535.428245521,109203.766174616,51857.8047624319,32154.6170091255,19908.7412944908,35604.9852641493,157762.711976733,108583.895560158,51880.4311065231,32277.8143135235,20052.1857974205,36115.8651513305
658,219791.474245643,130412.821384778,59031.2486505791,35334.7156482667,21024.8510515886,36677.321217845,188205.006736509,114821.527729636,52347.265457052,31469.0400567283,18801.0979955859,33056.8678075544,194626.841654882,120496.095996071,54635.0139132434,33392.5733503405,20236.5841967159,35865.5212195658,188903.984718277,117449.781345709,53566.3817954378,32613.0194539065,19904.3227031313,36183.6916004749,189274.191550478,119280.028010736,54616.733008757,33300.1782947575,20318.0878277185,37419.5358190477,186838.267697851,118652.37888132,55018.9150690179,33631.3332131094,20552.8530719012,38148.8800908252,185434.250380643,118817.267828437,55562.6054984188,34162.2863167306,20963.3159753084,39122.0818076632,183665.123345209,118635.330329674,56014.4067906674,34603.7099423187,21339.4331860412,40126.0958107307,182343.641791132,118576.737026086,56455.5643483522,35057.2910252157,21725.7771833342,41193.5059399733,180948.71787859,118528.791733936,56857.1676030794,35465.3113173115,22084.3837990058,42264.2761588652,179323.254400504,118343.147611454,57206.702498535,35833.1359523059,22409.2662044475,43281.1593246274,177627.299065266,118125.287017153,57564.1301039811,36210.1841181196,22740.1361190286,44313.1200111112,175764.552888287,117755.187371361,57859.9410835324,36558.1927889342,23057.202105724,45326.8833090098,174354.478530645,117526.876484428,58207.9420974945,36945.633600179,23405.1241359962,46426.1061887565,172721.174550828,117207.408936519,58449.1963047926,37258.3210200673,23707.3438099163,47468.2949685882,170846.76316013,116782.963776814,58665.6928098815,37541.7524558694,23983.9167086062,48468.4992280379,168865.766903361,116270.392186853,58873.2438904668,37829.7996142289,24263.9049336933,49474.7468883413,166744.199916619,115624.650863747,59018.8538702836,38089.6550540666,24532.9634840538,50472.1810812427,165106.004971945,115128.169878543,59218.7832097437,38390.3056921189,24834.5712111969,51568.4622012278,163315.738767027,114585.747848284,59320.5118428236,38617.6290543847,25089.8911340818,52609.1266795255,161322.631032714,113940.970010525,59392.1265525585,38807.8846125667,25311.719358867,53590.010796401,159197.452112148,113219.459118541,59453.6924781395,38999.0246635524,25532.4727714254,54563.0017620404,156896.569798501,112342.305900696,59450.8375034067,39159.0364146835,25738.4725538569,55510.221545488,154939.694363042,111561.620260426,59484.2816669411,39351.4028602366,25972.8630963692,56545.48544521,152981.774980351,110788.411470966,59456.0958308228,39497.2182204373,26179.4835190888,57562.1434095727,150714.833476374,109866.767781497,59352.2732279189,39575.4271419259,26333.8044605991,58483.0859892613,148359.937338405,108874.126228651,59251.3975324521,39659.3985798459,26488.3209755248,59400.6685290948,146106.544778274,107830.814168301,59129.5624987056,39742.9063734544,26648.6985035015,60340.0915613169,144934.685719873,107213.491210116,59158.9519590086,39932.5050412947,26887.3344423453,61496.8300380178,143943.019899599,106816.582775268,59131.3837403081,40048.5717221697,27070.3710362141,62578.9343357237,142700.38299483,106315.062877611,59063.48596672,40086.1568952977,27170.1966006622,63444.3381792283,141437.288561657,105856.578961861,59071.0535301614,40176.5224059778,27290.5478622125,64276.3431055704,139955.370050723,105225.731512233,59021.3110712499,40244.622931774,27399.4649221336,65020.0686671703,138398.770273036,104533.00738807,58943.2964854192,40307.4195900113,27514.3850112171,65759.6285939299,136810.938527201,103799.246313861,58842.4521838232,40360.0209273054,27629.3997626882,66514.887744915,135156.91171611,103002.277487268,58698.4034744243,40384.5913982861,27728.6846665995,67258.9145349402
659,278332.977623257,132078.299138154,47545.5186955849,25141.6691937203,13163.2605782353,14893.6574049963,246800.172573324,117242.245234039,41561.1277273036,22063.8865329604,11586.4840867016,13194.4832741729,251826.749495562,121758.868084601,41562.2802083413,22283.4398848675,11878.1769732413,13769.404080024,248510.785340454,121849.448279531,41448.8981190081,21782.4050255164,11540.0739518296,13673.2120339838,247439.350575735,122975.47311257,42272.3306555833,22142.4375510561,11613.9928939599,13704.7068575709,245859.153240182,123549.53105469,42972.4820130944,22600.8624030224,11854.3522844741,13881.4989734647,244180.525752949,123998.924095692,43592.9120304035,23053.1346807933,12145.7512326623,14219.1335575156,242509.303612958,124401.501384443,44175.0690158771,23487.1673557105,12440.6423087865,14645.67315384,241287.001464061,124854.199108564,44758.5830858522,23920.1560936811,12737.3090244788,15121.5014557769,239863.828363195,125241.846195377,45273.8952958208,24310.6715179075,13010.6174441958,15592.7361781965,238286.578243611,125587.955431952,45796.0751626951,24698.2254403823,13278.5393919346,16064.2020435045,236477.722031607,125813.920922825,46295.9350671956,25081.1063705669,13545.5049556559,16537.4181249975,234543.499086457,125957.455787598,46778.6323873791,25461.4181584532,13815.2578090373,17022.1833545472,233089.116911798,126170.126823977,47279.1264078758,25857.7133092005,14097.9065626614,17535.5327127535,231339.921664572,126290.608776483,47696.0348421021,26203.5417704631,14354.3210287406,18029.005067325,229339.034561072,126341.486599613,48118.3226368744,26545.1064049776,14604.4493619542,18517.5065501851,227119.14674974,126259.027631075,48521.0531636725,26886.3321133791,14856.8227388051,19010.6648883818,224767.302421655,126082.074924109,48895.8018657762,27220.7785197037,15111.1824502626,19516.8707557526,222955.435143335,125999.585899464,49295.3772657792,27574.6311556951,15380.8504841962,20058.8701629726,220902.596849684,125838.838824242,49605.2818821104,27872.0493809519,15619.9850970781,20576.1327359113,218701.418024955,125637.286281607,49924.8522220197,28164.8633788873,15851.1637768764,21085.6066782102,216197.118610038,125282.700674582,50209.6447612257,28446.3113059196,16077.0513739138,21587.6022661912,213532.393055632,124825.152667145,50472.3383209724,28723.7912183723,16305.5602694927,22100.8399317855,211258.391279478,124415.599419841,50749.4094431277,29017.5955394813,16548.8587191036,22649.9472227808,208931.470556003,123977.677465976,50958.2958253418,29268.9266620243,16770.384053293,23187.434157238,206272.520273595,123436.545360222,51134.913895189,29490.1138613785,16969.8174125699,23701.0194766279,203444.553379015,122781.266532862,51305.9473953252,29714.4959324805,17170.630639635,24216.1114452255,200738.477649529,122079.171133777,51462.5848595156,29942.3019938482,17379.5551692164,24751.7612071982,199397.315186631,121759.857250191,51714.9803623567,30229.6052227109,17628.3556775321,25364.9680296279,198149.399439989,121547.825787559,51853.0115207275,30423.5132335953,17817.8749920473,25909.4597285638,196798.996150242,121372.717471276,52021.3863853473,30597.7490327961,17974.9642134482,26387.4396843287,195249.275707361,121102.792402154,52195.6962350253,30780.0508267608,18129.111932607,26825.5781654733,193485.474674778,120724.14205245,52344.268924081,30959.3503809363,18285.8321333729,27250.426648748,191613.383529068,120267.389856225,52474.9305172433,31136.3212911198,18447.032249903,27685.1408595965,189661.776023263,119745.470809873,52576.9415044367,31302.0029408631,18606.2592719195,28129.7364396967,187634.759329718,119169.063511703,52653.0501631406,31453.5038360857,18759.5188058493,28580.0806332643
660,350991.401957078,92406.6128517338,22095.3255401188,9809.45716203386,4473.26447342041,16627.4720516441,333008.363699598,87886.7665683885,21606.8603495977,9804.955615104,4511.52352685543,16411.4877797452,331999.786325877,88913.3661210532,20270.7690624999,9215.78906118658,4355.40530625155,16551.5839153986,331841.0334338,90216.6115659003,20553.0613774001,9045.61114463383,4159.52846447376,16561.0776806068,331389.671464139,91150.0587674078,20947.681414203,9193.11456473629,4167.38074148506,16620.741307239,330586.429900713,91971.1637098368,21300.581059877,9368.70618186097,4240.39013159825,16772.3424804966,329706.522127296,92733.9661746744,21639.7795086766,9543.27086446174,4323.86874111689,16969.5428052676,328793.963026565,93465.9293085325,21970.2750780944,9714.76235988265,4408.01536535041,17179.8896566132,328362.421540335,94209.7807167104,22296.1842995103,9885.09174462063,4492.30037455849,17403.6214180809,327641.754600343,94941.6841811715,22605.3158488195,10045.2003902737,4571.61245797133,17615.8085660562,326681.761387184,95626.7470218487,22922.9823896433,10209.3672378496,4652.04048024604,17821.2503020634,325450.877356003,96253.3133421256,23235.4055874401,10375.1319556574,4734.58609861474,18020.7490750838,324131.467029638,96836.0616905421,23546.0467274192,10542.41084185,4819.13630004695,18218.1001913285,323297.656860876,97430.8233158191,23851.4235224456,10709.618886249,4904.95322565059,18426.4247380028,322053.084553567,97997.0859861693,24132.8568666819,10862.7567717595,4984.07361632267,18617.7662722012,320438.951100053,98498.2707022534,24424.6817410578,11020.5893432877,5064.36022611803,18798.7988213892,318582.700903874,98928.745545022,24711.1086272174,11181.5458756707,5147.93949797488,18975.3982782452,316638.76394528,99311.8650411786,24991.4116134339,11342.1627686882,5233.0758178566,19149.5928350964,315257.669074867,99717.751178548,25267.1625354045,11502.7377069284,5319.41676075763,19337.6780339967,313511.402881703,100096.130753923,25514.565083712,11646.122126162,5397.31395781326,19506.8504653923,311522.699097626,100421.173445665,25772.8138769328,11793.9645888467,5475.93936494676,19667.7246597777,309163.901722459,100665.919420151,26020.8330145814,11941.9119483994,5556.25289807548,19818.5514323824,306652.346459543,100848.721142813,26266.2082834914,12091.7538096837,5639.13754574895,19966.1985714458,304598.258978014,101041.15031853,26506.9702561167,12242.7802849001,5724.39583288468,20126.7613722072,302355.185854941,101211.729755945,26718.0964402236,12376.7798923036,5801.71565362512,20273.7245891337,299646.243948047,101308.718346323,26928.6436469497,12508.2520160291,5876.27824121266,20402.8196137794,296748.009301786,101331.854542049,27141.0151358914,12646.1327952777,5955.19919086199,20528.1670676377,294190.830891326,101344.178772979,27352.0045565976,12787.5155145095,6038.28665537701,20662.4929135078,293238.564463303,101534.321789694,27566.6929859546,12931.094738676,6123.82981788183,20841.0080418064,292162.965704544,101773.871790933,27724.7789795217,13033.4831400791,6186.4768374159,20989.0940440755,290937.656000622,102012.120697873,27914.0646351394,13142.3937209895,6246.22370164493,21122.5787640131,289423.780113172,102181.98723302,28102.7924553494,13257.7611517779,6310.09628497197,21245.0332856417,287648.705333154,102285.765898027,28285.3428737679,13374.607452434,6377.20692213111,21361.9939502593,285723.441549873,102335.917753639,28460.3227712144,13491.157470465,6446.16617295982,21476.8080208676,283686.552301039,102342.587904268,28624.436469308,13604.2565994713,6514.81551166764,21588.347743393,281536.116320281,102309.000946481,28778.5517385611,13713.2238505782,6582.11522544109,21694.8916597957
661,123865.557984966,100830.410810318,68637.6139758406,51748.2789614435,38779.7769004629,115022.658148327,126952.8742639,107110.36037351,69455.0903777978,52437.5875751519,39392.9582860074,118080.820054592,103039.722676485,85949.921107871,55999.4508956269,41927.8101892431,31372.5566383177,94383.2556694305,111901.14592517,97443.6992992548,63316.6925474823,47290.6583855212,35376.8286134095,106811.817749408,115268.407722084,99484.2301326467,66707.3577935052,49985.9095356518,37348.1156226635,113232.651628146,105337.735694222,90447.3246444952,60487.3526995832,45839.8817553885,34490.3435623511,105159.452800846,106683.85801128,93433.7795375592,62483.392448449,47369.810247718,35821.2630252241,110500.452660094,108449.514716472,95101.1720588558,64646.750657865,49148.2783307982,37233.8004497885,116230.314773941,104131.499023515,91054.1524972182,62134.7975441732,47572.1471051461,36218.546701728,114418.623628915,103131.3094214,91012.4215232812,62129.0500835687,47689.8788887816,36474.6732410008,116873.667002654,103683.600093958,91937.0458891287,63297.7949059835,48679.4240162572,37320.2223206233,121278.228904287,101518.777575938,90116.0650536526,62408.9239029813,48202.6333736101,37072.5809232589,122065.250483229,99630.2192014682,88940.2468687448,61796.8864341633,47886.034809594,36963.0750652518,123350.187241259,99246.7678251063,88955.970224478,62197.3263835047,48326.6328292498,37413.0742917962,126551.934610384,98205.2467554032,88229.8933401856,62004.5089303195,48350.173020528,37550.4952214711,128724.648560329,96473.0438608059,87017.3044364048,61382.9273957102,48009.2874068942,37406.81545489,129972.177587183,95216.2454492071,86306.6188891491,61187.5100060182,47981.0748318686,37489.602165599,132006.506903142,94002.1994755754,85540.2974401202,61005.8606032443,47988.178348907,37601.6399058041,134137.012609567,92621.7153399734,84461.1594341674,60544.9543599571,47792.1739964169,37568.582781452,135787.665212735,91446.3942258717,83679.604362669,60195.4244371551,47663.2520125126,37589.6589796625,137709.400064254,90269.5268191544,82913.2539436035,59904.0094025401,47549.2487480995,37604.6787659108,139644.376193939,88829.2665071668,81894.5938950861,59449.3741228546,47316.3638407616,37518.445821604,141173.824440305,87274.8457101334,80782.2142475613,58932.6051490266,47040.7236422134,37402.3947741051,142572.584490667,85968.5684038168,79785.9543060256,58501.2696510261,46840.5122133042,37351.4198739563,144239.601757724,84807.0931015943,78932.7538434917,58103.7469406868,46664.8483163065,37324.5861035875,146058.90966279,83416.087018226,77922.2606970339,57583.9411506482,46366.7603125747,37190.8107440306,147503.64577075,81844.7567378285,76737.2693409681,56971.2901976685,45990.1281290089,36983.7594633649,148641.051421652,80381.2151491779,75609.9507433004,56407.7875988027,45665.0911897938,36820.1485386737,149933.354922649,79493.6776611672,74754.7616240484,55999.4718074448,45470.7022027181,36768.172133647,151712.531069318,78995.0937549413,74354.4275423416,55748.9172799838,45377.2616342932,36794.9914722022,153885.381359453,78297.4417173309,73836.1155676628,55429.1892132649,45162.0063826112,36688.6503221932,155474.655058216,77369.8548869379,73137.6628567271,55024.9580409949,44875.079126708,36497.3173553303,156510.473651262,76455.5201587537,72483.3769580103,54698.2618919861,44667.6513432514,36370.114858497,157615.807260952,75568.7337806358,71825.5767030548,54399.0373610496,44504.4745136908,36290.5031696797,158805.708424359,74590.7412297465,71058.9823102404,54004.5234485447,44277.2510793156,36172.8298775739,159803.057720226,73549.4849966893,70233.1948564609,53548.7095084232,43997.9073091168,36019.0343442471,160673.32715791
662,187381.986724299,128213.86973665,68104.6883582352,44326.9990072452,28664.8622565551,58682.5782906286,167233.335676854,120145.899312905,63176.7780081128,41281.9948769848,26829.9138371434,55531.5190939727,159687.976733017,113720.589110062,60453.0591716142,40039.4963199633,26243.1785130771,54635.3138464145,165625.501779188,120450.852653383,63971.9843914283,42401.5330997669,28113.1574465296,59977.2199697716,157770.755093443,114203.415751295,61202.6892025468,40645.0529837101,26963.7385448036,58595.2664709334,160326.832773491,118108.195112255,63568.6101819333,42303.6175441127,28147.9277102249,62008.0666395456,156707.681460805,115573.27243091,63022.7508682549,42124.9606173944,28094.4531609643,62518.1426835178,155650.2201552,115865.406047528,63523.345282813,42688.9139599674,28614.5840323933,64305.4451885628,154494.345766014,115575.801243265,63952.5178623641,43156.8475070793,29054.5715113294,66019.686646997,152857.143254128,114958.199479111,64003.9080959045,43397.5236978905,29349.9171003879,67440.8752581561,151644.647549161,114820.731497387,64351.6100894389,43794.1901127181,29740.842097521,69128.1166897228,149929.844551466,114186.632484836,64473.4237395347,44050.6516373968,30028.2561634647,70569.4921379331,148235.070167759,113624.70271973,64616.3144746424,44330.7773124388,30339.925338626,72075.1664413942,146858.249018251,113104.419376995,64795.191253521,44640.3712561216,30676.022014347,73671.790585983,145453.707180732,112620.333292927,64902.8776665668,44899.0518262412,30981.5544632622,75242.3679204823,143724.543641379,111941.937980802,64921.1424016194,45071.3693335391,31217.8635768498,76668.8098743909,141952.504212203,111229.567848276,64958.4172062052,45265.4023489589,31465.4318045294,78118.3182888141,140043.600107571,110379.819311418,64925.8453421945,45424.4376869138,31695.7978570117,79537.296127961,138440.797827881,109588.816887203,64908.42490607,45600.9362169836,31945.9515964843,81045.3988773715,136953.282269864,108947.591545964,64889.3146677395,45767.951571873,32192.0941283324,82602.3201269335,135133.293947995,108064.851133192,64743.4944126552,45819.8051932383,32345.4002623599,83946.8212182995,133260.434005868,107179.214046883,64620.665350241,45892.297620231,32507.4510950937,85303.4115897335,131229.30609909,106144.345020446,64436.3986712921,45931.9277010088,32650.3464817195,86609.9017736964,129398.860292848,105113.115657652,64242.6824994458,45976.6558366388,32805.1604723539,87975.5971015042,127757.277299909,104251.431586523,64070.8776573735,46032.1863569288,32972.6921957803,89433.4863546721,125775.147400813,103178.262010425,63767.8453262754,45969.2135375152,33045.8559802562,90671.4250847958,123672.444470368,102004.164920952,63443.5980685696,45890.7744971158,33100.2270710673,91850.267739632,121671.802499487,100843.388737866,63137.588659683,45840.0098621424,33179.4118639362,93100.4113473542,120443.661609183,99946.6585795581,62936.1946655459,45871.3572404993,33325.8621604748,94582.6002808199,119700.417969535,99547.3638909422,62836.7390111069,45946.8157938807,33501.4288163342,96218.9348845256,118594.041837243,98917.4150475437,62605.4893022164,45858.2409909935,33522.2940731206,97396.2801246242,117437.440182134,98316.6043888217,62443.0765465615,45817.1202094453,33553.8570766741,98479.5528310151,116223.337024765,97675.9891254945,62309.9341958331,45814.6958999676,33614.729191384,99535.8549233888,114841.819032423,96861.0204674884,62079.6623818558,45761.7344165611,33650.3234166375,100463.83201284,113449.515743015,96037.4845753387,61832.5373347722,45703.9626924929,33693.0692951226,101419.156779079,112040.306547172,95185.8029808221,61565.5456316851,45631.305511625,33728.8938523233,102388.008283674
663,205426.421642084,129361.137221794,65131.3644786981,41172.4782226288,25856.1782446818,53800.8440578368,179604.938714838,116026.929668461,56167.605650306,35459.0344282762,22323.6625703351,47106.9631393638,181874.67171623,120108.908343512,57489.1539861135,36408.7601176833,23022.9405259578,48837.6760556828,178592.034519826,118885.612991051,57346.6206230204,36066.7135145971,22810.0735547119,49018.2490728627,177136.239336275,119234.421641583,57981.8678624724,36519.0479113487,23054.1036648242,49771.8424500784,175711.457122132,119329.083397735,58686.9045042899,37106.331553433,23467.5571727687,50754.5462241009,173624.146834536,118785.223624231,58986.795792545,37506.2564440377,23822.7926205203,51671.1025480758,172166.478072964,118752.642113152,59492.110372463,38023.9342775695,24275.0502477147,52942.9387074922,170635.419601161,118373.079214059,59813.1494242685,38420.8009078383,24649.6894132543,54157.0388381707,169324.794316007,118283.868624274,60184.3938855382,38836.0963999857,25035.322389309,55471.3058663726,167631.682271815,117902.697755518,60447.3429787451,39163.1865231418,25352.2043690204,56663.1186712127,165958.137859306,117565.508186187,60743.8615981565,39520.8111115315,25688.1835962819,57898.7463126514,164069.115613472,117031.616567534,60956.7501677703,39831.556504739,25998.1400408858,59087.4836364514,162669.807230091,116669.013337893,61237.8373804241,40195.1812205517,26349.0137285747,60399.0000965813,161085.24613093,116253.858241585,61417.0753572293,40482.6986735253,26651.8019056129,61644.2461363929,159201.279085381,115668.021574886,61540.857379594,40716.9120376274,26910.4257841305,62799.9187814106,157273.160104432,115047.141320932,61679.7407490267,40972.5732623726,27183.1432142092,63982.9666655602,155161.582021037,114248.273758336,61731.5469929144,41182.6272216312,27433.1160998641,65125.5741631237,153554.288315403,113628.836048812,61854.1476442184,41446.5370939572,27726.133688747,66408.8880064163,151825.660394541,112998.278347837,61886.3424181575,41638.1367580482,27971.8396300248,67630.8313268771,149864.434472077,112212.153013396,61862.2154136557,41771.4558376756,28167.1485237847,68746.1141116794,147813.672024077,111398.711552022,61846.8209213479,41918.4296527404,28369.2711248585,69868.0530621359,145550.626258264,110383.778854222,61745.1174966671,42017.7040754014,28544.2758859213,70925.9115152732,143665.451886482,109497.364117161,61695.1662365573,42162.8035996751,28758.6317463736,72111.3087543742,141811.050322965,108655.230220279,61594.7990302261,42265.5315595876,28947.2829596607,73285.4311555806,139606.85546918,107617.549655053,61390.4086946149,42276.2620572394,29063.5688255047,74301.0465313773,137336.948194004,106526.713296593,61199.1851374732,42299.9123659398,29183.9332948979,75318.2493497541,135144.739845721,105378.125599355,60982.0139560404,42320.4695721002,29308.5871943076,76352.7076037801,134025.811845366,104675.487594514,60937.6298373556,42465.9620039254,29527.7741233656,77683.5877425723,133120.274946044,104271.883818186,60869.3060127988,42556.0754630446,29701.9921966013,78966.3584604015,131879.778008818,103664.701821889,60716.1143034277,42529.6124778857,29760.4324085521,79917.5382067595,130672.944835865,103159.596298815,60671.2034305242,42582.7583877133,29857.8031923135,80868.7707611321,129264.933003548,102476.762185399,60568.5929205122,42613.0120393332,29942.8844779485,81705.9727102481,127762.837693766,101708.080927101,60417.8572378387,42625.8016972448,30026.783137422,82510.5512219295,126252.145862903,100926.496491199,60257.3613787575,42636.3658442875,30116.8970706548,83346.7916236135,124674.899868687,100069.844424822,60047.8059917349,42613.6746213244,30186.8868999305,84157.2849114915
664,349407.502361787,108605.692442698,22755.5689289094,10079.8394079251,4940.61906768134,45054.2900754241,326182.331718611,100388.410974237,21799.4033648802,9767.97686498527,4808.69785911279,44407.4934399635,327015.906036184,98889.5414673707,19282.3304526664,8982.78200654969,4635.97127136785,44863.9510120917,327144.648686055,100357.420674215,18869.3753922057,8295.28072057226,4214.63638470796,45159.6975704694,327151.464263541,101325.971622484,19126.4953212705,8273.81068814369,4090.121120603,45522.37298625,326879.546907476,102178.146370753,19392.233882884,8370.63411175943,4101.06279955545,46019.9883111213,326505.561917995,102952.858501029,19649.5682199273,8481.08741839798,4140.86574389474,46583.3290573831,326010.687903347,103684.28416706,19895.5748099071,8589.61476635092,4184.43243023526,47159.5535253443,325966.742600879,104401.081298648,20136.692886299,8696.8493115958,4228.41343494375,47753.5751051324,325770.219613325,105142.422083077,20363.2464046896,8796.24993975445,4268.82798846394,48333.037816256,325360.399742551,105844.663546585,20602.4178308838,8899.86680993191,4309.8274181956,48893.8041267656,324708.107593757,106485.003531033,20837.2648546617,9005.12255627283,4352.32637455509,49433.3951158868,323811.972027684,107065.925134854,21067.8148933809,9110.06986073053,4395.42548274457,49950.6174104792,323366.950159011,107616.11560592,21291.6898681557,9214.3301793006,4439.26726610934,50477.2879674001,322698.657916225,108191.257308332,21496.303980794,9308.30927995106,4478.62663980413,50983.0111737428,321688.642693697,108709.237218028,21714.9535891152,9406.60459120566,4518.2689824064,51461.1566755768,320433.909622043,109144.552871506,21928.4973765842,9507.13718112209,4559.86408725134,51915.2837356567,318929.992173123,109513.375385125,22132.2587160638,9605.27961727027,4601.39481061035,52344.2245238835,317902.65999306,109852.561076171,22329.2185825272,9702.05735995922,4643.1540072936,52783.6719091707,316710.725398309,110225.864569463,22504.6373368907,9787.26961117751,4679.73900607278,53203.9515789445,315309.66280952,110553.57646034,22694.905062307,9876.55565180965,4716.28428489578,53600.3535618371,313549.787690159,110805.782669372,22877.091449753,9966.46047411446,4753.93947761707,53965.0539269738,311523.34773004,110972.809217454,23055.7875589988,10056.7962140377,4792.59321373843,54300.8276113114,309833.729888215,111096.45096833,23223.0943586701,10145.1768179974,4831.77859284084,54639.8347073929,308109.594396603,111245.697643765,23369.7225347454,10222.5019938734,4866.2425311997,54965.4442028157,306001.905854896,111351.636664502,23522.9766442696,10299.8457983024,4898.91882964601,55255.5831015103,303642.856841823,111360.882643258,23676.5182886897,10381.2316464001,4933.85327225343,55515.4081950882,301258.539932571,111309.939169254,23818.2765909078,10460.8852160737,4969.65772832056,55757.0066077998,300254.4992676,111322.14789658,23951.1141086983,10537.9393045258,5005.88062943741,56064.1834353697,299523.870194766,111546.768071532,24052.3174403115,10592.4857957432,5031.01061269205,56383.5106308552,298675.543553694,111800.042388425,24192.741896103,10655.7202059232,5055.09429928625,56682.4611258735,297570.670572248,111993.948626871,24338.1007969928,10727.9003450663,5084.33835061773,56954.283576645,296201.982239714,112115.75978612,24479.0148884562,10802.1809573852,5116.84245534612,57199.1724738551,294656.098690673,112169.613524569,24611.6529272795,10875.5541694904,5150.7005673971,57421.5784445736,292982.669780898,112172.547423062,24733.4880044699,10945.4905995661,5184.10578270459,57624.8426461789,291197.700207842,112132.838919139,24847.1446963014,11011.9854268845,5216.28749318196,57809.391428391
665,165647.41532278,128010.259294377,64194.1238113827,40986.8854778986,26002.8575608677,51466.8338081367,131698.617527389,101052.751648088,49486.5251619229,31478.7212687482,19979.8365591885,40046.3460762031,148887.389266507,121121.593668505,59023.2888866569,37552.0461862187,23912.9352632309,47955.4963058128,135171.463396522,106633.833369145,53213.5864295299,33902.9817344216,21607.1034501288,43886.9956501059,142101.152729155,116186.161689234,57585.8540755044,36824.8592467832,23569.5740915614,48176.2728041916,136242.003977344,110290.897032554,55841.5499755151,35793.9779997505,22929.0907247903,47263.2850105973,137439.920812741,113222.641147867,57430.0463542675,37063.3217078289,23875.5741416359,49488.8605470648,135048.04235287,111375.279604941,57264.2724953729,37099.5904923543,23998.3767537306,50205.6521020845,134420.688147343,111774.068768602,57787.159052733,37655.3375229861,24487.2114420316,51697.8641745165,133329.557603427,111429.730098055,58098.8226707536,38007.299464664,24827.146499848,52976.4725571887,131985.125383639,111014.825903947,58286.9797228889,38297.5483398306,25123.6270445522,54161.9322036043,130823.704961782,110768.305235605,58619.5260243698,38672.1794493104,25473.3818120682,55475.7541039451,129316.04363346,110135.238868907,58756.8286703471,38933.8156966906,25752.8155114589,56647.8632439797,128296.747176151,109840.101210123,59034.2917384423,39292.6486633329,26103.6008458688,58007.0076513052,127062.607363071,109371.931139751,59173.7626885382,39548.2537124489,26385.2133193699,59253.9328664388,125639.811853623,108810.937053168,59281.3859783048,39770.7007360905,26637.3513686875,60444.6395093988,124152.897472278,108186.484702741,59392.1030078175,40004.006960288,26896.3917624183,61650.2387073568,122548.54557549,107400.988727453,59421.3677399878,40194.95585823,27134.2432874505,62822.7072195866,121310.695695544,106807.820604866,59516.5653407793,40436.0572995262,27412.9309381298,64128.5496540318,119972.011485299,106164.408687209,59521.8780600162,40601.4326667449,27639.5191018644,65359.7309310171,118464.756594001,105408.058142414,59483.1974599543,40721.1271929698,27824.969830547,66505.5300540081,116870.450581967,104599.04031402,59442.4871323544,40845.7253453203,28011.5258002719,67646.9525460842,115129.375997733,103614.283390117,59323.4594129255,40927.4937101444,28174.0188032013,68736.2916292533,113668.094618745,102760.27264227,59249.4740614005,41049.7872650966,28372.2259449924,69943.9590035278,112221.450598107,101932.517462678,59127.0745743131,41127.9454705802,28541.67863965,71130.3078837012,110509.527572214,100927.726190393,58911.1976560178,41123.3590895423,28644.6081838703,72171.5831809995,108745.955273307,99870.8221250181,58703.9515340286,41129.4179668125,28750.9767764962,73214.7335406052,107063.022384437,98765.9944568706,58472.1391121884,41131.5169831165,28860.8532615196,74276.4938969105,106183.986709257,98107.1167842966,58400.840010171,41249.5544483838,29059.1053878627,75612.1153839743,105470.633145986,97691.1982499489,58313.5247814884,41313.3544001226,29209.8190139876,76879.6203490757,104520.155810394,97119.9487026791,58160.8292309864,41282.801649844,29261.6391906069,77851.1869220856,103567.610415765,96608.9507729477,58094.1031446584,41316.2571494536,29343.583059656,78800.2343335122,102475.599725471,95950.7233384623,57981.4913015432,41334.7325332552,29418.978056779,79654.6738222214,101299.605674375,95203.4026719343,57816.3503196473,41331.3135534415,29489.5889846672,80469.8265666336,100122.259278429,94449.3223778009,57643.8177639002,41326.6751241926,29566.7449075826,81318.452626696,98887.9934583583,93625.7881774332,57424.5366842653,41289.3236184307,29623.5063409919,82140.9998250753
666,383681.031911902,77848.0122756978,16867.346427231,7614.15717153413,3774.22227731344,33208.3669031215,366219.811934247,69492.6444840818,15613.4278857771,7289.48621430518,3664.46069266226,32811.1807685134,363848.856579874,68956.7875948534,12744.3057532122,6073.01068072279,3276.25921143653,32810.7752006285,362662.436534234,69583.0907371807,12476.4450484024,5545.03613361772,2894.12797462136,32827.5535517449,361662.344000334,70004.8592744572,12560.5789419076,5496.35750914708,2792.30496125307,32985.3808436443,360377.771009592,70355.2400252733,12654.2087121424,5519.72445745654,2781.24762518046,33257.0134283438,359005.080965631,70645.8394148002,12740.8577384236,5550.18465926827,2787.17506862973,33574.3576591124,357559.886295336,70905.3833900544,12819.4549276562,5578.41199053374,2794.63709943654,33899.2197283707,356653.292690034,71166.7644162931,12893.1202555541,5604.96542284015,2801.92979603328,34240.6281992329,355530.704863586,71459.9231979802,12965.4595861612,5629.12980077053,2807.73189133714,34571.6568395565,354110.709271719,71705.2635983947,13042.7351181298,5655.6189474891,2813.87536538263,34885.1305814957,352410.756634942,71899.0117312248,13114.0493155724,5681.53070498588,2820.30542909182,35181.5311718858,350528.174033441,72041.5735512829,13178.6482366348,5705.16277070688,2826.10638681097,35461.3048308134,349191.86777907,72182.1600694521,13235.778768482,5726.54684739209,2831.53990166783,35753.6768857832,347532.548825519,72352.3436150336,13290.0656313815,5744.33693847819,2834.88629963234,36029.7452259574,345461.195917485,72457.7339838663,13348.9151153168,5764.28300509283,2838.34933477066,36282.4222360134,343108.520369709,72498.0535911094,13399.4575449882,5783.01261084213,2841.91709715562,36516.3733640992,340582.552366389,72486.0166709715,13441.1251293054,5798.35649348662,2844.36722731722,36732.776729351,338675.309437881,72479.0385725963,13475.2345272928,5811.16546010414,2846.19076619002,36965.3360806246,336492.363780729,72510.9725302884,13506.8680282285,5820.13778682076,2845.67002820266,37182.374645893,334052.538825119,72488.0025468687,13544.5004669416,5831.92169445779,2845.5136125659,37381.0267970408,331248.612994868,72410.6300795315,13574.6351299898,5842.54727212427,2845.41363452402,37557.5233927552,328212.488216595,72267.6910672043,13597.5674044095,5850.83761910253,2844.60730349706,37713.2747318789,325655.40736801,72117.9440825003,13611.7922645837,5856.49144195501,2843.2920552235,37879.636978095,323005.729855219,72005.1775343038,13621.7502461568,5858.05013035142,2839.79307139688,38037.1455144532,319910.218871663,71843.6660389105,13636.2268518656,5860.86282093387,2835.83002046297,38167.357660827,316580.095293888,71612.2334544072,13645.1192860359,5863.8259641343,2832.39790947613,38278.2749790313,313483.62316139,71344.7740083943,13645.6889449438,5864.20584151222,2828.54556014183,38384.0293333061,312107.877436913,71195.1902523011,13642.0402316046,5863.25025744772,2825.10301454916,38557.3800801426,310836.862151677,71222.5792201286,13646.834926919,5859.19824233333,2818.85407031085,38734.0368113288,309434.091256604,71237.2291773191,13677.4748165906,5865.96888681668,2815.62980635126,38898.5878544068,307743.2458883,71213.6675139683,13708.039661774,5877.00136578066,2815.68087889306,39045.0663888538,305765.742308144,71135.6600684162,13733.9976718538,5887.97139545477,2816.93306671642,39171.8011576084,303638.473004308,71013.3032528904,13752.4157847132,5896.9507570151,2818.19410564607,39284.7574792246,301393.382749985,70862.071351644,13763.8760972519,5903.01135708662,2818.53107330543,39385.302541329,299033.851561756,70685.160944775,13770.4289751342,5906.78611609114,2817.82396287175,39473.7164431981
667,145299.940100817,112397.878782521,68408.6673856681,48423.4312197302,34085.7493553063,87033.308175715,126062.699591826,103037.870513103,62347.2008173208,44266.3284825773,31286.1262564495,80643.1616479278,120944.671413322,98305.0620677633,60774.2283904503,43634.1325470611,31035.8286680312,80633.5244894893,126026.170882658,103677.860130599,64227.8891831621,46408.3605300176,33378.4633543351,88481.7625771739,121004.48551462,99034.2850028908,61805.8839169476,44823.2070458981,32389.7750739437,87794.2591625455,119534.081020856,98973.2204986254,61733.4088630399,44876.6729949478,32548.378755649,89890.3745259242,119939.392148993,99941.9029069358,63001.329401775,45875.0278111033,33333.2606143164,93510.2126850529,117244.017515346,97880.9823641745,62155.0623071505,45493.0550559184,33168.7033302097,94277.0425827637,116177.790877332,97577.6476736412,62227.8386027934,45725.2513559268,33480.5552133341,96418.0407394542,115661.609584177,97598.9632045863,62652.0858772043,46185.4352180211,33936.1620044061,99035.8616292322,113923.299923878,96488.2336737496,62290.3234517571,46089.1445409527,33983.7782390723,100452.466233884,112580.656618647,95899.2051807131,62232.3196954046,46198.9007158982,34182.4947802586,102310.460222235,111380.200514969,95346.472636431,62286.9780118526,46394.4788193916,34439.3774521221,104350.494874552,110044.637935328,94487.2936132796,62096.9253353004,46431.2122967141,34588.6874142835,106084.734482856,108891.737406971,93919.6767292019,61999.7824077417,46520.0185070936,34780.6110227111,108007.122547789,107544.632110346,93198.7186740994,61858.1162620454,46550.4137164687,34914.1188040611,109775.897483371,105991.433171343,92276.1068786256,61602.5752119452,46509.2643416704,34991.141082369,111350.506396107,104463.639004836,91374.6925110205,61360.5928187023,46486.6688499951,35088.9116700318,113000.713091744,103195.631473902,90539.9217872708,61150.3328135791,46493.1411977161,35214.0573697395,114783.677429219,101957.199803253,89798.3623692694,60914.3382653879,46470.4208139237,35318.8900616176,116564.716993137,100514.355865461,88893.6124769183,60590.4977687946,46354.3246832472,35339.5495992643,118096.649084703,98971.8635426686,87930.8707399035,60246.6380076753,46227.2554539805,35344.8732100344,119557.201991031,97365.3561764769,86890.6023036414,59875.7690082413,46088.2564854125,35344.1138331555,120987.456351529,95923.1596204056,85864.3608010073,59498.3952345897,45955.8432662057,35356.0540336216,122486.717921994,94603.5875872505,84981.0679068251,59142.6079049432,45832.1178440658,35378.6496900149,124085.223132107,93073.3088441854,83960.0459221911,58698.6621114961,45615.9294702743,35318.995644705,125434.079302911,91382.9467592602,82786.9974484438,58182.3088968474,45344.4872175922,35208.4102935766,126586.644326312,89805.108201789,81648.9695569759,57695.8971508188,45107.8954313276,35128.587677784,127841.587933425,88884.0852128573,80821.4827786895,57364.7059835267,44997.2016073499,35153.2675081895,129518.783090704,88312.9807963248,80421.3650476738,57155.1340041668,44948.7358002165,35221.6285103587,131429.600946836,87485.100902931,79844.0594111778,56848.0693252214,44761.9540644736,35146.2918778376,132775.22441543,86500.5906652897,79174.6777661514,56521.2335271387,44559.4974898815,35035.3474166734,133816.792236359,85541.9861005259,78550.6642316793,56275.4611458385,44437.1304507761,34988.2149797508,134938.365718058,84521.2093523756,77831.7467181049,55984.035793331,44300.459450744,34941.8005428199,135975.761224773,83412.2839155788,77019.5734120899,55608.0636914468,44107.2069641389,34863.3786030402,136880.665186947,82302.1072613176,76210.6865129213,55224.6395082668,43904.955127391,34782.2774075812,137810.160014389
668,296473.703914221,111268.204688498,31598.0727665766,15145.3997888084,7385.97907078109,28398.6987058857,269966.11120325,102053.666405153,29503.9172582479,14364.4637143222,7049.30245937856,26828.9118853145,273047.271721196,105041.329903238,28938.8825249038,14131.84145748,7089.16960031978,27632.6932839242,272893.913363054,106510.851476316,29400.614302138,14058.8468862782,6940.33372230294,27797.5609236646,272231.224347302,107513.535791486,29975.9012990472,14313.0265564557,6997.11628046082,27972.0624620158,271510.660864659,108470.244523959,30539.7024214676,14632.6890378809,7152.45479470325,28281.507831528,270669.649995905,109320.455131746,31072.8175235971,14949.443471137,7326.21096572646,28657.1362381705,269791.276289656,110113.791205071,31585.3420840411,15258.0580290423,7500.78387593663,29057.6390383134,269346.385873071,110952.192948239,32097.029184088,15567.6545121669,7677.41640852713,29491.1975835845,268592.41206104,111722.952231665,32569.0605961192,15853.3050321786,7841.75075666547,29896.4697786603,267652.748678492,112447.560528152,33052.3743985448,16144.1077356694,8007.35116011841,30293.3102750506,266467.203272348,113086.919640576,33525.3813026183,16436.0940710194,8175.74759457387,30678.8664988858,265188.98194684,113658.889442237,33992.2359758121,16729.5162027294,8347.58780922578,31061.2009381665,264371.509711819,114284.996806348,34462.0165412836,17029.0214471339,8525.33272842591,31474.7434684036,263123.543029019,114811.260459353,34877.6923803966,17296.3529070225,8686.87626893998,31846.3353992046,261619.103253548,115279.192342843,35309.3842472231,17571.0831290063,8850.46781425102,32206.750202928,259875.375738902,115647.09355422,35729.7495523461,17848.6942975383,9018.44411367375,32557.3636905127,258043.098600096,115939.72675777,36137.7960026143,18125.2320819253,9189.38002706822,32905.0378033653,256749.207131775,116311.412149731,36553.2070018059,18409.8293165672,9367.36920226984,33292.3524170013,255049.858626223,116572.508847766,36902.864186893,18654.3828259591,9524.51296033197,33631.1158998308,253215.356622148,116809.69803447,37274.7153677856,18908.1833585278,9683.9088188119,33965.2516763516,251015.573668755,116910.383785415,37620.8845160291,19156.2008375778,9842.66316627164,34273.9820737673,248708.770843937,116938.945292612,37962.9509673417,19407.9898520532,10006.7487344839,34582.5442716765,246813.337769756,117010.486569876,38307.3277291167,19667.031524544,10178.3435378423,34924.664677161,244709.202212931,117011.313283909,38593.8979761154,19891.4385965534,10332.5811608526,35235.1257804071,242239.851905901,116925.422102186,38874.4164650199,20107.9916331616,10479.971667695,35515.6513448324,239606.741932074,116749.156234072,39155.6015378602,20333.0257522084,10633.522848312,35790.3518918869,237244.634473944,116544.970999978,39431.3998010318,20562.8101683458,10794.2061433018,36081.9849488736,236343.266531391,116674.047702736,39748.9480872129,20816.4350676905,10970.8377094847,36482.1154562101,235187.038358555,116739.845512323,39943.3972331104,20981.04805129,11094.7976806834,36793.0637777377,234052.469418712,116898.641836776,40201.3398403883,21162.1256583874,11215.6553401536,37092.3434463056,232581.605359668,116908.397560108,40436.945691007,21339.4814544151,11333.7994339001,37346.998505403,230944.320359286,116866.581548701,40671.5757147414,21523.6885245238,11459.5610197317,37597.9156309466,229160.0856869,116741.597972294,40888.3536161778,21704.312691557,11587.1511689929,37842.3262369256,227293.489306142,116569.371943809,41089.7495001531,21879.9566875915,11714.8758583167,38085.6903725664,225323.191594492,116340.492537441,41273.0062786417,22047.183902464,11839.5181856567,38321.3645240118
669,303245.691201518,106026.639736703,30585.5088903556,14397.4199950706,6761.10314796598,12332.4449390539,290205.404628464,101301.49415331,28573.3432442363,13516.3972483126,6360.18502375974,11852.5494967049,288480.426342952,101129.736701065,26751.6005784708,12810.0295652562,6176.58887047087,11865.4567700446,287349.77294607,102532.016178746,26734.6516460201,12348.9302676544,5842.81805761691,11726.4939899312,286287.330941598,103452.254652946,27267.9658194163,12501.3294556738,5797.67257926756,11608.7529875735,284989.333600776,104183.851129626,27758.4580190411,12768.9530702245,5907.73624379841,11651.1790402031,283606.2295848,104820.255266704,28216.729619777,13041.5123127763,6052.97584164439,11801.5024452714,282149.507963542,105406.042400866,28653.113812578,13306.789792613,6202.09162939354,11996.6501309766,281150.407504606,106005.445575501,29089.0257131495,13572.6821130463,6353.19503365746,12216.408615953,280037.783672783,106616.688265556,29495.9975973442,13822.2800910455,6496.80088026661,12434.4397815557,278672.773567761,107167.231236516,29908.1261597139,14071.2804307504,6638.49076189622,12647.3155856194,277096.929603187,107647.103469551,30315.8008602744,14324.1997154658,6783.86342908522,12860.9612805289,275329.730461722,108057.042684352,30713.5555586613,14576.5020094489,6931.48746986678,13075.9809271994,274040.287100536,108481.8845005,31116.6304717981,14835.4525954915,7084.62476697345,13305.9198613676,272540.118374849,108903.955845338,31481.0238207542,15073.1543975181,7228.26591031024,13527.0385139783,270681.033485383,109239.727933611,31850.4987600789,15309.6169218606,7369.27457102879,13739.3796466534,268584.681255641,109486.963533331,32215.4020148686,15551.9555142584,7515.50301668018,13953.4148173444,266296.689146124,109653.48595567,32565.479066341,15792.3084893706,7664.11216021182,14169.8840172226,264581.173122391,109853.709040473,32923.7673449699,16040.8296262633,7819.3325751477,14405.7356019313,262672.597396314,110053.838996911,33234.2968990719,16261.889833649,7961.55013184345,14629.5255351709,260515.156646999,110181.505597184,33553.1034451023,16481.5256526351,8100.0825638983,14844.279640704,258060.339954042,110217.545537392,33859.9889060131,16702.829661326,8241.42711572853,15056.5601988853,255374.238991687,110156.718589226,34154.1344798562,16922.8940472075,8385.25326407724,15270.2777004538,253100.588178523,110108.777925564,34453.1659346691,17151.1955888404,8536.46300255055,15502.9371634778,250799.710230161,110063.850998344,34711.3608488547,17356.6137236002,8677.4560334338,15729.6452572716,248092.531220721,109931.898045201,34956.497562182,17549.0486354087,8809.23987482853,15940.2170931343,245182.380609212,109702.976068565,35203.7236943023,17749.0000532175,8945.85579994485,16151.2798825758,242347.762101186,109420.906345143,35438.1487600811,17950.1814350596,9087.30795440011,16370.7740963891,241027.473909537,109371.30116138,35711.6013252746,18174.0767120308,9243.36431642599,16636.9583963022,239858.169975479,109457.949854952,35901.3625828859,18337.5731490341,9365.27623716883,16871.4405349861,238544.528296686,109540.961631225,36118.4398234002,18492.4932380597,9470.74734258034,17074.0014791837,236995.642117893,109554.906496475,36337.8316118493,18655.9287542408,9579.00210260737,17262.1780479312,235196.233511317,109477.890389872,36545.2788546725,18819.6859443576,9690.73179024617,17446.914285338,233274.096586682,109338.3776156,36743.4075329792,18984.3056747406,9806.31367124371,17637.4124118336,231249.27179874,109144.185703634,36924.1139304231,19143.1613989487,9921.478681515,17830.8449142985,229135.186126598,108906.17828883,37091.3331206744,19296.0938581194,10034.8673062961,18025.4348215823
670,222397.937626651,61931.6116685772,13054.6394687049,5434.99223999294,2339.95245323083,6558.20301926626,198641.342736584,55281.7247086856,11949.8160541084,5130.24280362389,2243.24177827757,6235.01261391706,201870.516278904,56495.0896654545,11039.0241293249,4668.81059437559,2097.24985841479,6395.80196300521,203252.865258984,57562.8199418141,11102.2555425442,4479.28348607114,1930.30279851612,6365.69376600594,204112.677784348,58349.4201584696,11319.633316949,4529.22656594429,1905.93896468375,6371.95895814331,204713.634231853,59059.5008513561,11533.4466110676,4616.90544924055,1933.11011447881,6444.0724781431,205291.371836496,59744.9346932264,11745.0663767569,4709.74614884689,1971.07066012319,6549.83683525825,205851.458318411,60415.2431015821,11953.5595799661,4802.25791148413,2010.54213010402,6666.2075531469,206701.184114217,61114.5481478918,12162.6854669404,4895.39243583615,2050.60642430334,6789.47961049409,207342.087347631,61796.2116076091,12364.8043926168,4984.46844584558,2088.69877945526,6907.23145566779,207860.424144424,62463.7829457757,12574.9303199874,5077.61627980469,2128.37684473332,7024.68104226851,208254.098310922,63111.3231460259,12786.7721662456,5173.4217063205,2169.81560062854,7142.21493652048,208611.104559514,63740.0260828032,13000.3445014993,5271.18380048695,2212.61630868902,7260.49048062496,209302.824476496,64406.5569512179,13214.7904048427,5370.23080715474,2256.43468667738,7384.08454607174,209665.252574763,65031.4819254514,13415.2882074952,5461.84998205022,2296.78948655801,7497.6912997002,209839.414588498,65634.0617436969,13627.0792723309,5558.99115703024,2339.2413492457,7610.52537737529,209923.647108596,66217.927172787,13841.6959713624,5660.16251246104,2384.3347343385,7724.88412617786,209981.809637068,66780.6676303128,14056.1025591968,5762.52938411756,2430.6193764747,7839.7918050703,210379.775679846,67384.5527303802,14271.3080080616,5866.0085707474,2477.81193677417,7960.28040272459,210433.327168116,67926.3323333991,14466.5694609505,5959.22108783118,2520.24755756729,8068.2701130057,210402.827651466,68465.1112338525,14674.8484171216,6058.53170605649,2564.9678335308,8176.97392572077,210136.414071375,68958.3729466507,14880.653408815,6159.31072342572,2611.16334420896,8282.97812782043,209813.673287778,69431.595519932,15090.7655179171,6263.80933570369,2659.73855830191,8390.60282424908,209796.293955889,69938.2912589948,15303.3024809489,6370.90239453458,2710.20283234131,8504.44897160458,209533.876307814,70385.6597909909,15492.0588170467,6466.46384030436,2755.62843212572,8607.338195089,208986.638572729,70794.7756652586,15685.1262885132,6563.39154920675,2801.09615935892,8705.03813486831,208364.408029117,71187.1135500866,15887.4823006662,6667.48520891089,2850.48252292181,8805.1450381948,207950.288651652,71576.405048464,16091.4529250889,6774.60002384675,2902.36331398482,8909.4573545296,208520.511626495,72103.7692929328,16297.7967694597,6882.4972069732,2955.10604609986,9028.44889594958,208623.573917167,72494.3081368557,16438.3608399953,6955.05056344184,2990.84278372876,9116.6500206169,208687.138371419,72925.1290807305,16606.2314074834,7035.88467727965,3027.80604579783,9203.48643136314,208524.350963388,73300.9068594338,16774.1492168526,7120.67563175933,3067.42162914676,9286.56969723193,208243.682976105,73656.7546618216,16945.7769968451,7209.7352300212,3110.28605598673,9371.39812016907,207869.993921963,73985.3973893627,17115.7031257821,7299.99690305929,3154.69905553392,9456.61657448086,207433.639429428,74293.9254363022,17282.6246967441,7390.00773989032,3199.63253282134,9541.52664744149,206898.047531107,74573.0313941803,17444.207257238,7478.2374331298,3244.11251751764,9623.99061893255
671,361980.935088255,103589.738303154,22045.9847532188,9774.81629014141,4690.96745770025,35756.2298050226,333387.648436569,92957.4336370229,20245.8725437728,9207.92521948093,4472.88704635815,34488.6651174122,333088.550927118,92575.9304267071,17962.0923534175,8281.7838894364,4196.00788049566,34772.5969899263,333225.464385094,93982.4457360994,17744.1299523131,7760.83802950065,3832.56630114523,34945.9677789047,333081.565912875,94918.527686097,17998.5633856636,7765.92694039127,3738.36495513004,35182.4709125908,332597.328069697,95702.5501625422,18248.6591449511,7861.01945389936,3754.57078263651,35533.7023743082,332025.395999991,96418.7415754766,18487.3360032592,7965.13723389983,3793.65628073887,35944.0982274728,331364.604837974,97093.4419783637,18715.3823046004,8066.59199627376,3835.22077026653,36366.7542496522,331224.213334854,97797.4991904061,18942.2366171835,8168.05878819667,3877.63085195295,36814.1263125444,330815.643054567,98488.7550318764,19155.8097434084,8261.78115983855,3916.18652176177,37240.2010269079,330164.686481245,99130.8588030034,19376.9929795395,8358.81868661757,3955.41270786251,37650.8321381313,329248.364606021,99713.4496748084,19593.5584867135,8456.69154513857,3995.79211490102,38044.4698171846,328185.498258459,100244.095878985,19806.145883459,8554.35456408421,4036.81132241772,38425.0672353688,327653.422981001,100803.589694151,20015.4941690812,8652.04529772669,4078.79717986446,38825.4449608958,326720.114693758,101334.368343474,20206.5049128957,8739.08923071045,4115.56317112003,39194.5431492839,325437.805603943,101796.020118404,20406.7196310906,8830.06805329093,4153.04154414386,39541.7249709578,323898.393044941,102185.901746539,20600.7384056588,8922.17749820738,4192.09510065494,39871.9459613581,322220.712533056,102521.097215855,20787.0441177574,9012.32160036182,4231.13606701142,40187.9823128266,321140.480413109,102895.271016275,20971.2445283311,9102.52490396105,4270.96617902562,40527.6075399948,319737.727119007,103247.419872371,21133.4542907712,9180.07029960572,4304.55097090095,40836.2829303653,318071.254123882,103544.284453546,21306.7002150541,9261.66368823205,4338.62238766084,41125.4242027029,316051.116755215,103758.97791659,21471.2643872788,9343.28501329547,4373.67392016615,41389.9900632009,313822.029174937,103904.904363072,21630.6484211394,9424.44049812997,4409.41394898757,41636.5072823044,312052.586110512,104068.479605174,21786.0928063878,9505.79814921588,4446.34754742363,41900.6386029118,310147.26014103,104221.417566682,21920.6196442071,9575.42202716805,4477.81049225026,42143.329288072,307782.810426905,104298.803325053,22055.495984121,9643.59072637091,4507.22392409492,42351.7800119481,305196.892362767,104300.133273783,22191.8119536801,9716.07779463625,4539.2111201382,42542.8133749506,302809.593944213,104277.01897817,22321.7881058131,9788.65656860057,4572.77576433864,42733.5578692943,301996.536330001,104439.784386586,22455.7236185869,9863.02383240934,4608.37227349816,43002.3010102566,301169.057831242,104679.548432894,22553.9714879035,9912.4198484413,4630.80307804041,43243.8887068737,300194.541029771,104915.520007716,22682.2825256007,9970.31182473898,4653.3994717041,43468.3682511236,298930.127273803,105086.045356709,22811.4869384674,10034.5917022816,4680.18190418282,43670.2964852457,297393.72312597,105187.263830933,22935.7037952724,10100.1276991912,4709.51593273624,43852.3756645155,295723.434966265,105237.028261932,23053.3872404106,10165.0975511834,4740.09424525177,44022.2257383306,293921.299257332,105242.852104441,23161.0285715292,10226.4507297145,4769.87350635514,44177.5909905291,292012.557856891,105209.430029385,23261.2309482985,10284.6653862312,4798.4523624322,44319.4657138448
672,304690.251238034,114088.322894765,34860.165781247,17047.8781308793,8295.18376558057,12662.0100757991,281298.941684519,107139.343887606,33084.7168519375,16354.4591795208,8001.23485805998,12174.9171335102,281253.515284317,108865.800656713,32345.6922021895,16155.200237604,8081.65781928416,12556.5652951459,280686.176487115,110312.313456195,32810.4654724108,16087.5841458274,7962.17939783304,12636.0100140753,279337.466037481,111131.247731863,33412.3483220442,16363.2188890487,8032.36523678342,12673.9004315857,277978.718170338,111917.369412141,33997.7917155718,16721.936184862,8219.12840845988,12843.6422420544,276513.89816483,112584.924925,34544.9689952115,17074.3952984039,8427.58969518765,13098.3902634456,275020.102357727,113196.804433391,35065.9626375349,17415.7614803027,8636.52994086647,13392.9005941839,274008.307185055,113852.707444876,35588.0323957973,17758.3936246789,8847.56391947085,13713.1610984885,272749.634863078,114462.12482999,36066.0617928621,18074.0395682188,9044.62586510111,14024.1271224495,271287.557657717,115014.939130329,36551.4112131767,18391.0878946675,9240.42815999425,14332.6652919985,269583.986422015,115478.495426735,37023.6711937298,18708.3613321466,9438.55963791054,14642.1707735891,267764.889981736,115871.022272848,37486.6762861529,19025.7988612513,9639.92378878416,14958.1465796239,266446.261884766,116309.902509671,37956.3483640406,19351.6840042097,9848.67061750244,15293.7274469795,264769.409246263,116677.025454224,38367.1910950162,19642.7274616576,10040.0681592363,15612.0845003168,262807.386636191,116971.057844067,38787.6102253062,19935.7001168158,10230.0784256978,15926.1516401628,260595.884280306,117158.308618756,39194.5430948385,20230.8216832983,10424.0418402327,16242.7576147344,258264.333543791,117262.632034235,39585.5641015694,20523.8036504506,10621.0425069308,16567.0789891838,256542.558309926,117445.040514285,39989.3585487473,20828.6774612171,10827.6790210511,16917.6017770207,254470.232899991,117549.473213993,40322.0343005093,21089.3361483201,11011.2578056976,17244.4743989762,252229.184470581,117608.998015391,40670.9811833304,21353.9417033253,11193.3497464149,17567.4526875503,249660.682076555,117541.714630333,40994.7474971925,21613.2364742621,11374.8833499298,17885.3941150148,246925.522631704,117383.399468067,41305.0649931954,21871.7868495094,11559.8860110778,18210.4631755192,244648.127283554,117268.963790899,41624.6746112066,22141.9735124444,11755.1640523982,18561.6403850224,242221.169883082,117108.490507324,41883.6471294053,22375.5795679638,11932.2048441532,18898.3829513101,239436.703659972,116858.875073837,42129.8867653932,22595.3798381901,12098.4307718233,19219.6024394525,236452.291389865,116504.769814391,42371.0719223263,22820.1055739256,12268.4881047259,19542.1878052429,233703.115619007,116120.532174535,42607.985078184,23051.1185461395,12446.9420894795,19882.5185582968,232508.181339107,116070.982074131,42902.8944544737,23316.7580872795,12648.0588843912,20281.2081252621,231198.013669309,116048.310091833,43079.9511880244,23492.780525708,12794.9664319498,20616.6847653997,229833.634951153,116075.000122616,43307.5944355268,23672.6493748476,12928.9155586729,20919.4879688996,228198.73106174,115988.428635913,43523.8992500986,23854.2390142382,13061.3881751136,21196.2731311821,226337.340073571,115819.292806697,43727.3579057238,24036.8360360459,13198.4920440583,21470.765895203,224357.866436218,115576.543213431,43916.6673643249,24218.3276530016,13339.1558295067,21752.6469708903,222295.120996643,115279.772646473,44085.0771494469,24392.278355277,13479.0466272017,22040.9646952752,220129.167568152,114928.365503022,44232.8518583766,24555.7132567498,13614.7047262696,22330.4971664333
673,328373.688864016,87865.5324457518,21348.2324520576,9594.81288311098,4476.97707854763,21594.5667662078,310565.975215359,82037.8722353288,20234.9506305942,9310.84734035436,4388.75328479799,21130.8296361236,310151.971324612,82969.8085641772,18615.1517864643,8548.52286113242,4149.81172413951,21298.5399069564,310406.048186428,84319.9223357528,18758.8452744708,8277.23449712463,3896.12767396303,21346.1434192783,310355.565760197,85289.7436405103,19110.7925883716,8378.45544485232,3869.94525365885,21452.8549482674,309993.431746789,86141.3428320709,19436.8601629256,8529.24353067595,3924.11056412963,21661.6463227588,309523.879926626,86930.5189071348,19748.0952602057,8681.94439192424,3992.97729216233,21920.6420391822,309055.856429206,87690.0354907465,20051.9734805195,8832.48119761474,4063.50548604012,22194.9794318085,308994.461627509,88452.8419310214,20347.4069378246,8980.11099687781,4133.49151211292,22483.2934291933,308641.8538926,89210.6583575006,20631.3512759528,9119.8466984785,4199.38146790866,22756.9380083534,308083.692529509,89923.5934188296,20924.7186201832,9264.48253581339,4266.86666441152,23022.263580644,307257.001527201,90582.6399879579,21212.1627043927,9410.07604015512,4336.06941319025,23278.0194124002,306363.93588941,91200.2968491306,21498.585045569,9557.05006544972,4406.92711144733,23529.2722385985,305873.70224038,91819.6398324538,21775.9136744864,9702.03927527001,4478.05090397453,23791.0560866804,305023.467720895,92422.1296608066,22036.4912284491,9836.25825364686,4543.81804263635,24032.7990966664,303824.420402303,92962.2627546667,22306.1508943042,9975.01493788943,4610.80483839251,24260.4634323509,302390.607920967,93437.186458253,22570.7663083368,10116.2747778043,4680.51469088509,24480.2190111973,300887.301613491,93865.8970625385,22830.1877474815,10257.2601819138,4751.47418178307,24694.4844037331,299864.398186646,94307.7278580844,23080.501571379,10395.9721357717,4822.50724347221,24922.9530123492,298511.55279391,94731.2660077314,23310.376507048,10521.2056892592,4886.6441201978,25129.0146505867,296915.896306601,95100.8521043595,23549.1599411565,10650.6524894076,4951.62428338114,25323.391586278,294958.953844145,95396.5130194507,23779.7441794341,10780.5082734743,5018.19374861343,25502.7759133351,292886.740494354,95633.3760516531,24007.9910864286,10912.2592395009,5087.09215237645,25676.3664616528,291207.408845322,95874.5132958724,24227.9790679969,11042.9250257823,5157.08311649585,25862.4218622587,289326.83733573,96096.0144138075,24423.8799474351,11159.2637380928,5220.19020291274,26030.7864883855,287035.18090504,96250.3872960158,24621.6788981357,11275.0393496901,5281.69479790742,26177.7498170882,284534.497859072,96332.6077433527,24818.8973357915,11395.5512236075,5346.66865970542,26316.0834277375,282405.432020722,96403.964072545,25015.5401611384,11519.3221440464,5415.26315044588,26464.2084696211,281689.704998323,96629.7438519464,25205.9575817642,11640.4729899552,5484.0006943205,26663.5522546272,280840.03275308,96903.5508067995,25354.0423487663,11728.4598508932,5533.88594622309,26830.5220111591,279831.272493085,97167.1216672194,25529.9294347792,11824.0141136175,5582.65019084648,26982.6037400449,278556.274729301,97369.1115623931,25705.8368973928,11925.8420930976,5635.70855352041,27121.2706854647,277036.795085852,97510.1788735404,25876.4152961625,12029.1367693626,5691.75366288745,27250.6676838963,275378.092536917,97601.272647577,26040.1121447349,12132.0945127071,5749.39266417427,27374.6011726903,273602.615075451,97650.5002255951,26193.2150710729,12231.5269584722,5806.50653151728,27491.6189184025,271726.955379546,97663.5933918095,26338.3440610732,12327.7006729429,5862.56093747962,27601.5397042055
674,208026.026279873,125277.04113977,59241.3600430089,36443.0605693532,22265.1374934598,40529.1317720258,174355.820124871,105985.671297172,49066.8805231772,30120.4330018763,18430.6515815223,33976.8927345222,188142.089167544,118994.460924628,54189.1080497661,33369.8619487348,20525.6635339016,37983.1692367752,176736.0713146,110839.955110269,51395.6738733194,31462.3531899154,19332.5015870237,36270.6804150607,181414.720277251,116427.752967202,53990.3433730917,33170.7327234815,20390.6543710083,38377.7171936497,176241.06894534,113222.943260241,53404.5540948565,32897.5679045183,20253.613096008,38273.9609603601,176727.70900859,115034.703710503,54565.6110925175,33837.3800798266,20937.958792063,39701.8818072818,173986.602664184,113848.555861517,54633.2802313716,34028.0762840991,21157.0752099031,40413.2550554586,173396.013455135,114386.6788075,55278.5760526756,34622.1217642925,21638.8075859195,41668.0875113962,171729.757770916,114009.41704056,55547.6210660399,34938.0698207062,21939.235313461,42652.6554148572,170352.426428026,113983.238117887,55941.0740552901,35338.3467397781,22286.9555634586,43732.1915324992,168669.983579293,113691.330486266,56262.2603204435,35689.8537603738,22602.7065666057,44760.5564789362,166936.925871703,113346.887226172,56550.4986638093,36034.7462904505,22919.6752831468,45798.846957324,165644.863426058,113143.898620201,56894.4277114247,36418.6267053665,23267.0688847418,46927.0148392439,164061.534445691,112803.054666029,57108.6068229884,36711.6835732738,23557.2653164545,47972.684704835,162287.934040925,112396.064283495,57320.4532477696,36990.4875067179,23831.1970279048,48993.5386582442,160396.068845571,111882.337547354,57513.0448088568,37268.4281065115,24105.4747478599,50014.2571418964,158398.272150854,111249.944254128,57647.859323408,37520.0555928607,24370.2536168887,51030.594135172,156880.846016369,110791.328880142,57844.1102977362,37817.072340337,24670.6156854678,52155.5549015906,155143.973178487,110231.268197263,57921.4768865202,38024.2365779095,24912.4517661342,53196.6886008933,153279.114315175,109622.164428018,57994.646315642,38213.8024626059,25133.5974084865,54202.6151029048,151223.828932888,108896.154056466,58035.7077483795,38389.0016423552,25343.9532567097,55180.2114313492,149044.469106687,108038.92890089,58026.1967718631,38542.1246155783,25545.298795986,56144.0491831776,147226.083287252,107301.311207387,58059.2283349807,38732.4917205573,25778.8798909282,57207.8390398482,145355.359172901,106537.373247214,58013.9407670538,38862.2965132033,25974.3533047166,58230.0212568197,143183.481947104,105635.969280306,57901.1787695823,38929.9528441141,26120.1838984992,59158.3805971224,140942.621009634,104666.340866455,57795.4653601065,39007.4179506957,26269.2663362062,60088.9510361363,138843.945263659,103660.171928415,57671.1088598975,39086.4787981507,26426.3339363584,61048.2806735995,137811.046189361,103115.263141731,57709.4570811604,39278.6144004222,26666.7686673783,62243.7869030069,136837.23239213,102702.953427519,57658.3850448477,39370.7274945985,26831.0942313318,63311.5627466013,135658.556904821,102224.532221065,57592.3237585165,39405.8891366622,26926.5995331874,64186.1822664501,134446.209433952,101767.497601384,57592.388816368,39489.2390180824,27041.1460830202,65022.7165889187,133030.40717092,101147.224528796,57534.1686166839,39550.1649017672,27144.9058314617,65772.9896200107,131553.364686964,100473.497389291,57451.0972208765,39606.8372739957,27255.3120874658,66523.0529174651,130044.045558968,99760.1104572214,57344.2512317837,39652.1484726496,27364.5961005362,67286.8058435506,128466.409177502,98982.2293528118,57194.0263951425,39668.5325886672,27457.0539309076,68035.970485678
675,327403.298898515,105960.851844831,28873.5132878854,13434.8778852524,6325.85050064049,18962.2516165873,305369.447391855,100367.848982767,28151.4652296152,13303.74416744,6300.08795799737,18455.2946710251,303322.940205899,100780.203941611,26687.0100565638,12808.7136897595,6256.1688311108,18712.4080753956,302823.871721157,102262.594591449,26985.1603377911,12600.0124377817,6048.99933717025,18773.2767659524,301865.34427023,103191.448195632,27506.878034773,12800.7070048054,6064.3720208588,18811.0493177686,300603.455874815,103979.77210385,27981.7240107826,13064.6410861419,6185.04200355327,18969.0136889269,299299.309865554,104691.481625524,28434.7978622336,13329.7170727751,6327.1449978321,19203.900613948,297921.933182427,105356.515794412,28868.1868416819,13587.0906523686,6470.15659495948,19465.5078441739,297036.538212896,106035.602764264,29300.1498650822,13844.7502680651,6614.48483624362,19750.5378415647,295941.099822523,106711.393732808,29703.1941875615,14085.3844350354,6750.59128634535,20025.2306603337,294618.962096813,107329.741702028,30115.3892665238,14328.5742623071,6886.36903084563,20291.8304942062,293033.724995966,107873.154665723,30518.8489345879,14573.4807435016,7024.89834710254,20552.7710429843,291291.772072405,108350.525733721,30916.2046965785,14819.1730719785,7166.09742557871,20811.545486701,290073.188217228,108845.009153167,31313.7083730886,15069.2716110747,7311.83667544493,21089.9199186565,288545.078056978,109322.315914424,31672.5419905203,15296.6442259201,7446.82916299718,21350.5623884478,286664.867662551,109718.445008742,32041.0373204817,15526.2581476565,7580.84904133578,21598.0730231123,284531.286400579,110023.377663593,32401.6662375864,15760.072586092,7719.41366259106,21841.4681477896,282258.645839377,110257.512999755,32750.120153765,15992.5862012272,7860.45096954083,22083.7923538996,280573.077673977,110525.099595223,33100.8606840598,16229.9609469737,8006.30364272659,22349.8159613399,278602.882045221,110775.241403642,33406.1369611465,16439.8639939766,8138.56318830166,22594.9706328838,276389.183664375,110957.874000888,33723.2720302007,16651.940510404,8269.15980007489,22828.4754685295,273864.245538936,111043.746527178,34026.0421451859,16864.263554867,8402.0397449427,23052.6011949414,271127.822317056,111042.818439144,34317.2874952805,17075.6192093284,8537.36351376257,23273.261070682,268840.272414189,111055.258598965,34610.6549576462,17293.2141613259,8678.79646236789,23516.0589293047,266450.218710453,111057.720182148,34862.3474420529,17486.7125801899,8809.00587434611,23746.36011174,263652.132782625,110975.844855358,35106.5895401841,17671.1486006519,8931.99168921405,23954.5520810923,260634.196875443,110795.304102578,35349.4315998135,17861.6787376388,9059.3521177414,24157.3323368479,257831.722663949,110581.327783964,35585.8916890536,18056.0779876878,9192.69813808493,24371.260771526,256600.023566054,110601.599291615,35849.1552508936,18266.2288757388,9336.96062616958,24650.1237087072,255381.018482364,110723.558677977,36033.582935479,18416.5615934972,9446.47695106702,24889.8624226012,254034.810324274,110846.986063214,36253.9097263267,18567.3806710404,9545.1987066436,25101.1281746985,252418.767505057,110888.007620661,36470.6691112517,18724.4963891864,9646.6866682854,25292.7056471461,250553.764306005,110847.12162035,36677.6457846634,18882.8355949262,9752.2432340766,25477.4883812844,248564.304683965,110741.389429841,36873.7543393137,19040.8874649142,9860.9042323047,25663.492552523,246467.266812156,110584.398719584,37052.7638294696,19192.9587719038,9968.86811826928,25848.6518541021,244268.700104499,110380.277723156,37218.1073292085,19338.7563641976,10074.6590046559,26030.5440593144
676,374367.87527747,70319.9759104442,13828.6326937479,5757.16726477415,2475.04903936127,6250.78084731014,356738.647709784,67679.4623606637,13507.441660377,5768.06162095367,2507.76750868165,6244.87215098866,356125.065146475,69340.3669659773,12643.490502414,5288.59643504911,2343.38263804888,6253.55145866389,355953.665976874,70054.3181126796,12986.0590335488,5279.59172403005,2249.79368975851,6206.0174882109,355651.305043924,70603.2360743251,13178.1386250001,5370.79609427498,2272.21557979391,6229.29755710201,355023.080714334,71116.6654047568,13331.077300831,5440.54328164425,2302.53782738324,6293.41588259729,354290.463494974,71587.0262489967,13475.7385185983,5503.62322114819,2329.55384885318,6366.92449990309,353540.535943676,72035.631421977,13614.7515954417,5563.68544943929,2354.81497409328,6440.86576911587,353262.81006246,72486.2844034015,13747.481292762,5621.14478382761,2378.83623996355,6515.87103445581,352726.150264108,72960.3964479626,13878.3197648194,5675.90863171927,2401.24670726915,6587.49317177875,351933.818914382,73394.3657933818,14016.0344592983,5734.1589975596,2424.76192120523,6657.0465125909,350870.605878899,73785.2795438351,14148.715552566,5792.42719759561,2449.04459875356,6725.01927192958,349688.16440076,74135.370068887,14277.7260311747,5849.76210226184,2473.32975229135,6791.66016889571,348999.633984922,74481.027592513,14397.6655493897,5904.09232060465,2496.69693306351,6859.78605299008,347938.917943843,74847.5710305533,14513.0963242927,5954.10436237598,2517.75423053655,6923.4250670827,346516.956523199,75158.5655694685,14636.1335484458,6007.93404107343,2539.92743799317,6984.16260239071,344816.970373032,75414.022333742,14752.2857174924,6061.55572432147,2562.95497819855,7043.23484217663,343022.220776613,75626.8505137638,14862.2685445773,6113.1514139641,2585.59633318279,7100.82201501061,341778.649088352,75841.4685836689,14962.7054719083,6161.21157669906,2606.98179939359,7160.10787811904,340227.203419121,76081.9201655465,15058.2020539696,6204.36410894008,2625.66246183043,7214.55163936704,338409.231549409,76274.1680389946,15161.2721768368,6251.27469283037,2645.36216898953,7266.29476938975,336219.752466828,76414.3919196545,15258.4926587076,6298.10832485338,2665.90707980649,7315.53102748435,333872.994676092,76498.882244955,15350.9771920746,6344.1015300374,2686.64431471685,7363.16663824707,331962.321672047,76575.8412408231,15433.0220630556,6386.63085123223,2706.40884501708,7412.23611374373,329899.314348127,76673.7806849529,15507.5385297642,6423.4719963109,2723.27251627335,7457.30988184124,327373.336785983,76725.7112547913,15587.538650768,6462.31470009556,2740.27693725077,7497.57280515928,324635.778790405,76712.0412500509,15664.4455532963,6502.87973822618,2758.82018442296,7536.37402025088,322232.980292987,76673.8707815409,15734.3973512043,6541.70629740778,2777.46785717066,7576.26935170256,321412.347056892,76732.258591608,15792.8855697165,6575.0729755362,2793.96006030804,7624.53062497696,320548.894988226,76919.8104333092,15847.7577526179,6599.07704098167,2804.5023032462,7666.10473464531,319532.812359509,77091.9399507922,15928.7696216785,6633.60828232316,2817.74005282164,7705.08109667823,318207.936674266,77223.1969469649,16009.6622634964,6672.61168066742,2834.45289381685,7743.27811489165,316621.848857796,77304.3726720739,16087.1494547567,6712.12857821487,2852.54868342367,7780.88291259108,314881.383453325,77343.7406778803,16157.8105497213,6749.97999007403,2870.64288228617,7817.40643403635,313021.238988969,77353.9190662753,16221.0968828826,6784.94727932577,2887.77206283316,7852.03516029005,311045.624530018,77336.8406271558,16279.5953854463,6817.73853349405,2903.94063589571,7884.30503710287
677,334849.762546247,99028.7860367976,26482.1365863285,12124.1840467363,5584.33292098215,13466.186098633,318876.810539339,94767.5286690984,25202.1328816141,11654.747477305,5393.44442086161,13161.20376524,317923.424361538,94837.8930535183,23463.3406493302,10997.9089131212,5230.26974072033,13232.021517335,317456.238301187,96309.6668261418,23463.7208371932,10578.1199233462,4919.50264363472,13131.5514682153,316801.572290988,97287.0432379729,23903.7927038904,10691.6775801779,4870.45897541893,13058.2422382545,315857.607365221,98116.5188817964,24314.4503721924,10897.331064747,4947.78131069716,13123.7147201174,314811.415123286,98861.7718523345,24702.9955531841,11108.0114635691,5051.56424865839,13271.3328485672,313703.456160932,99565.4787174941,25076.0019581153,11313.925183338,5158.26782174945,13449.4103748533,313064.124326916,100266.786452749,25443.3184804802,11517.9577721222,5265.23280185333,13644.1596304376,312218.809670913,100972.344879309,25787.8276048925,11708.8656203471,5366.05091975831,13833.2811093273,311128.230813453,101630.302716757,26142.3030864165,11903.0148672447,5467.11501395103,14017.5493861841,309786.936512438,102221.731228353,26491.8101341887,12099.7637411803,5570.95220002576,14199.1751249354,308278.031963109,102758.062651009,26835.5579867928,12296.9891035643,5676.82478934729,14379.8570504415,307235.337049119,103285.903462925,27174.7499880225,12494.9702824225,5784.63539721371,14569.708877983,305900.328030048,103809.399121457,27484.9173721155,12676.5816372287,5885.00261986783,14749.0393709618,304217.731348748,104267.558671798,27806.0943771986,12861.6111506726,5985.42497117627,14920.6191466616,302266.233008638,104639.953827092,28120.2717171664,13049.8239067862,6089.3502270076,15089.6079113249,300148.451658127,104952.042567527,28425.5184972264,13237.3475528309,6195.23252906496,15257.9924776895,298578.82448494,105265.288944668,28726.6462310861,13425.8827570677,6303.27496638343,15438.0493662137,296772.700534018,105582.787470091,28993.6259760983,13594.4086276451,6401.86775162687,15606.4051251383,294710.057983983,105843.196031838,29272.0832013041,13765.3177520261,6499.39501274349,15766.6890962439,292307.670644752,106015.833393758,29540.3756619311,13937.3785980333,6599.20086337248,15921.2324152398,289694.556252263,106112.297062744,29801.5054561007,14110.0665894556,6701.58914919452,16074.5835952028,287475.111174167,106195.600215319,30056.7686618399,14284.088703782,6806.87878824069,16238.5342520377,285185.680383421,106280.851792832,30280.5951790197,14440.3542218489,6904.19474876596,16395.411138419,282474.445384918,106300.597831182,30501.6207004147,14591.1752637162,6996.83263118003,16538.2877851271,279536.916982465,106226.811615119,30723.207592641,14747.9328829389,7093.44696907261,16678.086854414,276776.698932388,106119.553134533,30937.781672799,14907.0052368104,7194.3432387059,16824.3866086327,275530.214065826,106165.213248299,31160.0700631502,15071.1108892682,7299.57340970899,17004.1627585203,274398.627556143,106346.168946348,31325.1336231066,15192.4179523277,7380.872600443,17163.1146470246,273134.665168588,106532.645891028,31524.0650844444,15315.9333826041,7454.82175631823,17302.8441797476,271588.381319546,106645.348207483,31722.6898128554,15446.7124940246,7532.56535874057,17432.0635691768,269795.459919226,106684.815678087,31914.5839304954,15579.5157763563,7614.2510031674,17559.1753217865,267847.416850198,106660.806023411,32095.3626241922,15711.0995791165,7697.8746303098,17686.9352526798,265782.005877446,106588.019287925,32262.8672782059,15838.2094119425,7780.98124802402,17814.0658839976,263607.548093692,106471.216133826,32418.8795001533,15960.5058085329,7862.53567248202,17938.7506394242
678,221276.302251825,131772.824787361,60777.229679487,36755.3251573472,22068.8284813634,38688.5774221024,190047.027802828,114929.649326894,51510.0986370594,31104.5908254296,18708.6466990655,33201.8220565845,197909.151640569,123229.451484171,54289.5250591941,32890.3424439818,19893.3627361403,35510.612014915,191138.284529612,119354.150010282,53159.0533263486,31943.6951691968,19290.3888099859,34902.558276291,192069.612506206,121840.222320759,54579.0595999561,32855.9002603883,19804.2211379682,35934.0330430389,189214.969911977,120836.661506036,54854.3554216164,33140.5109536071,20006.9251093323,36340.2826767528,188037.702045185,121273.773718989,55529.9225698136,33747.6957319625,20469.0853339525,37276.5755968812,186093.573934681,120939.336487354,55928.4374767304,34160.5050886142,20824.3560553778,38150.2861744874,184876.11213536,121007.351234912,56426.8122937057,34643.8719773198,21227.279689168,39188.011842824,183390.355089364,120906.120687035,56813.4202542491,35039.0278531242,21572.6034089223,40178.2177958267,181776.991137168,120767.100567951,57192.6832308535,35421.7654686924,21902.9580811744,41156.1789079009,180028.384911578,120529.662778254,57553.1074738654,35798.4552927795,22229.5180674158,42131.6877722016,178170.068456028,120178.733770363,57867.4890722364,36155.8809179859,22549.2165725142,43105.3330147641,176751.839848055,119962.074799026,58225.5776597918,36546.6381407141,22895.2731915178,44155.1596540878,175092.522358539,119648.637055023,58478.1841380029,36862.3778411121,23195.2024169586,45146.8753737468,173203.946060126,119233.956685171,58712.8426396517,37155.4106402853,23474.0062591989,46105.0468480527,171195.37525579,118720.275171932,58931.7468625241,37449.4726632846,23754.7208726651,47066.1580968037,169052.867461358,118075.328264105,59091.5186047133,37716.8062235612,24025.6195228204,48021.8940667012,167397.277436378,117586.053589414,59305.0258159862,38024.5809484614,24328.4384624707,49072.7383673799,165563.607157922,117035.353118519,59416.1113218493,38255.9248575335,24583.1085182036,50063.9788289622,163565.224679323,116398.987322207,59508.9941945901,38460.0532987452,24811.3131200063,51010.7236226883,161409.111015806,115671.463748553,59580.7617259352,38658.1916667197,25034.7212652069,51943.0606564417,159067.466825318,114781.620495455,59589.2356611349,38825.2424824526,25243.2808152804,52850.8614131091,157110.083227827,114009.504295112,59642.3937617769,39031.0113638948,25484.18720492,53852.5384184581,155126.182988836,113231.305494634,59624.3917871729,39183.1360865324,25692.9050131193,54826.482672679,152824.81593499,112303.288608048,59535.7391564584,39271.6453923062,25852.0430543475,55711.6637919055,150443.958078408,111301.230976873,59451.176235168,39368.1959363066,26013.4249281205,56597.0921750652,148169.334576681,110246.02576893,59341.2118733396,39461.6391490838,26179.528419881,57502.5809709009,147019.335878391,109650.487088467,59390.0335671403,39664.283886272,26424.9765237259,58623.129681695,145997.069852629,109247.965663636,59366.9496776587,39781.3047738465,26606.1374314431,59649.2640213691,144751.441436639,108756.203361641,59319.6643202796,39833.431271286,26713.832106104,60483.5304413872,143468.207446545,108291.937522519,59337.8797229297,39932.8946474345,26839.6277699585,61280.6162257105,141956.915421377,107650.033084862,59295.3442943962,40007.9999052971,26953.3133715923,61994.3653156144,140389.944363391,106954.694785472,59231.2021502912,40081.8038919086,27075.5189710761,62713.4574793803,138782.861331769,106214.206129459,59139.43196769,40142.425591059,27195.6982357296,63444.6377291533,137100.872390878,105404.855406398,59003.610627157,40173.8764547008,27299.1651683459,64162.7866210671
679,146735.065324541,111312.474099213,67692.3850736283,47832.4484175134,33552.1114753412,85578.247733644,130788.085303634,103338.96885087,60576.6955808002,42748.1396251745,30077.5004464768,77713.8201651828,123006.892006716,98143.9853770658,57811.535437662,40712.3646816805,28595.2740076912,74015.6604067155,130076.631809525,105735.35746353,62973.1387379094,44321.6412855469,31204.8680709702,81400.1448513684,123679.048036631,99745.4115021239,60206.0554300496,42637.4057450479,30080.0535839783,79095.0738788738,122854.891476592,100518.468474549,60616.5785818752,43115.3560295841,30570.4083242922,81059.697490466,123198.931549985,101378.554551565,61921.2290611071,44145.0213438165,31388.0308697932,84084.3393006576,120116.057362413,99052.2729943331,60928.2086263018,43701.5798338677,31206.6340669291,84425.346485302,119551.740950845,99300.2432749875,61366.5583086629,44189.0823712686,31704.269424249,86745.8652418198,118762.882936057,99046.4667288235,61664.8806656043,44560.1765469143,32089.2637223329,88870.1381869436,116947.389092282,97963.3295759849,61319.1118695234,44486.1720462226,32157.4719570339,90122.9944783929,115835.532397707,97636.681100686,61469.6672354402,44742.6003061096,32457.9777477905,92044.6040274594,114478.920731768,96949.6310940672,61469.7865886295,44904.7705551261,32686.8742949217,93776.3031627952,113137.444612099,96157.4624929912,61329.5056671011,44981.3995216577,32865.1991244456,95387.54551615,112057.912902197,95702.497417685,61341.1242393246,45147.6019475301,33108.9500067297,97248.9809961677,110623.901191681,94932.4340642206,61198.7506115838,45184.6287263903,33245.405130013,98817.9042043519,109067.235566186,94064.5089225866,61001.1946680779,45192.2169220005,33359.2125174887,100307.384101396,107559.05075136,93224.4552909695,60834.7682136587,45229.2268274092,33500.1229331843,101893.138903561,106259.993557762,92396.541464409,60656.440661313,45265.453751179,33646.4308709814,103537.780727367,104993.526358418,91674.2358984601,60458.3807105975,45275.092094074,33774.7768157292,105189.223610863,103539.158878866,90803.928834481,60190.3483249705,45207.3631771431,33832.0282129103,106645.149439983,101976.173933012,89862.6899709449,59895.079196302,45124.9507389093,33872.5183079593,108030.187200937,100343.827622504,88838.7536678473,59567.1377359268,45026.8934430975,33905.0008371918,109384.48064375,98888.590820588,87841.7422584256,59240.3835669817,44940.1060058413,33953.3161480693,110817.564451406,97542.9893534314,86972.1678592926,58925.1879529116,44854.011060275,34005.6059942852,112323.578518057,95966.5256317153,85949.9208910675,58514.2679171332,44672.2006360681,33974.896884963,113590.887616528,94256.456594937,84799.3195717189,58050.2597305857,44451.4862703917,33907.2292816123,114720.795586732,92679.0523028333,83688.5459181234,57618.106296612,44266.9062031658,33871.3589142803,115955.037069645,91761.4674447834,82892.4246713793,57330.0710502457,44197.0242279242,33929.7047496734,117556.073553652,91152.9527480776,82482.0402700391,57134.7197862606,44162.9521012719,34009.404575997,119300.749071537,90288.2586996867,81898.16572328,56847.9308084518,44000.2463196213,33955.3812144011,120544.638146425,89308.9088853325,81261.1422216453,56570.7572717813,43845.7630166812,33886.3438246698,121580.078528763,88336.9389327364,80645.0126346215,56354.7628267746,43755.3404489267,33868.6039659106,122657.653468764,87273.134334605,79909.2508639095,56072.2898707466,43633.4977280036,33838.3181884487,123619.479509102,86141.9473689924,79106.8546127915,55726.9030178485,43471.0617514475,33787.7866645945,124505.783324833,85017.0743156567,78309.6624568349,55379.9323699609,43304.8725605685,33738.0728661359,125429.210420544
680,391303.754776555,91682.9778406146,19940.6093064793,9076.01982879457,4578.60169364349,44797.8794706389,373226.505073364,82441.1210547026,18436.8547104608,8609.56301275386,4401.52371499171,44190.2568337085,373093.664995488,81189.9693332433,15700.5843773425,7582.76564072822,4101.76710722277,44489.9225358767,373245.508997493,82459.0344467882,15227.4681817281,6903.50921933721,3674.90206548874,44741.3138319263,373202.061081326,83325.3842427671,15403.9901136248,6845.20055799704,3539.8381953255,45076.2129780218,372789.797674797,84062.0010886188,15603.5401127295,6907.53482741115,3535.24425294906,45537.7880650429,372261.381405407,84730.3196340923,15796.1876893577,6984.67083131002,3559.28408206452,46062.8330722448,371659.580989246,85366.455452612,15980.0855773031,7060.72986732806,3587.28418154821,46602.4907160989,371568.533324556,86001.1226828122,16159.3102093014,7135.34567840979,3615.62106689075,47164.9042094401,371208.66395293,86643.9349750746,16328.4634656197,7203.95383312803,3640.90716489069,47706.1568492464,370582.420177747,87248.0248731645,16506.7462350241,7275.97535282035,3666.73358441177,48227.3308319261,369670.513945977,87799.9752277363,16680.4642412053,7348.67596424118,3693.44381105728,48726.3417562512,368586.192372618,88311.4216398133,16851.3370446873,7421.07379521745,3720.55088417876,49207.726170473,367997.848567237,88811.6030254952,17015.0964812845,7491.8467021104,3747.79334432933,49703.4857588273,367066.805968565,89316.4827388401,17166.0081981736,7554.89374375628,3771.24849075144,50171.0596300929,365719.213761144,89767.3061168405,17326.1929137532,7621.16897428503,3794.91890131456,50608.9195611913,364107.088118747,90151.7860067481,17481.2491116738,7688.4936424702,3819.75972336981,51024.288420576,362292.136402951,90490.4028000892,17629.0509423396,7753.61036626116,3844.25082958579,51418.0088290254,361078.943333191,90822.5811283419,17770.6910370052,7817.10461165747,3868.7091196843,51832.2799631643,359561.365639173,91167.2019489202,17896.3105542805,7871.14938219294,3888.50170738878,52217.4344751856,357775.169505817,91465.5321052242,18032.9804172522,7928.81644406054,3908.49142765367,52578.4543267211,355589.873025248,91698.8728117692,18162.8111466159,7986.60201623381,3929.1291005249,52907.3267564171,353162.055612906,91871.5277096726,18288.8588922156,8044.06371443642,3950.20415267268,53211.5256346503,351167.737536922,92025.085264749,18406.4282070397,8099.63264328596,3971.42120228048,53527.192752508,349083.853618269,92187.8040944828,18507.6765384506,8146.09263209675,3988.45748652833,53824.3356750824,346491.220785861,92304.0720882108,18613.5338567067,8192.51897577252,4003.97172439663,54081.0248244906,343642.110797596,92342.5450563972,18719.4422209315,8242.2039839369,4021.26954754787,54311.4768429135,340997.609341348,92353.3102131231,18818.5386165296,8291.1946947054,4039.5289129643,54538.399718375,340000.765082506,92454.1905480509,18909.7713122781,8337.46337718963,4057.98060463459,54847.1865131183,339096.885685512,92685.3621055753,18979.2499153313,8366.90220682741,4067.58553221219,55145.0152003253,338030.612131749,92918.6817291116,19079.9877491714,8405.89116134976,4078.27319803457,55423.6924429983,336659.410125522,93101.7503443748,19183.4019612867,8451.79071170421,4093.31729313494,55674.6287264609,334983.290393107,93226.069558498,19282.9827957513,8499.07128925347,4110.81029171159,55898.4711489919,333148.26224858,93299.6512558424,19376.0522921108,8545.45238714446,4129.27271836072,56103.4002640346,331172.840723818,93335.3679557691,19459.9629959342,8588.43655237384,4146.95985879762,56289.5883491429,329062.501566934,93336.5209911604,19537.5769828864,8628.52611669946,4163.43741859946,56457.4990692738
681,338728.15361261,98914.0130410237,25897.7760498748,11818.2815207463,5438.52273014727,13946.360486541,318662.965113126,92050.3729913628,24284.332012335,11264.8753650075,5224.92336992794,13478.7748911886,318158.463949208,92832.9642448687,22617.8538723968,10550.2292975209,5024.78109801125,13567.8278480551,318262.440548113,94466.8190506177,22753.061609294,10219.058664525,4742.76112655348,13487.0667343107,317777.99436023,95497.3092558878,23205.7641286622,10351.4746968524,4711.12924769634,13436.7932058128,316906.948556837,96355.4437577776,23617.948155754,10558.5528481892,4791.50102517512,13517.6772391141,315966.041414133,97144.7693390596,24010.9037806473,10769.963304777,4895.51680084135,13676.3974551353,315012.239487481,97896.7911766887,24391.0824222256,10977.4389136854,5002.25256496976,13863.6479874284,314513.609793776,98666.5734117021,24766.8205638984,11183.6598365162,5109.48518327944,14067.88454135,313714.418200442,99404.1042704702,25118.8635558285,11376.2048068968,5210.15576177305,14262.8663155727,312677.934074768,100094.839477721,25479.2703990424,11572.4838971018,5311.75514550942,14453.5822568513,311390.931163896,100721.229723267,25833.8844569175,11770.6474631994,5415.81667648268,14641.4384529476,310014.938040581,101302.951781165,26186.176227343,11970.5086607079,5522.32323968339,14829.5902916868,309129.883243004,101906.482558987,26536.6603522669,12172.2608444155,5631.23144262408,15028.9871585077,307800.62074374,102455.055162808,26853.1387647088,12354.9565969499,5731.18722820554,15211.856150401,306141.996634323,102942.420143185,27181.0688099273,12542.6450669268,5832.37677776696,15388.3981873715,304252.164849043,103356.925414004,27504.132643362,12734.1937325708,5937.46577942134,15563.431330318,302251.532350614,103715.064018297,27818.8715949838,12925.1677971819,6044.45685796306,15738.3478977037,300828.031276374,104111.024662618,28134.415235211,13118.9151627037,6154.28174251347,15927.5610839068,299031.95820038,104454.65838281,28410.3556845534,13289.9180213045,6253.10222275457,16098.8737652492,297016.819994662,104752.374367098,28697.7879641487,13464.8751711263,6352.17067175079,16264.2872993988,294621.929926896,104958.15633584,28973.3583235972,13639.5183950737,6452.80016445694,16422.3912244755,292088.876588102,105100.362567142,29246.9561005879,13817.2419069102,6557.05320324055,16581.2607016674,290008.662541804,105259.508547486,29518.2838995534,13997.9480080368,6665.02613746164,16753.5808278301,287717.396767362,105378.022613857,29750.7640947224,14156.8025318978,6762.80860520878,16912.7560887884,285000.213573664,105424.131348705,29982.0429653583,14311.9789134574,6856.99252096848,17058.1364342118,282095.977433848,105392.164977958,30214.7800120574,14474.0030374522,6955.91696412625,17202.2926522522,279523.037217663,105354.182424631,30448.4551701788,14641.4388848908,7060.45034492239,17357.2975570394,278517.312277404,105521.227685657,30694.4502477143,14815.6279715208,7169.96973455937,17550.3963125174,277367.291331117,105709.87496871,30865.9125419571,14937.6947449022,7250.48330301904,17709.1973985674,276116.242534121,105920.938538773,31072.7697074796,15065.5774224821,7326.32151007934,17852.924316583,274570.984884562,106051.031219187,31277.1976589643,15199.0452176721,7405.31064308314,17985.2570883007,272782.210230726,106113.192523845,31475.2140764656,15334.5476346281,7488.14149935226,18115.4012573098,270849.418098608,106117.796403452,31664.5881726707,15469.7487224555,7573.21152117297,18246.3405346137,268809.049823319,106075.138313009,31841.1502316674,15600.8580721419,7657.95208520643,18376.6554518217,266649.129307577,105988.34461807,32005.9780474611,15726.9321785249,7741.02911219505,18503.9328521311
682,354293.760491312,88598.2035277204,19967.2613630659,8972.78270948292,4429.9215996476,39259.0259284451,340962.710242981,84964.6860817045,19363.6785420919,8804.06996050098,4364.51812839115,39108.197773557,339517.622763761,83897.5991667844,17324.4530631444,8056.96017274811,4159.45708223008,39280.3150007724,338475.787811046,84799.345077641,17068.2617808833,7541.32298577112,3818.91936848275,39422.3023684243,337582.073060667,85413.3667403098,17272.3308794512,7536.82494708292,3727.10116881868,39652.3524436278,336449.616799357,85950.5228007027,17478.8257043297,7616.00553776293,3737.95482099383,39991.3011902019,335253.773991891,86422.1956667403,17677.5968771138,7704.06652527095,3769.66672000091,40379.6247383245,333985.325837154,86867.5118631154,17866.6872753277,7790.17241618657,3803.94120301626,40776.900987984,333205.49050648,87304.0592173191,18053.1850224791,7875.7748762063,3838.77681372264,41193.2497048434,332311.005863857,87781.4798736284,18230.9685840266,7956.22375317499,3871.23908714789,41599.9611786623,331174.804296492,88222.5688337803,18419.0919591279,8040.2180985368,3904.19734660325,41986.1705024202,329798.962918832,88609.4235869142,18604.0549205837,8126.13823172372,3938.78005643006,42351.8702050823,328224.060379271,88949.0467929804,18784.3307608406,8211.69952954166,3974.02511143853,42697.6418346339,327145.75966209,89268.8880102643,18960.2325332793,8297.25293803929,4010.29365739796,43058.0099737607,325833.119951134,89628.4612278805,19122.7246312378,8375.13169865077,4043.15720694848,43400.9296946881,324177.614145021,89930.3657520042,19296.9640278278,8456.78102655397,4076.2977891878,43715.1476837155,322267.886978157,90163.1872725851,19465.2436702599,8540.1315764543,4111.24747153117,44006.5188203215,320142.132865537,90344.6310875151,19626.5247923107,8622.00002605978,4146.44501490384,44275.1332377003,318571.313060951,90508.6063957727,19782.9647987801,8703.6786238651,4182.5577249803,44563.635578983,316835.486192176,90722.6050301139,19924.2158745368,8776.16809699434,4214.4517673195,44836.5734871133,314846.489183062,90886.7590851789,20077.2128570381,8852.0177586467,4246.21443113191,45083.3182289355,312518.708329787,90987.5693440151,20223.8194209571,8929.05100190639,4279.42656006547,45301.6250210073,309929.773530022,91019.7994581338,20365.8140212114,9006.04619770736,4313.52498265801,45492.7413610422,307759.642943746,91026.2304917467,20501.4263796014,9083.02715138154,4348.99139429727,45697.8493671642,305554.035879851,91070.3333968341,20620.8711658662,9150.91991112103,4380.59108333481,45893.5754238122,302943.197226073,91071.0022858955,20745.3619726138,9218.46689881723,4410.39412174987,46052.8095449259,300085.614484635,90988.5042270605,20869.5290419865,9289.7313167817,4442.4628850071,46184.7698027903,297310.552527027,90868.2258722653,20985.9716530012,9360.89648612723,4476.15744657496,46307.744476086,296062.890771135,90832.833912378,21100.9205752306,9432.89618857224,4511.99191441464,46518.5331001528,295058.654749969,90992.9889790609,21191.4865291722,9485.14662544769,4537.62990351741,46740.0533643533,293912.338698434,91152.5867908442,21312.1981522575,9543.26310410594,4561.39211799539,46936.9588205513,292489.735279074,91262.2047884766,21435.5893693125,9608.64661399672,4589.5491430664,47107.4902092973,290802.185703177,91310.6825683811,21555.0037592542,9675.99560543642,4620.68082527371,47253.7605537683,288945.444345242,91305.4135937076,21667.5011192358,9742.8090083778,4653.20805797993,47381.5596301641,286981.963976343,91262.0016366841,21771.694857856,9807.18329545172,4685.64813662843,47494.9063310084,284890.436983192,91185.8706248671,21868.5814464419,9868.5439307045,4717.07023305937,47591.7395087587
683,314755.138295127,97683.8339158266,23789.2173304908,10513.4202270912,4658.33507843673,7616.35954257438,289549.224895939,90753.394167592,22563.435698631,10164.8784900658,4544.77261855295,7385.92030480194,288674.343132451,91621.7037676862,21225.4976846137,9556.06964327944,4383.27943274043,7459.05910160315,288726.142563355,92999.3911197335,21525.0242446915,9399.67204927877,4189.7726575425,7359.82675977173,288309.11676685,93945.2143927271,21949.4982168461,9560.89481522717,4202.23973310516,7307.99805983801,287548.037883278,94764.3098650319,22335.2365806937,9758.33973149932,4287.08510262767,7361.65990091691,286746.055185377,95524.3272396616,22708.5308508947,9957.39760502197,4385.67008425415,7470.82212763708,285911.383211418,96250.0493976011,23071.0498600282,10152.9368215591,4485.44408923331,7599.46121667581,285500.818418017,96995.4022974167,23429.2810807917,10347.3895058769,4585.46462650348,7737.73174638528,284863.308062265,97732.6188783979,23772.218056249,10531.9623901253,4680.67802029451,7871.97627497135,284016.596891101,98419.254672501,24122.7157375727,10720.6183483545,4777.20799612577,8005.06069383945,282939.524873149,99046.7966724892,24468.5540222197,10911.3081680047,4876.27799794934,8138.92063598533,281764.626781297,99621.5179900934,24811.2076824339,11103.3070305566,4977.48449336696,8274.85089853975,281041.55495666,100219.770207804,25149.3632832352,11295.8283002307,5080.34246329003,8417.12373419373,279965.292971956,100792.725741191,25464.1839397333,11473.8769022197,5176.25941539225,8551.33294566489,278578.660451069,101291.217222952,25789.5874921845,11657.3964323663,5273.87216416199,8683.22706913596,276971.685516885,101719.528027245,26108.018751632,11843.8258182251,5375.10803881962,8817.09179396984,275260.973864842,102089.111494587,26419.8185874042,12029.8663338391,5478.05543349992,8953.29496113316,274078.65924355,102495.364247139,26728.4068463939,12216.9991014749,5582.94164057909,9097.41344165553,272565.284422089,102871.22209258,27006.889485902,12385.3015435214,5678.55311260003,9231.19536863363,270852.359066264,103189.91392902,27296.8465006246,12558.8297638995,5775.32055981635,9362.70405187317,268818.629819075,103426.3141873,27575.7576502024,12732.4453215557,5874.12862390679,9493.40279887622,266621.446223205,103586.900035495,27849.8691061096,12907.3902492937,5975.53062762534,9626.56832672048,264855.561118769,103771.522597746,28120.6719676704,13084.6866120228,6080.12832103809,9768.87971525155,262917.485518359,103933.749347178,28360.7739691878,13243.4627958655,6175.94788486012,9903.28116020693,260580.439893728,104014.068683913,28599.7782138528,13399.818146909,6269.088230277,10030.3789317578,258048.824500987,104012.664376354,28838.7140092034,13562.3478008561,6366.89227285378,10159.6409146315,255801.340850715,103988.266109209,29073.7392592222,13727.745855046,6468.90964923798,10296.8287779767,254979.156103627,104177.965519831,29314.300436332,13896.0032717114,6573.67273938521,10452.6703534549,254036.525122501,104411.285988463,29495.5181965591,14018.5176006716,6652.19040312374,10581.0125054635,252993.767321508,104642.879294191,29708.5268378086,14148.0770848052,6727.5244951649,10697.2392845119,251682.391060989,104799.989731149,29917.3344108623,14282.1388275996,6806.08802373386,10808.5807545528,250130.556500945,104884.792803406,30119.9422740729,14417.727701637,6887.9060373635,10921.5084648092,248468.701144676,104916.223419008,30315.301928302,14553.7730936249,6972.17188882298,11038.4447445777,246689.554850668,104900.331574283,30497.1621177054,14685.1483997163,7055.70657566654,11156.3834165615,244814.986064992,104844.400300155,30670.0328840974,14812.9016074278,7138.16416825385,11274.275548346
684,293160.18854585,137957.140208552,48745.8185321233,25492.887078974,13213.3287713492,18667.706815859,257945.652298399,117529.958393893,40728.5155615995,21428.753911424,11143.3035316287,16076.8939086363,265297.841178754,123400.296636204,40097.9402820298,21298.5840182354,11282.7683874843,16638.6139953525,261699.022083071,123727.724832585,39786.2641469675,20487.0331625779,10718.4165077775,16283.9425162363,260505.471571407,124961.671350099,40619.5597742704,20765.2081358921,10682.2797907948,16130.2470305721,259046.142429541,125714.880389732,41371.5428076201,21223.8924239179,10892.2714589828,16203.8677481308,257349.798438403,126237.381349032,42004.0553754993,21666.3178067366,11163.1179558173,16476.6461610807,255718.341565992,126740.195592847,42601.4737408458,22092.5682268407,11441.6077938367,16861.2797381412,254521.631196568,127283.907931662,43194.938851498,22514.1858219878,11719.9804194065,17301.7463498447,253104.939674806,127749.989874462,43722.1201224768,22895.4222266301,11976.4957135805,17738.4339124661,251531.950034623,128180.251723781,44258.1026846975,23275.7468708641,12229.2846147001,18175.7527130256,249707.847034489,128485.204385023,44772.26282911,23651.8050102902,12481.5269422746,18612.3956514213,247767.193064712,128712.914571526,45272.8618920562,24027.1477788686,12737.3810726032,19058.5957515412,246324.609925607,129013.666835704,45790.3735841503,24417.450853498,13005.1391753425,19533.6723656989,244556.717148175,129205.723265664,46224.5477849748,24758.6395746733,13247.8142431906,19985.6959916794,242518.982409953,129333.693149598,46666.7641866247,25098.0461648049,13486.0649549359,20431.3939939143,240246.537031984,129325.051934681,47092.2775523455,25438.6809861697,13727.5091389131,20879.3908920782,237862.090313835,129226.250415784,47493.9157038552,25775.1882549249,13972.3439895053,21338.8050691543,236033.161247255,129226.393480683,47916.7394389716,26128.472276001,14230.6214983565,21833.6412855336,233916.47197927,129126.075993783,48249.5985539881,26425.9746907021,14459.0386420371,22300.1387360687,231664.643078313,128997.217374274,48598.2198122889,26724.032153177,14683.0479758411,22760.7147980549,229081.837995735,128704.305340569,48910.2201400898,27010.2176275971,14902.0814181804,23210.6686045488,226344.785273081,128315.718797802,49205.5672192098,27295.2342968206,15125.1340093181,23670.3311391939,224029.64502115,127981.002529941,49515.0136616338,27596.2097372717,15362.2939260812,24165.6213949405,221619.061618439,127598.405753169,49752.2747476333,27852.9197251218,15576.9290392124,24645.4155008133,218873.604707585,127118.310692372,49964.7502316313,28085.5528654173,15773.6140268813,25102.1257340183,215946.937949531,126520.404922565,50170.9113092661,28321.7229638676,15972.4537303683,25558.4974969497,213166.597996888,125881.070283375,50366.8264727374,28563.0867363068,16180.1809450845,26035.1929966542,211819.450372241,125634.464471958,50651.7957491492,28858.8159635658,16423.7991671438,26593.4538771407,210508.828789723,125450.771606336,50809.4291681911,29055.7009204178,16606.2340729432,27081.7161134643,209154.297742832,125341.386453216,51012.2272813463,29244.1396824449,16764.4809074026,27516.8152244765,207518.028647118,125095.516992568,51204.0217663388,29431.2941515309,16915.568849527,27907.6476077456,205707.516753269,124767.425809469,51384.1979371947,29623.289172907,17073.7517109957,28292.2203381158,203760.458978543,124345.797438501,51540.4097132161,29809.5661307928,17234.2866651227,28682.1374218105,201735.027433786,123864.882677081,51672.1321416576,29986.7810205524,17393.885610462,29080.9882983089,199628.005988988,123324.993080232,51778.9642094969,30150.9162696056,17548.156859774,29483.4212742306
685,346813.233713372,84283.5084859681,17761.3834785957,7492.6625580407,3245.96487640456,8344.81033455456,321958.565760146,77165.730065826,16637.5193132418,7223.54958095583,3175.35676964383,8140.97137676456,321729.907259044,77769.8350125898,15063.0664690234,6496.63986206181,2940.2393015545,8158.67029933007,321990.386839572,78889.127519876,15107.9233802911,6219.83928177535,2706.37060720418,8055.87516881453,322003.599401835,79680.6536956337,15344.3164763163,6269.58723523715,2669.10437312996,8020.18778548467,321688.471986031,80376.3450674022,15563.9893365686,6360.38558948667,2695.89806910195,8071.5053544232,321307.126916215,81024.5250614023,15775.0940167199,6454.08657974839,2734.22543547706,8163.03052209205,320918.430618579,81647.4076155397,15980.66649232,6546.21764199612,2773.71095785043,8267.06639702248,321006.426217224,82294.9123019772,16182.5779662266,6637.13031346822,2813.02069094732,8378.26907937254,320799.687818828,82932.9603473784,16376.705593044,6722.81351537426,2849.66952130146,8484.10287568874,320364.646694103,83531.2915310668,16577.9849694385,6812.30681103677,2887.62500652927,8587.78345865099,319694.536865624,84083.4454139568,16775.8055025266,6902.82473133823,2926.88666530261,8689.84088655081,318937.390221611,84596.8144726155,16971.182382579,6993.47398253431,2966.81323877662,8791.00504152622,318674.577294876,85135.95421306,17162.4436865666,7083.30911081938,3006.890601297,8896.61169884625,318009.583741418,85651.1586062838,17340.3968825776,7165.15542298439,3043.09708460183,8993.65085298628,316993.508032979,86109.7702447952,17526.6650266737,7251.16448610321,3080.5930979335,9086.88048954656,315761.989045584,86513.3502625648,17708.6013738922,7338.71042451492,3119.86425013743,9178.92529257441,314452.782923801,86877.0700214611,17885.7712882269,7425.34040819098,3159.48580241629,9269.98534242603,313711.898419383,87277.8564494709,18059.4370523216,7511.15086547102,3199.1604618528,9366.38357230973,312589.841531123,87650.3839464518,18216.4376366522,7587.01120325629,3233.96480424535,9452.81709801956,311236.755012929,87979.3848235206,18382.309725341,7667.05785659009,3269.93785458404,9536.13317622602,309522.764937202,88241.7281469313,18541.4532963521,7747.23186059038,3306.98945248042,9615.55733863084,307687.439262928,88455.7308929918,18698.9843032939,7828.50579159589,3345.34356140243,9694.33856749326,306299.391770832,88691.2781195471,18852.6450517451,7909.50481596884,3384.33379370767,9777.99645388437,304699.622884598,88904.4405827925,18987.4927427453,7980.11793978896,3418.51147368873,9853.71748477721,302650.351636489,89053.7124201985,19124.0367273097,8050.72528355507,3451.86917604385,9921.8420656794,300422.775852255,89147.3895941273,19262.2520831588,8125.60085481826,3487.97037852148,9989.20644574598,298527.112558193,89236.8356102584,19399.6666376021,8202.22340285162,3526.03361945391,10060.4554079675,298160.142090595,89492.0928142417,19537.4555959499,8278.38935924219,3564.30470041249,10147.9521552405,297579.271880374,89766.3246773384,19639.3718749369,8330.33951154977,3589.90381373164,10217.9027557496,296809.240628652,90032.1266676715,19766.0649881476,8389.99704244477,3616.18950556718,10282.0427526046,295752.061191834,90241.212897187,19893.972125992,8455.29406878841,3646.29851171362,10343.7438286603,294463.169124411,90399.4147587468,20018.9256576906,8522.10489837851,3678.66006832136,10404.8857495826,293021.222849718,90513.6646800886,20137.8010677525,8588.07079362626,3711.66846505794,10465.0815998663,291489.311662519,90595.97753745,20250.1281022423,8651.92424985781,3744.27875152314,10523.7501648975,289847.601598521,90646.4114462502,20355.3512549525,8712.90995595056,3775.82207937148,10579.5634966664
686,246887.806887609,72853.6007674557,16124.5807517098,6862.84159735006,3032.850775218,11063.4185620386,228432.783392484,67683.5230955039,15305.6031361918,6613.44834181556,2938.36336030847,10745.3656944606,226115.332685478,66780.7580307222,13645.0197155095,5956.1835519761,2754.5268837892,10737.338721005,224974.120766156,67188.9287909119,13589.193422503,5649.94974411598,2517.05763253886,10642.0028367411,223970.106270125,67461.5670002971,13754.8471758711,5679.42913692542,2472.8745213073,10607.1629339983,222815.712068133,67688.071949588,13910.8445231799,5752.31957787365,2494.17470654037,10658.7406946371,221645.403968214,67876.1789694949,14061.5347268608,5829.45086823562,2527.82038064579,10750.7440000084,220461.664400311,68055.3123301979,14207.339392175,5905.73780362361,2563.2137340433,10855.3563027631,219665.280164026,68257.2185060798,14354.9968826222,5983.26789654789,2599.60870752062,10969.9169494955,218822.997485846,68507.8968517846,14499.3808139317,6057.78129551005,2634.57984697938,11083.2974834852,217826.330718649,68727.9739828433,14651.4402939825,6135.36348438263,2670.32304482986,11192.1198593308,216685.014139575,68913.7410098522,14802.1058381862,6215.0449227619,2707.86923170276,11298.0749124707,215438.245747412,69064.7141844384,14950.6049577824,6295.2809033354,2746.43164926442,11401.0418331065,214565.290709093,69229.5524511393,15098.734557096,6376.90283905275,2786.35480235516,11510.9288643649,213546.514587848,69430.7434725181,15239.5439253445,6453.21083469064,2823.82454051867,11615.8742865832,212292.872710973,69581.6108169426,15387.7332551939,6532.65921693654,2861.99372019567,11713.9554216542,210880.968132507,69685.0253536771,15533.1478549558,6614.3760928442,2902.32333508717,11808.9542565214,209349.775102887,69750.4614460768,15674.1782957594,6695.83230539678,2943.49662653006,11900.6641582549,208236.408026674,69829.8137206156,15814.9262032747,6778.66427079538,2986.0317333804,12000.6961960206,207005.741075428,69952.9301892311,15944.9417707412,6854.19894157492,3025.15613585725,12095.4322919147,205605.024821959,70030.6275043284,16083.3542401264,6932.63051818432,3064.56891488505,12183.5857680833,203988.621148047,70064.1366356309,16217.9216512635,7012.74368809907,3105.85730731305,12267.0349377031,202226.107891304,70046.4848647018,16349.6599181962,7093.66472685333,3148.51532942332,12346.6262165082,200757.165180536,70030.8468335105,16479.1302675441,7175.77528982418,3192.80713572982,12432.9781324717,199269.270758644,70045.5559868105,16597.5230049604,7250.94587141257,3234.04007316835,12516.0134740934,197500.937684962,70020.4727779142,16718.1339822906,7325.67842825568,3274.12728496243,12589.1438120191,195584.304041968,69936.2963443351,16839.9336581007,7404.43296595885,3316.89775613822,12658.6192345218,193769.514012193,69827.7619408744,16956.9848419015,7483.86482898135,3361.50959965186,12729.2840181503,193024.620414717,69828.0112939963,17075.8005251829,7564.64520457753,3407.63614478231,12825.7134396797,192357.349623952,69962.3129679931,17171.5083350865,7625.45334980989,3442.74749016846,12913.7678759773,191585.692896778,70077.8806527005,17288.1098970896,7690.29884402516,3475.96701264832,12991.5156010512,190646.992795475,70159.87479949,17405.4043884662,7760.1106095494,3512.53863876464,13064.7545666534,189523.626976682,70194.0123789713,17519.549590863,7831.05062025237,3551.08520655549,13134.0573849465,188309.412530698,70190.9395924924,17629.9759001419,7902.59091248951,3591.13008340187,13202.1748679608,187025.165385194,70160.8642750445,17734.0594209758,7972.3488767048,3631.1876095238,13268.0859423146,185653.721229933,70107.9672495858,17833.3026828259,8040.36306634432,3670.80716985916,13330.8275505631
687,208098.969630366,128441.330391363,62193.6081012107,38588.8713578968,23788.3393726006,43475.8278995254,181040.631089427,113683.700842709,54132.5486209625,33634.6383145003,20796.9706855284,38381.9308764456,185974.151727532,119505.366866705,56194.7604053092,35214.5914536695,21977.3404438285,40948.2148340457,180861.936103236,116714.448690695,55320.3790032648,34455.8554336872,21544.6080059261,40888.3310920873,180805.868250965,118302.632791748,56423.3258263474,35192.0724853644,21983.4639674049,42093.6756827797,178540.591957363,117662.964063043,56809.848688424,35560.6358882136,22250.4363427718,42813.1961773749,177003.737057323,117678.748501009,57323.0456587729,36086.7275385552,22680.734670188,43871.336542601,175279.828724339,117426.641603771,57738.3618477815,36531.9666030261,23075.6928883246,44978.0162365624,173931.691164531,117269.290984117,58142.5335511395,36975.4176914724,23473.3774642583,46173.0019289761,172557.642467057,117154.267197971,58507.4548681398,37376.1971366538,23841.4530836506,47371.7821998886,170903.03928939,116868.772504923,58809.3473817998,37723.6881496601,24165.9601846283,48504.1145428081,169218.637639725,116570.059295575,59127.1352741095,38088.1451551302,24500.5982166871,49659.3917659684,167350.113327489,116103.857204654,59372.007359459,38414.7949225672,24815.9462577502,50787.7043712596,165961.985385449,115801.474798572,59679.5139444507,38789.1163361497,25168.230139584,52020.4354051732,164357.910217683,115421.139618393,59879.6267812356,39084.2884667372,25470.5350064719,53186.7852174325,162475.659677528,114899.065392198,60038.5529792392,39338.0648643502,25737.6079268588,54290.4917181909,160537.259340118,114322.61654932,60203.7334075351,39607.0417291102,26014.9604248097,55414.2055181648,158441.000416371,113589.896799105,60291.8479243248,39837.1452106055,26274.2783045054,56515.0321628051,156837.044876829,113029.577309487,60444.4517160588,40115.7789890087,26572.205338884,57735.1960377035,155086.773173306,112432.660542256,60501.230036496,40318.9054969826,26820.7272715985,58891.337013742,153119.053587507,111706.874138869,60514.6939749869,40475.2925452387,27027.8506112509,59968.6679148457,151043.080137942,110929.397917408,60526.7485319019,40638.2176105702,27237.4466452933,61044.8401839158,148776.639964468,109973.153372632,60462.8042140326,40761.0910067403,27425.6397633022,62079.22736586,146893.461784233,109142.989292528,60447.9763536786,40926.7984074162,27650.4267466261,63226.4270460684,145005.934126509,108333.769632747,60372.7751353068,41043.4166179579,27844.8104917999,64350.2940645808,142775.693288366,107341.920814573,60205.2337807736,41078.1592872418,27974.6576177122,65345.2638123215,140484.467632504,106295.240789404,60049.7149620076,41125.9092923412,28109.398254053,66345.8761453782,138307.434292077,105203.059520074,59872.7892957398,41173.3938817626,28250.6289564075,67371.3674688325,137199.370637365,104557.253212765,59859.8734582883,41337.4331684931,28479.2761629939,68650.6522474475,136255.663103834,104152.180762643,59802.4024770563,41431.5465862615,28652.2952317339,69848.9741770862,135028.181752216,103595.401771612,59686.305106493,41432.7455786245,28728.5937468117,70781.4206329337,133806.639195511,103111.569818653,59660.4615320231,41499.4811036697,28834.7782603563,71694.1276178673,132369.325054672,102449.265682985,59575.1793730113,41541.8219773465,28927.6815149479,72503.3008979384,130848.900559831,101711.882197424,59451.6715874049,41573.1425324756,29023.3995035508,73296.6756079653,129319.677933008,100955.292459995,59314.6599298037,41600.3329248689,29123.9391960017,74118.5058170821,127716.31101545,100124.314729722,59127.7621116201,41593.6096430203,29204.138988768,74918.1697405543
688,363714.388365127,77117.4474240338,16865.6385868051,7415.15241101447,3473.59731021592,21150.185475987,343140.709401237,70196.604192561,16014.2860244598,7267.2276235452,3442.09713093283,20821.4824244908,341082.304101692,70493.051788456,13740.8367483959,6255.15529019827,3120.29221398118,20837.6310612116,340173.634235169,71160.2015208743,13724.6244704207,5899.44925733097,2820.50949028006,20796.9024397695,339392.220076589,71628.2266327612,13873.5992563537,5912.84121073225,2763.58111244875,20870.9781447779,338390.417969817,72040.7881242647,14009.1844307247,5964.96466380166,2772.83794063,21043.524605922,337277.917038482,72402.3705485735,14136.2750486537,6018.67434221861,2792.27887287923,21253.2541707152,336146.21556222,72736.4908963836,14256.6199268048,6070.13770853901,2812.29905466112,21471.4593366236,335489.32290767,73071.4464111093,14370.8626245506,6119.34778922481,2831.69410357577,21699.5757669617,334625.994272619,73440.5729300483,14483.1835945163,6165.7033782128,2849.38410644752,21920.5403950986,333524.900904151,73767.5529626924,14602.5106367534,6215.40413551904,2867.93186798264,22132.2921303481,332177.036276501,74049.1177942207,14716.7053020801,6265.15900244602,2887.23040773275,22334.7868150033,330699.077459342,74287.7809850822,14825.7174272396,6313.49256494927,2906.37966805231,22529.1585762761,329673.558319115,74519.1142504441,14926.6506331738,6359.3072833388,2924.94981933647,22729.9153715252,328367.924993879,74779.793406819,15023.2591639618,6400.88221803171,2941.22292194521,22920.0478277046,326703.18847686,74985.2122795832,15126.8009442927,6445.65023860974,2958.14873701001,23096.9420080276,324783.968916019,75130.2549325912,15223.2329464837,6490.18800456795,2975.82512703005,23263.5390924278,322730.479081149,75230.3546289841,15312.0790120059,6532.16270289885,2992.91861542308,23421.1581721578,321237.840927931,75327.4753940292,15392.4765328411,6571.25729371452,3009.18054149648,23588.0747558549,319489.737107252,75466.8807632847,15467.7459455617,6605.15787375959,3022.56725140913,23743.8030457261,317502.676636161,75556.5282700765,15551.5409421541,6642.87306728821,3036.71914727746,23888.5379699828,315164.686252464,75593.5882956348,15628.7394147471,6680.31253916664,3051.57247783077,24019.9450421329,312643.704286446,75571.2047814657,15700.2246614636,6716.49844364721,3066.42715374689,24140.7033060037,310554.790171661,75536.4075736194,15761.8253138186,6749.69096168406,3080.66463531371,24267.8277870809,308367.684996849,75536.5891709209,15815.9458267927,6777.10243715501,3091.97437890325,24387.3477199512,305754.983478674,75494.4228313643,15876.4684877982,6806.39468626779,3103.05983376034,24489.4657819344,302929.153078925,75382.3084361673,15933.2864688867,6837.301914577,3115.56219877807,24580.7533591036,300379.083418726,75241.2179473631,15982.1994198492,6866.2389801524,3128.18604119367,24671.8091545747,299348.650682215,75195.4424806103,16021.6408750341,6891.07306740379,3139.67361084897,24801.5416340763,298377.970291472,75314.1253378172,16061.2979354618,6907.77410090827,3145.70684518119,24926.8757287513,297261.624570717,75420.6722930679,16129.1607859861,6935.52098828125,3154.36311604481,25042.9806458779,295875.389803066,75487.6019476429,16197.4556379559,6968.36201229886,3166.84092659884,25148.9097892285,294224.371996396,75502.8129974323,16261.6008473113,7001.58657161933,3180.85192455425,25244.1962629436,292434.625132701,75473.9239487236,16318.4360946913,7033.1396169511,3195.04927420192,25331.8107522389,290532.176742673,75416.2726606559,16367.7094776256,7061.65283035957,3208.31324107784,25411.8093811387,288522.397816188,75332.3778904281,16411.7809619284,7087.80264320388,3220.53325942073,25483.9547712578
689,209107.92877513,107265.488021534,35618.0403496172,18264.6964301392,9312.63164668042,13963.8639097199,173906.207728657,89000.7985155393,29953.651992633,15487.3786457736,7925.83787997127,11935.5502090481,195408.025932235,105138.710315342,35051.1291497824,18290.431408657,9538.69829501269,14424.6780354509,179004.719497031,94353.681824471,31778.7191908322,16525.1046871263,8611.57231772209,13312.3078211975,190422.241748096,104080.943474895,35206.94599722,18300.4346287548,9535.77652351408,14726.3760634309,180812.254221218,98002.7157708016,33722.9907474118,17629.1077811593,9196.05988727791,14194.2842677539,186937.055546069,103861.889777965,35984.4423069542,18908.2006382286,9925.86020182156,15278.0514226658,180870.176630771,100329.060476475,35252.0037074052,18634.2677685369,9827.33356356861,15172.6461887295,184611.161439636,104219.73060405,36886.7535121932,19599.7626435416,10401.1327669752,16087.2395544907,180581.676517938,102110.107854473,36545.119737499,19519.1918604286,10406.7830614692,16175.0852421779,182499.774576946,104760.601322316,37779.390475343,20269.865054989,10863.7234120261,16936.075552611,179329.943648851,103403.706053626,37710.0561977442,20333.6026504761,10946.3122309446,17138.4992922108,180073.025280601,105183.1961409,38691.8192178294,20966.0975760316,11346.0345714763,17820.6770669946,177927.145640882,104416.95433002,38811.8211483795,21140.5762908553,11496.2086710165,18141.1726401726,178070.292318524,105640.451135589,39562.4242593934,21650.4450649959,11833.9685166719,18757.0279250401,175961.068487517,105101.587580181,39745.416818036,21847.5162259095,11994.1541790004,19104.5056099432,175379.367703701,105879.060616691,40398.4715176738,22311.6074492579,12307.0068857181,19683.2669002458,173282.696720753,105370.908445876,40618.3759571627,22544.7476953705,12494.9121047423,20078.6262591501,172814.366510006,106003.236391201,41219.9201590321,22995.2361366043,12810.1177211895,20686.0457811988,170975.923827773,105566.073144816,41398.0487826776,23202.4695341216,12988.0217088628,21097.7191706222,170041.326412835,105976.515860238,41899.5931962004,23584.3281919701,13261.3790089266,21658.7221761761,167985.573977984,105486.06857038,42098.8154661864,23803.8099305063,13443.3745941308,22075.2504148441,166577.596603243,105574.634567027,42518.5682242236,24155.6292656493,13706.1620395984,22623.0171911986,164867.019575934,105182.927454492,42759.6860668814,24413.5323307917,13919.4976456038,23109.07501845,163479.269313676,105129.499450221,43072.0825179209,24707.6264750133,14156.1836807879,23650.2676053682,161487.979215648,104664.155421624,43250.6127112817,24915.9993248196,14338.8158833435,24109.8158134919,159679.539983884,104389.605603796,43525.8963708079,25188.3285089984,14559.8134249616,24628.6613127445,157768.286356984,103847.189220694,43707.0447297203,25415.483221146,14759.7887756906,25122.9460762696,157138.912687667,103893.929847422,44048.9936189193,25739.615043683,15021.4911289956,25746.1933728336,156091.400136698,103613.055648508,44139.7869341932,25888.7445892475,15174.1685695614,26213.5153610058,155375.242089919,103730.035560732,44405.9801629417,26112.4145441338,15353.384062386,26707.5059102034,154135.881659828,103432.317242749,44545.7590249641,26267.1660521328,15486.1676541348,27092.4090604031,153039.078243481,103327.372240137,44774.921145491,26484.7134505128,15660.6124182003,27529.8751219279,151619.922604191,102931.760470155,44903.4091786643,26650.2286112692,15808.9539283518,27925.2893428144,150314.07188651,102658.714180009,45074.5157004397,26846.0490420023,15979.9359002275,28369.1197923052,148805.306956242,102196.178656505,45172.1020218125,26999.1210800442,16127.2498122088,28785.8568620281
690,385830.468511719,83853.3603727229,19457.7683966069,8505.94450306961,3827.76527994719,13511.7399784707,373554.787819931,76482.8369788766,18025.0818093548,8077.22689138157,3679.76901540269,13335.1590177176,373436.88034357,75905.149377979,15379.9421787033,7031.88403225441,3366.94613601436,13341.7715357112,373502.613874204,77146.4795592461,15027.7361595149,6405.30092337071,2950.87573198943,13183.7553155554,373360.773587704,77996.0388959857,15239.4582550101,6376.26856904989,2831.97169946096,13098.0514159443,372888.226875544,78726.4864590158,15465.3280204772,6458.51457290549,2840.48255059343,13152.0896761717,372301.35592233,79390.5855093322,15681.6258890547,6553.1801769699,2876.17839421653,13277.6910149055,371700.171670972,80029.9081510673,15890.2241855923,6646.90418032722,2915.79457618721,13427.7560953003,371568.347102324,80657.3907642122,16091.3794749362,6737.89157249974,2954.99122168873,13588.9829495459,371154.393079929,81298.7267714068,16283.9472179257,6823.46513465818,2991.59167254513,13745.0117085299,370459.533802869,81903.2362205103,16485.8336069814,6912.99410636064,3029.27917479151,13896.1342931582,369486.230003631,82458.4052954341,16683.6676308677,7003.63025360049,3068.32511813252,14042.5931382206,368381.928388555,82980.0444327719,16879.0040149538,7094.27638287084,3108.03033260884,14185.9304154542,367759.244080488,83482.3319154655,17066.1015536722,7182.57298678369,3147.28217944124,14333.2069156328,366752.551054544,83993.8501243948,17240.3340155604,7263.27131450479,3182.98964173905,14470.8494313128,365362.535145016,84456.6712508919,17425.4776819303,7348.34504922168,3219.75287017756,14601.1792299796,363676.961231535,84857.2308006215,17605.1455021519,7434.66922625304,3258.13572022156,14726.2448896247,361855.30850003,85218.6095074731,17779.7845842605,7519.98439658615,3296.87502452782,14847.6184561382,360598.626068928,85562.9520247991,17945.0294491876,7602.30033544668,3334.83722014001,14974.1165830342,359029.278204045,85926.5047282565,18095.9391328427,7675.74218187687,3368.54227069259,15090.8657493289,357161.441372927,86242.7618631046,18256.993965425,7752.99542373085,3402.86872153439,15200.4113389304,354914.224839917,86499.8794201078,18412.7564525032,7831.24824036895,3438.63296046646,15302.7895429425,352460.514373482,86704.482385992,18565.0377487653,7909.70634492708,3475.33985553549,15400.4718754739,350456.10781277,86884.9558023066,18708.027411972,7985.80831328405,3511.84615039784,15502.29948721,348285.858755732,87074.4379240908,18833.676913066,8052.23366371887,3543.97739319375,15596.2622935753,345636.142010124,87221.258415785,18965.8454855834,8119.93182193438,3575.51767456116,15679.0437131922,342731.912100589,87295.5289446214,19097.395632865,8191.12110711696,3609.4210753591,15756.2647646273,340144.333852106,87350.8794811667,19224.5782183009,8262.6871042559,3644.82690761767,15836.3400792047,339170.955639107,87472.3075035693,19337.7026256704,8328.1794066464,3678.23448186572,15937.9414254182,338225.693613931,87721.1394642125,19428.2349753117,8375.04914666527,3701.53734617665,16029.7154185297,337103.054327985,87966.658117895,19549.186228163,8431.14580687673,3725.66592114387,16113.8078719535,335679.095635881,88164.0144738254,19671.9088503538,8493.69601530179,3754.09284694021,16192.4568333587,333958.804516839,88308.6361189953,19791.0413714836,8557.3634147313,3784.65616172167,16266.4339745301,332072.91048821,88404.4281285991,19903.5261226881,8620.03956676881,3815.86482199273,16336.8886398832,330049.211495374,88464.8461165722,20007.5960410654,8679.68406083113,3846.32532034848,16402.9661874179,327893.461236483,88492.1085975907,20105.0062405022,8736.56293101143,3875.70733946951,16464.0472545912
691,250856.908589488,152967.517329301,55040.9521002197,29305.7575014942,15506.8661634233,21325.7396227374,215815.457071182,133467.591889511,47921.2176854751,25620.2347469153,13603.507778193,18914.0274166305,220445.94284159,138318.464035659,48779.128274767,26494.8930026941,14300.6857927226,20085.686311133,216566.444367546,137179.470049783,48414.4038133621,25973.9295284359,14035.4030977395,20216.333519419,215888.56813908,138492.084653919,49333.9838789016,26430.7175011298,14201.0311014881,20543.6454873347,214156.713861717,138685.369953304,50002.1491078631,26895.0338065377,14462.2454540996,20868.0788770224,212605.493833613,138990.203968677,50651.9778128898,27394.2250704379,14796.886164701,21354.9533999938,210936.255074154,139147.47074224,51234.8120996727,27858.0222089826,15126.2438649088,21910.9370342071,209675.823170041,139391.914681871,51825.9198195995,28325.9636309786,15461.0694799233,22524.2575720273,208339.893519181,139612.694016207,52354.8744219742,28752.5481146421,15772.6625684621,23133.3524294633,206825.328496735,139756.748947406,52875.3775154032,29165.7590589128,16072.0925999889,23732.3160264594,205143.138780113,139780.836477519,53376.1374257474,29575.6918256977,16370.8717623095,24330.8928505704,203294.160757275,139688.197441748,53843.3363068853,29974.9955120575,16668.5466135349,24934.7442563592,201857.37886452,139674.145351804,54332.7730460823,30393.1934723154,16981.4034649667,25575.8463241337,200269.004853432,139618.239860653,54745.7558973455,30763.8350990054,17269.5603093943,26199.1531079835,198418.120421318,139444.770345531,55145.7107832314,31117.3898398737,17543.0644023344,26803.6812249736,196381.003653322,139130.447847719,55524.7090998288,31470.3079213437,17818.4228071969,27410.1014521685,194183.916843433,138690.435266704,55862.1725049868,31809.8143147155,18092.6060508083,28024.1088411452,192437.872500536,138346.450706639,56225.8116142112,32170.4505285114,18384.0972472192,28683.9224650462,190608.623831101,137997.700567113,56513.3335745092,32481.1116273054,18648.6441353338,29325.3131638054,188588.832271426,137552.407497845,56787.5260289496,32770.2881492662,18893.9218513492,29940.7512458406,186344.767722056,136966.006646934,57034.0564368584,33052.1413576639,19135.4383345204,30546.8380632829,183897.091093787,136228.377319216,57236.8978989521,33318.8689047217,19373.6400674788,31152.8894976873,181779.20352189,135542.636815621,57456.8609175758,33604.3355660717,19629.0261520397,31804.190066465,179718.391230791,134893.856505664,57622.2673037533,33854.5016220647,19867.021605935,32453.4283445345,177326.271499711,134099.112296557,57734.2664363386,34058.1241032592,20071.6098115093,33058.0846637856,174789.430630289,133174.413700817,57839.7232867951,34264.5243648186,20276.4664958129,33659.2312895755,172279.153792696,132176.905364376,57914.322209943,34466.4812980181,20485.7564228605,34275.751925856,170896.408189118,131576.25580456,58092.7421492193,34733.4679486124,20739.5096116834,34993.2966558994,169837.888273547,131276.878601524,58215.9478241166,34939.0456345871,20952.0447123729,35674.379641786,168588.453232476,130919.098611707,58327.1789317137,35091.7554728625,21108.06198835,36242.0421207267,167230.846404507,130524.78468471,58473.2547518744,35269.3646440652,21268.9379764059,36771.7898307995,165641.384871782,129961.503926478,58571.5319793245,35432.0735108051,21425.1475302898,37265.2946245686,163974.71928912,129330.856176829,58654.8245875605,35595.9750993447,21589.2445346508,37771.4238703356,162234.718067981,128623.672147078,58701.2732067341,35743.7043173818,21749.0471306154,38283.8522179511,160427.869431734,127856.653779893,58718.5536269212,35874.3709276704,21901.1288617032,38800.1007914879
692,324955.410658157,78809.1239597803,18019.0223405771,8019.8506041845,3796.87313301878,24417.6744869018,307490.401318897,73665.3754956784,17055.1355436936,7768.35806731137,3712.65723088713,24065.0601941008,305794.932817823,73998.2605016902,15224.4441723056,6927.27168161091,3441.49176328977,24161.672643777,305151.739230668,74804.9999416522,15272.9168232133,6634.24958460681,3180.7987599563,24208.4359595117,304579.269164397,75419.8471226838,15491.7226365397,6682.83639490983,3141.16026592776,24350.9735393931,303760.167013171,75973.6322966866,15696.7734254451,6770.81917102697,3167.12166547917,24585.4095365424,302902.604886871,76478.3738697802,15894.1097020551,6861.50794149581,3204.31999549549,24859.2088927306,302028.257714311,76965.7721410836,16085.0558150078,6950.25837694552,3242.51350265051,25142.5313965263,301589.957577122,77456.3791728451,16271.5183008531,7037.5706675656,3280.50935990992,25438.2656496102,300999.984102213,77979.8758240483,16454.4497862838,7121.29805582216,3316.53968993825,25726.355270744,300203.731008358,78467.7592385002,16646.0593000478,7209.08025902423,3353.71636197491,26004.2352795766,299187.023271375,78915.4745749774,16834.7746491913,7298.34576359674,3392.41979849799,26272.5338579935,298074.745812256,79324.6023669693,17021.5701103525,7388.06285460811,3432.01420126341,26533.3107546113,297398.658606777,79731.2181821205,17199.9032024755,7475.73948721189,3471.57345962618,26803.9230499653,296451.091065762,80165.1904630435,17372.2431064182,7557.829762716,3508.16856438145,27060.6550975741,295196.440644377,80544.6885119499,17554.2464281126,7644.61988798423,3546.03367775449,27302.9014175888,293717.464781128,80870.3424457742,17731.0632024297,7732.72539103319,3585.65129527545,27534.5294525513,292143.286514669,81155.8743661593,17903.2019744255,7820.03699143426,3625.72670127031,27757.9238548178,291059.098956515,81440.6975576435,18066.3421284155,7904.77256288095,3665.41586054192,27993.4463902539,289750.673936886,81757.8751231312,18221.3088576228,7982.37431607726,3701.28385139327,28214.1472255044,288209.923028427,82027.4933462976,18385.7796534166,8064.382602669,3738.11573173544,28421.5926428737,286365.010876233,82244.3862542624,18545.3196295043,8147.4421687013,3776.47025189911,28614.4501994093,284369.774012184,82406.3246607883,18701.9475197219,8231.06655046164,3815.95758449898,28796.5090540024,282757.860831317,82558.0926150541,18848.5840326539,8312.41867860677,3855.54197253528,28987.721928672,281030.357358728,82734.1377313616,18983.6072225491,8385.66871719897,3891.1566617276,29167.7030880884,278914.096602406,82861.9762588368,19125.4591589207,8460.8614536004,3926.42607785832,29325.9521386384,276617.205807301,82923.5648153374,19265.8040837648,8539.57815416558,3964.29771248676,29473.1636871947,274589.685070899,82959.5248025154,19399.8680648553,8617.73625529271,4003.36414448236,29622.4683285724,273889.103515392,83086.4248933271,19519.9443981762,8689.91846541435,4040.7478833744,29817.7032904246,273191.522340102,83343.8672836635,19625.2630294922,8744.93297023503,4067.90523538291,29998.4186854272,272344.478167844,83581.8715340437,19757.2802745097,8809.09370649241,4095.97373510371,30164.6170653277,271239.950228051,83775.7687827199,19889.783405068,8878.89890395892,4128.18531092236,30316.9901771607,269910.388394068,83918.1110676364,20019.4917403296,8950.39511215524,4162.89703180582,30457.93539298,268454.660616651,84017.7860335819,20142.5938311201,9021.1153977995,4198.58956426756,30590.8677572227,266884.739538738,84086.0836539821,20258.1775722126,9089.12938705963,4233.74280690633,30714.9102438717,265217.654127425,84124.3049346674,20368.2826722034,9154.9675693621,4268.1218080806,30830.1183934067
693,347311.605923602,88078.0341395466,21043.9273573293,9317.837479467,4259.86811174778,17405.0235650262,334080.126336418,85368.6281703601,20466.6330438019,9180.16899842466,4219.08810432873,17281.8465071399,333210.076304257,85455.2794501094,18884.8299226043,8566.07676270288,4058.59131951899,17383.4843252237,332719.69563119,86604.1481601798,18911.6774235274,8227.19661420311,3794.81049812835,17357.7685535152,332173.221693428,87433.115939051,19238.6749624045,8310.53034111443,3756.06512566234,17383.9702441553,331372.797948801,88171.2102698389,19545.336856142,8453.25106633813,3805.54739157465,17516.0522038952,330466.890811508,88843.7543698238,19838.6151644801,8599.13036836682,3871.38647201121,17700.4161517233,329502.373098939,89486.205506967,20122.7566403603,8742.48434449103,3939.04104348697,17900.5983211669,328994.28518464,90118.154431786,20401.3014875949,8884.19401753737,4006.71058037648,18112.9730060757,328306.502389674,90770.2406719168,20665.2877119335,9017.58588044112,4070.57992327352,18318.7040205589,327349.531781167,91384.2016103538,20940.0459140576,9154.75689054293,4135.1482341947,18516.1498092358,326142.059401577,91939.0055152623,21211.2767810278,9294.45227147345,4202.04689848936,18707.0154206239,324773.446946631,92450.1414577886,21478.6016457942,9434.5523484195,4270.3720481149,18892.8260903525,323876.346214816,92941.5722898223,21738.7725483423,9573.62929181696,4339.34629450988,19086.9537457776,322675.291719626,93449.9543819109,21979.8509474489,9701.62394056647,4403.29852130306,19269.3626443029,321122.417952645,93900.2099109465,22233.5751736297,9834.2328898569,4468.07376379443,19440.5458331043,319298.256114643,94277.0218691051,22481.1893215998,9969.34599285525,4535.58761296198,19604.4931657978,317289.397923704,94602.1441792082,22721.5296282652,10103.4824949513,4604.13790015208,19762.4550398237,315828.835575588,94912.6381701197,22955.4722954069,10236.8275002851,4673.44371377364,19931.4550672355,314137.496886054,95248.3687682023,23166.3112312266,10356.6444826033,4736.49383895848,20088.7487413846,312200.45677006,95533.8385244938,23389.6314929846,10480.1124583234,4799.53906453298,20235.7288273802,309883.311814274,95747.2316519189,23604.569844827,10604.5534903186,4864.42218549081,20371.5136090638,307345.893429856,95891.3417943453,23815.8200099259,10730.0942339682,4931.27277326875,20500.4599711031,305219.801435306,96012.7889744489,24018.745650555,10855.1354564926,4999.57690703788,20638.5496441673,303015.981396412,96150.5213384886,24198.6181935283,10967.1586593299,5062.12315553278,20768.8786418567,300389.037987926,96237.7369314166,24381.5021632604,11077.6925624814,5122.32775060201,20882.4471037013,297512.462987219,96240.1661110827,24564.63811451,11193.0216635443,5185.72637470646,20987.6084979178,294809.201434032,96208.3905352359,24741.1106100014,11309.4395466822,5251.87767305475,21095.132313394,293636.986866205,96276.4031456952,24913.015812068,11424.7744494946,5318.97976982885,21242.2755267341,292595.525083244,96497.3696306156,25046.7192767146,11510.5402385545,5369.97315415419,21377.93807034,291404.945793118,96715.2247787641,25212.2461366011,11601.7599240761,5417.70212101203,21498.1147683133,289939.636163733,96874.7466414256,25378.558339244,11700.0834107711,5469.79657937703,21607.8250804594,288201.480426253,96970.900554571,25540.0167770717,11799.9856508483,5524.90287858251,21710.3211639052,286308.703887884,97010.4118394164,25693.4216865769,11899.3566427565,5581.57256613437,21808.9644855846,284290.423469352,97008.6428646947,25836.4341042867,11995.2769971532,5637.80310484157,21902.8359935474,282160.823424136,96968.9216358256,25971.0097132574,12087.8462815584,5692.95512838473,21991.1424339134
694,311889.976737837,78658.3715916236,18688.1019626396,8340.35565870594,3895.21547026299,20669.0357805441,293964.997834021,73386.6013718078,17610.0590032164,8032.05353566018,3783.8516328217,20205.867004021,292026.210753485,73825.0776153467,15820.2755245023,7186.44151332581,3510.56074536256,20252.9155676423,291281.045183441,74608.7041578378,15914.8623322425,6914.11828268205,3252.68803093364,20236.2333950395,290577.223269276,75193.5342251909,16156.6090057528,6978.8781124876,3219.8616870136,20311.4788261607,289627.208387288,75711.3480192902,16378.456041139,7080.50054810309,3253.69200828352,20483.2376846826,288633.062573443,76181.4979043672,16592.0455178358,7184.367654128,3298.94018737816,20697.8765400748,287628.979869308,76633.050988117,16799.1905176252,7286.3841434542,3345.34201727569,20923.892242332,287081.040671525,77096.414488726,17003.232650595,7387.67912207159,3391.96390533603,21164.0015091945,286354.97212845,77590.482055197,17201.9075285168,7484.33763347702,3436.1577606186,21396.0287479686,285432.586484462,78046.0640917803,17409.8315469821,7585.40154778753,3481.66582553965,21619.598449292,284303.374940253,78460.8462575953,17614.4996664816,7688.1125291787,3528.97431657253,21835.4687415605,283082.011597937,78838.1175227899,17816.7929859553,7791.30308657273,3577.33693402432,22045.463453811,282305.869434378,79221.6519490373,18013.6509256274,7893.80015315256,3626.31223278292,22266.6233513821,281249.238221749,79626.6577903214,18201.4966829871,7989.39066628126,3671.8050259003,22474.201575253,279889.431895503,79974.6636103909,18398.9442136943,8089.63440645992,3718.56693874528,22668.9275501276,278317.903016891,80269.2670180404,18591.597770299,8191.8010529437,3767.56802366808,22855.7635210237,276666.515051247,80523.3434943219,18779.4350802512,8293.38768405387,3817.33664301477,23036.4560452128,275509.14639818,80789.3953013899,18961.0424236423,8393.73733518142,3867.42586253048,23230.717822841,274107.550050789,81078.6320984537,19130.9582862266,8485.21459924573,3912.92016390466,23410.006279673,272493.900964575,81318.4019998307,19310.8152153371,8581.19800034843,3959.41602234227,23578.233849737,270573.231336512,81504.8801292409,19484.6991769179,8678.16399889223,4007.61965690808,23734.0400918796,268512.096165217,81635.1491868814,19655.9027884182,8776.1221469023,4057.35008683343,23881.8104176186,266847.45599764,81765.4818180652,19819.8597875675,8873.24774972328,4108.01250349519,24041.042839997,265067.934386265,81914.6753880357,19969.2621653295,8960.76710718142,4154.05846458411,24189.4638778293,262901.142132093,82011.2855040531,20123.5667953052,9049.16004383196,4199.23435122447,24318.0652645209,260560.371748718,82042.8783471109,20277.4625146183,9141.92783260735,4247.55868198274,24438.6114518382,258483.49403104,82050.4260032024,20425.9680048857,9234.97069862565,4297.73231671509,24562.7347686674,257755.875708182,82175.9661920262,20566.9770619727,9325.01886299267,4347.65612402672,24734.1492149087,256989.23116334,82411.6349599309,20683.8221003839,9392.17519945649,4384.28638721469,24885.8624885988,256072.950491781,82627.19403596,20827.106687576,9467.40315495658,4420.74228163232,25023.429738584,254915.409178885,82795.8620007912,20970.4325983913,9548.36984399525,4461.37008248734,25149.4767395069,253537.393246283,82913.4502332248,21110.0141352188,9630.81393469016,4504.56655608147,25266.7147405487,252037.055109595,82988.1302130934,21243.8147755155,9712.94101872144,4549.03667066874,25378.3210662941,250438.912843816,83031.6179960928,21369.6609185304,9792.48964423014,4593.19032534583,25483.7613495363,248743.867920916,83045.7341401127,21489.4129102555,9869.54806050771,4636.51101498386,25582.0450317502
695,124295.07247504,104387.570825399,64182.7928370927,45927.0331908174,32694.1240904746,80913.0198765891,103503.499799203,90696.0460569834,57094.5111214929,41070.4621631824,29366.0290665077,73433.1315010717,101574.287328744,88741.5519512552,57082.7507593543,41879.2554346743,30314.1199923968,76941.299536173,106760.80222549,93617.2412888824,60487.9974964622,44764.4821139223,32885.5008945461,86028.7781342977,101344.23416213,88160.5185280107,57038.4482530835,42407.0052140334,31375.1400617161,84764.0693673172,100101.552894064,88335.2217724339,56938.5416845985,42332.250492644,31423.9422981622,87271.3556757574,101301.033886916,89885.1883204472,58643.6002786637,43613.4370551366,32386.8431324707,91844.641828663,98629.057217188,87482.4941319224,57469.5032231235,42974.4239896082,32004.2522665638,92237.1310149999,97448.3017999467,87017.3892609994,57309.1337209801,43008.8368150251,32162.0453211607,94144.4132126009,97509.4263945438,87487.5978840523,58023.4481927493,43657.1590807444,32745.8479923961,97312.5212148264,95960.5562793046,86297.8242023914,57566.4516295257,43480.1964056199,32719.7125611085,98618.9711434818,94578.8337499804,85531.293972793,57295.9866380113,43417.7180721055,32786.1880156646,100197.108232439,93811.3612142652,85257.9230693783,57488.3548167339,43693.3503856029,33095.6851426223,102525.495223402,92737.6732233415,84473.275813831,57301.5707768607,43717.4526334144,33225.246927914,104306.156358847,91606.0866294289,83783.2195918012,57056.5864833362,43679.5753539971,33315.044951656,106013.162541292,90554.5133099273,83209.9818583188,56956.8560186439,43721.7626468435,33449.0334602265,107887.005593025,89308.2109084989,82401.0072987533,56729.8409159235,43684.2454849287,33518.4753991421,109534.812314418,87959.424568679,81492.3234018059,56415.7757805832,43590.3433231686,33553.4312575317,111078.575519469,86910.272543186,80755.5937185231,56202.9061762189,43574.165079108,33652.4633146361,112879.723905676,85910.6580147122,80104.3767572142,55986.8655893243,43545.5158817515,33741.4845867508,114704.953168033,84681.0858633961,79250.9580155616,55641.949075565,43396.6324840022,33726.2636346894,116198.559833527,83364.588836026,78352.2880931987,55280.518296425,43236.2662978624,33695.6853906628,117621.207444142,82042.061956067,77424.2806040985,54927.2939212315,43089.8655002559,33677.8354076466,119078.745240115,80842.5632329203,76499.0135989464,54557.1677558872,42942.2477341535,33666.3900011529,120582.59996026,79721.416916019,75678.1501738263,54191.007055017,42788.900238906,33653.9395871845,122139.879148909,78440.3585533732,74754.4765460538,53760.5592534769,42562.2090358633,33573.196202877,123482.740176421,77024.4743618521,73691.0320254138,53261.7863368164,42283.2380928739,33443.5628744859,124630.032197616,75708.745569988,72654.1406227612,52784.3463834899,42031.8130997309,33339.392916765,125864.702735213,74950.1278053271,71928.156144057,52463.7665791931,41908.2842707987,33342.3045631245,127542.031877883,74476.2873249614,71562.6055233582,52256.2615283067,41841.1677486714,33383.6656332761,129424.283661385,73790.3558283784,71044.2453685559,51961.5435785894,41651.7061738616,33295.0811076189,130760.205942814,72948.6927265512,70420.4978211444,51631.9559402888,41433.8237337492,33162.8171945569,131756.887503377,72133.8001370162,69844.4394228844,51381.83330461,41294.7881385748,33094.3498275443,132844.522456777,71293.8007433607,69209.5250703902,51110.6568169438,41159.2078530519,33039.9078776274,133899.862918785,70366.267316326,68476.3376584235,50750.1671276082,40962.0901015638,32948.3066076737,134794.478168313,69415.5394300361,67727.7420300665,50367.5047342687,40743.8813507118,32844.1368113622,135670.869244481
696,358484.737396206,90096.795665217,20895.4632518772,9152.83513551164,4159.94863551853,17527.2774307273,343668.559732603,85501.1922298115,19977.2795020934,8867.28520488906,4055.6079202088,17360.7073463519,343947.871508585,85020.5228223127,17990.473599789,8154.23681403004,3871.28320263764,17486.2752854253,344060.860113989,86375.4615156184,17787.5983484851,7642.50181087348,3531.76538719232,17451.4136799041,343985.005527347,87298.4658913927,18073.7807741683,7667.047396991,3446.95226403391,17460.5866304518,343580.310151513,88115.2601994469,18356.173501731,7783.3649045092,3475.20044208641,17590.2440397549,343085.196860794,88858.4246534271,18627.7691306247,7908.82832176779,3526.85047228942,17782.8616978704,342522.599335361,89573.0211224422,18889.2381355986,8032.08225091236,3581.47863806996,17995.2965838307,342402.661081008,90272.7028596036,19145.081788718,8153.41165371667,3635.97252476275,18219.1440698848,342061.892044467,90983.5467497012,19386.3690823254,8266.95603386651,3686.95680194385,18435.8432289773,341476.71091423,91659.6441567958,19639.1559554395,8384.62175476069,3738.84632007997,18645.6857438099,340629.952134336,92280.97646042,19888.3681192342,8504.3198453808,3792.63651821956,18848.755508489,339610.973906455,92859.8939506127,20134.5548964184,8624.42300632513,3847.54288324032,19046.4248583817,339031.953372163,93411.4669060666,20372.8714738195,8742.90907251132,3902.60237186331,19249.2047985451,338158.414904472,93973.8652567429,20592.9676785124,8851.4281346569,3953.22954628395,19440.8535303417,336911.541727608,94487.072963546,20825.5576608209,8964.30516856938,4004.62175356623,19621.8497649748,335407.394492422,94927.4722314214,21053.8378218802,9079.85031921284,4058.45385311419,19795.7495052344,333698.952571103,95320.2510944673,21274.9136669184,9194.18348150418,4112.95983417907,19962.8884259552,332542.009366055,95686.7462154432,21487.998414982,9306.67999581605,4167.46207018098,20137.6183811069,331100.55677551,96075.9149308494,21678.461407766,9406.49961350884,4216.1904767209,20299.9993012653,329415.953646509,96418.5401076764,21884.3282711672,9511.29875402312,4265.56447449398,20453.1073372927,327389.762300734,96692.9758503061,22082.3243467317,9617.28449356707,4316.79673609624,20596.247658762,325087.860415763,96904.3882107053,22275.9796674938,9723.34142696298,4369.18147294727,20730.7622227449,323194.871969103,97077.6932500441,22461.2008429229,9828.39672396524,4422.33456963677,20870.9628117902,321196.691691696,97266.4342024987,22623.8517929763,9921.41651397121,4470.33128215699,21002.6237743259,318774.120317014,97410.1972496248,22791.7904987098,10014.3293337453,4516.77351807567,21119.2924376511,316114.220635086,97474.2880632717,22961.2564871187,10112.0121673134,4566.19239566594,21227.5733560077,313566.488309699,97500.698951713,23122.1326885443,10209.4853783685,4617.37045398389,21334.9617929665,312523.225625965,97589.4889029704,23273.6028816768,10303.3650770492,4668.01584656336,21473.0735496073,311634.569648853,97835.0758405897,23389.628316667,10371.7273371696,4705.37731780924,21603.4087254838,310604.750143995,98093.955418437,23540.8281244523,10447.6576801898,4741.26802454383,21722.0877928743,309289.281004824,98296.9126535106,23695.2497584362,10531.6066576977,4781.9690025146,21831.4565220215,307694.644686672,98438.0996360497,23845.7216037868,10617.4790619092,4825.68867302433,21933.7331293006,305933.012513107,98521.1202896553,23987.9200857122,10702.3935972596,4870.54806596968,22030.8293584695,304045.748756725,98562.7540236049,24120.3690916295,10783.9874851518,4914.82353033132,22122.3180198567,302025.897696084,98566.6893409765,24244.5918673169,10862.267242411,4957.92038676555,22207.0109071211
697,155801.879639866,126563.760627822,75710.3911183687,53349.4984121659,37325.5964608334,86962.7354805673,138526.674315465,113634.349013683,65944.9628636958,46400.6738102189,32558.614553928,76717.7738353028,132061.472893428,110890.921479564,64003.416993172,44785.7107016993,31336.3734749723,73998.0785994269,140338.946332509,119441.265662768,70378.41797768,49171.4374980344,34408.5753854849,81836.0765086444,131657.03854742,110953.549190475,66076.0045242478,46582.7426488582,32692.1854507708,78212.8608783411,132320.452021588,113561.055299205,67544.4004476184,47773.5253395696,33715.5184889585,81447.5417541198,132202.038414567,113752.039866177,68707.1233957604,48729.7633092329,34480.9334258617,84242.4418835299,128559.473197674,110927.738578611,67345.6530677125,48086.7997027421,34192.1307172202,84455.7880138325,128609.380072727,111869.188405887,68297.105000758,48931.9322385446,34957.9729460787,87490.6433675351,127393.22803183,111104.523421821,68382.7572040993,49187.5328061957,35272.3423730093,89472.1693163879,125442.032740897,109952.552783179,67991.056243567,49107.4369878309,35358.4892029051,90888.9158429179,124475.807803568,109788.31021257,68331.8909892993,49510.2650200322,35775.5965441629,93193.6282470266,122864.376168581,108813.276304439,68221.199416873,49623.4630012831,35983.9354268311,94955.5212120515,121453.337586682,107988.367358189,68093.6001425176,49732.3516328968,36204.1147922949,96784.762528161,120379.28030163,107532.983580423,68172.1774413325,49964.852760034,36509.8515703087,98907.7088055648,118780.165853517,106587.855927349,67969.9594067066,49982.40956615,36647.2937186968,100591.818458227,117135.155318788,105641.349575234,67771.725791255,50009.2810898089,36790.4276385299,102286.203378497,115571.429684438,104729.237944969,67623.4004208914,50080.3602958007,36970.4852635771,104102.511851517,114139.291778962,103771.196783716,67412.4842334757,50116.1303397958,37132.0635405181,105910.761894081,112790.595850556,102956.22052006,67203.5754148931,50138.5128734533,37285.2735856378,107757.608142882,111253.346248255,101994.321988161,66923.8763531684,50081.9946989643,37365.6576520557,109420.749051368,109571.679862252,100922.379178054,66594.7956175081,49993.9152580929,37415.9011079088,110979.982624126,107822.525176882,99767.1879155758,66235.750307972,49892.8611861684,37460.3672061479,112519.481735152,106276.872502471,98662.2286129337,65889.816991794,49813.6958019259,37529.3286817516,114164.061233186,104842.769863257,97684.8141336138,65547.5898813384,49727.9812075028,37597.1792473212,115867.411627079,103145.213702137,96524.2712999046,65088.7532448026,49528.3869163938,37567.3789222924,117304.747141481,101315.2134674,95232.0602257654,64580.7263649135,49292.8116230549,37501.8563281855,118617.450348419,99647.4982620218,93998.4713703539,64117.2551120585,49104.7917559713,37477.3482914075,120059.599036898,98640.6930371111,93107.7231249002,63801.3951048857,49033.6313910049,37549.2753291123,121856.859500423,97983.7067315803,92626.5968976301,63585.0807508123,48999.1801071443,37641.7836709769,123782.766931331,97066.7089464704,91977.5415374296,63270.2301871711,48826.6549050274,37591.2447394298,125196.359766586,96019.5343343004,91260.6893238905,62964.5949281879,48658.4179458182,37519.3132478014,126376.202746864,94979.2587768822,90565.3703967247,62726.4865369336,48561.4693958403,37503.5845949353,127594.35542719,93838.1060483135,89737.6483683885,62415.2632299671,48430.4986915647,37474.694421555,128692.797978177,92622.8290485597,88832.3928149915,62033.5137716188,48254.1137068056,37423.1058027549,129712.615853476,91423.4763540248,87938.5425647278,61653.3440608291,48076.6700597613,37375.0506648278,130782.184420393
698,130498.921187639,102790.699604577,63669.5619012691,45572.5728483967,32340.9531226969,88502.142039961,109614.373045983,87592.6966592698,51495.1728900485,36608.1448483975,26000.6501239403,72199.0353347255,108968.808432106,90607.4277586473,52628.9377441882,37151.41307126,26281.1175947864,72975.755040918,112952.27684428,94622.8928375032,56321.0436423777,39577.4887596658,27901.4819857224,77708.8371624785,106338.702582672,88608.133565503,53148.3641771901,37657.9269630968,26600.0869806582,74183.4861371258,107687.425991167,91466.7442641214,54990.7740092038,39084.6433701039,27735.2316727779,77652.2483676651,106831.170493103,90770.5147629217,55411.3615338447,39537.1640655082,28137.5840306426,79318.5062966167,104228.561821261,88949.4303928099,54530.9192456724,39163.5106456905,28021.1953207229,79626.2005779957,104360.730723233,89743.9654850498,55361.8670257697,39894.4288735885,28674.795077345,82334.5145975709,103226.8857196,88989.3365935333,55314.4588500263,40020.1837883924,28873.782550401,83842.1080834779,101764.449977097,88203.2893814519,55079.9720215086,40006.6041866128,28979.1139133086,85099.4590364162,100980.903069953,88062.1457730707,55353.5657717104,40332.5433201093,29315.4801003465,87061.1609230967,99660.8235819164,87265.892116502,55244.0260605047,40408.2838390558,29472.6090383254,88498.4952604187,98596.4182626563,86671.0748305826,55175.1771319043,40518.8400740669,29666.5363647201,90079.2287183172,97708.6681082969,86303.7616210413,55228.6891446737,40696.3754803574,29905.0610744256,91855.3298070391,96411.6365577391,85547.9288077916,55065.3640439434,40707.3692884461,30011.5730061301,93240.6317788247,95098.1651663288,84814.4441384997,54918.8992064213,40738.2483615186,30133.108795586,94662.9642986736,93822.0965920341,84074.1759609974,54791.2005152625,40788.9696621255,30273.3439680707,96160.1368783892,92724.8699588864,83347.6418877935,54637.607810726,40829.6857152862,30412.7072806734,97697.664785202,91629.1439078925,82709.4049858367,54466.7581230829,40841.2795209993,30530.6346609208,99227.258459618,90373.6563533037,81931.3607464258,54237.0941369447,40788.9315842564,30587.605182917,100578.258284776,89019.9145335297,81088.8433306898,53980.5066248466,40723.3685502819,30630.9952536215,101866.129337306,87611.9683064286,80167.6321140562,53692.0933249007,40642.0562813432,30666.4963925375,103124.824476725,86389.9621442513,79303.409864985,53417.7876213734,40580.7442679648,30724.0751690599,104488.50072271,85227.8422575235,78531.0968592902,53140.6617114367,40506.6310882609,30773.9751681586,105885.422111006,83841.2233257053,77596.4638995011,52767.5236607454,40339.7683986519,30743.0096795297,107032.773786001,82364.6716035912,76569.3069787104,52362.0173640989,40151.9154002507,30690.450627658,108089.180462807,81027.3122916414,75581.4789489362,51985.8862688144,39997.337231836,30668.0430112961,109251.975329831,80312.6815043381,74933.5622305515,51758.5607600756,39960.1255989003,30741.6218811388,110807.080388384,79776.8710670435,74569.8818176975,51581.1705187475,39921.3937000655,30805.5937405019,112396.17192835,79009.1804869645,74027.5384366408,51318.1920327881,39769.0849190875,30748.9922713592,113503.007081212,78167.2552492708,73470.5489013884,51085.1824185703,39643.630224761,30696.609267692,114476.200524697,77325.2708377603,72914.8876888152,50897.9225360074,39569.8371303998,30687.0694144988,115480.520820132,76394.2785712584,72243.9271339033,50639.0548714982,39458.8877957977,30660.2951673607,116360.532953036,75414.4732816803,71525.0539722001,50331.8109145607,39315.9043410797,30618.3091625731,117186.505041828,74444.6446083673,70815.0307191389,50027.0391544872,39172.4034421905,30578.6533403769,118054.548175566
699,201138.834706039,130582.471552109,68477.9173584652,44170.1243066608,28270.5436637026,56351.3845352921,189868.976894007,125534.733309038,62900.5617680716,40639.9153116945,26135.651712301,53039.4077121857,179067.038641434,118914.904812978,58462.0806705579,37667.3006960095,24210.5767031699,49225.4638260905,186853.163821719,127878.96336219,63267.8620618807,40342.2983577368,25931.7322769704,53424.0670782912,176950.850613133,120288.368443188,60317.9819834173,38588.110612284,24682.8861403228,50854.2206833171,181229.019128691,125834.599603785,63521.5002943171,40757.3176874986,26165.4269662964,54043.158057214,175627.023336351,121818.441432385,62357.430682774,40250.8808616195,25916.7519811108,53671.3646893016,176006.321422261,123639.755065862,63647.6113208412,41305.753949483,26758.1821617107,55788.5585164661,173547.980487202,122305.278426318,63625.806187016,41487.5977191337,26996.8454705399,56787.2566713617,172506.52405006,122500.126686098,64095.3668429309,41998.348083038,27468.320433713,58357.8920802665,170803.841551348,122063.46149986,64370.8977004621,42340.5620586651,27807.3666051602,59701.3751188553,168998.091214047,121600.944021699,64602.1030780305,42673.5370017809,28140.6101295459,61029.3867882134,167204.603562331,121142.532171683,64865.7941562038,43028.7284720946,28492.4862390149,62417.3402799933,165602.712779775,120611.972105668,65079.2878431993,43362.4143662735,28835.7184160235,63814.0742572814,164099.164719863,120232.910565777,65290.3997295603,43687.6783682715,29177.4398405514,65254.0641515999,162162.01935406,119576.870835191,65378.2751131366,43910.3375440097,29441.1084881358,66539.2231134404,160210.946254871,118916.952802795,65498.9274616197,44163.8390633022,29723.5107203157,67863.7982717222,158095.22363214,118099.27298653,65544.8000702232,44380.272986073,29988.0381777643,69161.2818693005,156346.41203539,117362.45666272,65615.4012095423,44620.5464030972,30276.2174208764,70550.6563759806,154658.81736541,116732.836732567,65657.5785757267,44833.1635108186,30548.1697215089,71955.9888039441,152643.424125244,115875.065034351,65589.7778084381,44946.9331970598,30741.649964942,73197.8846190863,150583.859297832,115027.501898714,65551.9303617695,45086.4334187122,30948.3244950731,74463.9883606188,148294.442352945,113976.624280791,65427.0507417389,45176.6650024132,31125.5257920618,75661.6260710699,146294.025967319,112984.85810425,65323.9409357309,45293.6995696182,31329.4859596283,76951.7547247198,144449.32570519,112118.89428521,65214.174310013,45401.5579862987,31531.988156789,78292.7005278469,142228.528034856,111035.012285282,64973.0040080081,45394.9119777365,31646.0681595544,79445.6958006263,139904.06432794,109875.66597748,64732.8298775661,45388.8073583206,31753.5590046481,80576.2845997495,137670.311763338,108691.375013285,64490.1795758527,45396.8782760577,31876.4214154648,81750.1240150129,136340.800280482,107825.905304445,64366.8811950181,45495.1777746067,32071.1081037655,83151.9583602892,135485.568909728,107423.360522093,64309.2777614684,45608.0851265608,32272.454315464,84639.3369332936,134233.146804755,106781.024016856,64118.1997196597,45560.6968983406,32325.9092998741,85722.9070616453,132983.514820874,106220.583038709,64028.7090495332,45582.5953689486,32406.1276123297,86767.4536564749,131594.172570711,105545.701255116,63924.2611739273,45611.7399755862,32493.0824241279,87734.7266067383,130049.934846828,104720.923810028,63738.7705377936,45602.3888935714,32564.2197661171,88618.4250480052,128517.068125535,103904.448193332,63551.4069122754,45598.4216183384,32648.8069343283,89549.888104037,126920.517134534,103017.457229027,63318.5258430173,45562.5733345848,32714.4732547942,90461.9202811798
700,391742.898017796,79804.4459039291,15486.5578547345,6470.09103408349,2852.99453208076,11310.3965656703,366795.726616798,75577.543641967,15347.9918716834,6530.26198916151,2895.54082394754,11267.4224105522,366460.042123093,75391.0997491801,13600.4306439407,5878.90909010136,2719.25464268063,11334.5210151324,366287.358662268,76335.3010079223,13611.5598584016,5571.87829524784,2482.37466147003,11287.2321713507,366055.988671738,76974.5874235298,13788.5712121293,5603.09944300728,2442.30310327261,11304.6521706311,365481.755672071,77554.9717606474,13941.726129849,5661.94659849532,2456.90230197676,11398.7079204895,364795.422918231,78073.8307390153,14087.0574131877,5720.85755372008,2479.00725766206,11523.1416575476,364048.831244063,78566.469251728,14224.3603090642,5776.96224493253,2501.11449754259,11655.1374978026,363753.026064231,79044.2899777924,14355.6378846383,5830.55654444205,2522.24507760666,11791.1406109732,363269.829110727,79548.4575207641,14480.911999382,5880.30251604347,2541.46506982689,11923.2747489297,362515.465202028,80014.2243218668,14614.1230626203,5933.06582133007,2561.33969621303,12050.8431344056,361484.69927861,80428.3118813042,14742.5941714903,5986.19516807886,2582.02187796737,12174.0446118575,360265.627860718,80798.3261906549,14866.0986307694,6038.05219207342,2602.62819049876,12293.4404730962,359542.694554002,81140.796426383,14980.8894241288,6087.10651834467,2622.41292484234,12414.5942390525,358517.84955996,81515.0700357292,15086.444415782,6130.47487466491,2639.5353853119,12529.6036270815,357115.180214233,81834.2207606394,15201.7458816311,6177.41090849757,2657.31241531495,12638.3078647647,355428.605104989,82086.4094993003,15309.903002425,6224.381846162,2675.95722593763,12742.0826996699,353547.215776416,82290.5853611942,15410.2486702984,6268.79414632558,2694.04589136963,12841.3135092009,352204.806628685,82467.6626080781,15501.1017387722,6309.86027929197,2710.97277295246,12942.5243480045,350640.446163881,82685.5326597811,15582.2440470645,6344.70392119844,2724.91120883921,13037.7863965427,348802.745195191,82856.7090318281,15673.6023871095,6383.12193908114,2739.39911513353,13127.166737738,346616.517604768,82968.4396193508,15758.2299226283,6421.57339287408,2754.69785919794,13210.5458464802,344155.648407266,83019.2765991186,15837.2289355907,6458.61792715496,2769.91348537728,13288.2435409239,342110.689197228,83031.137922863,15905.7046033919,6492.57801326384,2784.33534623214,13366.9097069479,339992.764674145,83074.6492413233,15962.2404111666,6519.68809718224,2795.68523547447,13440.8946192358,337437.106805952,83082.4326306691,16026.0152533688,6548.44831315848,2806.70486443127,13506.4687878515,334633.114249144,83011.6469311126,16087.0524934924,6579.03437521795,2819.08608531719,13566.3982633371,331954.381577329,82904.4173120341,16138.9923108634,6607.4076787397,2831.43935110303,13624.586862331,330847.557609349,82842.9399439685,16179.3897426687,6630.95597513401,2842.12253329506,13696.8814409944,329927.890548162,82972.6026836806,16212.1058553964,6644.74511655068,2847.3817004437,13767.3681857256,328867.416198627,83109.3097358615,16278.1640040878,6669.59516931976,2854.90432689526,13833.4956698612,327520.651845417,83204.7213979833,16346.5569276659,6700.61835095862,2866.50026423283,13895.978461124,325890.581249837,83243.9631905312,16411.2754327907,6732.23490385271,2879.66620068761,13954.3292802295,324080.367177424,83231.2575545727,16468.0064706867,6761.94502640942,2892.82360765117,14008.5863385665,322157.478668725,83181.8006147565,16516.3565712627,6788.4639479108,2904.95494022383,14058.7395023884,320090.902950317,83102.6118098247,16558.3971930895,6812.16507664287,2915.86350916663,14104.0129215215
701,356170.525741083,95733.4161773327,21318.7287817015,9240.60832686185,4132.87074167938,14847.9044317221,329123.449784358,86432.8277085332,19935.4995104046,8886.56085828621,4023.80820748235,14414.1899300899,327521.252821664,86375.6045484083,17559.700913014,7869.62218000629,3712.62119723885,14425.0430010904,327163.727712883,87536.6660679726,17491.039895355,7430.46356386111,3368.08909808066,14300.0197090296,326772.055708769,88356.407531642,17756.7672539818,7467.82520822674,3299.32200230696,14265.6698670663,326071.850374572,89059.6865447345,18009.3059535003,7573.94971814767,3327.32890269356,14355.1940869135,325314.007908804,89698.2827348727,18248.5199959302,7685.10366790228,3373.58801770809,14504.0485318577,324541.887649611,90308.4975374898,18478.8140738297,7793.48708936978,3421.61112802086,14671.134978364,324196.752663809,90930.9954217235,18703.4974193444,7899.80204734416,3469.24632674741,14848.8755352042,323648.546839452,91562.8131536931,18920.9510028475,8000.81550931996,3514.15099351544,15020.7375354561,322832.117920376,92145.9071307136,19145.6749355941,8105.45404989137,3560.13431845687,15186.5610667016,321783.953087079,92673.6997891289,19365.6259897647,8211.16295714514,3607.63379814951,15347.8757222212,320595.110108378,93152.4258426286,19580.9480950993,8316.20914109272,3655.6409489255,15505.0157582089,319909.480475005,93643.4223476271,19789.497132524,8419.7139762936,3703.69650790266,15669.3474062768,318874.191338022,94135.7400752184,19985.5820323639,8514.69948827514,3747.51368385178,15822.1375263501,317469.811279812,94557.0933544028,20190.6927982269,8614.19331903564,3792.55159755772,15966.1905035166,315836.270127522,94910.9024279124,20388.8059049626,8714.79642442258,3839.49031705787,16105.7639582319,314076.43659541,95213.4348728962,20579.5556455831,8813.43090826609,3886.49885889385,16240.8985155426,312865.748915536,95536.3008090701,20763.388267475,8910.18010322166,3933.29742524045,16384.4300816304,311355.730177358,95863.0889337883,20932.5261743532,8996.8058001835,3974.95353197436,16515.5474992378,309604.863081011,96131.2745433205,21111.2984253706,9087.92853452105,4017.66019589173,16639.4908986361,307490.700025126,96327.5179262698,21280.8794831414,9178.68808975281,4061.49089812699,16755.0112447729,305207.291275342,96455.6944473533,21446.44804461,9269.64884952945,4106.38393603319,16865.6717237938,303373.476127244,96593.3958500899,21603.3358383083,9358.84742317795,4151.59163205312,16983.8063688304,301385.145762356,96736.1660949485,21743.7506480742,9437.40621570041,4191.6207853248,17092.2203960566,298950.268411163,96808.6044725466,21887.3783688522,9516.52693542673,4230.76840030073,17187.1564441479,296316.193900093,96803.6737437411,22029.2786181551,9599.28231304568,4272.69382582577,17277.3048750402,293936.545961415,96774.1157103718,22164.2238862156,9681.43596436383,4315.90138975318,17369.8669878026,293105.064899937,96910.7913902392,22296.2993980044,9761.85307846194,4358.97977509501,17493.1224104602,292240.384840108,97151.9948726765,22403.587223106,9819.90088529831,4389.29246507292,17599.8822713925,291209.10027777,97372.0053582133,22539.6054009665,9887.38747879132,4420.34778829506,17697.0013242915,289893.648565165,97531.586198636,22674.1085616441,9960.24678788408,4455.51370557011,17787.3514941641,288335.709019799,97628.7027261824,22804.3087999541,10034.19467787,4492.98074372011,17873.2256071516,286629.666405379,97675.0250815426,22926.0416873505,10106.6319836658,4531.07429401083,17955.6076429628,284812.203563674,97682.9042591532,23039.0409815417,10175.8486268756,4568.37384786936,18033.7343875555,282876.941339885,97653.8247414472,23144.3635122081,10241.9015142576,4604.4723951821,18106.4755282525
702,338858.716515055,116199.622577397,33019.8916780487,15467.5359418703,7186.5646065714,8797.33218791692,314940.435711215,104519.300804161,29011.9882080649,13693.0650365971,6387.55941733425,8017.4028033958,317045.638207157,105680.59116646,27046.5896801622,12897.8604760523,6151.55214857493,8001.45250799664,316988.015817076,107718.874424292,26870.3099508653,12256.3287408197,5716.50839477306,7749.03469202961,316051.652912537,108823.315724838,27404.9398811323,12349.1950113314,5608.30128450094,7511.84740544464,314968.814207906,109763.425946475,27925.3358302705,12611.6978160451,5699.54835113697,7472.96201795094,313814.897020348,110605.192814173,28413.8894907284,12887.0113787607,5838.47715406189,7566.22463456571,312616.719184808,111390.0499964,28879.779161715,13155.9143012569,5983.81654728974,7716.02680739749,311873.151091223,112189.61395637,29340.6826492883,13423.109761561,6130.26321661841,7889.62563338618,310885.05538235,112945.580365401,29766.0849064513,13671.1244727535,6267.84594838835,8061.93608782981,309670.829812941,113661.147941874,30199.9280643635,13921.1524978522,6405.11468592941,8234.13018601899,308204.640661644,114299.46320416,30628.8443940091,14174.0757431998,6545.35793031491,8408.55713124655,306574.972071088,114876.904365311,31052.066294821,14428.3939542102,6688.57716833809,8587.46098178772,305435.825935031,115469.363372889,31477.3090166628,14687.2339803079,6835.95286425291,8775.60548053683,303922.814935216,116000.621890359,31856.1906659117,14921.7540255453,6972.4442277609,8955.06728971115,302117.298584376,116479.259767846,32248.5993711063,15160.2791479049,7109.22764024485,9132.93898334315,300027.468041135,116856.572038549,32632.0765483503,15401.7780944236,7249.67348679783,9313.28685067445,297800.287283134,117172.8939442,33008.374259972,15644.4046714363,7393.55644387809,9499.61447257637,296119.798202099,117512.549422295,33386.1106446872,15891.4146369096,7541.75753384098,9696.72523894876,294136.932431868,117799.834346975,33711.6033071748,16109.7985599607,7676.60417825684,9883.33934639365,291961.86560054,118051.587520687,34052.3765471905,16331.3966943807,7810.60619253018,10067.2579360034,289420.946607459,118187.020092235,34376.2505262423,16551.5152261015,7945.73823276176,10250.151190652,286673.446497155,118247.885182405,34695.3396250823,16773.9448163736,8084.76083725585,10438.8004490936,284348.290164091,118309.31102568,35014.747999066,17002.0295480337,8229.44314109166,10639.6837981163,281906.760163138,118338.199436369,35287.4785309349,17205.0640818327,8363.04991500035,10834.1499271147,279070.909533956,118296.163255115,35553.426237483,17399.4587463921,8490.09078636544,11020.3801409855,276021.494429528,118158.601754358,35821.5059272675,17600.7756025069,8621.58788323185,11209.087281909,273122.987120569,117987.254079474,36084.5613281409,17806.6932303436,8759.15464618486,11408.0069015346,271796.80195092,118032.00023837,36373.6854508116,18027.6561210083,8906.67120035007,11631.2071237784,270524.296884729,118152.267458736,36571.963694044,18187.2712755268,9020.57953285981,11824.1388590225,269179.281761768,118319.678003193,36807.2515428515,18345.4742513888,9123.08370031333,11995.0532255269,267539.143038417,118388.691511868,37040.5042068004,18509.1483069604,9227.04860431986,12154.8282412941,265655.75494839,118380.884418443,37265.5893395615,18675.3685164141,9335.56833456053,12316.7363802729,263611.582710114,118300.401029659,37479.323861266,18840.7912339317,9446.7108289919,12484.2787269365,261453.012256216,118162.658320335,37677.5854223629,19001.58158667,9557.81554629015,12656.1420030781,259184.581650934,117973.695143917,37860.897988153,19156.1106065352,9667.02974170457,12829.6743006796
703,345477.540911961,102541.659132689,26762.0083137453,12035.454262526,5375.93255256462,5671.83837592753,322848.255870349,93100.9297377046,24643.5024487832,11304.5059875423,5097.86380889257,5417.0512174204,322126.627918741,93282.6630752749,22298.8561707278,10345.9987380647,4826.10595427,5401.19542305416,322207.757847563,95046.1839072164,22211.1379319109,9803.58546689326,4427.40148379223,5146.20443252815,321736.132862025,96119.1593535351,22645.5681164316,9881.57671195041,4340.23240220715,4929.76880532679,320885.46045357,96982.2276661906,23049.6289256266,10074.3400656275,4403.28390367055,4881.57892219362,319930.317142485,97761.5964789196,23428.8354486957,10275.1385838336,4499.1549689975,4933.30131604129,318978.164639982,98504.7236832173,23795.2219260249,10472.6120305822,4599.52407400605,5024.49979131513,318467.908671522,99260.149439873,24155.0211635741,10667.7169203684,4700.00807686931,5129.99733858274,317693.459720321,99990.491552374,24492.8505949488,10850.1823317064,4794.54614768503,5234.24444580107,316660.332059296,100673.111332861,24838.1119403846,11035.7657481118,4889.75655942758,5338.73035078519,315372.464806617,101291.279551136,25178.7900132829,11223.6160091549,4987.5025826483,5445.46145747319,313994.078927679,101864.660805264,25516.8884818733,11413.1123266254,5087.6098388419,5555.80212761418,313090.820607947,102453.830816135,25851.341263535,11603.2327236103,5189.28842942042,5670.54953814414,311776.089809168,102998.075115188,26155.165514366,11776.3081668869,5283.07905183847,5778.92531320759,310139.317923255,103481.615386185,26470.1580267301,11954.1673252075,5378.08065989432,5886.71601426828,308234.09140849,103887.087105692,26778.2902888467,12134.7040156087,5476.33018723382,5997.28773701249,306235.559576196,104242.070051581,27081.1003058512,12315.7991978363,5576.80236675046,6111.94938213202,304799.476093804,104623.875958952,27381.2703645849,12498.0373230828,5679.16604575042,6232.04870441919,302999.955943234,104964.475375612,27644.6658558401,12659.1659623835,5771.47315162516,6343.99555175233,300984.322876533,105258.143118949,27921.1706867794,12824.9736883085,5864.39652862681,6454.6613061951,298602.905277467,105461.401474595,28185.1620780885,12990.3958772183,5958.97128152324,6566.06700998672,296056.498194518,105600.559808717,28446.4553732832,13157.9839953767,6056.52499826811,6681.97975232283,293956.43996689,105749.490018015,28704.8509782681,13327.955157759,6157.15537254242,6804.67523848221,291670.360197535,105866.727431887,28927.0691647163,13477.8952873704,6248.64192470406,6921.19297879334,288961.569102804,105914.441913201,29148.8527611703,13624.6766928747,6336.95515853271,7033.0752142983,286056.540074498,105882.17479863,29371.7843789482,13777.8120724715,6429.68057047357,7148.17450872597,283446.515812148,105839.113648813,29593.8365603444,13935.2235450428,6527.19612574165,7271.08988000442,282383.494289727,105982.854539267,29824.4450344329,14097.0500901422,6628.07432043239,7404.67169978371,281261.937492825,106179.607605308,29989.8772080527,14212.8837940325,6703.56379616747,7515.05894336418,280009.032214003,106389.820280214,30188.0135793722,14333.38017692,6774.24898757966,7613.06025344102,278485.655147779,106526.128838664,30386.305026932,14460.6927811635,6848.78165798909,7708.41848075798,276689.173079586,106589.633368374,30576.5134330572,14588.9500981905,6926.47687783986,7807.10195969407,274766.024058429,106597.273956195,30759.5588691402,14717.4895961276,7006.44446185099,7910.77538900762,272719.461854987,106556.22093492,30928.5434850148,14841.206270814,7085.61329143516,8016.62531881147,270557.492626192,106472.057967556,31087.2105345311,14960.5362180598,7163.30688183112,8123.02952262177
704,340430.895936878,85164.4788618053,16497.926790802,7068.59099742512,3320.29931751859,24004.4281977087,311521.898148759,77217.3935331575,15763.161582433,6891.3392850299,3258.57299114352,23547.7170165266,308230.131845788,75465.2287019664,13332.3970487655,5985.98593729882,2995.06858984763,23525.5542406552,306543.512676677,75935.3559170287,13089.0446076707,5519.33147659008,2676.01734603887,23505.4357428912,305189.553416068,76218.302246412,13169.3992325433,5484.20368796838,2592.31210841318,23587.9221383585,303643.03524094,76446.506399695,13250.6290846301,5506.63314295561,2584.8786973933,23765.2087928191,302031.475194519,76612.7254114112,13325.002087894,5534.02063676723,2591.03848114856,23980.4082156528,300393.60659506,76750.2397554427,13391.3684573704,5559.13296123764,2598.3095833061,24203.9316529119,299217.007539269,76896.809538229,13453.6200723748,5582.79536526149,2605.33907242506,24438.1573594959,297950.59927202,77085.9346943078,13515.0984548614,5604.44290576378,2611.14841156834,24668.6009814084,296485.835675659,77228.2094709793,13582.4959456913,5628.68926281437,2617.47829783769,24888.4468867468,294809.329141195,77321.1313906704,13643.6961890692,5652.44829841506,2624.21172671165,25097.6175575544,292934.209762094,77359.2053060868,13698.9864714046,5674.32301524076,2630.4817211703,25295.2210939135,291520.392982685,77385.5557811964,13747.7636210377,5694.52372991097,2636.54124096196,25498.7995742782,289954.261184436,77461.3134163547,13791.6676850336,5710.78913146843,2640.68870142534,25696.0284997811,288053.841178441,77470.9022575096,13842.6525817735,5729.54513504205,2644.99160934421,25877.5891505737,285934.838293538,77412.1785785196,13884.7799952017,5747.44739264423,2649.67305772439,26046.829609242,283634.231704481,77299.5701092512,13918.4068260454,5762.21784566493,2653.41784480764,26204.1139584725,281849.450768787,77182.1810228558,13945.8181353205,5775.06950591103,2656.68388019564,26369.3520945515,279963.380299727,77127.0605197862,13968.9720391491,5783.87321059856,2657.84896881409,26529.1770787504,277854.646287863,77020.7149956272,14000.5909369748,5795.70756821846,2659.33077351072,26675.9977596836,275445.700230231,76854.9192743138,14025.2101302869,5807.08776039011,2661.25895332781,26808.1016771645,272844.01610934,76620.1353089497,14042.7114394956,5816.47696432377,2662.77841397027,26926.8050630964,270603.157454912,76372.7411228364,14051.6884348614,5823.29269381522,2663.74358014019,27049.4108490133,268377.52373713,76172.5934416629,14056.1035786299,5826.19992319795,2662.75025483826,27168.4477064919,265813.762741058,75937.3196133777,14065.5797550624,5830.35662089028,2661.37673885431,27271.1738247704,263035.894332041,75622.2745691272,14071.4165095501,5835.34396237205,2660.7458073681,27359.1581840405,260392.809165082,75274.9873328959,14068.2874646581,5838.09349114442,2659.98114478974,27443.284787343,259083.230566271,75027.2292443367,14062.0046396358,5839.380259403,2659.15358071047,27563.6119537326,258044.700655567,74998.4355823629,14061.8534665891,5837.18725152017,2655.6737196086,27694.5471471514,256917.979234998,74974.2821152272,14090.6423764404,5845.35285962243,2654.65266359,27817.7625347775,255557.044071971,74912.7131986971,14121.0373303675,5858.50382201537,2657.05020070771,27929.4809046665,253974.190904661,74794.5922454025,14146.8176092912,5871.85394483792,2660.76869906441,28028.937689122,252259.212103274,74628.5605545296,14165.1283510517,5883.23867523664,2664.45728924994,28118.3112059484,250438.752234643,74431.6366133946,14176.3720472022,5891.89171374855,2667.31067961237,28198.7562792284,248547.954748171,74206.9741729147,14182.8200564263,5898.4470554793,2669.25795728592,28271.0672641737
705,304704.905531431,124664.465571182,36552.5219457964,17813.9718828326,8843.99756551211,36337.5971938981,268547.988121047,109903.157984587,32307.325693249,15899.5244435368,7936.48647984206,33308.0532337446,272790.927212492,112969.815903012,31580.3426102037,15742.9940861414,8028.12456412987,34271.7559936871,272504.099000435,114695.810974559,31748.5252223006,15395.7670456728,7760.62813575456,34421.4526770274,271387.852940213,115607.164292427,32331.2997352504,15588.7325508354,7741.81372738321,34539.4508491248,270377.46855519,116504.344221228,32908.2987400604,15911.3668386307,7883.93769856202,34842.8547747799,269288.400925322,117287.299464002,33450.6710876476,16236.4137244882,8060.59969984381,35246.8409304816,268076.654563749,117984.038697389,33958.8818271683,16548.4727056266,8238.80546269785,35684.7445425421,267382.228785986,118749.685726541,34476.567160064,16865.8795649547,8421.61843219873,36171.6622618101,266386.252562379,119426.021150418,34939.5607965917,17152.8971575786,8589.37954713104,36627.0673223882,265242.517303905,120075.131949869,35417.5511157747,17444.520095508,8757.43746990972,37073.2669733753,263849.894048928,120624.350364219,35882.6822910366,17736.1227916056,8927.28987924698,37501.9493352503,262297.614949956,121099.214097359,36339.1079455705,18028.0809108034,9100.11814548422,37921.2987294159,261256.454932597,121635.50966881,36808.9141428465,18331.6203346264,9281.724057828,38378.4526526723,259830.851564621,122060.958498705,37210.4672061603,18597.8616159194,9445.45081446211,38791.7964273218,258135.589696658,122437.688757253,37628.4349019829,18868.4282802088,9608.84375555379,39186.5516700979,256219.474521284,122701.947642463,38037.5282965468,19143.4804131337,9776.89347678518,39567.2836783081,254150.92722408,122881.695061559,38428.3411221473,19415.3017183674,9947.23759995006,39938.5277780689,252654.760841055,123142.297271563,38835.0964788603,19699.2636182583,10126.737675604,40354.9237013916,250836.172997571,123303.268519077,39167.9446760501,19941.0565946472,10285.1459293916,40726.3968067916,248870.756687477,123444.724020067,39521.6266054315,20187.8099476978,10442.6754671856,41084.3729662222,246545.18076704,123437.223032277,39849.7452365556,20429.1932970406,10599.1601117422,41410.9483141431,244049.377556205,123346.080955552,40170.4323980574,20672.9441561232,10760.4100777014,41728.745171017,241976.951203327,123290.354259083,40497.9077539734,20926.9674135819,10931.0091002349,42083.6116036579,239783.479567999,123181.175924344,40764.9893997649,21146.5272101613,11085.2008360665,42412.9621813144,237250.359312965,122995.510641189,41021.7153953629,21353.6431799028,11229.5780972567,42705.7241213562,234486.364855676,122695.176199845,41276.5956878489,21566.2368104615,11377.4586768835,42978.744325949,231885.32196308,122358.255768163,41527.0329642727,21785.803623766,11533.8107796892,43265.2188716809,230718.061589167,122333.372241506,41825.9833742064,22033.8761332871,11709.3424646931,43671.5316457826,229516.315211388,122332.440996363,42009.9585406534,22201.2039967615,11838.4900741094,44020.1081988751,228322.054225046,122423.667343804,42247.8626967651,22373.2821674954,11956.6765264895,44340.9742858268,226829.091553381,122377.43780685,42471.9847861042,22545.1711930257,12072.3690905525,44614.8776230546,225136.366790208,122260.998038655,42689.2866383513,22721.3856643536,12194.2269933839,44872.9333163101,223302.665186435,122058.580132931,42891.2398499917,22895.8256388622,12319.1445616675,45122.5945128155,221386.445455089,121800.84914552,43074.1927680062,23064.1582276171,12444.0502621878,45368.2030882466,219361.794008241,121485.303876223,43237.5913298491,23223.0446023752,12565.4362470099,45603.3682911157
706,265541.742945486,118272.937312355,40850.3662623756,21238.9965325184,11013.0404446838,23564.2336472969,231065.683766967,103147.381406035,36132.6451288836,18977.0917182709,9890.31821281689,21245.3184570434,242679.429884908,111237.806260199,37570.164914689,19977.847825559,10635.3267892468,23018.8202483173,236192.177775381,109005.309611562,36929.8077925301,19311.0725711574,10222.8722540925,22667.0924013511,237858.35168434,111605.298802339,38093.3207864986,19891.9240999246,10455.4351368704,23147.1705526208,235540.586510669,111539.141355526,38556.5793635562,20209.9097990608,10625.6086570283,23327.8202297242,234915.850488578,112536.359603182,39273.4764426505,20697.2910498417,10929.0482511343,23816.6242355114,233403.10542889,112892.535778001,39801.5445789727,21080.7969394527,11184.4694981515,24265.2775121521,232768.370206232,113616.030146521,40417.1529155886,21513.9383316123,11469.8329603937,24813.8416126196,231566.981001858,114053.552312248,40910.9230165953,21874.3924274126,11715.0310043118,25306.1219003594,230421.454967463,114587.634825431,41454.2370156197,22258.2925891436,11970.3355481214,25818.8201188291,228923.872141025,114932.052486005,41953.5440877095,22625.322708854,12218.3323064998,26310.6779469289,227420.484838145,115258.707125073,42456.4671837697,23000.9243872065,12475.1073573693,26818.9458693369,226326.567842444,115636.27162256,42968.515029331,23387.1512145553,12741.5738792142,27360.5108246319,224826.275089654,115866.839766952,43387.8265833094,23717.640699175,12978.487156018,27859.4833249113,223167.001161136,116089.429308942,43835.1565795576,24058.7515521999,13218.08487191,28359.6458685352,221248.380652622,116158.490545909,44253.7249841685,24394.3057125998,13457.3990833562,28850.6696671491,219276.184952652,116170.495878741,44658.1085647374,24729.9526439753,13702.187054793,29354.256009304,217801.290146899,116276.248708413,45083.2224815529,25082.2354686693,13960.4064024207,29903.4332166059,215950.008684,116226.911872649,45402.319221065,25368.5620124397,14182.2669908983,30401.0461069843,214055.567350225,116213.499012863,45759.7896276135,25669.2824213568,14407.7956540499,30904.5351508974,211782.020351309,115999.182361556,46064.8954884305,25948.7659503119,14622.9579179774,31378.5214574067,209455.842863543,115746.092902852,46370.7302495551,26236.758576029,14847.7188529352,31869.3065221741,207502.643032161,115533.003574703,46684.406728612,26536.7995511073,15084.4588087274,32400.4583093541,205356.923535621,115231.81854889,46913.229849654,26783.7641077638,15292.7699630343,32898.4652043042,202950.384830741,114872.368768543,47135.0594539965,27017.443282357,15489.0645498969,33374.5211331766,200357.260958715,114391.568694223,47344.8238230879,27252.015847625,15686.4464085951,33843.265157756,198008.704001857,113903.504399475,47555.705546014,27497.8834994628,15896.3904953874,34342.0900795395,196969.992411955,113790.549519394,47849.7778313998,27794.9151368588,16140.9173633338,34952.5852994922,195746.232940435,113606.153911964,47981.0163050232,27969.4742628551,16308.3930659069,35452.5025036703,194607.308049571,113587.981474935,48198.2064493487,28163.6219189473,16468.7906883938,35926.2053752392,193126.126264725,113372.05640547,48377.604460364,28341.3148005118,16613.814421348,36331.1253661704,191534.965452794,113133.217067909,48563.0075233501,28533.7911257375,16772.1094545418,36737.3427839633,189795.132161691,112782.186698587,48717.9285082353,28716.0513762954,16929.7789411822,37139.0209640815,187995.145196648,112392.701064174,48853.2530369799,28891.9458515013,17088.1719060314,37549.9609854535,186113.225686379,111941.493986592,48962.8230896244,29053.645381761,17240.2945888139,37959.7636884875
707,361240.691165288,88518.3591478825,20618.8734624241,8957.07482679654,3982.93715324257,11961.8777731719,352229.495038247,84794.5386378071,19616.9895399863,8619.76628758545,3855.62735846006,11884.4370107404,351873.981728276,84024.5936500324,17585.0512017003,7870.92072785175,3649.07671138343,11910.4832906945,351180.500866425,85165.7590229451,17272.3232717519,7302.52637892515,3287.60105908586,11772.2992755178,350455.660395988,85919.1434394731,17524.2447702886,7302.33390499267,3186.44947994969,11678.0210546282,349482.059576755,86574.4312875243,17782.4176674245,7408.05729442096,3208.11099414562,11711.8695639504,348436.225116965,87164.1903392538,18031.0510335384,7525.34364346312,3256.33770262129,11814.9781007919,347308.864133532,87726.4744179858,18270.0354908997,7641.11591287637,3308.36078462368,11941.54265304,346673.748860437,88276.3289817753,18505.0090348969,7755.83454026065,3360.77495562337,12080.0088952338,345868.893399394,88852.8478708301,18727.4709885234,7863.71284940546,3410.24153866647,12215.5022394476,344822.19141131,89396.1861097576,18960.5540412177,7975.37085058998,3460.53222868072,12346.7623609224,343501.397479701,89885.9800782358,19190.4008852009,8089.06484030509,3512.72370865384,12474.203203247,342005.25308048,90332.5669684068,19417.6629474579,8203.45678964942,3566.18075476274,12598.9018023265,341001.56162748,90758.7897835168,19639.1451831133,8317.23421246079,3620.25138806741,12728.611064478,339713.543040804,91207.9575486303,19843.7823571738,8421.79165524215,3670.32287415566,12851.1931499748,338081.303951193,91606.5887462325,20060.7970199021,8530.65550112116,3721.21080310882,12967.1185458622,336149.217240749,91936.4024156502,20272.8270745131,8641.83712876115,3774.44424666154,13078.7286019544,334053.522650396,92217.1603596602,20479.4817072518,8752.73347204463,3828.75372554161,13187.5658074426,332502.710741423,92482.4032105081,20679.3671392905,8862.37176956614,3883.38504168003,13302.4328813761,330734.909672108,92778.5422286524,20860.2767635331,8961.1625233509,3933.11156631348,13410.0716782028,328711.017650255,93030.1085585946,21053.6674598398,9063.73038467692,3983.15702165009,13511.1774237969,326319.209512654,93215.7447438579,21240.6605612295,9167.81004317478,4035.12972610387,13606.3142773792,323693.521897061,93338.3127299687,21424.2176335028,9272.71809231517,4088.68846127992,13697.717978775,321479.416675193,93434.2291777894,21600.4731946223,9377.04133462873,4143.2512245681,13794.317473094,319213.914426939,93552.0950680778,21756.9613537215,9470.71937277618,4193.27861643299,13886.2177732891,316511.975934,93629.4741149946,21917.573416844,9563.69809954322,4241.63729716875,13967.5893394443,313550.983815017,93625.87144744,22079.9526971404,9661.56568034518,4293.03099579918,14044.2184515975,310740.945963981,93589.1218100308,22235.8127830112,9760.28853598883,4346.72832209416,14122.7589008555,309491.807762474,93629.8635382612,22385.6790712275,9856.93415957989,4400.53466659426,14224.0368902337,308440.421496577,93836.0788276099,22502.1931164375,9928.93350864617,4441.41091766063,14318.0280479392,307247.826992307,94049.8114659747,22649.6600136521,10006.3957235833,4479.9102357695,14401.5399332843,305774.351107386,94210.9250992715,22799.6423702128,10091.0227517501,4522.67919915886,14479.4320256457,304015.902992057,94312.1409926445,22945.6403504311,10177.3248554778,4568.18537659626,14554.007932723,302091.808379504,94358.719930393,23085.0788101195,10263.3528374012,4615.04131293867,14626.6876277157,300046.993171338,94365.8578395552,23215.0163757751,10346.4700063119,4661.55233664477,14696.8205517175,297877.216736432,94338.8700988416,23337.8958562521,10426.7125443424,4707.11540712388,14763.2025049032
708,352283.957831843,87085.2359754274,18547.9074988877,7893.03164178332,3561.23014831319,16684.8250544555,338414.74348415,81702.0277939924,18148.8625447742,7819.1656231971,3541.42340443588,16740.1404970286,340449.561634367,78983.1065244162,15400.6696298259,6973.07640781518,3350.79266943719,16934.1867862326,341419.897592626,80413.0668430319,14620.7829644063,6094.01099532297,2867.24558453583,16892.3376457514,342166.33563788,81340.621234455,14764.6415064354,5982.79112320596,2691.83866415448,16877.9781215481,342575.351249746,82159.4197897723,14960.7141637103,6034.87812982561,2677.65562424676,17010.5615685845,342886.983887493,82902.0643157561,15154.8952935813,6109.451960769,2700.66747614206,17224.4595358364,343077.158802256,83609.2474101585,15338.6130941036,6183.4242081862,2729.15521942432,17465.2149212451,343673.096655215,84280.9145839885,15515.3729800766,6254.83733038575,2757.3962582776,17715.9126174956,344116.227489552,84980.5047700586,15681.4033774014,6320.95203068807,2783.35251690173,17963.1257967528,344306.833183338,85654.4954929402,15859.3241956681,6390.8190885128,2809.99742562824,18205.2070211255,344270.004399697,86274.671234822,16034.438738391,6462.31726418068,2837.95354468942,18442.1408732455,343986.092553367,86852.0774774252,16204.4855811913,6532.77489746991,2866.03718245236,18673.4339184576,344116.240453439,87373.574887562,16363.9856869534,6600.01227983104,2893.17562944408,18904.8905526108,344003.620908067,87931.5702427578,16510.7463128494,6660.48584704633,2917.36227734817,19128.7464336402,343545.199520372,88449.2003265127,16670.9810541652,6725.24408210636,2942.2388370662,19344.881157642,342814.836034748,88899.6730097334,16826.8946183775,6791.56031278846,2968.55436284919,19554.5578617434,341846.884596935,89297.0683207774,16974.7242147995,6855.74982903604,2994.63133460128,19757.5653021919,341340.800345345,89640.8263242044,17110.3863788061,6915.77173848384,3019.29853790854,19960.7739343463,340656.665558273,90032.256416597,17232.373993233,6968.23578762079,3040.5261671383,20156.2592735588,339707.077357492,90391.3070905037,17368.7274955629,7025.0148881043,3062.28270710033,20343.8154330664,338434.065535199,90692.0285659272,17501.6286853202,7083.64548019745,3085.56134874883,20523.3266989843,336875.559849049,90930.9356296336,17629.73749033,7141.73993835697,3109.27642974096,20694.8204002837,335658.605934027,91110.0884674234,17744.9242739312,7196.14406486219,3132.06648947747,20864.9887600387,334389.559156618,91320.3826476191,17844.5824973763,7242.51969550651,3151.39649933762,21028.310873353,332727.057880662,91513.0273082829,17954.9856107779,7291.22303087815,3170.43208881928,21180.730335995,330806.416106111,91628.9651077655,18066.4590816671,7343.56490375136,3191.48691309992,21324.5924391346,328888.734775482,91691.9869623388,18167.3086126332,7393.88821814842,3212.786994747,21462.9182496176,328336.746609581,91740.1580394964,18246.9445566744,7435.95622734592,3231.2285026836,21613.244990945,327983.269284664,91987.0287303665,18307.9237710323,7463.63384676033,3242.44205510391,21760.2092755413,327491.310762767,92268.0541887305,18409.8266399099,7502.9771088328,3255.40483358643,21900.0478543229,326759.367895874,92509.0972202417,18517.8388348334,7550.96482640508,3273.46129460199,22033.9731374186,325749.870984877,92699.8177276929,18623.4218844726,7600.60383129665,3293.84372226671,22161.2152931617,324569.130907969,92833.4417163326,18722.3634205491,7649.29047289466,3314.80096432471,22282.0109384913,323255.496682537,92926.0567565488,18812.2332665388,7694.91687270481,3334.9903053897,22396.0545233244,321817.443825354,92984.3587467618,18895.5133445755,7737.80948223497,3354.06793542474,22502.9993582727
709,156726.374944316,116262.076055705,66829.5550310246,45826.8332625807,31227.7086691678,68762.2184435385,133300.646932249,102683.463754556,59314.1960618422,40766.2375749254,27880.5670854621,61954.893420377,134028.603141536,104052.393980801,60719.3686304516,42328.0337355254,29219.0303597174,65671.2059625983,135627.787998913,105733.039980439,62167.7352730336,43492.0619921661,30318.9289799665,69776.9269173625,130457.849466858,101750.958665291,60022.0464073118,42163.5142818734,29520.2734396034,69467.6874530156,131097.766132264,103612.025192103,61349.9217989599,43161.5984480911,30310.3061698809,72650.745837347,129485.968330282,102629.150198602,61471.1376071306,43392.7246452305,30542.3196200081,74286.3055398284,127266.091333966,101434.036710936,61084.0430928098,43346.9698988796,30641.2022418717,75508.8992658003,126828.721568638,101691.116497132,61650.9725466328,43909.4568195308,31168.3260192219,77854.4502371447,125415.236044028,100950.619005465,61607.3439960526,44054.9366535261,31392.9442197882,79470.8570316904,123908.700088919,100305.595094526,61542.067389299,44170.7636700994,31596.4213510488,81043.1689064649,122699.42394788,99905.5610586004,61703.6872650759,44437.5343167496,31898.420691645,82872.1521037599,121108.363552272,99090.752818743,61620.3399105261,44549.5176141705,32094.0751773102,84426.0029986375,119872.745866031,98483.3012777768,61613.0371240551,44720.5035561247,32340.977061673,86148.381484513,118689.442242551,97984.7738296537,61626.5324745798,44890.5203462956,32585.5952928648,87914.4020670253,117111.588037039,97171.9773643278,61470.6259243082,44923.8727154079,32720.942123502,89400.1665738982,115530.425609247,96371.1346245717,61341.1799463578,44984.2991916876,32874.5827011133,90930.3215956809,113929.679967133,95512.4054324979,61190.3929593973,45038.6374539357,33029.3774404196,92479.8605541643,112574.862864094,94697.431617829,61034.5681238935,45097.0922888282,33194.1405579142,94100.0929711601,111243.214227569,93993.9330082504,60867.2752749315,45131.481339619,33341.6161803434,95728.6510149101,109689.859595163,93106.5815207952,60615.088480127,45080.6358978961,33412.3258572549,97155.4722033715,108038.795525877,92167.043287163,60344.2515490732,45023.1570831175,33473.902759745,98539.9415523838,106316.164652508,91136.9407639692,60038.9262233065,44948.2588929381,33526.5115476198,99898.1844701367,104804.418410172,90151.658304362,59741.3279640004,44890.135081233,33599.1597885543,101346.795279611,103376.404635851,89279.667177279,59443.804870114,44821.9009709366,33667.2069059318,102838.393844914,101689.158581869,88233.0131701692,59043.0647368092,44653.6017769482,33648.9971554889,104095.559643299,99891.9909594303,87081.4313881073,58605.1913025091,44460.4669782364,33605.6233019061,105262.85720279,98245.6287479576,85968.4564662676,58197.0746656274,44301.5242298533,33592.8722264033,106528.046883255,97337.834639968,85209.0348123057,57946.9630522347,44266.5700859761,33680.6231849154,108156.568988102,96685.4690350839,84801.6261711228,57761.3313521698,44241.2912466567,33768.3079808739,109843.10704224,95746.7316990927,84193.3617876839,57476.9192559704,44084.0329731861,33719.4068242101,111040.965127098,94722.9477477857,83567.2924972214,57225.44157411,43955.1239203596,33672.6109444851,112097.126008803,93693.9940516803,82944.0370565841,57023.602364138,43881.4561610482,33670.8206327894,113175.473014371,92552.9231025827,82184.9362739051,56741.7384694083,43766.1718539762,33649.1898680421,114128.235541052,91361.8340725719,81379.4372243958,56411.2309448805,43620.4989964809,33614.9039759293,115043.307516912,90179.3264379648,80578.4567786279,56080.2013619241,43471.751696304,33581.4647712051,115996.524471688
710,159515.738767003,123726.953357202,70347.3936704888,48080.18649325,32686.5815534494,72170.8603095077,135176.868147844,109087.217916543,62512.9098423011,42859.1457959551,29252.1044794406,65239.1867914434,134195.079715603,108920.778337048,63375.8810053782,44034.9233103001,30315.1163602725,68255.1034282804,137794.013404729,112343.015359504,65991.6491002719,46110.7036612405,32092.8089797022,73972.2599808141,131460.569235968,106906.081496773,62964.4564081482,44237.8008976006,30961.2438618224,73040.5714008807,132418.319105688,109276.253118404,64495.6017096517,45355.6978975256,31856.6339603234,76669.9558184087,130974.412474959,108329.485832347,64742.8552223419,45665.630706841,32136.1965512809,78571.9209971104,128437.676036231,106790.498694769,64139.5288414173,45489.4091315621,32147.548766483,79652.4514613559,128186.898185439,107265.412994348,64863.2903378471,46161.5868900489,32757.7927278127,82283.3056241601,126723.868647095,106398.564157215,64787.9948923923,46298.4928022328,32980.661983394,83959.213502978,125168.052297363,105689.373861284,64685.139434912,46398.9680289099,33181.7610719783,85583.7585696104,124024.914928582,105329.896419063,64902.0719212458,46709.9016583855,33520.5925920337,87572.0219222865,122384.872797281,104422.130174689,64789.6979885186,46812.3478728684,33715.1069126941,89179.8710786464,121119.7677558,103772.477307163,64775.1720599068,46987.8090614423,33972.2621077411,90986.9757598752,119966.631802826,103264.318011087,64809.1612074815,47181.8486813923,34240.715822096,92879.2828955118,118379.488432656,102395.430563717,64635.9990085137,47212.4234964136,34380.8468526984,94440.0182478034,116789.203014087,101552.266264427,64498.8464029379,47274.5226700854,34541.6075365822,96051.5894339417,115191.555709263,100654.842803331,64349.4958932484,47338.1634573912,34708.6317341695,97695.8013910491,113782.363334614,99767.0164818154,64170.7355004962,47389.3653344637,34874.3224083763,99378.7424059792,112453.847892464,99020.0139336054,63999.5613777055,47431.212584552,35034.0439747479,101105.695978699,110909.318853244,98097.9544730295,63740.4671478436,47384.4156814367,35114.9034612193,102629.296738282,109244.247111715,97097.0133936536,63449.0827010941,47318.7794757003,35176.1741451136,104080.677891611,107515.547738887,96016.9069857689,63131.0855698457,47242.2100172053,35232.9565439025,105516.881346554,105970.819219272,94966.0610462943,62813.6491009184,47177.3673651309,35306.1661194784,107031.775781797,104532.42923504,94037.323921414,62500.1986936282,47106.9502436918,35378.8229811553,108603.701441398,102850.050752098,92943.8723905012,62084.1704818724,46935.8075513144,35365.1848555852,109944.604069249,101034.568278229,91725.3654494527,61619.962240092,46729.7687770613,35317.757717125,111169.461025792,99366.2985032785,90548.1024418624,61189.5537188241,46561.7042992361,35303.4514840983,112498.900461851,98386.5270833827,89712.2859814118,60907.8933993248,46510.914581469,35384.9717675442,114178.340681571,97730.4184394639,89266.2658375561,60713.2434819541,46488.2787304672,35480.8909115798,115966.878101581,96804.0262051022,88639.6608677343,60419.1232567256,46329.9975885163,35437.5725383502,117262.362561453,95774.0301279347,87973.7484630069,60148.14693771,46188.7541056304,35384.8158588815,118374.360338271,94738.8738617576,87317.2818464616,59933.7073710008,46108.4432865529,35380.342950565,119510.080220377,93594.2685396886,86521.8867448793,59641.0311374899,45989.1921213645,35358.263959065,120518.946018254,92392.3082102968,85670.2685625777,59292.8871723486,45835.6097356774,35321.3939537662,121478.624757445,91199.2518339148,84824.053897572,58943.9786829164,45679.0699013033,35286.0865456105,122479.532074389
711,276318.992333838,68666.1196758957,14711.2064637318,6217.20820077435,2740.91076270986,9586.6391115745,261550.933390559,65529.7376424484,14178.0059370351,6082.85431843315,2697.0762238197,9499.3431454954,258193.407013683,64117.510237862,12310.2461252833,5337.36973216565,2474.14447310006,9442.02625117716,256223.007491564,64278.5695610219,12092.1968356311,4935.36088799199,2198.87212523722,9304.38166217728,254660.244147122,64336.9826967469,12151.0419444835,4906.022447563,2127.14671199024,9238.67573301264,252994.209735774,64378.6794934118,12213.4221508671,4927.67658791354,2123.40506721015,9259.3403971482,251331.799795337,64382.8809777486,12272.5737690575,4954.70883370893,2132.19417148936,9317.90634094187,249666.920361017,64376.9781697086,12326.3319274969,4980.53805388911,2142.38172916711,9387.52032591706,248451.998827901,64386.9350877523,12380.163706613,5006.54055823474,2152.90057473937,9464.48103361203,247230.817520144,64455.0218345093,12433.9322445153,5031.12383299357,2162.61908329572,9541.17072260487,245842.240783585,64495.6142405404,12495.3106096644,5058.58950007908,2172.99965174246,9613.86418829504,244299.998184862,64495.9194851952,12553.1659537963,5086.77293219215,2184.31680109982,9683.13192558322,242625.353901686,64457.6945913127,12605.9563707017,5113.6748650471,2195.55363176726,9748.5597715668,241349.074160898,64415.8852006257,12655.4767834729,5140.01187672131,2206.90200241903,9817.2084174527,239972.164943381,64424.7654000943,12701.2876082032,5163.19821069589,2216.73915210664,9883.25841771314,238321.715179602,64385.6681639371,12753.6383081498,5188.6586140803,2226.83557970969,9942.94827476937,236483.634287821,64289.0107737933,12800.1131610657,5214.35298787556,2237.79107054382,9998.38374046802,234498.394553864,64148.2539135586,12839.1501749861,5237.78874066322,2248.32427745872,10049.4443406947,232973.196552955,64009.0961752715,12874.6959161397,5260.45325002195,2258.83109422269,10105.0449427901,231357.256556594,63930.9787413908,12906.1379235025,5279.21335412828,2267.36500424087,10157.9014056285,229538.310745657,63810.2626728481,12945.8309849858,5300.83304731026,2276.26688125462,10205.0724595189,227486.220572258,63640.7541441588,12979.8607760324,5322.72790861446,2286.07722939084,10247.4718870062,225244.555432878,63416.2851618031,13007.9499112289,5343.15091728308,2295.79297574057,10284.8067142167,223339.29473918,63182.9429631899,13031.2092883795,5362.74488979982,2305.66254536245,10325.4083073332,221447.069878272,63000.0404683176,13049.4622610077,5378.41290504172,2313.68948968336,10364.6258698248,219250.466073027,62785.2415713371,13072.6649067152,5395.02405225484,2321.26936776112,10396.2055784111,216882.838764419,62507.9004217171,13093.4618981552,5413.3257779813,2330.16671441777,10423.3375941682,214601.823687981,62202.8400981906,13107.708821208,5430.33908074007,2339.36051592024,10449.3731378949,213495.851269222,61991.783054765,13123.3689550128,5447.99724671337,2349.21607459912,10493.3221268975,212610.021463987,61969.254517727,13139.4400398707,5459.39389003401,2355.11927816743,10539.1037170867,211618.873896657,61947.0791469809,13179.7939427759,5478.23820037962,2362.03280066604,10579.7799610931,210443.19174462,61892.9778878544,13221.5293993636,5501.78963914489,2372.13914697446,10617.5258769692,209069.74957553,61793.0181325274,13259.4866103511,5525.59527071979,2383.4597721647,10651.7120022469,207588.829477033,61654.3396859144,13291.8551177797,5548.35884767221,2395.04312279944,10683.181745844,206032.715287228,61492.7184375709,13318.5080125209,5569.10461643523,2406.10646274535,10711.8980570846,204405.955999553,61311.622115101,13341.3675250685,5588.24993187399,2416.52158121242,10737.521404064
712,210686.288597099,131408.8757904,60684.8955678498,36784.7366668038,22192.526670762,38213.6029526727,177925.758172869,117729.405846803,55396.0744538279,33733.9678716514,20437.1204104529,35313.16341201,182931.692819754,121560.386444747,58393.2811986195,36368.440151858,22384.6764100804,39085.4651008315,178528.7957881,118737.811104325,57180.2506355271,35818.2134507518,22367.7296487788,40206.5516671324,177992.598892001,119768.181045771,57843.3296562188,36291.3036844723,22758.3880950185,41906.5414490051,176165.091405172,119433.114984601,58283.5396807534,36660.6285795602,23038.9473455909,43091.9700879279,174364.895398686,119147.852578262,58643.2801572904,37069.3485401393,23384.9932155105,44231.7730658693,172804.087374181,119014.798144455,59098.854533142,37534.6229359283,23787.4248950111,45474.934275884,171318.867368947,118699.546505937,59438.4354131013,37935.8897424456,24155.7052259657,46675.6608647779,170026.962144276,118619.814868505,59818.104289377,38350.9795774757,24535.0640417807,47933.6370030373,168360.677972486,118267.792820853,60090.5946816954,38681.8492883783,24851.2180392558,49078.7905180446,166699.208660401,117953.078597405,60397.5483093228,39042.4930355303,25186.0972641212,50258.4830689452,164840.831095465,117449.565637145,60627.2651124421,39361.7366376299,25498.8984201966,51403.2887365379,163413.194650657,117085.113840362,60907.4911095421,39721.8908661544,25844.804202734,52641.366961462,161874.797337235,116707.191159264,61110.4032046792,40023.5316324175,26154.5640075271,53842.7752324522,160006.963326721,116142.913643105,61244.6349919132,40263.5290247698,26415.5931279989,54956.2752219648,158096.370109372,115544.698361846,61396.1885422515,40525.3380814109,26690.4175350669,56096.2828296297,156011.020702465,114779.416334616,61467.8737574197,40746.7410841033,26945.9453584724,57209.935013933,154359.532475805,114146.439439622,61587.8251472825,41006.5954518528,27233.859009153,58427.3029804025,152676.514576298,113553.220665685,61647.2656337379,41216.5155081109,27490.1688361354,59621.2262760667,150720.369644843,112782.51796937,61632.6305621306,41356.2931278987,27689.2320735848,60706.0026247111,148687.084476719,111988.99102469,61631.6163978963,41511.8208057963,27895.8892616004,61800.6431077982,146447.611086014,111006.364578634,61550.7364895265,41624.4195117976,28078.7248785751,62847.3355087587,144528.727610728,110110.726411847,61502.1182855754,41769.0303394834,28291.0004949175,63987.7968557448,142695.042257678,109291.855648406,61422.8348328997,41886.6848207645,28488.5936908169,65141.0145568164,140512.974954221,108279.86797448,61237.4119402824,41911.5845089645,28614.5024048982,66153.6575136577,138250.045414226,107201.007543783,61057.6601143904,41942.9723404319,28739.7301485045,67159.5948751569,136058.95730418,106076.34751526,60858.7782683056,41975.9230075648,28872.0765779213,68189.2743313916,134841.560478298,105322.0115,60797.985663543,42108.9340900547,29080.8121638619,69440.151776427,133964.247864107,104937.098560756,60753.9317760799,42219.6563807971,29269.1035471538,70696.1145815767,132744.268557831,104350.976194201,60613.9229002864,42205.8261402838,29338.4328159686,71641.1180050837,131530.050251191,103842.232344829,60568.5990817447,42258.5100301733,29435.9710659949,72560.1300948459,130141.697458477,103186.372048079,60483.802006792,42300.995826907,29529.3322968264,73393.894135912,128633.487797446,102420.412818995,60341.2752808242,42319.2832923885,29616.4568132157,74186.047598746,127131.390443823,101650.189119711,60192.5984448778,42339.1011028327,29712.7002720395,75015.6427457987,125562.13091986,100808.361877349,59996.3067745627,42326.3405415347,29789.6012339289,75825.931580614
713,138247.808138415,110053.265215798,69525.0089321034,50004.9316596552,35697.2860153667,90238.6979243966,129664.97042059,107065.541332821,64676.4460827442,46576.6346880928,33379.2432446204,85285.3580627781,114408.815325964,94465.3695648926,57221.7932445399,41074.6993348661,29397.603098343,75506.2627193617,123895.05793204,105476.599825048,64172.3572485309,45959.2023296083,32957.4020450797,85419.3797770118,119433.55206406,100506.578543036,62433.9572295581,44921.6866048662,32219.9046182273,84197.0858535242,115397.490403489,98121.1760123941,60736.3842763675,43987.459701799,31726.7232453189,83641.9649854931,117508.474954206,101015.076061912,63198.4330168896,45823.5328969997,33151.4498702464,88395.4674935471,114743.207145773,98554.2189775541,62299.1623553937,45434.8542861301,32989.8147427062,88925.9426939206,112941.641138548,97593.6553148667,61859.7800077855,45332.2937776069,33085.4218129348,90293.8797622659,113025.009060999,98250.4076309697,62698.0725097799,46076.2331254581,33753.2960396873,93370.4643770534,111265.112705418,96985.821760875,62297.8051329085,45960.8737514573,33785.8453225234,94693.0485211635,109704.253587636,96171.0156679794,62064.3776659611,45951.9507482651,33904.3209247925,96267.9459193932,108720.923581039,95827.8783900058,62261.1686182851,46246.0032546634,34234.3786957481,98468.0941603471,107387.237495502,94905.8433828257,62058.1381136782,46276.3940296959,34378.0707525229,100150.205342473,106181.280184006,94256.6420596724,61900.3478188041,46325.7503143067,34543.5026551041,101952.157701606,104935.333372289,93605.1367750278,61808.3692575242,46391.7762129973,34704.5905301058,103773.762498063,103419.073345631,92665.9734184066,61554.6713663238,46353.5574521866,34783.8079952207,105335.03435027,101874.812933591,91716.0354271659,61283.5656117626,46311.7021030642,34868.2786059497,106922.13406676,100642.465061775,90880.3035653153,61082.1286842388,46325.6820633982,34999.7757722384,108697.868158996,99458.4056752223,90153.7728492637,60861.3036310282,46317.2181854204,35116.4456768695,110489.078983592,98032.6965676772,89222.7163350988,60524.8721774648,46192.8957248209,35132.0619201699,111990.5888023,96528.6872432712,88253.9193307284,60181.3730179423,46067.3743583344,35139.3392243618,113446.224185866,94965.0095631083,87216.4832257958,59818.9521687854,45935.9889376549,35144.9880829055,114887.890222026,93537.1344273321,86162.1660457128,59431.7271055985,45797.7053909432,35153.0725903774,116361.926567329,92250.4803178663,85272.913411351,59076.2735471739,45676.6888065437,35178.9066311566,117953.920375255,90770.8862773732,84258.8203490629,58642.0519454336,45469.6364552115,35127.4814639473,119324.87104002,89111.6018595413,83066.8403984297,58120.0238676983,45195.1176499053,35015.475223051,120476.119170139,87558.7819225385,81916.1217896244,57629.5614758592,44957.4143778197,34935.7277963822,121730.717746205,86633.225254327,81066.1198732207,57290.5430303502,44841.5761464059,34957.0308454717,123376.423917652,86077.7386444384,80660.7678561879,57082.9559005837,44797.1289764617,35029.3651272049,125265.715744919,85279.8885639308,80088.2904463408,56780.9472937514,44616.3965176152,34960.3810685205,126618.731507209,84318.4911607763,79411.4311952361,56451.8467574323,44412.9511757579,34849.7247167541,127657.867869913,83383.119031299,78783.080288994,56205.5369900666,44290.9128845353,34803.381509802,128774.043391784,82392.9895784415,78063.6828379614,55917.3418685217,44157.4254824111,34759.8744326639,129816.146123054,81309.6949962035,77247.4818222762,55541.8545135483,43965.4235203414,34682.8949328975,130725.709105198,80222.8759605445,76429.9663058484,55157.3305231426,43763.2724365349,34602.2863577471,131655.551136189
714,378149.547192824,80560.737301998,17407.708183718,7605.10052705006,3547.96043464706,22052.4916073047,361776.073139098,74617.4817102607,16386.8141907471,7332.45766802197,3459.80432012564,21674.5617071039,362156.186964403,74903.8568320826,14760.656923486,6648.30183719568,3249.40783740878,21864.1332203821,362646.026077104,76164.5504588043,14685.8364306886,6288.47078016217,2987.45748209032,21955.4938804009,362763.122545159,77044.6764813146,14927.2787010208,6317.38983437785,2928.24300167137,22090.8919530839,362483.106485488,77815.9204527341,15161.0184027967,6409.13034496612,2949.91253790251,22311.8567949265,362096.391995049,78535.4251350085,15387.5081834767,6507.55938634335,2988.19751479821,22577.4055671618,361722.218635918,79234.5473684392,15609.0872168337,6605.43701493561,3028.93148655042,22856.9921195358,361866.693784964,79948.4407312973,15827.7863218245,6702.58809820926,3069.99010169939,23152.2492955011,361646.803357017,80640.7257624437,16033.7693832086,6792.7808023351,3107.65740415572,23430.541747211,361173.19484013,81302.076800807,16248.0172014901,6886.54497993209,3146.29725954645,23700.0069321813,360407.951427538,81917.9481801621,16459.7959779714,6981.7989897238,3186.28289390199,23959.5309856395,359589.495312112,82509.1738244397,16672.3254746006,7078.68997785915,3227.64879471699,24215.4146622223,359314.326575064,83113.3410054342,16881.2120496019,7175.29291622278,3269.64161854752,24483.8702495279,358538.505459913,83682.1684726644,17071.8118899994,7262.11079599941,3307.01300701199,24728.3854870161,357388.919102315,84208.4959318139,17272.5732573021,7353.11166912938,3345.41812775106,24960.1347606451,355981.96100793,84681.6868234374,17470.7508565986,7446.37962294025,3385.74005622312,25183.0089982471,354504.488244933,85127.3751525832,17666.8659046661,7540.08775089199,3427.06542746012,25400.9626982291,353651.732529965,85592.0770752847,17860.4564570556,7633.77542608049,3469.04055015267,25634.3541694819,352323.649056307,86016.8693141033,18030.6122949898,7715.12884371837,3505.20569948081,25841.5635518923,350754.462453779,86411.3939899028,18212.5584492812,7800.87882953975,3542.30677828656,26039.0531435676,348774.360401352,86741.3278112403,18388.5448388746,7887.29521630559,3580.53122967164,26220.5610944603,346679.843200915,87035.867845941,18565.8621285522,7976.02292998943,3620.60713176271,26396.4498723316,345074.398608022,87335.8311637539,18739.3016924917,8064.88662192992,3661.71342492779,26583.9988690953,343187.653473664,87601.9769216528,18889.6335667322,8141.91373529742,3697.49065637201,26751.7931824852,340828.946784276,87819.5137072569,19043.2114992733,8218.95691306191,3732.20211454067,26899.1549646506,338258.750621096,87984.5151221421,19200.0724799945,8300.75535016748,3769.66602137272,27037.7687966477,336096.575982469,88158.9925179151,19360.3240259017,8386.5101816985,3810.21633217833,27185.7835332476,335592.943351031,88442.5767394009,19516.5981701181,8470.9013178247,3851.19690797765,27381.0472287629,334841.654797838,88735.7033275692,19627.0703653782,8527.65928546149,3878.32289974896,27545.0316020941,333905.341385528,89038.2324566898,19763.8702757656,8590.9892786508,3905.13444555532,27696.9479482262,332661.580622377,89289.7723321858,19904.0209578987,8660.93437463581,3935.89456488738,27835.6920861015,331145.008579257,89494.0271964652,20042.1426038339,8733.03647373051,3969.35347607434,27964.2933019732,329476.368069994,89657.4733872591,20176.0368490556,8805.35351769502,4004.1456690483,28085.9310321325,327674.526420057,89785.1726316936,20302.4300121791,8875.33193851124,4038.64060308987,28199.549285735,325743.957856294,89880.2696531492,20422.485489202,8942.79786346611,4072.27259285905,28304.5387048785
715,203879.190750656,132801.930283226,66058.4070802247,41545.7492799315,25918.0533786916,45101.4403375222,175856.862232325,115221.805318274,56937.7672941096,35949.8481208686,22554.5515205918,39858.5308297827,179613.006712331,119439.654092425,57707.2186383141,36833.8335329088,23312.3285787444,41458.8392394101,177104.962017256,119093.564262726,58303.4353994296,36890.2330091912,23483.4654655678,42927.8315517437,174551.37078532,118075.025647615,57832.9968911815,36728.3377006636,23308.5472036404,43011.347680322,175124.524465424,120056.132532793,59708.9785219966,37920.4252213484,24123.0925878696,45004.3201207022,171471.477661659,117861.336106274,59097.5565243681,37827.169869725,24134.0821874594,45239.6902059638,171648.739198164,119367.395595378,60411.6611715282,38814.9510561683,24911.3637155202,47197.6865140717,169040.079669804,117899.819907557,60203.9236712607,38909.9229610834,25082.5112734493,48003.5381064058,168631.407119637,118648.38800274,60983.8593172706,39581.537730376,25651.2755570864,49695.8784151668,166556.558616675,117827.325753259,61052.9682133999,39796.7235661408,25895.5700231562,50760.4344072799,165249.312987192,117823.045142356,61496.1044824264,40253.203020572,26306.2822394752,52167.7105241405,163368.38071536,117231.901589159,61701.5998118683,40563.5886149893,26619.0329120166,53391.7275337137,162019.200477099,116931.201226212,62007.9885840906,40950.7663970042,26992.1635410504,54763.8219702644,160550.495703186,116564.661038216,62231.7147679931,41273.7677944591,27324.0426059089,56094.6221862089,158736.294812561,116011.227269008,62364.9021611276,41522.0755149163,27598.8522268206,57321.7161121184,156902.917787319,115450.907881462,62537.6214734344,41802.9940034988,27893.7936566384,58593.337505793,154890.228730141,114703.915525159,62620.0121554283,42038.4974456327,28165.4339391425,59830.4374337317,153296.235524644,114100.39358032,62753.7521987487,42314.6275810408,28472.087230039,61179.5236348683,151658.189916083,113508.128203019,62817.0941616813,42533.9720396755,28742.1147637539,62497.5257968616,149753.907077675,112753.23996862,62803.9947535721,42680.4972533523,28952.5686001517,63702.4684539166,147780.84338016,111979.089106201,62810.6144026605,42845.3694976585,29171.6531273029,64922.2769027212,145603.408325066,111014.678928108,62734.3128293394,42965.4382037892,29365.1134957205,66090.3397510438,143729.429601272,110136.894404729,62690.8825061361,43118.1595155496,29588.9713572236,67356.2228254646,141931.094743446,109318.824956567,62611.1765663152,43240.6663187444,29796.0359969896,68632.4880549181,139794.288214062,108312.404023103,62420.0321314007,43265.6962513532,29927.6563798364,69760.7672179376,137580.263228285,107249.997627273,62239.5885272287,43298.8828555737,30059.0630567401,70886.1991673485,135458.160428129,106149.401307021,62047.6326194098,43339.0844292354,30200.8875047452,72044.3409469081,134238.913626227,105395.684665287,61982.0314441537,43472.7558404542,30415.7573216366,73417.2183567454,133389.157501363,105000.12082927,61936.3318311385,43587.7922629471,30612.9450706328,74802.1369284892,132189.100851152,104413.873528808,61782.4063228331,43566.9397615415,30682.2227178588,75850.0744463923,130999.176949475,103906.745780042,61730.506050121,43614.5020087775,30778.9652725577,76866.6707618101,129646.910696347,103264.330462618,61647.2845565227,43658.2950753745,30875.0613141283,77798.1597179781,128164.196791026,102500.106241007,61498.87392022,43673.3837500519,30961.9140996605,78673.8889879129,126685.332884088,101736.27069008,61346.9470378258,43692.1476087813,31060.1314048521,79592.0445137084,125135.477402848,100894.331602145,61145.302721806,43676.8637673263,31137.9758722056,80488.6160096757
716,343872.706850744,94180.5045112075,24484.869047305,11237.3176337646,5287.71994483081,22066.5255950068,326910.920682119,86535.6671597818,22477.8044474173,10519.0755311474,4994.25981628015,21363.0962426798,325351.681487568,87077.3949032799,20110.9054352088,9430.93327378806,4637.19132604396,21362.8580459033,324997.7614057,88475.7854825902,20124.6380546485,8979.5882360496,4261.68359634919,21270.6727388511,324511.903920105,89440.3635198679,20499.9891095149,9058.63073501955,4194.15544442058,21268.5159300982,323682.076459297,90251.8086229472,20849.4135463142,9221.20396031124,4246.7320878735,21413.0524928356,322762.857329773,90988.0215100826,21180.5937070285,9389.66793924658,4323.77051103245,21635.6869761753,321838.297468609,91691.2792793637,21500.5667916367,9555.08882446108,4403.85866406601,21884.687318704,321352.966894983,92401.8583188706,21813.9147322798,9718.28668297825,4483.97228891605,22152.6046330619,320642.745272575,93114.1178683579,22114.5227643347,9873.04946201868,4559.87814414453,22409.9693740122,319683.862039991,93780.1531174896,22422.5503864694,10031.4233735923,4636.7194149374,22657.9579163517,318460.160918492,94389.2478426755,22726.9456979815,10191.9011429531,4715.80810353378,22897.3787568543,317148.422602398,94952.5694392786,23028.4187044678,10353.5895584986,4796.8011657172,23132.3548173102,316317.006969436,95524.7486852537,23323.5161269596,10514.6354765835,4878.84616258897,23380.9551827511,315098.341971408,96084.926418184,23598.8656460611,10663.2244099548,4954.8023961352,23609.5944669764,313543.364061847,96578.2021380573,23885.0079796928,10817.0329426611,5032.16492250459,23825.3101959008,311725.108726615,97002.6983335483,24164.4134349673,10973.0764109834,5112.41095427411,24032.630592855,309815.176792149,97376.3487348583,24438.6981549428,11129.161867853,5194.25435502848,24235.044184666,308462.904817796,97768.7576977187,24706.4092527283,11284.5963105843,5277.17638180942,24454.8423079063,306779.323979831,98150.7994520043,24949.9990321196,11424.3954886965,5352.25385456809,24653.2445392195,304851.006038895,98475.4408416786,25204.1831502395,11568.7090536224,5428.04122270556,24840.0554652753,302558.028867277,98724.1128814249,25448.941861628,11713.4490168209,5505.66038765025,25012.9458817374,300115.990809477,98907.432141645,25690.6449487126,11859.9085338023,5585.73730012024,25179.5511170058,298123.897819304,99098.4259850709,25925.828015695,12006.7232455187,5667.87081832978,25361.7285370303,295950.169009469,99278.8123121724,26134.9429326758,12137.7781151262,5742.5045968701,25528.0132164793,293329.752592312,99386.4879716681,26345.2819594434,12267.4298332157,5814.87691828415,25671.8401129063,290518.636062262,99418.5957909158,26555.6607522373,12402.805311388,5891.3896312303,25808.8845859144,288022.326456266,99431.109265973,26762.5900684581,12540.446109396,5971.42134375495,25953.8671217142,287094.835116696,99613.4979877246,26969.9390195489,12679.0373347465,6053.47458479967,26156.2469341611,286074.570342578,99867.8089995213,27128.7323745922,12779.7378545983,6114.04342122032,26327.0721472621,284895.076230762,100109.470918328,27317.2255744156,12887.1385143387,6171.97589288094,26480.641449968,283436.762900335,100286.694305809,27505.0544247463,13000.9532774148,6234.19520229247,26620.0125419874,281720.038583435,100398.499159781,27686.8104685526,13116.2133387737,6299.60453049567,26750.379302638,279863.977310107,100458.212062798,27861.3732888458,13231.3098112283,6366.92689011995,26876.5412988165,277886.863347447,100474.571537936,28024.7207765287,13342.7145870862,6433.80898545136,26996.7624557186,275808.756444784,100453.068549163,28179.3567431481,13450.5877455213,6499.59548179162,27110.6438019929
717,193840.786979999,148890.632222905,72479.8649910771,45072.5217372388,27808.7765962927,45292.5334738734,163245.037177959,124768.160130184,59880.3138855874,37326.2084735697,23106.5209067133,37972.0493859978,167191.935765118,131380.665320793,61685.9148087643,38850.2633692484,24320.4222161703,40486.2135586515,163564.079648543,128837.335615457,61149.3473771734,38180.9115718541,23955.0080985713,40847.3134025399,161886.254979766,129162.411365094,61527.8838465348,38468.7326820569,24087.7840945634,41568.5281201942,161014.99464236,129499.735418778,62529.4059126161,39187.5056797774,24559.2897198497,42671.5316147443,158714.191467386,128501.154926596,62623.5702549463,39492.3248455684,24852.6673031602,43460.4063778694,157547.100385611,128587.927254581,63240.6822397645,40080.6143581109,25354.510749862,44761.3443213132,156009.428909146,127994.091187034,63506.2115293043,40457.7484703181,25721.3325499444,45919.2918950157,154812.960268059,127857.409750755,63888.8220119819,40889.4758145843,26123.9188858962,47209.5185817315,153258.309901978,127388.621484151,64155.0796047015,41229.095222457,26454.3788774485,48394.9705884531,151667.072295,126911.256293514,64426.0627063948,41581.0185326158,26792.5123890754,49598.8860208427,149953.023214291,126298.167819494,64644.1629476101,41906.5908618591,27118.4706462193,50796.3985565924,148584.329202263,125794.037358082,64891.8043457888,42258.8749835378,27467.759545629,52066.4942840221,147171.050792583,125324.457029327,65083.4758361386,42564.234376139,27787.9452176819,53316.6457991921,145415.010273566,124613.396838324,65185.4033555722,42794.6444191015,28049.9491160929,54466.4750533308,143642.295664042,123878.543997539,65308.662105131,43051.0388773311,28329.0978575188,55649.0631554495,141701.216475139,122964.771514786,65344.7821535573,43261.9308972328,28586.1136477151,56806.2079974875,140164.039639215,122205.174075089,65432.3902600938,43513.2477296848,28876.6398646282,58065.9717932147,138609.005586602,121502.330374639,65465.9287284051,43715.8341625151,29135.6809818791,59304.1663051181,136784.439743847,120590.404735125,65414.597430418,43841.9766612043,29332.360220006,60427.3507982275,134897.770916946,119649.115802011,65376.0312155953,43984.2858541828,29537.5372504851,61561.8969352687,132842.197902183,118523.377537043,65256.3989779796,44083.911797869,29719.876068421,62657.5142970398,131053.178536593,117481.831646339,65160.1545119195,44208.1965223296,29926.5546338167,63835.0244785981,129368.200484748,116548.728156777,65048.5484052018,44313.6672684751,30123.1245679366,65034.3701787649,127353.683997877,115389.324933275,64819.7537982998,44319.0506377995,30242.3258249414,66086.7883972271,125257.928532285,114156.095182381,64591.0391470536,44329.131259507,30360.2572180988,67131.9862389826,123237.035117561,112869.777511483,64340.6971486707,44338.4278582586,30484.1875986127,68200.6874434634,122104.254688276,112032.337642628,64242.7105696823,44457.3440304202,30691.202916437,69495.5299832754,121274.165867166,111572.398863862,64173.7658707355,44553.6225207136,30874.4186367593,70780.0928893458,120171.826652812,110920.524620181,64018.2000641402,44535.6120385797,30944.3863890274,71768.4804923164,119049.116826006,110325.059017055,63944.6575342256,44575.3485351304,31037.3423611751,72713.3448108018,117765.837451268,109574.318381105,63829.1910358712,44603.6382624432,31125.430316688,73573.2138479472,116385.124344803,108710.265587588,63655.3686354853,44608.012308834,31207.884647202,74396.3437523201,115011.432703337,107848.46347263,63474.7168450883,44613.4793395812,31299.5225451872,75258.477742372,113553.838863225,106894.891433168,63237.2973784512,44578.8050041875,31366.0960537183,76090.6451631604
718,250956.749083038,120504.574417767,45608.188528926,24727.3258095907,13380.1365884016,33530.6229929804,229917.03247777,107780.069563132,38196.2256863173,20663.3312022439,11174.6099838369,29406.7849205349,233239.425711534,112674.65780312,37726.3526227006,20390.1636010322,11163.1379297191,30163.4112244551,227858.087769892,111323.609797677,36991.7071661649,19459.7147492374,10487.7264225436,29209.3045078251,229088.694979569,114106.509814818,38465.4480145817,20085.3684495772,10664.7216828377,29656.4736849686,225629.551988675,113197.023696782,38639.7790898425,20290.3831245694,10752.7519221889,29473.3147319809,225351.650508574,114613.167520062,39586.31734756,20890.3421312293,11119.6453800187,30125.1692529843,222678.033640362,114162.349970737,39853.0549237167,21160.1183341143,11317.3074746856,30406.6102333705,222219.925926305,115115.556786447,40598.3906860429,21662.2964999672,11646.5349060291,31113.9003780304,220281.795679641,115013.383789724,40920.4559092293,21946.4423264262,11854.0300740082,31537.1943322544,219156.522179848,115620.737092981,41520.9380849553,22362.5738429125,12131.7965994645,32155.4477328209,217092.528946847,115541.348329245,41893.4493878911,22671.3926356369,12350.7769731159,32606.0345159024,215434.954087208,115820.212867424,42407.1934996234,23056.9503037534,12617.2757722361,33176.544257596,213878.116930552,115846.119514583,42825.4192388348,23401.7295537301,12864.460677887,33709.0914288338,212348.366859042,116047.622566174,43251.1072777033,23742.3339718012,13111.8150900697,34269.6076745177,210317.505372982,115970.66970772,43612.3293198493,24042.2104627479,13331.6916857933,34755.4762652259,208301.36571463,115937.476563172,44015.0707578483,24374.5606278273,13572.8160832551,35280.4965798586,205957.379243145,115671.776086512,44338.7410800866,24672.0294514927,13799.4884306467,35764.4087715927,204340.700930025,115636.23872734,44741.6333705044,25018.8875461577,14058.7945072778,36351.5430490904,202332.530360751,115415.869018465,45008.6797914611,25284.0632627352,14272.9612755266,36855.9297073339,200305.112990298,115246.616677138,45327.5352746611,25567.3633504652,14492.1783447036,37375.7039088581,197903.360362737,114858.514552725,45580.8831662549,25823.4942973056,14697.0705007323,37844.5861227169,195401.290240723,114428.582517039,45837.2161893618,26088.0000805813,14911.5385556305,38329.8210986966,193276.942710918,114020.929915972,46099.2548089404,26365.2330694458,15138.6339909541,38861.2685709048,191124.205999568,113618.054904856,46301.6651566678,26603.8657930358,15346.2446897664,39377.6650907081,188597.85347736,113076.961972111,46463.2522321818,26807.2430598151,15528.2827762102,39837.5166988941,185969.914079042,112464.456192995,46635.2246535285,27024.1349596231,15718.0879282595,40301.5259835205,183378.398833791,111760.669246524,46772.6950676164,27232.2208424037,15908.8598835296,40767.042827284,182250.744062917,111517.590156166,47041.7900399069,27521.5177373232,16152.8361758549,41416.1237551114,181033.507648484,111279.234633235,47148.6582152588,27688.8692112187,16320.473899756,41946.6427225008,179801.750639723,111133.057300169,47322.8856154741,27859.0936735878,16469.3597696946,42432.4009156595,178320.9056121,110846.618202365,47476.3703619858,28024.6122561501,16608.8460875702,42848.308084095,176677.733893467,110491.936481227,47622.0686840581,28195.7086678411,16756.1908717999,43250.3305669072,174922.091325163,110048.234801576,47743.7009361462,28361.4898506266,16905.9425919978,43648.3999345344,173119.962999275,109562.187367783,47845.3993888759,28520.122786578,17056.1068900956,44054.6208994911,171219.687242365,109008.668427816,47915.9705460882,28661.1982569534,17197.9002095601,44451.7098773363
719,365232.03089767,78178.4697497448,14844.2549627524,6107.45028407868,2611.05912049792,6693.45871577985,340521.314473538,73140.2414526313,14495.5962378314,6094.32221394442,2628.06453145639,6668.55371057584,339505.710941991,73026.351738141,12771.3150204113,5413.76808977858,2433.30226342044,6673.92753089752,339189.675436974,73790.7313178526,12821.1342911268,5154.64794675657,2216.09922362364,6569.1065333981,338893.261691533,74355.8511113876,12985.0992199018,5190.02752646371,2184.8929610423,6534.82814916649,338294.960015394,74873.2465946561,13130.563288659,5247.62450694412,2200.85995153979,6573.57570790469,337635.590112599,75336.8151228125,13268.3313154772,5304.94746586967,2223.06404707945,6641.00270212272,336903.113000547,75779.8704246362,13399.5666497103,5359.66521580211,2245.11015576238,6715.95176357272,336606.705638828,76212.9302739512,13525.6704359487,5412.4196929467,2266.37267992918,6793.87164181325,336180.542328378,76679.2677045316,13647.4783858358,5462.01202378017,2286.0626749625,6869.88363941433,335496.051280727,77113.4360695578,13777.2956382321,5514.75408963137,2306.54542015328,6943.74702064746,334551.57717856,77498.6094860096,13903.4422179556,5568.19302517636,2327.9641965977,7015.85538315259,333464.90912615,77841.1780912118,14025.44744345,5620.71014656313,2349.46091468559,7086.49978455017,332831.42593381,78166.4070868059,14138.1682574777,5670.1707099552,2370.01759343137,7157.88348475019,331935.220685113,78525.9423094332,14245.1927657931,5715.19123655308,2388.35287467953,7225.62918770484,330694.894207466,78833.5025256086,14361.1345986309,5763.91320668131,2407.5937728715,7290.30181346539,329173.567547937,79079.795756264,14471.1589578333,5812.89413884103,2427.79270735554,7352.87450395991,327520.532155596,79279.2836037994,14574.0719474199,5859.75148333512,2447.6210718382,7413.61804318878,326368.688458512,79463.1041711084,14666.7685285905,5902.79020802145,2466.07608892526,7475.07956939693,324987.069558153,79688.6266816777,14753.2415795066,5940.80486120319,2481.93963060693,7532.53243680946,323363.428447656,79867.0679976792,14849.4373283624,5982.7961836088,2498.7346065739,7587.11810261248,321437.534957789,79992.7377910817,14939.2606432371,6024.7486903434,2516.37592263947,7639.22271098824,319260.477544774,80062.9068795283,15024.1391538632,6065.47298197211,2533.96487192325,7688.74624883627,317472.315083693,80099.2943101871,15098.6139205041,6103.06193684124,2550.68280322158,7738.67834253628,315615.240792745,80169.2765391733,15163.2670821939,6134.55757593098,2564.6102627756,7785.40613883328,313345.328970536,80204.4264763351,15235.3797665097,6168.15666089403,2578.54831052763,7827.54191751911,310856.399346629,80166.4124276768,15304.3793954681,6203.4259794428,2593.86646483728,7867.43592878124,308514.604711711,80093.9034233866,15365.220771211,6236.51524100199,2609.08017204764,7906.85082525996,307595.985404826,80071.3811529204,15411.5878321407,6263.48187539525,2621.97447556462,7952.39509848776,306827.742118367,80225.6214747006,15453.328754524,6281.64531230424,2629.67814128122,7994.64684763746,305929.124650989,80382.6787247066,15524.884831636,6310.32358704527,2639.73818791254,8034.45602074808,304764.633903177,80501.6657645713,15598.6593474771,6344.50554396062,2653.5285059095,8073.58068836747,303331.714222198,80567.9579687236,15669.1041565497,6379.27960940481,2668.74567721,8111.63393079294,301748.439285453,80584.7092623137,15732.0495504486,6412.23360759834,2683.89901188811,8148.15030839494,300017.791657296,80567.766601343,15787.1915402489,6442.10943794369,2698.01513307988,8182.16742924353,298200.626335779,80519.1005135275,15836.7091812229,6469.68061224508,2711.14170914034,8213.75469296938
720,202478.763778235,141303.156850913,67015.7697718735,41326.6833903603,25337.0349796547,43752.6197944892,170442.921543793,121047.016626211,56916.5452705145,35160.3490599179,21635.4652443184,37807.6366476372,176885.258761255,128813.003769568,60139.8135085772,37441.8569188333,23203.6734373697,40774.9473175799,172152.273330816,125230.738388098,59473.2950450814,36924.9405788297,22981.5663353506,41175.6612890817,171343.258767265,126283.764833087,59977.7883553473,37414.7250216935,23324.8267180942,42222.3588004996,170058.180760709,126257.69730977,60826.9807294796,38007.0822718706,23749.8521685889,43408.0495107574,167846.553390618,125532.992487387,60950.1406725481,38331.5882338015,24051.9022321868,44270.8259560496,166728.205415307,125704.423320494,61624.106699873,38927.1910672281,24549.7880729883,45623.0884230791,165042.835283167,125124.322579607,61857.0541069156,39281.9906096241,24893.4930180707,46733.9531810316,163911.055729657,125135.712398569,62312.6993690513,39747.6233352437,25311.0490305623,48046.9040883995,162249.260029208,124679.045318329,62571.5552608994,40079.9060429162,25631.4963336408,49191.845508187,160656.78365846,124332.395135036,62890.7331278624,40456.1064995714,25981.0819535679,50396.4426287201,158881.430686077,123783.220433056,63131.5427244567,40790.1771823736,26307.4319515138,51569.9236218877,157472.414889117,123367.53244009,63411.6886785192,41157.429847842,26661.6933477447,52824.9530993866,155976.454132438,122933.908335771,63619.8501961102,41469.0075962382,26981.3850369578,54048.7587638081,154184.41392024,122319.430781341,63759.6345085103,41721.2828089197,27254.546957797,55191.4750741094,152342.343875219,121660.055947813,63909.9128677114,41990.072871724,27538.2371535511,56355.8260704375,150333.194880203,120829.658375877,63979.9300963706,42217.8949652393,27802.1244583415,57495.2270213128,148742.487237727,120153.459603705,64103.7802373438,42488.0524696203,28100.7412206368,58740.6553254127,147107.763715597,119492.779907511,64157.2745921683,42700.5254400971,28362.5191710536,59953.2847270394,145230.446922829,118671.378044577,64144.0015060707,42849.0942117749,28571.3792966959,61067.4907222383,143255.379819652,117799.902855788,64133.9708500538,43006.1093635718,28783.0546230266,62181.871185344,141103.894339881,116745.116152688,64047.2633734721,43123.5802821357,28973.7176429929,63256.9556645647,139247.318125951,115787.96637131,63992.2443132471,43272.2848572571,29193.4148722125,64424.6665143631,137464.676418123,114892.919929955,63900.9627781693,43388.8928916797,29394.5081391161,65597.4292221177,135362.509703141,113811.704850611,63707.3382548307,43416.5775873421,29526.7571030067,66638.8971826943,133176.57270731,112650.684118097,63514.4969758903,43447.5484274823,29656.2991397873,67669.7244150413,131080.366493868,111451.940822192,63305.0498168005,43482.0592059667,29794.674692645,68729.6435514308,129900.539557699,110665.465615527,63239.0521613028,43618.8590281619,30010.5010253448,70008.8351577458,129031.821712344,110228.481935799,63184.9761019639,43725.7443113003,30198.8851934452,71274.9748116645,127865.486735618,109613.378064941,63046.3633656369,43718.7270325161,30275.7189120489,72248.2488508846,126691.921857373,109058.792123171,62995.21813823,43772.682370446,30377.1158093353,73185.0822643612,125350.318226729,108350.172298681,62900.5611985209,43814.1466358489,30473.1261961258,74035.8142085452,123896.130125362,107534.654573962,62750.0487050819,43832.8598478731,30563.9803308758,74849.4231463564,122441.884869015,106705.311339528,62589.8321433529,43850.5662118156,30662.1425611432,75696.3698702632,120920.808047825,105803.339513474,62380.277912198,43835.0582797363,30740.8176133931,76525.2359809627
721,233934.638440685,135568.09822223,54962.481504328,31251.1800480096,17727.8022750184,35002.3405541676,198077.804830054,118073.463128044,47978.9487818818,27349.1339786251,15554.7475941155,30834.5520526147,207907.148455069,127044.471769394,51555.5439505754,29770.1560894889,17160.8888680032,34080.6373486383,199963.391853384,122028.693917559,49878.4915352549,28753.6746680594,16642.1658697465,33569.7057672209,202059.901773974,125491.053808456,51612.9271864423,29775.0781377307,17246.6779986989,35026.7396829483,198416.622164898,123879.621972635,51590.649856618,29893.4248567402,17344.7353587684,35275.7312065508,197925.343133607,124997.799276143,52514.1058102722,30584.0201023986,17830.8418571778,36311.3145674521,195511.095571457,124385.076866607,52799.4146335358,30908.4876686726,18104.2543193765,36966.9776414337,194649.735228059,124854.181081276,53459.574858048,31452.7546090054,18516.8873687327,37952.0739045057,192971.964544291,124685.429368563,53825.5338760326,31815.075330222,18818.0639826649,38750.831007684,191519.029117407,124791.239958152,54313.1608546323,32239.28716573,19152.0802048671,39624.7112347033,189703.994490066,124595.64243562,54704.8931963417,32614.8962292465,19456.8726255052,40436.4865876685,187859.107989018,124394.268332108,55096.7074152903,32998.2915387879,19772.1233604485,41274.3233610041,186460.734540978,124272.096519705,55513.0884651242,33403.6578200668,20105.3998689477,42171.5660561536,184804.779370902,124078.64820384,55829.8751488364,33740.9914092912,20399.3923550124,43018.365029503,182880.469089656,123755.821397518,56133.7072658921,34059.2438516059,20674.9922257669,43829.3433754597,180862.24870964,123343.075939655,56426.4511450648,34384.7747267025,20957.6823159514,44648.8337820213,178678.688232403,122792.9993583,56658.6665024581,34682.9082028267,21230.9153424302,45458.9100530838,177047.651252935,122411.526671647,56948.9769189346,35021.9279605048,21534.5077596773,46362.0886162946,175165.886775119,121942.86789591,57125.1241503054,35280.7989131343,21789.4933446981,47198.6013166804,173145.272475483,121401.471548461,57303.1003400407,35526.9192030389,22028.2775237056,48005.260776561,170935.804662185,120745.371759334,57449.2458471284,35763.4566232238,22261.8654815186,48793.320154579,168541.135702639,119938.09393123,57541.9880539359,35975.7236157577,22485.8616227096,49563.7407048471,166538.547454684,119237.69198892,57673.5068465269,36221.2066817383,22737.2041827233,50417.2746356081,164502.636931424,118525.782649751,57731.2130858415,36414.4372403187,22958.5227303906,51244.3121588305,162159.967328555,117677.229134449,57733.5679727748,36556.8104015405,23140.6888441163,51999.3588892823,159694.324401484,116726.52463956,57729.7967466538,36701.5929617259,23322.329656779,52744.9739968784,157336.852958001,115723.796294305,57703.483776116,36845.8387589593,23510.5714357145,53511.898900426,156185.39334214,115198.82571883,57827.080870438,37089.5225903993,23769.1237896616,54483.1695742629,155118.540584799,114831.731146902,57853.3276356728,37234.3241906545,23957.2953903357,55354.7245125916,153865.388981223,114411.197493866,57880.5410416422,37334.3565982249,24088.7175094675,56077.5892265917,152538.282482976,113980.537470885,57952.8363104898,37468.865899996,24231.2638077269,56758.3677158155,150982.327780905,113377.829769469,57967.6743451027,37581.709375204,24364.7336281856,57370.8724250487,149373.74998207,112730.94886002,57969.2675033001,37697.1396511192,24508.1605407526,57995.6459220206,147709.628167754,112015.728000577,57935.6339217112,37795.1719447087,24646.2578538528,58622.3694091848,145981.045933086,111253.633472028,57868.5908239194,37872.5137491914,24773.8845964736,59246.6931390504
722,269716.466329915,111863.883100488,32704.7513354769,15743.4517627605,7600.87480264485,17890.3468855722,230945.962979638,96137.3320589509,28440.7743242536,13851.3106193604,6730.72316750073,16026.2195894605,246880.956455034,105280.683819698,30067.6386508767,14791.7831358628,7326.27912482405,17475.6726060693,241116.404749092,103616.076521947,29649.2185356044,14310.0553032314,7033.47671370769,17226.1686277261,243103.422857989,106078.347463075,30591.8099795216,14743.6489247958,7180.65557626803,17519.6952242128,241885.763748536,106633.90542971,31136.7887287301,15060.1635612315,7334.95125928127,17694.6121791472,241709.085443925,107780.819627006,31792.3708939547,15459.2140510386,7559.28466309148,18036.7120615911,240960.020405882,108570.890838042,32363.0154110923,15815.3943136458,7768.64835783136,18380.4676709744,240886.198688987,109563.56005226,32974.814561465,16195.3395210409,7992.30052848411,18776.0446176999,240268.54116251,110315.885216536,33492.288751024,16524.9283492055,8191.23274463483,19136.8253793443,239706.620833209,111161.459645157,34054.1195942928,16873.690015592,8397.9685451261,19510.4561216681,238751.581836369,111826.873915409,34583.5252325735,17212.6146117208,8601.66715572296,19869.1914451596,237799.309570712,112490.289293001,35124.5380031884,17563.0474186309,8814.4544034831,20241.1250338337,237224.862362033,113188.976778224,35671.1047478392,17921.2595680558,9034.4059861513,20635.1324436339,236179.228210842,113706.373707382,36131.0887013212,18232.9996286077,9231.85950877073,20995.8538823985,235019.743976619,114260.360611416,36628.1560221722,18559.8724990316,9434.92814632593,21361.1328132243,233565.830836958,114659.122876339,37105.5131580764,18885.5767947187,9639.94396886702,21719.5551307383,232035.042608085,115010.054956055,37575.4847326546,19214.5705083998,9851.09231570592,22087.115421813,230988.361299754,115438.919867908,38062.609737476,19556.7660750932,10072.378857454,22485.9596993835,229486.679402711,115669.023388911,38447.2414537503,19842.368074453,10265.2676462144,22844.7213192186,228024.473578491,115989.167714289,38880.849095267,20147.6029689145,10465.2945842811,23213.7469430402,226121.063027708,116088.463375759,39267.3774357278,20435.6625552287,10658.1080449279,23559.5188310891,224145.731177883,116172.087589938,39661.9863843542,20734.669732537,10860.5015748881,23918.0244703677,222476.826706549,116265.557965605,40063.986301137,21043.9046772121,11072.2678341618,24302.2991737418,220624.660591338,116245.581121448,40387.0059132409,21310.9314710632,11264.1093494335,24665.447449475,218533.523807755,116198.966655238,40708.4740915577,21569.3747674605,11448.6358038881,25015.3128047609,216233.930050747,116037.707432951,41026.746294596,21831.9702661577,11635.8081919963,25360.1031918846,214078.929619674,115852.528468094,41344.1273787914,22103.5167545078,11832.6529028303,25722.7291662656,213214.047553772,115975.488645632,41720.2665795738,22410.0686956291,12052.4277456354,26160.3607756958,212118.478423363,115946.719457754,41921.2364323719,22603.9877899193,12208.473402875,26518.8402820267,211234.50995131,116167.4830426,42212.9318978469,22819.3847497613,12361.8511191085,26867.7696409252,209874.0808525,116122.506682383,42454.6352770121,23012.1780707354,12498.6376445611,27160.0094785729,208493.689203195,116125.543775786,42725.0715832699,23229.7773408154,12652.6005079598,27464.9156846389,206877.042770163,115968.993375807,42958.9567481622,23433.9946340715,12803.5888433163,27760.9711530948,205248.012818227,115811.619676271,43188.2595422587,23640.7988296977,12959.6884619761,28069.9907343606,203474.40603404,115560.952408702,43387.9939662558,23832.3475748396,13109.2294140698,28373.0924412095
723,127050.75908138,106114.907193404,69018.4260302704,50714.1807715576,37031.1498341092,101218.040786283,108482.587657866,94089.8808373953,60695.4317320962,44731.0228630307,32783.4325928042,90500.9150619687,101365.130302421,87903.5148287598,57244.8823306264,42634.2927393567,31449.4897158711,87733.6721687448,108274.32770926,95479.4530483214,62432.2916905716,46614.4738433494,34683.6488616233,98783.3223292151,104396.302685503,91139.8031129338,60256.7177838415,45179.5419022238,33733.7003499826,98146.2351824085,100687.237319977,88748.695371724,58434.3295527293,43965.8514686285,32969.878958237,97770.0829588701,102357.649132062,91148.8433958831,60565.7172503646,45579.9474200473,34234.4804760545,103240.148724247,100694.69023267,89587.2517956878,60124.9559881711,45469.0613818274,34240.90511251,104713.17616855,98377.6893465327,87856.064705815,59093.4135932113,44899.3051371286,33964.8064417732,105334.348537999,98369.1534766197,88445.3807612922,59781.5747540013,45527.8549854914,34557.3701510757,108741.914770177,97416.9301623159,87806.3469843705,59766.371972808,45663.1281896907,34759.6020628991,110900.54982576,95586.8290829943,86493.7453966728,59125.0571720277,45339.1205774631,34631.1458304902,111980.958377417,94559.1814942805,86045.3477653355,59129.8568842541,45474.023709561,34844.8405125371,114189.085832319,93764.1592195732,85532.4254952733,59149.8378542374,45643.209359288,35083.0793766258,116495.118001451,92528.0459531311,84687.0429084923,58800.5189507128,45533.1187447028,35118.7636000874,118172.957214955,91255.2366593498,83905.2188800541,58519.2004974134,45437.3771063806,35152.2780628314,119875.300878406,90064.2603267325,83167.1550098566,58329.2673846475,45420.4058838217,35237.5736216146,121737.667344213,88699.2770974188,82224.3431965848,57991.3148950071,45307.0747524086,35256.5324314745,123372.106386003,87516.9168765725,81330.2630588448,57650.3137393882,45193.5455086154,35282.907767027,125077.494921522,86498.2289591622,80673.529564403,57404.9249939935,45138.9313222684,35354.0053518753,127006.808917207,85277.8844965814,79819.5573746459,57053.8248587796,44979.2027811579,35328.7256659921,128613.202956451,83884.3623715293,78829.598103715,56611.5560286536,44754.1908569869,35246.9301786228,129987.964401974,82492.2397107718,77835.0297358143,56189.1597625005,44549.6838209047,35183.5221588808,131417.902461662,81282.2146515997,76888.7640616864,55791.5864019018,44375.9800299327,35150.6467176053,132984.012496952,80138.589111552,76036.28371471,55386.5565242588,44189.4578215572,35111.7267620838,134585.668148286,78802.9638196382,75058.3156942804,54898.4416868604,43912.3599134078,34989.9964316372,135905.088936309,77341.6483236178,73941.2582843533,54345.6528975267,43585.0002146224,34819.7851794029,137016.100784923,75982.1813255809,72863.6080058769,53819.6541755377,43291.1192125866,34680.3655782848,138236.612021853,75206.2912600956,72091.0730275193,53454.8473850651,43128.9587078159,34652.0644381679,139939.6956496,74730.956948041,71729.2377304032,53228.0700530957,43043.9459252751,34679.5328916995,141931.196015667,74041.707430133,71202.6298915382,52918.8829325272,42835.4232326058,34572.5363499895,143326.787695138,73164.4364519978,70538.844247456,52547.9997001692,42579.9017786663,34406.5099349218,144290.520672901,72313.783161164,69925.2859943678,52258.6776185492,42405.6827838734,34307.4962160098,145355.324781879,71463.3484220918,69278.0006929437,51968.7749222821,42251.7178974041,34236.4575917246,146439.504060844,70525.6961445697,68528.5441216855,51585.3781921753,42033.2373114329,34126.0703044169,147342.267601161,69547.4178481985,67745.1263359742,51162.979432689,41779.5048428967,33991.928580354,148177.587191862
724,120056.854005182,110408.530098661,73655.5858714692,55089.5029681693,40948.0285376917,122508.366893082,104272.499496629,97736.3405790571,64798.9033472761,48603.9562431209,36241.1661490635,109684.671859109,92119.3342304418,86475.5883337392,57584.9893874381,43531.9091555415,32637.5439751758,99527.4068056307,101950.752361483,97920.6579850709,65699.9146591997,49726.3366327517,37536.8944421912,116462.970961604,99568.2495558944,94088.2554824218,64127.7399852697,48825.873580096,36988.3621324335,117023.328256132,93080.0240023619,88583.1541217296,59807.0019220285,45765.4604086217,34869.4541819198,112344.96335633,95608.9943652003,92371.2514534239,62857.7911134261,48009.140974073,36626.8329889715,120023.18728336,95420.4752467191,91910.9761235771,63388.6841254441,48640.1713211358,37170.4380872355,123502.72296513,91877.4123614319,88587.9244055719,61134.990846751,47184.010538143,36232.9295165855,122017.311233254,91693.2595775561,89187.2251079135,61732.1852806887,47720.1495202153,36772.6421047263,125627.349022984,91753.7071372591,89467.2760830988,62452.0692147673,48404.1205047151,37385.5224104652,129479.200586363,89699.2432102104,87620.295719842,61425.2735335378,47807.1649974049,37048.9839848226,129996.081491028,88298.7196043001,86751.3723819081,61046.0107893133,47642.9456404709,37044.029075298,131700.21481952,87936.2669741383,86671.7060829057,61384.947260499,48042.8476613595,37459.0587175778,134922.075576746,86885.6046195434,85819.1117091142,61057.8183449786,47957.781752215,37512.4916906772,136880.154464565,85404.8178017883,84696.603136728,60480.444162778,47637.4094274506,37378.3532351398,138190.258485857,84325.0507379288,84005.7899633647,60298.2208710281,47615.0555022525,37460.9544707929,140289.502809322,83223.8242645482,83186.0133199165,60056.6642488127,47573.5738101234,37533.6827779604,142346.3758176,82027.8117417678,82155.248267143,59589.5168673706,47364.5960347267,37487.610822151,143997.596955281,80986.2712585914,81387.244176221,59237.3839737241,47220.2591803234,37490.2534421412,145909.282770744,79925.2051156819,80599.6462338763,58921.5045937204,47082.0157744192,37480.3642210553,147795.632549285,78645.2844593573,79586.2243997365,58451.9104105348,46832.6137727889,37377.6964112308,149284.758322409,77279.8659044182,78489.5325653246,57927.9146972819,46545.1331240959,37248.8210687341,150653.3039967,76131.7335561915,77512.8199447714,57484.3390210922,46328.8138417909,37181.753426506,152295.055240758,75092.2921268504,76664.1597673009,57070.4811027536,46130.4676913289,37132.1278253975,154069.816457087,73855.4870120467,75656.8757583476,56540.9471067092,45816.707714435,36979.8695849302,155457.772826877,72466.2704248116,74493.0534923801,55923.9330071357,45431.0909546627,36760.9966200452,156544.347911648,71195.2197913525,73382.6119977918,55353.8305445623,45093.8077549985,36583.5554195016,157788.41127129,70441.9373639589,72588.3700348964,54950.5824524681,44896.3262038416,36525.4119594798,159583.615400747,69990.0056405859,72189.4002124836,54692.3749236314,44781.9921202438,36528.2400278514,161713.716727706,69363.1360628843,71669.8748429959,54368.4975526825,44558.2092028323,36407.5947878218,163252.557263794,68540.0851649573,70982.5267844981,53966.0707759005,44269.7335351695,36211.1813066937,164248.199749612,67728.9266339731,70331.7420647172,53633.5865533352,44055.6540202297,36076.589274163,165316.959607267,66943.190461165,69680.6374765816,53325.8357012685,43882.4990182595,35987.4576567866,166476.953293703,66077.6987087416,68927.8416196351,52927.1404492093,43646.7310999978,35860.236870492,167439.352164639,65152.220767905,68113.0521996855,52466.3165994269,43357.5218132754,35694.8109557127,168256.351532357
725,294801.57500318,120736.068264351,40971.4949745119,21048.8635842127,10769.3272156565,20170.5370009025,274549.496527811,114204.634932057,37807.1162575492,19482.5033590564,9995.43852385373,19046.3694145603,274681.121919065,115553.473904392,37011.893434614,19230.5963231863,9998.48579836085,19316.9946948744,273295.433891721,116881.070657314,37214.3143228464,18952.7593816394,9782.39142564153,19333.8859282203,271863.752418131,117765.927528264,37916.8686970675,19241.4998209432,9826.33427496274,19374.4636083576,270401.115759214,118507.479876306,38570.9540786368,19653.1001588419,10036.1862030892,19578.3082777937,268789.258135096,119095.094869476,39163.5879336484,20054.9088811599,10281.852594098,19905.8813856406,267140.081853167,119629.518123212,39722.2280333327,20442.737438188,10530.1715169989,20297.1469967518,265972.758134736,120196.515745318,40281.8202794673,20830.6526485425,10780.6214944401,20730.2914677792,264614.007405844,120728.958903641,40787.7393871887,21186.2973440317,11014.2177564923,21154.9125772643,263049.76115262,121205.053125146,41298.8912150383,21539.0710301408,11243.2181292411,21572.7066315606,261250.77825059,121579.916943958,41795.9874923138,21891.8939795699,11474.0463728703,21988.0389266438,259312.487604875,121876.411779016,42278.6214896079,22243.3820883879,11708.0136959983,22408.2961536399,257854.503254454,122208.136665206,42769.6717160564,22604.8659939508,11950.9585970126,22855.8583626797,256126.220245438,122489.471724252,43196.1317315237,22928.4895351518,12175.097996641,23284.1182832639,254069.617217419,122683.745934153,43625.1567404131,23246.9311424159,12393.0433760004,23698.4687467927,251810.172431829,122764.70997176,44043.6081879757,23570.1464157209,12616.0761731544,24114.2850502505,249384.311204284,122754.652729248,44435.9904306162,23887.1071183403,12840.9432047845,24534.790277594,247515.96470901,122802.192102739,44844.0430724231,24217.480891176,13076.8715281843,24990.3054129852,245419.164609077,122808.318360065,45179.8337819811,24503.8704147912,13290.0622377871,25422.7250900161,243127.271844507,122752.524184722,45522.1370753253,24784.9893812919,13495.7702721528,25841.4619002298,240516.908792072,122568.245115889,45838.5982337251,25060.4894445366,13699.9421484767,26249.5435749295,237723.036877612,122279.60440734,46137.2086735451,25333.5244130485,13907.0778598516,26661.0075617326,235344.297297472,122018.879902989,46443.1781395164,25618.7253695939,14125.9479703418,27106.617956879,232906.882633384,121741.687081945,46689.8349441844,25867.8468150109,14327.0796125411,27540.4648663913,230108.602422674,121367.036116114,46912.3996549116,26093.6766076172,14511.072497257,27946.6265293307,227105.310003123,120877.324456658,47129.5170562713,26323.160071527,14697.2487530214,28348.3317318073,224243.54219321,120344.269496366,47336.4205572103,26557.7671242428,14891.9517168018,28768.0892511331,222842.985020863,120122.597779179,47611.1222047954,26834.3386773148,15115.1364852839,29272.565963027,221554.966924379,120033.782901105,47783.0134316131,27029.6796313573,15288.5213919198,29724.3783516124,220142.674884224,119959.504614255,47983.8254964236,27207.6031365818,15433.6422806757,30115.975386532,218514.116571264,119802.977187394,48190.2355214845,27395.1683951094,15578.7865923492,30474.2221437312,216648.945410099,119540.095155834,48375.1805495104,27580.7552203721,15727.0006572269,30817.7274912147,214661.44813146,119202.335813715,48544.2998887473,27765.0116103827,15879.6396287264,31167.3681443461,212581.768050773,118800.016882721,48688.2073659684,27939.7772892504,16030.9305783766,31521.9756108547,210419.804169799,118345.426078368,48810.0038502869,28103.2819758351,16177.9406053042,31878.7136747597
726,227462.545083694,149789.831632395,61108.9792027366,34591.2029099643,19480.0384753257,36067.9904609787,181417.719144898,118959.512640611,49236.930661336,28088.8744871217,15897.0865255803,29964.7339517933,197268.355035578,133035.177190776,53720.0375657881,31280.6437431935,18063.0304283585,33938.1656872704,184980.604994137,124044.228012888,50527.8124949814,29116.8951353309,16909.6628806306,32867.3747878431,190197.456880019,130553.787110053,53069.6606181347,30543.4749606838,17664.121097697,34571.4388578332,184823.441256313,127101.589703259,52662.6269725443,30357.9938534501,17541.9104362758,34446.8586052605,185723.114178538,129450.458765785,53945.3179956098,31305.4850094663,18168.4679512527,35585.0824629595,182731.716709637,128057.671472293,54062.4283804036,31515.7750921346,18378.2243019717,36115.209455437,182469.479315139,129025.941534088,54866.2979471281,32166.9741453366,18857.0022790612,37165.20800423,180641.385699548,128526.217700961,55170.8413555437,32486.637206778,19135.4563686169,37926.5647792475,179580.573544652,128854.754695605,55729.0502490581,32964.3461633452,19503.5433633497,38843.7609051025,177806.377918629,128517.374452733,56101.4279868021,33325.6959790723,19801.1548078981,39644.6116496979,176227.48380651,128400.41355535,56531.9506926464,33739.0580017107,20135.6159189003,40508.2250992871,174843.073501876,128191.956655288,56942.0709080945,34141.3545114369,20468.2698393321,41397.2410686498,173402.643992397,128016.184773913,57284.8300030565,34501.844398235,20778.4687870414,42267.9085819499,171681.514395015,127690.59660961,57599.2263288027,34830.1624790768,21062.9703710829,43096.4399836851,169835.193111204,127262.77552107,57898.744113492,35161.7849853762,21350.5430035155,43924.2202119528,167841.7064329,126698.518443063,58146.5176283909,35472.3462498036,21632.3695037969,44749.3359034608,166266.838496886,126264.587790613,58434.0292983944,35813.8661808868,21939.0348873054,45649.8282559423,164578.867701755,125777.69013163,58627.5085688738,36089.9810633821,22207.3376626012,46510.9988399974,162745.627727854,125229.755561287,58810.2951422182,36344.0497189498,22454.2558099818,47335.3418197518,160715.894391752,124544.89439253,58960.2733822657,36585.1696568822,22692.2859030274,48136.2328091471,158519.88671995,123719.910418647,59062.6461532171,36807.0868505072,22923.7420803845,48923.5782234182,156627.4890303,122970.180801313,59191.3528763519,37054.7910943353,23178.175897187,49780.9227783314,154751.859879493,122223.91501629,59254.2185180064,37256.9952326384,23407.6128832548,50624.8258681109,152614.763607448,121357.081418296,59262.0215408721,37408.0928584822,23598.3036141692,51402.4253858298,150342.690235751,120376.15026885,59258.7983977583,37556.7599692298,23784.64473986,52164.1776420882,148125.646657647,119332.096234148,59230.1569803,37703.1579136136,23976.0372503914,52942.1206130968,146914.865788375,118708.697679599,59331.318618188,37936.3036819544,24229.3798717377,53893.3437335389,145958.946669945,118323.268468268,59371.8388366751,38099.5164167666,24433.042369076,54797.0870283589,144817.296871512,117894.556156058,59395.4928647609,38202.4311054606,24570.7072410879,55540.1749333434,143587.604835007,117440.561425603,59465.1515739778,38336.0406424584,24714.2129491844,56231.4151371169,142156.238094187,116823.550596153,59484.6980441822,38454.0170773513,24851.8563729576,56858.3232187948,140656.154055183,116145.873397752,59484.4142213051,38571.3177980888,24997.7660468208,57491.4527622617,139104.334240502,115400.494547805,59449.3719942641,38672.1917740293,25139.4763912462,58129.1250655635,137513.291634145,114612.506820751,59383.0386875469,38753.9041799823,25272.0152962499,58768.7933052577
727,255992.12817871,97416.1256511623,28300.4456107407,13466.0868163377,6451.01205300694,19017.9032670342,248157.65489745,91615.8131094672,25243.2554442731,12045.100612467,5776.69786549395,18171.8155106258,246428.019998571,91352.8763730911,22740.7733259884,10925.432073898,5388.10043014357,17999.5456136089,245609.815902548,92741.280161721,22611.3771543928,10328.6939352727,4945.10496581263,17798.2172930935,244871.521946573,93631.2443371106,23073.0794697012,10415.7234642503,4848.17119295244,17674.7236238354,243925.240723124,94323.7352607179,23502.9252044402,10633.6442457448,4922.29269444631,17738.3997013736,242904.530195863,94925.8918906265,23901.9769376131,10860.4296557077,5035.7591574977,17918.47587661,241841.944376279,95486.1931567787,24282.6051549635,11081.8004288121,5154.39571794701,18144.3580287364,241176.712546525,96063.679120759,24660.7489019932,11302.7421828075,5274.54887387498,18398.1422913491,240390.225983568,96657.0939830095,25017.8477335869,11511.0300906198,5388.77635725418,18647.6477990058,239413.055092515,97197.241398865,25381.8225808398,11721.2169307443,5502.69705652358,18889.5948595358,238237.201016367,97675.3539731903,25741.9105885006,11934.3139006687,5619.61016643562,19126.6482021639,236929.328442883,98096.6899018687,26096.7190507528,12148.660066849,5739.15245361508,19361.3424554615,236010.780510861,98530.0353718136,26452.2588153133,12366.5709677378,5862.35827736584,19611.4664053188,234895.248185968,98969.3518947099,26780.0641576934,12568.6611705551,5978.41603001249,19849.7402946415,233482.525216007,99328.2582767867,27114.7530574691,12772.1802209757,6093.63332293111,20074.540545198,231889.90199806,99613.1099034668,27445.9551705389,12980.8021805545,6213.49757607612,20296.5217210185,230145.150440559,99831.1399666277,27765.9665274783,13188.0939445391,6335.30844042446,20514.7232628956,228856.86933322,100076.696020944,28089.0497577689,13400.2571557516,6461.54839019901,20753.8181322338,227386.635201991,100324.405118362,28377.103106628,13591.5437222287,6577.8304175321,20977.4333408556,225727.165708125,100506.971733301,28673.9226749132,13784.2749654725,6692.71025011702,21189.8721528327,223815.964403634,100612.632376235,28960.7551242103,13978.1000250587,6809.99485563743,21394.003426837,221691.109025895,100630.675568746,29238.7158128684,14171.7603204525,6929.55396803216,21591.8535247542,219935.503997784,100660.263605783,29519.1217492086,14371.8643668322,7055.09355798856,21810.4778988459,218132.874336083,100696.584952034,29765.067811032,14552.1919084151,7171.7746382101,22019.9031888383,215988.881732254,100655.389836002,30005.3116787407,14725.094342734,7282.49074893788,22208.3179843174,213664.993377046,100525.043643692,30246.4758357778,14904.601703781,7397.74346645942,22391.7432915806,211425.224966866,100347.369888067,30477.8111304644,15085.4192122657,7517.15629444379,22579.7163062179,210459.479374923,100371.97641652,30729.3737863152,15278.8240642532,7645.53584800026,22828.0945546348,209564.642277548,100516.336733558,30912.8048868864,15420.9400141978,7744.75870197791,23046.1993695507,208543.490676829,100647.868612357,31124.1368654018,15561.3878424774,7833.64497448902,23237.3007955541,207335.550640649,100715.606913208,31335.6194646049,15708.9131105014,7925.90910034761,23413.3664275245,205913.202682119,100709.477389006,31537.6523606951,15856.9056690753,8021.30641071861,23581.5632942084,204374.265344609,100642.011157327,31732.0070510165,16005.3958887284,8119.58846292396,23749.2859500913,202744.785621778,100528.097178194,31913.1468632203,16150.1453215213,8218.13305604884,23915.950169785,201036.155466556,100371.152766766,32082.8116638882,16290.181679493,8315.41224144513,24079.6671807937
728,128063.435396446,103488.648930811,65780.660361918,47917.8782757216,34702.3509481573,93267.8467662345,108719.01740609,91368.3936992768,58186.2980166802,42465.6217626909,30856.0893278816,83716.4371391247,105855.590102205,89269.927975568,57642.4248221124,42568.6784472652,31141.5217999046,85329.3928672132,111033.248773966,94430.9439604388,61403.4276213474,45572.0333408315,33655.8783938645,94130.1699752643,106072.194442349,89545.0276358794,58578.0531180317,43691.9675620107,32433.0312624571,92745.9975958578,104143.950508895,88996.3938487522,58066.486268162,43401.4134683261,32347.0253908646,94383.9329704541,105274.634353202,90607.7946944916,59750.2071114506,44696.8457287609,33359.0978191382,99005.9913539418,102902.121468391,88547.7558877729,58858.1391322162,44257.7613258247,33132.2829414881,99735.4065009913,101347.876188919,87690.0382067829,58440.0935750949,44122.0375648245,33173.4379180213,101284.850927842,101283.726857394,88124.3379091689,59082.0733764415,44719.499207957,33731.1611629243,104472.475843895,99881.4185600295,87128.4870070984,58778.6636990379,44646.7150498508,33780.7543319522,106058.436928175,98297.8149377379,86171.2204419447,58384.3285781844,44499.3759917966,33784.5028349552,107487.851480744,97377.9102703213,85808.2111180462,58485.4911400787,44708.7565330893,34049.4839124303,109763.899532198,96374.3624778926,85128.3576777474,58371.5018987895,44782.1848085199,34216.1943441749,111740.787877248,95146.7852250477,84370.9699687244,58080.1445726167,44710.3645106897,34280.1104814532,113431.155763603,93942.2955664022,83696.8354658516,57896.6422250319,44689.1793063286,34367.4127384545,115224.52866352,92663.5687108721,82909.4006571732,57678.6194963055,44655.9919909931,34440.4260197791,116952.466951511,91255.4589093033,81975.9823277232,57346.1656354498,44547.850097654,34464.5684649006,118522.361796196,90132.5244694638,81186.814787176,57082.8735365741,44494.0134291033,34536.2495304154,120303.435358559,89076.1861208883,80530.6898595177,56847.7405005396,44446.9910654327,34611.6095785165,122159.663185695,87784.8678037292,79658.734473389,56488.5054795811,44283.3306054397,34583.0217121528,123667.598365324,86373.234762304,78712.4461404784,56086.8615966694,44091.5320749623,34527.5681587455,125055.249092274,84969.9761468682,77748.2437778984,55699.4424515273,43917.7411611756,34488.8049384896,126493.727004259,83739.3130051901,76821.7550762081,55318.1888413309,43760.4465302058,34470.2497520764,128033.338713018,82560.5195963579,75985.2281197588,54928.6198859467,43586.0850205388,34441.2698949883,129595.182548109,81185.0345038569,75019.1838252027,54460.2476625112,43326.119393007,34332.8998111034,130889.22650009,79690.1799590587,73924.3439954077,53933.3315730266,43023.0663692414,34183.056457414,132003.896606276,78328.8926082481,72872.6890612391,53436.1796712823,42755.4128060079,34066.0119481816,133237.462377107,77583.1808447429,72161.4468128736,53111.2886789364,42627.4196476958,34065.9595452561,134972.955092245,77082.1698498298,71797.9215713661,52890.2077915317,42544.1775073663,34093.592299656,136880.37335639,76345.6116504313,71255.6130043332,52577.2029672226,42335.0985422597,33985.6942199294,138190.158420667,75455.4344302297,70614.7679203636,52232.3842908453,42103.846365822,33840.7016522915,139166.882543678,74597.9440949128,70023.5141510285,51967.6465659911,41953.0725395109,33762.4868936748,140249.889980428,73717.4970431441,69374.9625770277,51680.7804071733,41804.5493386477,33697.8780469481,141301.19700541,72744.6870879013,68627.4620687324,51302.9180405136,41592.0926282967,33593.8450484529,142179.556270886,71747.6607027879,67862.7655605963,50901.4761811315,41357.1114876329,33475.6929254905,143032.832577374
729,317830.415410218,93616.3934472299,22779.7220161042,10161.0288135652,4663.73518974437,18453.8861308426,300549.111221647,88458.5891017644,21868.8368524369,9966.12424917617,4617.31348313335,18035.0882529559,302568.880144048,90622.0202192152,21078.5105466659,9498.22594025923,4480.08437505444,18349.3615875573,303381.615936361,92106.6192710885,21511.5277744716,9455.1357080232,4346.23785298091,18439.8027081206,303606.18396196,93190.4022281799,21968.8134351222,9648.66943454536,4386.95457428733,18573.9768232136,303548.68340606,94189.5915564082,22393.189793417,9863.29654171526,4481.66815810448,18792.9635839815,303397.139972103,95136.4578045322,22808.5037430371,10078.7545272759,4586.11375146895,19052.6755849881,303242.684404181,96043.7284493302,23215.5648283347,10292.1074723414,4691.76130958855,19324.0550900554,303475.073847307,96975.9605585201,23616.9484346444,10504.1354959404,4797.76891634527,19609.936184672,303336.91255038,97860.474784018,23998.0185305704,10703.876459646,4897.65754916973,19876.7183838062,302996.971233978,98704.8627538122,24389.7282655902,10909.7888333208,5000.01792225087,20138.2122508646,302389.879888279,99488.2585063465,24776.5892175564,11117.9117684998,5105.08930436673,20392.9833157269,301721.162673272,100222.632664552,25163.30099442,11328.8979819563,5213.07655266647,20646.1173347159,301482.382607605,100990.915943735,25545.8471316087,11541.0436713322,5323.31994870215,20914.7310254485,300748.060294874,101682.763872697,25897.1569378951,11734.9457133248,5424.71980999848,21156.1934804985,299718.949986589,102322.820912722,26261.9732079088,11936.2443982859,5528.91860908134,21389.8801376722,298435.89663787,102892.393131935,26622.8486777906,12141.7182811871,5637.23498899901,21618.4635689412,297122.08833876,103409.942356885,26979.9391069505,12348.888971495,5748.45132832055,21846.7091000118,296307.184749393,103976.951428208,27333.3203816107,12556.9609729468,5861.81834546031,22093.9138242436,295011.628036543,104453.548671295,27646.3976220618,12741.2272778873,5963.30204784175,22309.5337644163,293530.9033249,104901.06871981,27976.1239883176,12933.7158965485,6067.59889768718,22520.8907588764,291662.963069313,105249.979803584,28293.7801455834,13125.8857787827,6173.69419635554,22718.6293604153,289716.962663711,105543.987259794,28612.4136018325,13322.8292079084,6284.27447790369,22916.9367483801,288187.678021304,105870.338734582,28927.9361416514,13522.1988895779,6398.33839939402,23133.339019341,286341.217842279,106121.53976597,29201.6376447985,13697.8465330842,6501.04153448003,23325.0837674996,284089.200878985,106301.873061212,29476.9565033173,13872.6284251371,6601.91824867744,23498.9873522222,281665.646571983,106416.549186993,29756.9712002992,14056.0895943028,6708.73376201963,23670.9526258703,279662.102610004,106525.775335898,30039.3746663001,14245.7712588511,6821.577547066,23858.3312039482,279131.22720466,106871.992948932,30328.6356659552,14439.1592780233,6938.06765231045,24102.829930888,278198.238562885,107126.341079472,30525.1422732656,14570.1059743403,7019.91434708325,24286.9857978736,277244.36625884,107443.715880243,30767.5643724236,14714.7332611783,7101.8698406852,24465.1202978772,275949.173218454,107655.877341907,31001.2724515587,14861.8746316691,7185.97284904011,24623.696646854,274441.069863943,107814.086806976,31233.1674635451,15013.2872789416,7275.01577713447,24778.8974698227,272800.426860354,107917.9627789,31457.5439946771,15165.1655789098,7366.71722202072,24932.7133946579,271026.694017364,107971.378495071,31668.9463792397,15312.8200910562,7458.03507414643,25082.1063722701,269146.372012844,107982.719485642,31871.0780102758,15457.0467276977,7548.55568107548,25227.0426296487
730,339091.769405549,89116.4105890618,19056.5473036503,8069.42847374931,3502.87826029715,8940.07735726479,309553.172770117,80034.2860507565,17691.2534861206,7713.87541368221,3397.91569561195,8636.48549466915,309517.811419819,80245.9220708811,15861.6867538915,6939.57941177717,3165.10872845001,8676.23040231915,309843.166766291,81507.7390696001,15806.5692524611,6562.8753598214,2880.82256520637,8556.52156949937,309794.923593531,82329.5261040417,16053.4621711465,6596.92461435932,2821.21190269431,8494.18122756666,309411.960315379,83025.7671155114,16283.7619447484,6691.03186766933,2845.38603409958,8534.71990901717,308974.009100024,83672.5180456262,16504.9179219005,6790.56586124464,2885.94425920681,8626.59352403343,308479.070885236,84288.9367906157,16718.5134844838,6888.12319187301,2928.26687526287,8734.53663696298,308479.464858642,84938.5954739384,16932.2928861292,6986.09540510451,2971.22222890973,8852.22685957932,308218.963741205,85571.292806367,17133.656305023,7077.14007704525,3010.93897662299,8964.51892959241,307712.712671744,86164.2243342713,17342.1721590028,7171.43014551561,3051.58105035702,9074.07217668645,306992.652277832,86709.4166161853,17548.3893855722,7267.48217092935,3093.84038736643,9182.14616873709,306181.765661859,87218.0091618551,17751.47808133,7363.58614963541,3136.85948621029,9289.39265891029,305865.303909974,87761.4727936715,17954.1554942623,7460.32677145729,3180.6401979991,9401.96615955131,305158.096613849,88267.1195650567,18138.6700632138,7547.30463273251,3219.89493206705,9505.07557205758,304128.14073042,88719.9610079567,18331.7467436984,7638.1472588812,3260.22687892401,9604.3256363274,302886.896831426,89118.4879180552,18521.4283835034,7730.97946216631,3302.5083940207,9702.26100166578,301529.937919172,89474.7605660315,18706.4987252309,7823.21631016049,3345.37007686672,9798.97846122838,300780.014107699,89877.3331972531,18891.720666456,7916.37862502696,3389.12929844144,9902.4851854168,299638.335084284,90239.1651083317,19053.2600884941,7996.65023938757,3426.85984224968,9994.66489516622,298271.279897643,90561.3429477778,19226.4915975406,8081.6439685242,3465.74806089108,10083.5942929438,296580.000268429,90814.4324614876,19392.6452424483,8167.13892288244,3505.97325699968,10168.8255568116,294735.713269348,91018.1342172844,19556.5161345159,8253.39466496819,3547.44058627691,10252.9047362149,293359.161289103,91249.538041914,19719.6708893914,8340.90165788932,3590.24145593175,10342.9105169304,291778.167273757,91452.1156530478,19859.8589775086,8416.31572178409,3627.59509457249,10424.3313805219,289756.625773725,91589.254662552,20001.3140224626,8491.09758648959,3663.70749409222,10497.6280368361,287587.610124255,91674.5436499523,20146.5017953015,8571.14151971852,3702.98824437249,10570.4857694148,285651.61628206,91751.2389682258,20289.3288291629,8652.5678250091,3744.21543126402,10646.373317661,285246.01719101,92001.5478527306,20438.4608839622,8736.2067301518,3786.85389812603,10740.267251061,284621.23724376,92260.2074493367,20541.4556291419,8791.29892388499,3815.05990637098,10815.2302070437,283861.410474396,92525.1738318455,20673.9654547384,8854.71048124881,3843.68825488051,10884.6813054676,282823.703264146,92729.354178568,20806.3511281858,8923.61259449614,3876.05213688955,10951.0043429284,281544.920098669,92881.3778052016,20936.2510422907,8994.17852696637,3910.79148789751,11016.5081656483,280158.831961199,92993.1139486352,21061.8405357211,9064.99384048352,3946.76478900988,11081.9612852452,278649.376807198,93065.5547908689,21177.6304883542,9132.35686992748,3981.87227210099,11144.9807456071,277019.592750048,93104.584836244,21287.7101072738,9197.27658441361,4016.03792376566,11205.0170303798
731,151107.381570617,108908.9054288,63237.7063258129,43555.3652585982,29756.5831642524,66090.5763934722,129778.331837862,95677.3586054952,53299.5182431325,36542.1752889349,24999.8108143936,56033.8165133437,130983.100726804,99520.1371608026,55031.3235616701,37647.7712920832,25741.9133297874,57957.573705061,131699.848131938,100646.766258867,56643.7033724638,38616.2091780061,26378.8414675018,59851.9433700706,126991.929329644,97298.064593104,55124.3155403979,37798.2226761784,25859.2662748733,58972.3125625698,128171.216655798,99614.1588442299,56821.6284302944,39088.0442250449,26839.8132086718,61634.8682616336,125825.962791462,97956.3579896422,56563.4513592499,39102.3213667563,26945.8851193502,62382.1688187848,124394.869082959,97595.8205621804,56655.6368376039,39385.7343841756,27285.3479645869,63804.3567513299,123865.931166331,97692.705507574,57176.8502344295,39906.8192943062,27770.869108531,65720.5421086176,122331.840518078,96900.7355683101,57071.7753864423,40011.6113281982,27964.8677137868,67008.143271346,121233.734284676,96656.2785128716,57262.8855853316,40293.1295924149,28275.3573683307,68616.3839858688,119950.921019161,96170.6277696093,57389.9002999667,40531.2906099442,28546.0212062842,70136.905834902,118433.442970708,95464.7315033289,57362.9168924887,40677.870666948,28759.6350600079,71526.4668933506,117424.400660448,95073.3934395142,57499.3001556992,40940.1281414653,29060.4318201411,73172.5041098499,116211.065139624,94558.6442146764,57511.2201240928,41102.8737223457,29289.6569751783,74682.0304912632,114732.225160343,93867.1736838618,57436.0959894065,41189.7616068147,29456.0688001383,76044.796768603,113283.946341422,93208.6863287883,57411.3287281715,41320.1639424971,29652.1281369642,77482.6719694742,111723.259467231,92394.3995257916,57301.8562572652,41401.3702331536,29819.2186667871,78861.3170115792,110481.196959265,91712.7810488064,57232.9247272092,41517.9298872155,30018.8990831752,80369.344475137,109212.039278777,91084.5738251993,57131.0290543389,41593.7739574187,30188.17984793,81848.4625459214,107715.242446106,90272.3075007347,56941.0030804288,41588.0876766505,30286.0960173659,83148.1847563282,106146.343229388,89435.7905968717,56753.6940593445,41590.1047917554,30386.5196216881,84443.4211350707,104498.433269422,88488.895688515,56521.3452475502,41568.7975265229,30474.0235719105,85705.9478080466,103076.143402804,87607.3238714532,56302.2381068948,41567.3764860601,30583.9310018892,87064.0983533118,101706.966378119,86814.6585593908,56072.2415897037,41546.2018447469,30681.206478007,88439.6400582366,100059.910494349,85831.6348522606,55735.5174680759,41426.191903842,30694.766451139,89597.1227225981,98345.0691426321,84781.3414707481,55387.0859147594,41302.305012272,30700.4850113234,90721.5378200352,96780.3717276125,83755.0278635492,55057.504343516,41203.8604320162,30730.5133140028,91924.5582936678,95959.5045354798,83093.6070672816,54878.7552562762,41221.5944384891,30853.6080021282,93452.3251918546,95312.9072772376,82713.5666488158,54725.2083192689,41216.6716081045,30951.1882309424,94955.5823032084,94395.1088038045,82141.2421154569,54484.1735169784,41095.7646446176,30927.5139427291,96040.310149945,93437.4264303994,81594.4503162781,54302.8570326506,41023.978167883,30924.2400139367,97057.7236270945,92436.668946701,81008.0835100629,54140.8233744406,40983.7302744125,30948.0492749076,98053.7419170847,91314.9456388717,80283.7192102359,53894.4074580774,40897.6591831616,30948.8682990736,98932.3822488622,90177.5796976814,79547.6012350432,53626.1709609151,40800.4277976566,30950.5266860127,99824.3989480306,89039.5129111461,78801.4429267082,53349.4283027448,40694.8464692545,30948.5523176937,100738.554015281
732,176057.880807716,123763.867471678,67759.6927784005,44886.8795513598,29481.2988743701,56248.6930023937,151500.236674939,109328.479083249,57735.435726631,38181.0011425633,25137.5392534989,48340.760788965,151352.444936989,111588.355233635,58445.8071786679,38748.0355290818,25584.1584413862,49542.979937288,151977.818621497,113127.940988569,59932.6155350902,39538.5267080347,26141.3269420104,51321.697738692,147347.985966565,110122.614129633,58786.702201765,38926.5159182643,25735.0355796177,50955.8415793101,148155.479850509,112187.62178935,60366.8508331695,40098.9191985011,26585.4586256853,53048.4372340449,145391.579029748,110447.428188823,60124.333307665,40144.6314023064,26712.3614823886,53738.3468643701,144173.723201029,110449.015145759,60509.9792393831,40622.6005638049,27173.3741896457,55233.6704424219,143065.34735916,110141.288459043,60867.5172413528,41041.8292953951,27581.7129706882,56748.0645949656,141559.187385841,109592.469371156,60945.791556008,41284.2082541516,27872.7686911033,58082.6484897739,140289.372019603,109314.09412606,61203.062297231,41615.0086349437,28212.3141952183,59557.3031457969,138706.329253807,108729.273101497,61325.5650530128,41864.3116016166,28491.4433680843,60908.8631777797,137055.942050999,108103.003022942,61416.9869659541,42101.2153295765,28768.2277921324,62269.7604917631,135811.68698615,107619.673411756,61581.0835456686,42392.8126226429,29087.1855025105,63755.1394901188,134424.946387973,107100.515737663,61646.3738513636,42608.4063718828,29355.9613923957,65170.1339887039,132762.031575329,106403.027499111,61641.8094696346,42756.8665185317,29568.5670624987,66476.0391841183,131076.207000652,105682.326131876,61655.8471161899,42928.6672799781,29795.9589837958,67813.7374822806,129274.263711056,104821.060844968,61594.7187378751,43060.1106836421,30002.5605759787,69121.3628183952,127827.069619067,104086.355431721,61575.3559253059,43226.2757526021,30240.1736378158,70540.6095950409,126364.060557479,103414.308936308,61515.927339326,43350.5674904877,30448.5817694683,71938.3831901628,124648.010261738,102545.723672378,61366.9139305806,43391.8081083494,30586.7565920244,73184.5550927716,122869.787719717,101662.564129819,61228.9437270313,43447.3913759734,30731.804994193,74438.6802271725,120949.962518512,100625.401220982,61023.9191395487,43465.1651513749,30854.6050557571,75644.4199761955,119284.02666243,99656.2917140225,60837.0416529491,43506.4656318673,31001.9664089423,76941.1528048788,117715.115542268,98798.0142608994,60644.3014877283,43534.129574036,31142.4698102305,78269.957245766,115833.063976405,97735.5533436177,60335.335409161,43457.4449809598,31198.2217042077,79409.6213767324,113864.206269077,96595.0069731056,60015.7165553506,43376.2670156136,31245.1556750291,80520.172023333,112023.428841464,95458.9555712496,59704.7880457441,43314.5768329842,31311.6883167532,81688.3362577827,111005.705055963,94691.1299055089,59538.4929687076,43361.9581062919,31464.247043049,83122.7344215673,110262.818710255,94282.5839757139,59414.4419057719,43400.5564343842,31603.1784270756,84568.9090906973,109211.065697024,93664.2218897484,59192.2006751691,43311.306484722,31614.1328701747,85632.8170364606,108138.744800907,93091.0965339046,59044.2922219628,43279.3035394466,31648.6764328364,86643.3289109042,106973.588299358,92439.7739600029,58894.1923630282,43262.4800241255,31697.3522038597,87598.7466115264,105677.528868473,91644.2633933261,58661.6881707787,43203.5686395623,31726.5089037367,88463.0495538117,104383.704086636,90851.3239007748,58419.392196852,43143.248030079,31763.9793189486,89363.7110723831,103060.043365082,90019.9077477814,58149.8547677964,43062.0487542266,31789.1808557303,90262.8142747405
733,279373.165842331,137411.253814852,47857.1823519828,25056.9375267195,13044.3441926823,18374.5980882291,258690.173546373,126058.744588063,42778.2819436848,22472.2066528463,11734.6241023888,16806.5200842197,259878.82006791,128760.484619761,41949.9282007022,22176.2055245181,11724.1898846981,17055.7257627532,257407.177142671,129591.560277775,42055.1844561438,21762.8233166412,11410.1230281572,16944.9341982991,256035.079171835,130601.667884481,42901.8962826956,22120.9032907914,11470.923171105,16951.8104178304,254368.181401447,131233.708350694,43631.2741357535,22596.5136244249,11717.5294617854,17138.6670316366,252599.424820582,131714.292709456,44289.3019587955,23064.345060933,12013.6814058882,17493.760754216,250805.383576728,132134.8477649,44900.3985406042,23511.8949278318,12312.4542997995,17937.0916072405,249476.52118699,132604.522734306,45513.9493218478,23958.4245715686,12613.0635283929,18432.6679345106,247992.874558073,133032.125504072,46065.1217316742,24366.8744435425,12893.1767865211,18925.1946336219,246325.257738864,133394.982833305,46616.1948725784,24768.4792412394,13165.9752196248,19413.561879213,244415.640493243,133638.21843781,47147.202094617,25166.6605711635,13438.5383731457,19901.7592130959,242373.41986965,133788.128571736,47660.5846133266,25562.6004901279,13714.0990545598,20399.1725783446,240817.273193351,134002.276568825,48188.0577120119,25972.692837041,14001.7364257637,20927.2041070933,239021.1622817,134155.052776605,48641.565298456,26338.1268367878,14266.6429142914,21437.1891028071,236928.332499645,134205.246755734,49090.9788186109,26694.1641419672,14522.5146916698,21935.4027113727,234622.268488178,134127.040225711,49524.9066097654,27052.1386054701,14781.9318906045,22437.1232690697,232132.660276215,133934.609395543,49926.1054774673,27401.3197824816,15042.2660877063,22947.3898235731,230198.901779956,133829.54191377,50352.9100716015,27770.5023637635,15318.2823388723,23497.2622747357,228104.40958476,133686.173602075,50699.0763576667,28090.2077013109,15568.59607031,24027.4934416693,225786.264675924,133459.687790407,51039.6289066084,28395.5393740429,15805.4297101992,24540.2785927653,223201.841900714,133098.887015845,51356.7990134835,28696.2817081919,16040.6675651609,25047.2932794575,220400.998971192,132604.488455447,51642.437771575,28988.3130018543,16276.0193122735,25558.4923312927,218008.606179299,132160.468010065,51944.8143336319,29298.294824284,16527.141401571,26109.3116265066,215612.659833333,131711.778534316,52184.686093997,29570.119086957,16759.5512582331,26652.4632459202,212854.806468758,131139.588464934,52384.8658240088,29807.3764924481,16967.5570358648,27164.684646091,209913.364845175,130443.319834738,52579.5826478916,30047.7444792303,17176.7683886515,27675.3197333279,207062.259977404,129689.27148614,52756.4627705716,30290.3521573688,17393.5274511162,28204.5767121786,205606.409547246,129321.503121963,53025.4250547228,30589.9734768157,17648.6534847088,28821.3851095167,204347.062861664,129130.992512446,53195.697095831,30806.4168818818,17851.4105582166,29383.1025122793,202934.069883979,128928.494312712,53376.3190712574,30990.0681153386,18013.9792027891,29865.5920900836,201344.575383481,128659.376449799,53572.5679786612,31186.9759435287,18176.4920782681,30311.538621921,199502.057218571,128250.180802565,53736.2340539717,31376.6102479098,18338.6799095241,30735.8160375279,197569.23319894,127771.850723495,53887.2355587897,31568.0010912985,18507.9829163779,31171.9948403754,195537.246949578,127216.143613141,54004.986540152,31745.6987590883,18674.138780311,31614.3663852257,193428.560990553,126604.190399628,54098.5257024024,31910.4752045188,18835.182180176,32062.2060374928
734,201565.531865493,135314.519618791,65502.8247619997,40548.4001011808,24909.2064815558,41380.6539285928,181358.026933732,125712.118581911,58258.8372268477,36021.0997249323,22195.1280240139,37231.4686212076,178508.608780734,125617.92383634,57811.3790457869,35741.6068038516,22052.123841616,37180.3727431596,179348.182093569,127990.47994656,59460.4435827639,36537.2646423134,22547.0021211733,38446.9795242925,175055.758103336,125572.491892266,58876.9287860415,36290.1923272809,22362.9711477844,38294.059456488,175638.00395768,127593.479618672,60442.8753249187,37392.52914386,23109.6909113309,39736.4110785458,172296.467442027,125758.314402736,60212.7954731603,37470.1764810542,23254.9551703216,40209.9781923422,171663.1446702,126547.719997624,61110.2464805514,38224.7214959353,23854.1516284692,41614.4821083747,169603.134012376,125610.344996268,61228.574394469,38498.6161886111,24144.2509234419,42564.7622127236,168664.74225785,125870.912125303,61783.2652927293,39030.4719193188,24602.5099796301,43878.2956470705,166832.602111663,125288.63796889,61994.4946571893,39327.7114650293,24897.172519172,44922.2903583287,165297.467813607,125061.024605468,62370.4506494505,39737.3357670402,25264.7892601393,46102.8530501291,163380.568572295,124451.662288342,62592.4309530418,40056.6699238357,25577.6781201217,47196.1748207294,161956.680922549,124065.886611961,62898.793008538,40439.285715183,25938.6384182357,48405.2742576369,160448.02266396,123659.587122346,63124.226056702,40761.9555346901,26263.0072091295,49581.3903139947,158607.717916358,123057.851669372,63273.493830086,41018.1641947325,26536.2904934558,50674.4016791218,156716.053299763,122416.502204981,63442.4793308535,41296.5833000415,26822.9503321555,51792.42783373,154637.354667312,121593.481376341,63525.9205766249,41532.988250796,27089.7855476297,52886.6634582476,152996.072488214,120908.423311978,63659.648913025,41808.7079128296,27389.5520802855,54079.6243630547,151339.380807478,120287.684756582,63737.0462060119,42037.7597825846,27660.4362893923,55256.4924570578,149397.749325455,119457.858651021,63731.3027350468,42190.2863665846,27869.9503094379,56324.1271171294,147386.20393328,118615.980604889,63745.8233599732,42363.8734873311,28090.8814854682,57408.9225585723,145156.879125222,117558.299407273,63669.42494155,42488.7259209244,28284.8994323679,58445.5543895978,143244.053262966,116599.617549168,63628.2906712554,42647.084976149,28509.4265439486,59574.4889541312,141433.383240084,115731.737107374,63559.8910467194,42780.7720909553,28720.8074400813,60719.1549981288,139276.513439779,114655.155898888,63379.9259650475,42818.256023192,28858.745155629,61729.8517126191,137040.072201747,113512.543976803,63208.4169252876,42864.6933158517,28997.741338722,62738.7199528357,134826.908363531,112295.808694786,63003.3549030289,42903.3728710656,29137.8167221339,63758.0977966319,133578.743650523,111466.408536889,62939.3747206304,43043.3833716542,29354.51677747,64983.6427765201,132729.661219519,111078.972400425,62914.6676848742,43175.5687414495,29560.9344314932,66233.5887808692,131511.557698076,110442.484535398,62771.5610093646,43165.9059361563,29636.4343984939,67163.2630575075,130323.287449427,109913.810719834,62741.0430114201,43234.5246164491,29747.4826815789,68081.2214282353,128948.374634942,109211.509319642,62658.4276763259,43285.492250797,29849.5129334673,68908.0254615071,127457.774803184,108399.038284761,62518.6565937665,43312.5741057526,29945.906388789,69700.1935675033,125964.747841601,107581.17989505,62373.4988122213,43341.9938393366,30051.7340802744,70530.169407017,124407.802815753,106679.580178231,62175.8055107161,43336.3144380403,30136.870444942,71340.4537052871
735,210851.808054616,130218.842551405,62877.0980702094,39019.1298263072,24056.8757864447,42318.4133252328,185792.25329146,118334.765965938,56389.078081262,35070.9762055291,21717.0451907368,38666.5033932764,188208.166037912,121201.874935792,57579.3427103867,36086.8707295549,22484.7300586035,40246.2749217449,185650.284396445,120753.692402617,57888.6157962133,36166.4905413867,22661.7423063702,41383.2459723362,183578.706856207,120299.51588417,57937.72482496,36320.2016776729,22753.3781010619,41958.5581804721,182934.50538145,121239.736248971,59073.8958352631,37110.0310027496,23312.5161904708,43385.0505348032,180249.354485811,120129.427508222,59075.2292545414,37341.8242390531,23544.0443035501,44095.1181451383,179310.538613183,120657.76676657,59856.2411841235,38009.5192491141,24093.0423261608,45548.8765167938,177418.34222668,119988.077848362,60051.5787066887,38334.4368847423,24413.5080888182,46613.5864279235,176354.022363753,120177.350476541,60560.1957378582,38833.7435541981,24854.7741469389,47983.8512707377,174540.339987729,119730.059830326,60804.6842738279,39151.9121261192,25164.0879162711,49114.8890366787,172937.386943645,119519.056408652,61164.6060721504,39550.1553516241,25527.0577975822,50356.1213843716,171048.82129891,119033.258873589,61414.326506496,39885.3007327121,25852.0779517116,51534.757724465,169596.979565972,118708.392278483,61720.5187223827,40265.396970139,26213.2591702391,52812.1772510107,168024.045130991,118341.654994666,61943.7865152991,40583.9844604243,26536.3372690001,54051.3524063429,166127.937415619,117809.723644476,62099.516267794,40842.7209431282,26812.6160837251,55208.5815434451,164178.253325765,117233.771633422,62272.3535464514,41121.0745667205,27100.7746604268,56390.7269454315,162073.555912297,116503.709247984,62370.2988963915,41363.7582074011,27372.742588459,57553.8950437959,160383.831098675,115897.022366716,62511.8083623633,41640.8221154918,27674.4817605701,58815.1600996425,158652.460426152,115306.602746047,62584.9299269367,41863.7510445194,27941.8554252839,60048.383949596,156663.432720963,114563.596859559,62590.5016038554,42021.1786753693,28155.6066517217,61181.9812818036,154576.123313839,113782.755847014,62604.2546842096,42189.3813760691,28373.1911685341,62319.1579731133,152295.173597699,112822.291510409,62543.6042937687,42318.8156442477,28569.5834106218,63414.5664546959,150324.122008422,111946.260080492,62513.7704345308,42479.3165302221,28794.9313781715,64602.3965092832,148430.62065724,111123.362017864,62444.5420493624,42607.7166379119,29002.2847718897,65796.4872880574,146190.14123692,110123.617314074,62271.6832578314,42645.4868849838,29139.9830251139,66857.2688058928,143860.494215374,109051.976917159,62104.288136995,42688.1799138236,29275.4345943499,67909.3914946727,141644.270124141,107951.866843983,61928.0100981339,42740.2514116158,29423.338636978,68998.331623671,140381.993519173,107210.681219101,61880.79995091,42885.7570755192,29643.2515438787,70296.9517470662,139466.474755787,106807.666086768,61839.1686865541,43002.2405070237,29837.9973259303,71589.9633605003,138212.842372571,106231.346226432,61705.3688056672,42996.4836836495,29916.0208499409,72579.5026590676,136966.112993079,105726.341131388,61667.4403364217,43055.7939957488,30020.0025058318,73537.6708585898,135535.507224757,105074.229361647,61589.0215177544,43104.662054488,30119.3281472157,74407.7593674764,133986.930243837,104315.126724198,61456.0158699878,43131.6076937151,30213.8896475327,75238.0608839188,132433.525347748,103545.55566522,61314.0153522232,43158.3697316882,30316.6048544316,76102.732172769,130807.781288828,102699.811248741,61122.9954104515,43152.0609473431,30399.8324943604,76947.9774246224
736,364452.597144009,83078.5470148422,18967.9809689641,8231.20947192861,3646.51888252168,10220.7201883449,348796.747056237,77168.426298606,17625.745947389,7807.35896033834,3495.75546023682,9963.37328841166,348121.99276556,77811.0586163197,15948.4940954526,7044.0701023353,3246.6484907453,9963.85241010377,348121.589094445,79005.7520142547,15978.4689628802,6727.41344267163,2986.38495718839,9855.95469918939,347909.020933585,79861.8450484939,16256.9595993149,6786.31420575478,2942.64109384225,9814.46509185835,347308.780895578,80609.4994423318,16518.5290410445,6899.28025583967,2977.42821863838,9871.98908517914,346647.333683261,81305.0797768432,16771.5325125386,7017.26847577947,3027.71812272677,9979.21075658925,345993.060050253,81977.9234339628,17017.6926311379,7133.67130033988,3079.93696204177,10102.7704196385,345830.372008454,82664.8172528816,17259.8755102349,7248.75096978958,3132.09515864313,10235.8122182395,345353.178138823,83342.289848728,17491.2771297239,7357.31378757656,3181.10827497871,10362.5655186575,344618.718125986,83981.490834985,17730.7355388734,7469.82795088317,3231.41416995754,10486.1141069442,343623.637349072,84573.688898304,17966.7777747499,7583.81533426622,3283.36827062296,10607.2044372943,342543.172920481,85133.0558639791,18202.2261761884,7698.9689420882,3336.62291114908,10727.4852548427,341976.783462229,85704.7057486514,18433.0107938404,7813.57504796251,3390.36985374665,10853.6722634124,340972.42156801,86253.4777120561,18647.4281208993,7918.69013144837,3439.67005473486,10969.5433381154,339599.944462107,86749.3629842045,18870.732190077,8028.05563221578,3490.22024135938,11080.293575767,337968.8686209,87189.5642107035,19090.694765537,8139.72868475887,3543.03088955827,11188.9657135317,336277.406634368,87594.7529410536,19307.9576981775,8251.8877102944,3597.0698723128,11297.1571156756,335177.822251856,88020.6226194086,19520.1979002524,8363.08442884037,3651.38789692294,11412.3408704379,333669.837287864,88421.2948085828,19711.723390926,8462.19577076947,3699.91784055137,11515.7305943687,331904.420353039,88779.5022918707,19913.6468556674,8565.78490636488,3749.56326584458,11614.7890114229,329751.13896662,89071.181982661,20108.9019317303,8670.09012246366,3800.73493119456,11708.8809934065,327474.667794377,89317.9003445247,20303.8588488525,8776.39859135931,3853.8777440907,11802.3225360222,325678.944880533,89574.6686554335,20494.4801675356,8882.81774916007,3908.12888547229,11902.4000640434,323640.179792581,89806.6072410869,20662.1588811199,8976.76459071141,3956.70939083314,11993.1359965595,321128.625576671,89980.8051116811,20832.5055412188,9070.6467362999,4004.25455082111,12074.4790913217,318419.293239851,90095.4140892907,21004.8770607501,9169.56387121342,4055.07340397013,12154.3662354073,316115.8223905,90212.0336610915,21178.8923619199,9271.88926679922,4108.98672470351,12240.642178924,315442.526664092,90465.5651841368,21349.6032978364,9372.65558224138,4162.93294805678,12348.2923419678,314566.419501438,90746.6387139729,21476.4206418058,9443.80287654976,4201.27157817836,12435.697674462,313515.320287426,91025.2663158633,21629.4705066796,9521.87725489389,4239.09140271616,12515.2828629685,312160.476400577,91248.0593332598,21783.5630645597,9605.8346926154,4280.77663688114,12590.5080534703,310538.426639051,91418.1820735435,21934.5736745111,9691.56605988161,4325.06603024552,12664.0579135521,308773.212430798,91545.4647993348,22080.5057175376,9777.3295528125,4370.66130220397,12737.0221842902,306880.498646026,91636.0111727645,22218.2079223309,9860.44797224575,4415.85113268058,12807.7813958188,304876.767881262,91693.7675444789,22349.2237131507,9940.97679215528,4460.1952772663,12875.6472600173
737,330116.011987898,98160.2465797262,24439.0094570653,11031.0531328874,5123.10882368484,21190.8513324665,304956.064815334,89897.0801964949,22665.4153505119,10417.9452780319,4880.52682285884,20239.9811287686,307281.157028927,91566.2765955431,21513.3461113377,9924.16338665527,4762.79195137611,20611.7062163243,308349.042466373,93392.7988826643,21736.6393193318,9682.48932812725,4541.39325567581,20715.2400967908,308360.752374985,94515.2566262249,22197.0806100048,9829.04548820402,4527.98788972012,20808.3827099992,308033.001558404,95502.0446320486,22625.6401175835,10039.7613837135,4610.56716930257,21010.5330222704,307654.054876028,96439.8401861488,23043.8408338637,10257.0757397756,4714.47612112669,21278.8178212103,307214.335617583,97331.6958838484,23449.3484965388,10470.9674842285,4820.86355391806,21566.707737501,307275.041311459,98267.663790018,23858.3268178328,10687.4669174886,4929.62016539128,21878.5290750027,306934.669863765,99125.4139431159,24233.7299985752,10886.6090346101,5030.31646923394,22167.574274607,306393.397957363,99955.7336175254,24621.1624743136,11090.8653804258,5132.59633018751,22450.6720494494,305596.995257002,100723.936544921,25005.198072104,11298.0146970124,5237.62970832846,22726.0024831483,304695.759981875,101449.551480767,25389.0769453524,11508.102531618,5345.6802593368,22998.4491690718,304312.660583792,102219.563194738,25777.8105203637,11723.3808795669,5457.81029670916,23290.642287275,303415.952435185,102886.417457311,26122.4896928975,11915.8786185147,5559.49345632835,23551.7885396255,302219.823960452,103515.264260091,26481.4797626737,12114.2230496768,5662.82671429631,23803.5224060064,300792.00240972,104077.534154522,26840.7305620207,12318.5008789775,5770.71076555165,24049.6229321797,299265.355871941,104586.022554741,27193.7229456999,12523.7425949003,5881.2975890439,24292.6483289194,298305.949456879,105151.407755313,27553.0746235608,12734.3706317269,5996.08836793311,24558.5496445337,296851.874987421,105601.319201556,27859.717815755,12917.2959805728,6097.80816362134,24790.1324153017,295245.648698284,106040.867223948,28185.036694044,13107.2398351669,6201.36027919698,25016.991911998,293259.212266036,106380.44277374,28498.8072379889,13297.0311876134,6306.38461537808,25228.3071849788,291134.629392257,106667.227379791,28813.2063166481,13491.1616085042,6415.60542418403,25436.9623784975,289469.937753525,106985.181970643,29131.6723988195,13691.3028671303,6529.98050667324,25665.9585711255,287526.465964916,107218.594017227,29401.7193214481,13866.2318980487,6632.92278004195,25870.81926429,285160.741071536,107387.586798548,29669.3034249477,14036.7860027307,6732.09939672262,26054.5343708879,282632.399502893,107498.431886719,29947.1829640587,14217.6225522273,6837.3125257495,26234.719253474,280382.25785476,107595.999245902,30226.0134100377,14404.7606564569,6948.66952037857,26426.2163808356,279700.499830207,107917.094612279,30524.1358616572,14602.3107101969,7067.18750119208,26681.6554390726,278688.939384615,108144.062738046,30714.7795042321,14734.2511043084,7151.08137304877,26881.9958943459,277672.684284404,108455.816024509,30950.3188718515,14874.8227411227,7231.70283753507,27073.0131217418,276330.078332186,108664.921563293,31181.7419608632,15019.6307819464,7314.28905922716,27242.3610669035,274768.825013888,108820.326490981,31410.8657663071,15168.8119263203,7401.90980551856,27405.8688425148,273055.394261085,108916.769236661,31632.5042018051,15318.442351159,7492.21604823938,27565.8906796511,271225.206583844,108964.855034569,31842.6333607938,15464.8833780066,7582.7695977296,27721.7489400434,269285.936108906,108968.208238788,32041.7798408074,15607.1159926284,7672.24534068316,27871.9309180795
738,323007.847304907,74245.1342005777,16370.062525751,7482.82751658841,3805.81625658344,38736.2657898788,299938.125797466,68509.2809046801,15527.7057472413,7281.64796415455,3727.72710896228,37616.7955137663,297954.403574157,69480.5210992297,14230.806364845,6595.27185585915,3489.08958757881,37857.2207613818,297145.557869282,70061.7533922141,14437.750499507,6475.64759748982,3324.91344512768,38134.7610890036,296315.247726875,70502.2725279766,14616.5362636863,6540.06850279566,3318.24984458925,38493.3046948139,295240.260984807,70898.3518645112,14769.585194148,6607.33086099237,3340.99363898047,38900.4858638906,294119.886032794,71257.0367967096,14915.9466242694,6672.41770642508,3366.32981915424,39323.9399963102,293015.269117303,71597.6443000707,15057.459941671,6735.38932612826,3391.15993864856,39746.3006602702,292397.144387228,71963.7792182414,15196.7446272862,6797.96556627808,3416.22501133165,40191.4166572434,291574.075289399,72353.6108234062,15334.8170095956,6857.57805382633,3439.26572417768,40617.9774199002,290567.171728688,72707.0692373027,15479.8589957574,6921.04213264682,3463.43731180782,41028.4131923861,289355.681095888,73023.3075543637,15621.5351822441,6985.30957908015,3488.70844916943,41422.2850846271,288059.290270862,73301.1242614177,15760.11909245,7049.30205130955,3514.42341810088,41802.540430117,287254.645176954,73598.6366631146,15894.2005501341,7112.78383625417,3540.86779733029,42206.9639030012,286141.336150045,73913.3554905492,16023.2449324175,7171.01315924006,3564.26199242425,42584.1759235182,284723.640527732,74173.1291689797,16159.7393605339,7233.15974802408,3588.5717642961,42936.8185598215,283100.336486475,74383.0696124874,16291.162728881,7296.162449877,3614.22183978526,43272.1153104668,281421.550716864,74554.6579855398,16417.0503562679,7357.7565082663,3639.92099227574,43594.3931596278,280274.672819982,74754.447056482,16538.2984588201,7418.34464990017,3665.96800081536,43945.0632437603,278871.199554695,74972.2694608543,16653.0288531386,7472.51702271607,3688.21446517784,44267.0351435241,277242.437858073,75145.7962921126,16775.6010088966,7530.63276669811,3711.29242480874,44567.7318122273,275317.492871986,75269.1068804986,16893.3984975602,7589.37434948764,3735.43977444144,44843.1145471062,273277.887446287,75341.2556289838,17007.4586099446,7648.12693656354,3760.33503244161,45101.4821936273,271655.96030973,75427.7271489064,17115.4821037061,7705.88074767321,3785.86207721974,45381.9548672202,269896.633348622,75530.1132069709,17214.4654704868,7756.66311127652,3807.68837350578,45641.0957595781,267759.036402703,75581.7756280316,17317.746311628,7808.64531388235,3828.86525695272,45863.6035110608,265464.254531988,75579.4972710748,17419.706396317,7863.58202524908,3852.17179384763,46069.5593018769,263481.002854078,75556.8392410493,17517.2780929194,7918.40198789489,3876.66342114123,46281.0142563846,262890.582832148,75673.344193137,17610.7746554655,7971.95786211121,3902.00349318962,46587.2804307201,262191.301950148,75877.861519454,17691.0849920665,8009.74356395151,3917.65948956247,46856.2837745502,261329.690662199,76062.8869051711,17794.9564555981,8056.74953513529,3934.91066079305,47103.229687549,260233.758502514,76205.5963128057,17899.5956667741,8109.15915625776,3956.15557095048,47326.9751483061,258913.694169691,76302.133117954,18000.6560298163,8162.7396972701,3979.64146837277,47529.3361516566,257487.498114951,76362.8149730455,18096.8646357768,8216.02225874225,4004.26722220636,47719.3250284648,255967.473880778,76396.4444516576,18186.3068922775,8266.85236492205,4028.45738153821,47895.4418951488,254347.242013373,76405.2639564773,18270.5245618846,8315.4156021312,4051.75554090091,48056.8613027894
739,189879.661700362,135228.088493406,67844.4310939435,42800.549263586,26797.8032812975,46894.1821372141,173094.410508162,125753.954439411,61051.1191878627,38553.8102104603,24232.6598730615,42870.5592600533,165906.095078809,121656.62281551,58283.5733172848,36988.2484524937,23366.7808035053,41661.5086962591,170256.903057141,127394.866851174,61442.7365845316,38674.1482982449,24482.1773744501,44418.803828182,163245.732584699,122133.37125451,59507.2084737521,37551.3438357425,23707.6297878133,43337.9306417872,165665.211531949,125984.985546065,61932.6063637202,39199.7791598747,24814.8653375726,45618.056507539,161333.110671646,122898.1743727,61149.742536738,38935.3167383019,24735.467978357,45736.6800264986,161237.43201813,124190.627163397,62243.1923798813,39839.4638839229,25454.4334254423,47490.9240493489,159057.953474281,122960.713995896,62240.6009113227,40038.2209899239,25703.0811894391,48470.0389404162,158110.115777916,123143.865751463,62733.0915551653,40548.4717764025,26163.3985813473,49919.3743806547,156417.500929122,122566.169006905,62944.0416809333,40849.0661567217,26469.4889637925,51107.1932801747,154826.83715941,122155.394449715,63214.833987269,41202.4822534521,26811.4835616662,52366.7878789146,153073.576302281,121575.798536068,63431.4776106585,41523.837912235,27135.5431676008,53607.7278741759,151624.353134885,121046.598574119,63652.479704024,41858.4282974727,27474.5929170465,54905.3433696422,150216.607990472,120633.50105928,63855.5411266174,42172.6512752582,27802.9382125333,56220.3705545125,148403.829037472,119926.017475825,63934.5486554381,42386.816174993,28055.9539252491,57397.8253147592,146601.316104881,119241.036179333,64057.6926847135,42640.1819996417,28334.1195714897,58625.8473903827,144594.882487786,118347.886327763,64082.9019737742,42840.9090277052,28584.3243032773,59811.3199621945,143008.386977141,117601.299126489,64159.7840327965,43083.8624880767,28870.3231012706,61108.24418788,141444.147169023,116948.4257991,64197.8292751829,43289.4056014497,29132.8823593621,62401.8313311499,139566.302578365,116048.970313272,64127.2920857727,43399.1424523353,29319.1581973084,63547.2931003606,137669.119238064,115176.803314064,64095.8227438123,43542.4384991992,29524.9065958174,64727.6291075177,135535.101804558,114075.23634156,63963.0884532979,43627.8308648919,29696.341096536,65838.2254593441,133691.404110459,113059.028892033,63860.9950859323,43744.9088493991,29897.5043242015,67043.6057691866,131991.434803283,112173.110948458,63754.1759169061,43852.2509713064,30095.8968178591,68290.1923192671,129934.367871152,111057.159185575,63516.8313714796,43848.0458822048,30208.5455603517,69367.1646955368,127794.702974987,109869.623929044,63284.0110375743,43848.5950292269,30318.5357677012,70433.1493895566,125705.938322734,108637.006432056,63033.6453603798,43852.3790899439,30436.731958931,71524.9050518476,124491.616660266,107761.64702932,62912.1665633081,43951.3327474753,30628.9749127207,72830.910212941,123716.158971338,107373.822699861,62866.2866354907,44067.4318136264,30828.1475087772,74205.8511884481,122544.925300325,106703.791215799,62678.3041418717,44021.9964203822,30879.5649801301,75198.0449663394,121400.383458882,106136.330468026,62601.1683546573,44054.8583116076,30966.345174439,76173.5589600329,120116.069472216,105436.198751089,62495.9242732641,44085.8940025002,31054.5993558301,77071.2285537401,118689.22642744,104589.541858987,62310.0494133775,44077.4563194184,31126.3141780288,77898.606552564,117286.79392568,103764.591806008,62130.8545725218,44079.5109541563,31213.9608556265,78780.4299418516,115810.125332116,102852.756341379,61897.7519046417,44043.8345473647,31278.2857370713,79633.7135908063
740,365596.671344904,82631.2332313181,19074.5350833333,8993.89930456063,4773.05302087673,55755.9809529945,345249.793361777,75719.847251605,18075.0197140361,8733.63310580166,4675.82352043979,54881.5659990511,345598.802481055,75486.6249363632,16070.2386138408,7940.89643204379,4440.49876368506,55430.0370049947,345978.730933892,76641.4740373261,15896.2783802144,7493.86701745759,4131.29132558214,55961.1877672588,346052.578305346,77406.669738193,16093.794840341,7494.1997698821,4051.89499166456,56548.2307097505,345741.598598698,78063.7285070057,16284.4662552773,7563.36279568215,4060.84188578798,57215.3348324702,345357.378918725,78666.2026479,16467.4075627861,7639.43264623094,4087.25571076434,57925.070980225,344943.843267449,79246.3872607716,16642.4700114711,7713.45249008031,4115.44234018903,58640.6239973658,345012.161007942,79835.2659625487,16814.3500234331,7786.39621705909,4143.82920597628,59383.1949854841,344786.875489347,80422.0768839713,16975.6107774778,7852.68183196572,4168.50151472,60091.472469385,344310.762836174,80974.5118533831,17145.4260584302,7922.2201982222,4193.57278031527,60774.6075296789,343574.179917774,81479.934608044,17311.6019597178,7992.80405277515,4219.64266535624,61431.3207046949,342726.934068091,81952.9113810019,17474.9023780784,8063.27134248209,4246.32330134218,62070.8893371507,342371.077473249,82429.2903862006,17633.5379991434,8132.93741708068,4273.60953858433,62734.2809159496,341626.75244088,82893.4770704139,17776.1089783656,8193.20319547207,4296.06225373487,63352.2380276513,340523.864092662,83313.2591379011,17928.3889176972,8256.68752596882,4318.61872505794,63936.5742129841,339147.136085531,83672.8483497159,18075.8216892805,8321.31998839646,4342.30224007076,64492.0487799505,337672.00170458,83996.8429000684,18217.7545786507,8384.67133907397,4366.15485781231,65028.9545737662,336773.279588322,84328.8379126988,18354.2292321893,8446.56507220956,4390.20425088229,65596.1860960609,335508.592026651,84654.4054022537,18472.3190905297,8497.39247459308,4408.43007817229,66115.1468297263,333990.710507698,84940.859623363,18601.7756986595,8551.94847553159,4426.78014380151,66605.286568607,332121.658074424,85166.0174284203,18724.5122983269,8606.72606590722,4445.75343358737,67056.6750807403,330085.988121587,85346.4023489426,18844.1475017097,8661.46996418804,4465.38452673686,67483.6305965742,328471.194643722,85518.6567432269,18957.2056053183,8714.9312474717,4485.45916990835,67928.8865450369,326683.849507656,85684.4357259278,19051.7719423308,8758.02791542257,4500.52825342875,68340.1848969237,324447.355270397,85805.0791232122,19149.8723925695,8800.56455290498,4513.70015013021,68701.6985386977,321986.011213109,85863.8340800107,19249.0646838799,8846.61691497226,4528.71097912203,69033.8040983428,319819.451822595,85914.0031488726,19345.8573299802,8894.06187927341,4545.71520139592,69373.2415047613,319205.399383215,86057.8003795547,19437.0714077796,8939.84229396473,4563.65033707076,69818.4162158237,318503.978306024,86284.180699712,19499.6190410288,8965.22038850721,4570.63924941891,70223.6410088997,317633.068938972,86517.6036490164,19595.2564641359,9000.75831873659,4578.74715603704,70603.6450723528,316471.059344428,86700.688849558,19694.467166768,9044.24820467291,4591.73393943954,70948.064740419,315039.189385861,86833.46118494,19790.6505832933,9089.77826223874,4607.77024742349,71260.334651327,313458.115529385,86920.4016924709,19880.2155207717,9134.54701447412,4625.06342668389,71549.2700022367,311765.248050709,86972.6864636837,19960.5770705744,9175.83641375055,4641.65565781511,71816.4917593018,309949.562065426,86995.4679069051,20034.0811920271,9213.76279024608,4656.81351177316,72060.9105283122
741,317404.69290408,91252.6893510952,21087.5373225783,9101.54863219349,3945.75098791326,5716.14509327983,293570.37039507,86392.6214128942,20545.5776385742,9062.78318556853,3969.90280416184,5668.21501245812,293068.349180408,87640.5784340239,19585.9549047053,8593.8854108179,3849.23066424073,5740.07600572917,293185.872572375,88809.1997471758,19990.6127315608,8559.41021131477,3726.2148015615,5663.52647213153,292930.619041491,89686.8856638244,20375.0505918831,8730.95258206395,3766.74916543694,5644.74005665488,292363.726825303,90482.3728296923,20719.7860281345,8907.16377039984,3846.86394192703,5703.78127827426,291726.331056636,91226.2134130345,21055.0714152299,9080.90565788191,3931.73346760016,5796.54818181548,291067.748908358,91941.6570516302,21383.0348579705,9252.06110120719,4016.59755818311,5899.90720282024,290823.76135285,92668.3519365748,21705.1621945003,9421.41816523626,4101.09979014974,6008.14357129602,290361.859275787,93402.1938791931,22016.0148707508,9582.8687795688,4181.66955258605,6112.88938226932,289681.311366143,94086.2202034165,22335.7746756104,9748.99779741551,4263.80453374073,6216.88511055235,288771.899477144,94715.9560574438,22650.8476061159,9917.04715885827,4348.35015009152,6322.07518329443,287754.729274784,95295.8217958193,22963.047491644,10086.0739601528,4434.62971358677,6429.14536949208,287167.891514888,95885.8036549067,23268.1871235678,10254.2395560097,4521.69473215098,6540.20842006666,286253.542290265,96468.7339,23555.7812996394,10410.8731473219,4603.20074414501,6645.53933583812,285020.553622946,96981.858552749,23853.4290004969,10572.7990273287,4686.36767537536,6749.36721302908,283562.695698096,97427.2724900011,24145.2655597812,10737.4820437247,4772.79951478426,6855.25944472133,282000.202129056,97817.7675577113,24430.3354926361,10901.5719064326,4860.61088253185,6963.28691738108,280940.630051573,98229.9845012723,24708.8136182323,11064.7652778726,4949.16496510987,7076.18814807594,279586.022359765,98633.8937589023,24964.7257405116,11213.0080532855,5030.29000927525,7181.60919039641,277991.263252235,98976.8582649498,25230.5657230366,11365.9594584422,5112.44879906513,7285.00461674227,276082.557531264,99245.4922158128,25488.1787017684,11519.9906444983,5196.95691694685,7388.85023400553,274020.4645952,99444.1000222194,25741.0174812605,11675.136061475,5283.74996702032,7495.3210978886,272356.100303143,99651.0810810099,25986.8569172557,11830.1864280594,5372.20935147765,7607.55276417303,270526.759304646,99850.2909561759,26207.562749115,11969.8727436573,5453.37898968047,7713.72520236042,268300.333808603,99975.0657367847,26430.3682409407,12108.96012672,5532.90674318522,7814.81764421399,265886.033940133,100021.769706641,26652.0779952516,12253.4363922622,5616.63615341601,7918.28984408206,263739.899507205,100040.453336465,26868.1831320306,12399.1243877381,5703.33329525438,8027.48656297742,263004.750761215,100237.60080118,27081.9903862172,12543.8330352937,5790.60126339906,8148.07132298324,262162.287015595,100506.453139909,27249.3930220629,12650.7036190917,5856.11295712907,8247.06178809453,261186.466947039,100758.58071443,27447.8031997136,12765.6612825079,5919.81244670674,8336.33826521534,259958.355291827,100947.168699308,27643.3468038551,12886.1357160907,5987.65773496289,8424.10891140811,258480.951010256,101068.251318989,27833.1480016862,13007.7061952979,6058.31402022305,8514.2786865894,256884.662540475,101135.62020049,28016.0083037809,13129.4526815274,6130.9252968204,8607.95170972251,255186.477752546,101162.327494085,28186.9388728549,13247.1945186063,6202.93867647023,8702.79823602554,253377.198657856,101148.949273255,28348.852305461,13361.0513313538,6273.59632819881,8797.1093785268
742,350897.917491622,91204.3178652445,21521.5023460568,9651.60258093703,4576.46504838372,28262.3849318876,334567.588134953,89352.0712760521,21145.1221006121,9576.27224719977,4557.58909753771,28011.6566645035,334978.288246385,89931.4793898513,20337.6696899029,9291.66406759891,4504.22572008206,28355.306872361,335226.083324069,91294.974452616,20527.9104177642,9114.87587603428,4349.73975045941,28587.1214878163,335094.830782311,92234.0847748422,20906.495806189,9247.69802903738,4353.4091170283,28829.9039676509,334598.133347968,93075.9741416854,21244.109268685,9410.32833138716,4417.97354893895,29137.34579311,334032.897111669,93871.8891115944,21574.3564333142,9574.05216337159,4492.97616561993,29479.7885287914,333406.113098128,94634.980907088,21895.4080951156,9735.1623487907,4568.7662903495,29828.158775756,333260.83023622,95412.9381015729,22216.4666136383,9896.88372836632,4645.503701328,30193.9414706307,332798.260130924,96152.2646793704,22511.7539096414,10045.6347084993,4716.24672659808,30537.6545459958,332104.389849471,96864.1839012422,22818.0364859348,10198.0391866499,4787.61082181493,30868.9656813972,331119.777097395,97512.570798321,23120.4835555027,10352.7285071307,4861.02648646544,31185.5161924028,330019.415628175,98126.0798058285,23423.073074032,10509.9415669981,4936.90679757865,31494.5939856533,329418.103844684,98742.4698188598,23723.6065211786,10668.7234285469,5014.89357434217,31819.7254014287,328379.11016673,99310.4383234495,23990.3955176499,10810.2331676515,5085.09470127292,32115.762419406,327003.445399359,99839.3450907493,24271.7134386497,10956.5056976915,5156.03933323501,32394.7409308215,325365.616864281,100293.746519453,24549.8860878278,11106.7906605237,5230.21999978885,32659.9348646046,323600.022533987,100702.652568708,24821.9936487274,11257.1982053876,5306.19667045293,32916.2113395131,322380.265327225,101120.866140518,25092.3641420408,11408.7254509946,5383.95795668266,33191.1640197457,320801.253157737,101499.719419132,25326.3948682923,11541.1900452462,5452.88811825551,33438.1851639141,318988.645951657,101847.329699952,25574.7382327007,11677.5971014414,5521.88591673356,33670.3346309313,316803.602145786,102110.331973898,25814.7098144535,11815.1477361594,5592.60671795887,33881.3129032709,314440.781319659,102318.348772723,26052.6157904583,11954.8715248704,5665.99829244373,34081.4568919843,312485.389225668,102519.156185311,26287.3812605018,12096.3473978727,5741.95607891496,34295.5006078498,310363.752174419,102685.902068727,26487.6424378939,12220.2841397122,5810.22872543155,34490.631763161,307805.966200632,102804.22241131,26688.3986600173,12340.8931229465,5875.21152217014,34658.2786610837,305032.418992117,102850.297556958,26894.9139940662,12468.6898593155,5944.23334246928,34812.0406404807,302495.295555434,102879.429384094,27099.5521284967,12600.5641092984,6017.68888031826,34971.9258432669,301480.668867655,103033.367100345,27306.8825531995,12734.6755736099,6094.03483992487,35197.0785819421,300443.941578678,103246.837931517,27450.3647482466,12828.3338568111,6149.37761965156,35397.95215389,299312.008282295,103500.945142288,27629.789763033,12926.9972431027,6200.73608537927,35582.5016003814,297895.772081707,103686.778506196,27812.9910855131,13034.0247861034,6256.41476484124,35746.5213982597,296198.814029485,103807.415823404,27990.6575299418,13143.3248931015,6315.84714393579,35895.284032178,294351.556847808,103872.391461067,28162.1120962063,13253.1493792239,6377.6424982364,36035.1867095909,292376.923594072,103889.434103062,28321.1242989465,13359.1326629095,6439.12560642247,36165.3328575852,290279.176529179,103866.046332319,28470.2614988271,13460.8985650111,6499.21259775808,36284.71277362
743,304748.894122192,120860.897553073,39921.6950280063,20035.7665213976,10018.8685549923,21887.551005897,285748.926126848,107995.337300861,35328.3998920157,17897.0760914814,8977.34727762706,20270.6700951133,283817.32008244,107850.287838795,31929.2413073572,16531.009346566,8582.72734007067,20193.4334769957,282563.36539662,109917.593244133,31603.1765067475,15585.2201368171,7932.90093699134,19884.7025982131,281277.70956778,111063.606878461,32294.8371528124,15690.4473804193,7758.33103644555,19591.1469490759,279858.64566197,111894.536644587,32926.7838573571,16036.4213825427,7880.40077411938,19580.7733530657,278382.926965025,112577.625231448,33482.2983514848,16386.6858222188,8072.96095483194,19779.7510328491,276819.983571467,113189.051673411,33994.6629775427,16717.9819637996,8270.79433344972,20071.6531142975,275764.510103395,113825.61618073,34504.650355831,17047.5762064635,8470.06415194326,20416.2056575011,274515.17995668,114442.904702618,34971.4103835769,17351.1817683007,8656.18419958833,20756.6805936787,273049.269412384,114998.386018537,35444.4687064185,17654.2064022814,8839.5951449626,21091.2313184991,271346.830723825,115467.520282037,35906.8438824804,17958.48018674,9025.53976320078,21422.2734353068,269493.27389611,115861.434574689,36358.6130846584,18262.3786406968,9214.32920311304,21754.1371574162,268136.593905842,116286.000323408,36815.4823255565,18573.9319608768,9410.06952979345,22110.3862344086,266491.233092781,116673.823367772,37221.4149402517,18855.632924267,9591.3622518265,22447.3326408073,264517.25815968,116973.188313101,37633.1761860447,19136.4920720755,9769.66694649718,22771.2637318636,262324.031810171,117172.148415201,38035.6536919278,19421.7006881848,9952.86949250764,23093.6314586608,259962.257889441,117285.990526048,38418.7114751077,19703.067142913,10138.1606749492,23416.776849158,258176.68082486,117450.579537423,38812.9628200309,19994.7548321558,10331.9402588784,23770.7583214274,256145.305786226,117582.773971468,39147.3225870297,20250.5277097892,10507.6894302598,24102.1936220503,253902.009944507,117648.260658906,39490.5058074107,20504.8909345369,10679.1263364816,24421.3410486561,251344.586320291,117601.082592814,39813.6959610967,20756.7362742751,10851.1834541192,24730.0518099145,248592.368339573,117454.857024296,40122.6971762991,21007.2267605537,11026.1586712434,25038.5642249135,246265.266077504,117332.747931298,40436.916663832,21267.2586164742,11210.2260431375,25375.5889587384,243872.481433916,117197.734666852,40701.013405953,21497.6439995553,11380.1695482178,25701.0105474524,241085.522851076,116964.495186663,40947.5607388055,21711.1673140232,11537.7957893453,26000.2572479479,238105.535802988,116627.058177831,41192.6011372102,21931.045282702,11699.6862603745,26296.1074166056,235273.325507975,116244.234466558,41426.621373553,22153.8640784694,11868.0835418485,26604.5335725186,233957.495459587,116150.705424512,41711.6275487186,22407.3353281602,12056.8676558144,26991.6432561686,232707.852653376,116166.009344351,41900.7539090245,22587.2998985045,12201.877818007,27330.7294694947,231344.5539665,116193.186181955,42123.1209023639,22759.7319608022,12328.1591138078,27627.9786334366,229719.925246528,116129.092757343,42342.3403134021,22937.6024228946,12454.5530100215,27896.3077830849,227868.610374121,115974.065446736,42549.4440462284,23117.1432462186,12585.6903636248,28156.4211407937,225885.235335219,115742.884252425,42741.0326722313,23294.9263507607,12720.1601883504,28418.8892395329,223822.059810526,115460.315391974,42913.8488762617,23466.5385231184,12854.5559125464,28685.5058352253,221658.911584696,115123.672744053,43066.7654695765,23628.1388218594,12985.0533746469,28949.9143674652
744,216993.791175583,144897.454077493,64177.8794243405,38129.3525439813,22520.9560075886,33574.0839159913,179607.97443664,121764.009726781,54555.5084447104,32569.7935942607,19316.0313362424,29037.8246557063,190255.370705292,132247.780887526,58923.5939787939,35725.6592478542,21497.4337744506,32803.4061505944,181812.313129185,125781.59240323,56732.7210288981,34330.3968708979,20798.6099189031,32626.8430902752,183869.710885505,129502.165906092,58424.6580857822,35444.9797958393,21508.9776446186,34320.402410464,180474.141502624,127646.897552507,58464.3156332156,35549.0931087333,21605.8664838816,34864.047593385,179611.751589121,128364.971034741,59209.6409203276,36226.0161564407,22117.4105762022,36006.0824478234,177560.62160815,127757.629017252,59570.8907862327,36614.1327406693,22463.6171860027,36962.773054848,176396.556494193,127807.536125785,60070.7971729686,37122.706709965,22892.6286902529,38094.195099827,174950.635174434,127616.419416356,60461.2466665666,37530.6357437182,23256.9490760792,39168.7593101466,173356.103232277,127381.068721344,60820.9770757784,37917.8256153764,23600.5557726789,40215.7288754615,171683.031818407,127074.922909011,61185.3794944838,38309.8419541919,23947.1941982656,41273.7212839463,169837.495848155,126607.179258912,61476.0860177871,38667.5791893141,24277.5641873391,42315.3204300652,168426.781443701,126303.939439011,61827.7343620603,39068.8274339107,24641.1729263142,43441.193860601,166824.736300913,125904.086451402,62070.0962426353,39393.5651733376,24957.8512574631,44513.8872852246,164987.876560794,125391.202509908,62283.4100979692,39686.4586271802,25247.3085378014,45548.4140925631,163034.564715647,124776.056945905,62482.5138264615,39980.6913585464,25538.061619027,46587.3320878443,160944.947021012,124016.83428094,62616.7532267927,40245.3704401735,25817.3033484378,47621.7861374014,159321.283645315,123430.203842394,62809.1745476392,40553.8524212621,26131.3193106219,48753.0712379834,157569.489395528,122796.938264526,62902.7554361472,40786.901383014,26397.4711392862,49831.2090153441,155629.409350127,122058.320395561,62964.4006011702,40981.9850644472,26629.283438728,50854.4191228109,153529.36072443,121219.607952985,63005.9129811843,41171.162027347,26855.5397405945,51863.2000635468,151281.047913495,120220.125827693,62985.336130496,41331.7622136412,27068.969992256,52855.7526889089,149365.164328781,119337.677697907,63001.51589876,41525.8521020757,27312.2409028336,53935.839946336,147459.41147547,118465.949454426,62956.3933008021,41671.129070222,27525.7218045102,54996.0834144873,145248.473841553,117431.898648251,62830.7164753458,41745.4884511962,27684.1831155092,55963.4274471764,142949.601720566,116313.81120493,62704.5968602386,41824.2584802323,27842.015025616,56927.1113404812,140748.517258476,115148.266707608,62555.5542873104,41902.0222582905,28006.0015595921,57914.8443936384,139563.520394891,114444.328040471,62562.6829263414,42087.4827110103,28248.9815220646,59103.5388519075,138605.136728773,114001.440040819,62531.7195916111,42208.8214900809,28441.3640795231,60224.6044302327,137394.669236282,113436.782539634,62450.8971475819,42244.8491435055,28545.0399765384,61125.353983065,136161.384362788,112910.382281849,62445.5383221752,42333.2781119472,28668.4882531087,61986.4508707257,134717.555969003,112204.73940248,62380.5526678076,42398.8076376454,28780.355054368,62763.6843597368,133210.367454563,111433.355991244,62286.2436343898,42458.7452775508,28898.3310494124,63539.4878118208,131661.750762165,110618.088556027,62165.3031396645,42505.9489434175,29014.9349083856,64329.7618682605,130045.782549817,109729.757307788,61998.3992366826,42523.0639605041,29114.2561017411,65108.6923104009
745,349223.034792902,83328.5936659371,19478.6721070704,8451.59626472727,3728.06756351641,9072.80026241407,337058.995146156,75902.0820743955,18056.8663264125,8036.84778184654,3586.91244057191,8940.58981211711,335427.55402322,75055.6739280124,15105.1037449849,6833.59536644508,3219.956772511,8866.80912455981,334543.721951482,76015.2294045155,14740.094027641,6177.81171553322,2770.69620443501,8607.0175741569,333816.865726781,76673.8025503465,14925.0700822526,6140.91069889274,2646.37698912748,8440.72402089505,332897.187423768,77238.09607326,15125.6112380313,6214.54972562115,2651.90936908384,8426.83484641594,331898.668658629,77741.8184063115,15317.0982390077,6300.40773532408,2684.55681462946,8488.58455952041,330900.370333421,78221.4105017769,15500.8962418835,6385.32423566804,2721.10005862689,8576.5324507568,330355.249684106,78698.0546265368,15678.6473034618,6468.09522099141,2757.46092199555,8674.81557577977,329633.934047771,79204.7356900238,15851.3084606689,6546.89988312,2791.88056180825,8771.73403900823,328656.652839569,79673.4714158222,16032.3296960416,6629.46742415447,2827.40511566825,8866.11650084896,327450.235328012,80094.8416251247,16210.1931587568,6713.40253076897,2864.41778728242,8958.67347173873,326124.984332531,80479.0688139764,16384.4937351437,6797.05566642418,2901.99883403087,9049.77307054915,325262.545767581,80851.7820050144,16550.9710045777,6878.51778159212,2939.16773521823,9143.60010572807,324099.105811458,81252.1832105381,16709.521223306,6954.21344601739,2973.5355791131,9232.17731640238,322598.25480868,81597.2871956537,16877.8915185779,7034.39520855263,3009.16539426828,9316.56041371327,320841.598760342,81883.1860037497,17040.3476705421,7115.5427154964,3046.39386520261,9398.70946746137,318969.950622145,82127.5962732754,17197.8996945753,7195.71179825416,3083.96194067128,9479.17486997572,317629.091077269,82364.1769104447,17346.3292873858,7273.13425821614,3120.87098107162,9563.06048514243,316036.127617517,82636.2632388026,17485.0956354905,7343.33693040288,3154.18518508183,9641.16469229232,314205.846662115,82858.9066027021,17634.3146762698,7418.01842444433,3188.56085885671,9715.34424815229,312049.428136821,83027.9016542022,17777.411911637,7493.34174753633,3224.36461339445,9786.20934505714,309700.782785196,83141.9560759038,17917.1302197923,7568.77063394098,3261.01397399291,9854.80138161047,307759.798457966,83237.066123403,18047.806920674,7642.11158584599,3297.58697363396,9926.38417730266,305707.112582618,83357.6480116649,18165.9793645052,7707.62004010039,3330.55525370409,9993.49649492846,303258.168822393,83434.9725946767,18290.4552899433,7774.82629612661,3363.28679565449,10054.1361017407,300574.034182057,83442.7280411917,18413.5922996812,7845.08387405931,3398.2903816018,10112.1758543625,298179.770747853,83425.3677879731,18531.0729276825,7915.18838085736,3434.52323886832,10172.6039836658,297218.214675614,83489.9569094687,18635.4736246743,7979.3401083496,3468.67387951294,10245.4802169462,296336.407872475,83703.3832170927,18725.761017536,8027.98816500819,3493.85448976741,10310.9451034786,295304.607105028,83905.6393046922,18843.518511985,8085.39217930377,3519.89486945377,10370.656538932,293998.936749124,84063.6364782658,18962.0797003246,8148.27158111343,3549.82313060583,10428.0210520857,292433.516482019,84168.2350429732,19077.3696121723,8212.31676853732,3581.76522661242,10483.9238678088,290725.611246674,84227.1322922874,19186.0522299154,8275.42117686019,3614.34959109827,10538.7277034723,288911.263968514,84254.1260460383,19287.21674704,8335.84991150656,3646.30299708355,10591.5233406522,286985.491798268,84252.587968659,19382.4084692199,8393.84451873805,3677.33752036179,10641.5397630529
746,240118.99979862,79726.4477622353,21860.0708696524,10274.5658912439,4955.22637355788,22220.6552493856,221311.807016735,73907.2576671823,20304.5701705881,9668.88477972326,4685.06979433271,21070.0524950085,222606.078357287,75870.5519649173,19715.4371864402,9390.59440770284,4662.76044436642,21585.6924648081,221689.096226145,76526.5862829176,19954.2725037892,9285.76312721448,4511.96676717329,21610.1641048707,221163.91484443,77296.5820777586,20369.7665977949,9461.11502515486,4547.10902986315,21757.7518736031,220339.229729355,77888.0261983576,20738.2634957756,9669.49984124919,4644.98624721984,21972.0357342459,219502.965955731,78452.7770360134,21095.7204260416,9876.95033247493,4755.59040855538,22240.930378504,218618.868109567,78981.4024427955,21441.4264841129,10080.4985307779,4866.87059638114,22522.7903541938,218117.600777199,79539.5340370011,21789.8911317746,10286.6082868594,4980.55364388813,22830.0432158065,217425.977777249,80085.684479132,22115.3179122418,10478.9973728345,5087.55196928287,23120.4675904994,216586.437888085,80597.7261937532,22451.3127139003,10675.7588862301,5195.6891263378,23403.4621376227,215574.263807169,81060.425794923,22782.9246412869,10875.1037687384,5306.70715548053,23678.8290587799,214472.821872523,81478.0198550525,23111.3711263543,11075.899732041,5420.26534199061,23949.8357851976,213751.828727805,81923.6192443169,23442.487802855,11281.4107523793,5538.11782227988,24244.4463097307,212754.940037299,82339.5830864192,23742.4588994724,11468.4487625463,5647.04271588586,24513.6090031293,211526.562317506,82705.2606636594,24054.9394366988,11660.6756330268,5757.24403230953,24771.0974009407,210128.809055849,83009.6794550642,24362.8266803573,11857.235699584,5871.75926332362,25022.5982745758,208637.294173508,83261.5549716287,24662.8106442804,12053.2853838973,5988.41846145237,25269.1310625289,207593.398646571,83554.1447912947,24967.6544657211,12255.1267173864,6110.04872052325,25546.2638063905,206280.174029603,83809.1946728019,25231.7590134547,12432.3362650552,6219.29954185615,25791.9218780945,204834.266583621,84034.9033813478,25513.1975220676,12616.1208709813,6329.93918961855,26031.6074983167,203112.43548128,84178.4562612722,25780.5898328943,12798.822245397,6441.87143695273,26253.7300063704,201286.250781993,84265.7017399078,26046.4450000958,12984.6982167756,6557.77036383241,26473.1912676145,199806.16228293,84373.9249467804,26312.4719190758,13175.5482834045,6678.96736134075,26719.007976637,198181.120811835,84453.9223052042,26540.9705516261,13343.7914450675,6789.14833564574,26942.5587801616,196259.229254062,84479.2487826196,26770.8511389247,13509.3471376519,6895.93620000032,27144.4018074908,194198.005589092,84432.7322925317,27001.8014524298,13681.8217423136,7007.72193766771,27340.3870205543,192332.002104346,84358.4181478715,27226.215134308,13856.4971504606,7124.064147418,27546.2015538808,191639.083681703,84482.2844065545,27469.7415503039,14042.7775313938,7248.9076968564,27834.6332198897,190797.791908269,84610.5809827019,27630.4009436251,14168.9072127016,7338.75388159004,28061.2213912943,189936.74216707,84786.7036254766,27837.6973405872,14306.4816786656,7426.07989185571,28279.6272904693,188823.986629019,84864.4770957117,28029.833912164,14443.2733662655,7513.0087041239,28465.6728500568,187569.076208107,84910.0209965497,28224.8020048876,14586.1283425736,7605.96229852975,28650.1769510634,186196.8113319,84891.6327323987,28407.3276295779,14727.155708301,7700.56746832416,28828.0792750447,184759.036011642,84843.8297696808,28581.0182792485,14865.8034406458,7795.9886247723,29005.6679958847,183238.739876258,84755.678773763,28742.7219841965,14999.3109667933,7889.72455449501,29176.7873950932
747,196818.644542926,140574.139409977,63472.7637908723,38040.9960288801,22653.9764278979,42704.234615276,157557.496964409,112257.331818141,49836.5684939716,29854.0433919594,17792.6316448258,33949.2030059904,174915.628113559,130391.83647536,57309.1947097835,34591.2023036905,20846.5691513625,39933.7423911898,159985.291298829,117164.372803113,51976.5261193205,31273.620619951,18871.9378195235,36856.2012770616,168163.112026188,127038.090764434,56497.7628988773,33950.453797253,20483.7415175925,40280.4490566274,160301.384202666,120323.05392854,54418.6588043332,32848.7667546415,19818.3576238504,39092.2385903523,163274.441761805,124840.39028303,56789.386784266,34461.2344184379,20904.5748672997,41311.6009026578,158885.643703904,121527.04399972,55986.8365489622,34153.8948365308,20806.8191417154,41340.8871482645,159747.087853579,123574.601956016,57298.4486669787,35134.5423215787,21524.7754182228,43028.2988018606,157261.044371183,122078.958484222,57134.4185494981,35191.6826784996,21655.0699916101,43626.5194737966,156711.216759731,122785.432539035,57866.3259459077,35796.2156497286,22127.9060173437,44907.1826154023,154754.81004544,121947.294624582,58000.573166499,36033.4572353533,22365.374413273,45728.2235902376,153466.562100256,121883.408809895,58436.6623477421,36470.9234208551,22738.1684419112,46825.2655249164,152098.651897246,121428.864578836,58712.3258117068,36810.783037232,23051.6551051121,47833.1340080267,150791.472923887,121185.882361371,58999.5286736652,37151.3575464223,23368.774006702,48877.3461081978,149143.564854315,120668.105180679,59208.0699410244,37429.1562450597,23638.04490965,49831.361242734,147454.844689631,120127.859850946,59425.6946026472,37726.4028068087,23922.1818091713,50812.0537726509,145630.536749166,119421.752113311,59571.6151319143,37987.5945396316,24190.3808869767,51774.0163976223,144227.495082455,118898.492134632,59773.7433454295,38290.6931583886,24491.4770937552,52838.6970869395,142674.91234812,118310.32718803,59876.5917002219,38517.0038081662,24743.1181523065,53837.2289868422,140967.786724557,117627.507478719,59960.6685428488,38717.1763823159,24968.9158899076,54787.0073462514,139132.691173208,116853.226237035,60023.5659779305,38912.6622179829,25191.477876728,55723.2092897381,137127.574853418,115905.260513243,60016.0779461531,39072.4014282637,25396.6329981033,56627.1247681067,135467.593015625,115098.980696905,60058.3918382115,39273.814281211,25636.034862937,57634.743880974,133760.434154566,114274.968507939,60024.2499729024,39415.884396549,25838.657385837,58603.1755409616,131794.889738703,113301.048637075,59927.8921751389,39500.8241610465,25995.5207823569,59483.2775004755,129754.735286795,112247.80336239,59829.664130531,39591.9595503201,26154.4881445248,60361.7181085675,127793.317693691,111131.359818033,59697.2815212283,39673.4715065791,26314.1678578388,61252.5266866241,126810.193557572,110518.392475574,59731.1872684051,39867.7264259013,26555.174404938,62378.1445265457,125937.214004874,110094.560211443,59699.2013610126,39975.8727025745,26729.4746246282,63402.476904757,124882.502715256,109584.495299488,59650.8580481298,40027.3481958233,26835.5426409333,64235.8881493328,123789.115835582,109094.770648008,59663.8777676598,40125.1398415682,26960.3438131221,65032.6358583226,122488.007405348,108414.198430701,59608.1842782863,40193.3443015231,27070.1566172258,65736.6735512258,121139.923278449,107687.289208709,59534.5046879906,40262.5772524018,27190.1652818783,66450.5049278158,119757.916097844,106908.216301939,59430.1320229612,40316.6011763371,27306.7554019437,67173.3831637953,118317.342899332,106069.162269821,59283.3817946655,40342.4956181018,27407.434547832,67884.3318252871
748,377456.835924892,85767.5011357188,15317.0110541197,6434.27662546714,2948.35377304313,19485.3422641672,344370.477394786,79453.9378480849,14884.1741347416,6409.56407514934,2958.51046441836,19103.8970783722,343221.783968736,80024.0408799268,13709.133956337,5872.76634525728,2788.86034137065,19255.4594592832,343055.422749269,80851.4246440938,13916.5229578071,5770.05655592435,2655.34656983763,19374.7912971622,342851.102114144,81488.7106904544,14108.2695347856,5840.39853375372,2657.14975780593,19561.9424667472,342344.020213791,82074.6724120996,14269.9279078834,5908.06663582837,2681.59306646516,19793.967940678,341743.51856318,82612.6142081197,14423.5671573031,5971.93446644681,2706.67761131875,20038.8742337038,341065.944570457,83122.1178634125,14570.5963600897,6032.777179783,2730.56885204157,20282.8021512162,340870.940505249,83639.2151204737,14712.5008963987,6091.63091599735,2753.66146128249,20533.2691214609,340466.309095268,84179.9792138341,14851.1780391553,6147.21821584047,2774.87076662882,20775.4118009336,339813.435608875,84675.104091923,14996.6574396417,6206.06552270698,2796.94248022444,21009.4268784073,338908.008258625,85120.9328247018,15137.3982866716,6265.05668289281,2819.74705948539,21235.5400766027,337850.608267148,85517.8904674531,15273.3911744811,6322.82072686781,2842.45319770667,21454.5543185526,337260.721749027,85918.6880979052,15401.022937975,6377.90065239835,2864.497863314,21679.6085377528,336371.569691429,86334.9656439857,15523.8899574287,6428.5159478208,2884.09261561554,21893.3039696346,335103.554504397,86687.0920242451,15653.0231123865,6482.30215343153,2904.43113903108,22095.3288675572,333595.691014954,86976.2310235068,15775.5968512728,6535.96313778728,2925.53460167961,22289.2676814851,331917.516160615,87213.6746190946,15890.7942865159,6587.10912602166,2946.01831966326,22474.7065380192,330817.679614758,87461.5723363276,15997.4770525672,6635.34695097211,2965.64299366991,22669.052095146,329439.615561024,87733.8165518357,16097.4927987257,6677.72922144896,2982.07098667647,22850.6389968451,327791.849077202,87949.1041236595,16205.8174801733,6723.97713469457,2999.36500990649,23021.9662772448,325804.849532232,88102.0705411744,16307.0283837412,6769.84591733753,3017.32006597352,23182.0342969088,323607.814757061,88190.6121369621,16402.6544184272,6814.35481427347,3035.18752664143,23332.4364665923,321831.307179361,88275.0597456798,16488.6604997559,6855.93470913146,3052.39492007216,23488.5106345978,319949.582330506,88380.1442368459,16565.8213084942,6891.26742602591,3066.46887314766,23635.5252340282,317637.965138249,88429.5768213254,16647.7758447439,6928.02784811066,3080.24299250987,23766.510237535,315092.650072525,88405.4867283435,16726.2235370704,6966.26292832966,3095.30774762627,23887.8334740466,312765.302169187,88347.640812094,16796.9854970864,7002.62527118212,3110.42973634726,24008.0496949778,311984.566476051,88420.893232117,16858.629657632,7034.85166031032,3124.3603392675,24162.7856605111,311224.690589263,88628.6997211579,16915.492702429,7057.15469124148,3132.10803195604,24306.4069498187,310313.208534339,88818.8195380821,16998.5490147735,7089.8648306916,3142.42287354806,24441.1079576965,309126.903327713,88960.3895828601,17081.803939219,7127.3029778131,3156.28170609725,24566.1188834236,307662.587494474,89044.4129017138,17160.5583673907,7165.03419237158,3171.58102929587,24681.6110541427,306041.964512809,89078.5528125213,17232.8300190671,7201.36937237269,3187.12302952966,24789.9926635027,304316.505503782,89078.8476132953,17296.896134232,7234.63435198452,3201.76581090698,24891.7598035207,302457.842185415,89047.0100319885,17355.1631361718,7265.17303273636,3215.20235878913,24985.3060541576
749,170975.832664767,125882.648837278,70955.4195327407,48240.4736524297,32567.6047753136,69233.6315003514,143184.784802974,106177.157642717,59484.2362264449,40447.1047627457,27377.6877659086,58777.6496775449,149991.987513043,114937.591962439,64089.2990772571,43835.0211710016,29847.0586374617,64601.8577016791,147991.732235632,112715.272730968,64086.2566561301,43841.2756682071,29980.4053508555,66063.9906331512,143808.325861913,110244.842355245,62631.8354613013,43126.0757893207,29606.2996846145,66191.6154498172,145666.409068675,113136.409281745,64831.2494752151,44671.8886780804,30759.6205509154,69765.5736866706,142099.289968277,110392.673352135,63986.0856153926,44320.8601925555,30608.1584299146,70238.7747315012,141307.777379339,110827.637787118,64523.1963029963,44922.006164509,31179.8988790023,72411.0182338443,140497.622551862,110639.95224199,65010.010112962,45432.2933508648,31665.2266042814,74507.4267006466,138696.43770562,109708.79816263,64828.5211570607,45521.006013355,31866.423976516,75960.7573709701,137725.492692185,109682.363441502,65201.6638780351,45942.0647600143,32290.4755720667,77995.2139803942,136168.017889503,108993.248763404,65276.9041416333,46168.2661895461,32566.4889939888,79672.6390941511,134551.566795505,108294.168936516,65288.8838304493,46367.7903622682,32835.125132451,81338.8830181507,133475.086146211,107916.144643721,65492.7379117798,46698.1635252252,33200.2223125963,83291.6808325214,132077.93552502,107285.945768349,65484.3183139394,46871.6826182941,33453.7082238432,85009.9607636632,130473.899113132,106572.374866034,65433.8128665115,46997.2170709511,33664.4628403571,86637.2132513086,128875.261659301,105854.116862341,65428.0243023044,47161.3351513639,33899.5170254843,88327.5887431902,127143.819951592,104951.742185846,65315.464762279,47264.2765958201,34098.3594607602,89941.5565125828,125766.505014764,104221.346057847,65262.2981139184,47415.5621440647,34340.218369774,91718.7658195402,124349.150987103,103512.363870235,65156.3074682521,47510.7548877673,34540.1574852777,93444.0282373864,122675.744749362,102610.914413771,64949.7536796957,47513.4733530447,34660.1897628107,94970.7033560906,120942.151552491,101696.577623011,64757.978467676,47531.9985902207,34787.4411953953,96506.4699677894,119114.612670193,100652.338412842,64511.5095564656,47521.1037196392,34897.6350217702,97999.4599165163,117507.806633725,99671.027531205,64274.2691391133,47528.5244911251,35029.8894148148,99590.2616833064,115965.481644942,98775.8229831575,64022.2574633433,47513.1141302287,35147.7010638591,101199.970820099,114127.783466199,97681.2573506115,63651.633507627,47388.3044125417,35173.6529736695,102574.362385737,112203.313192375,96510.0470379037,63266.2642694385,47255.9183545117,35187.8441607048,103906.156338161,110483.06777837,95382.9911120143,62916.280581378,47162.7790427102,35236.7150323892,105348.995559619,109534.617731656,94649.1136614849,62722.9765204065,47190.8032021907,35383.4892956953,107136.652180394,108790.209196042,94187.6717523256,62542.3680115426,47183.1512816251,35493.7184991751,108872.077937142,107765.663277543,93556.0267400169,62273.4746887803,47053.0904917806,35475.2599049842,110163.271868239,106693.568852079,92945.123659289,62073.1390511485,46975.3580843911,35475.5577047733,111367.080067494,105570.363211188,92287.5684976371,61892.0814259849,46931.8752771662,35504.739631082,112537.977547572,104312.588356758,91481.9502737837,61621.0989145962,46840.6167750925,35510.7014284079,113581.020313097,103031.384176928,90655.4656930765,61323.2753248479,46735.4212260695,35516.6401349038,114632.921722652,101745.427724787,89815.8713498946,61013.8794404634,46620.1527477498,35518.5019209251,115709.124916045
750,253257.015917087,104812.44631653,34312.831207737,17357.3323215502,8712.32957259967,14217.5924291814,238612.119845,95253.0984365102,29068.5529682597,14701.6818946569,7359.37102066667,12488.6965594247,242547.452447807,99374.8077251168,28089.3659381947,14026.7106931199,7119.69103878143,12613.380874453,241002.440378906,100365.742761496,28156.1444033199,13583.1353763765,6696.39633581535,12226.3645865249,241119.906862411,101956.737084754,28960.2168867678,13861.5460896396,6701.67113412526,12103.9078394199,240368.274324256,102860.245210175,29593.4917675204,14230.1440196858,6865.04580451925,12157.0390564992,239754.19268668,103806.286141945,30208.6484736685,14606.8705147629,7077.06014274117,12379.0122652212,239019.501203155,104628.551256131,30780.0685138164,14965.9668756661,7288.67406613969,12661.1344320884,238684.437739435,105498.969847599,31349.3235162248,15323.882239958,7502.03265903919,12980.842437004,238075.227434783,106297.904150989,31872.9333907139,15654.4056702409,7701.17944751492,13292.3429911407,237309.609407912,107064.178794122,32411.4267728039,15991.1763873578,7902.08279846158,13606.9040911995,236290.245703426,107734.823157945,32937.162086181,16328.2815048864,8105.48074517539,13922.1289308371,235190.748874986,108342.09530424,33459.7680015701,16668.9356178073,8313.85897181781,14245.6957762807,234505.982887953,108987.124604623,33981.5849905928,17014.8604407389,8528.24493501084,14588.5203695946,233446.472331373,109544.938903652,34445.5845673757,17325.9563723487,8725.16062920626,14911.4113942476,232166.267657266,110053.598699094,34931.0148892758,17646.4678105403,8924.99615575819,15235.2250966835,230628.666262138,110450.42680581,35401.3038416541,17968.8998391849,9129.08751166119,15561.1670153784,229019.029293787,110774.749649489,35863.2530903844,18292.9430184018,9338.12879542502,15897.1721976154,227899.46541988,111164.543239448,36328.2142825285,18624.3308594582,9554.63206313347,16258.1111924478,226413.150480056,111448.757253131,36720.8857586548,18910.6658411551,9747.50671167838,16591.5534545702,224822.874206973,111723.863496927,37143.3777719086,19209.6660871756,9944.16157048215,16928.8964298785,222862.307501416,111843.889149778,37532.1740155139,19499.237166511,10138.4337249943,17257.0055803958,220832.562314173,111907.516265195,37924.8479204081,19797.2133076279,10341.0524450689,17599.508386363,219149.359713703,111989.613350645,38310.9310812443,20099.2711812604,10550.2546044586,17964.121746813,217298.442472106,112015.734436257,38638.9579721619,20365.1332568435,10741.1325109579,18312.6387799403,215100.42113676,111955.618663427,38960.7650398476,20622.3635285419,10924.4258868234,18648.2192327624,212778.619863084,111805.540758331,39284.367286487,20889.4814466778,11114.9400451465,18990.5881048442,210648.815458163,111608.043660527,39592.8942508023,21156.5298598825,11310.6085845469,19347.0671715233,209845.448975073,111730.328245158,39945.7194652768,21450.0145894923,11524.0977537739,19760.427714067,208824.319068684,111791.466644317,40160.2239488992,21642.9558058372,11677.1826591081,20097.0162228416,207815.676202329,111956.933645587,40445.5219331196,21853.2298193182,11826.0609288457,20415.7273753038,206498.723227165,111957.89528737,40700.1563647252,22055.4230731381,11968.7513261023,20701.2012213539,205043.93040677,111931.209629865,40961.7657239993,22268.3398744187,12121.3717480026,20994.2486706198,203441.031009306,111801.397967012,41199.7123432001,22475.2011717951,12274.5105778352,21288.9352206418,201782.064280018,111642.702169523,41426.6941826688,22679.7641548805,12429.7666063075,21594.1874833072,200021.10968274,111414.198180071,41630.0257359275,22872.7192211816,12580.211242252,21898.5767306676
751,131020.651187466,110776.506751669,71182.5936559716,51937.9292202374,37603.1602552203,101025.012510677,115991.479421523,99812.7997932937,61792.3138026971,45048.1976311009,32710.7712200227,88864.4477527673,106503.952393653,93209.3620237001,57205.885111965,41649.8455952579,30253.9791735862,82719.7331171262,114422.159948827,102414.329949818,63700.2410998097,46164.1464075552,33529.8775862068,92568.5303290706,109506.523744867,96887.4406831906,61256.8315295671,44678.7983638597,32476.9644663116,90350.7887531539,106476.890514492,95404.7626247875,60124.1871195847,44092.529699934,32227.1389282428,90457.8695409758,108250.816474911,97864.935112843,62414.8842455854,45836.0253702109,33592.3209398159,95325.7680694759,105689.895320815,95444.9888999064,61433.7913506885,45388.6764551038,33393.8514521348,95790.3323690696,104023.981659297,94511.23415901,60980.7603705485,45257.7921420227,33466.5463205528,97199.7683973074,104114.61211495,95134.8777308049,61796.7009141994,45984.5109649257,34123.476486221,100446.259259983,102546.576258544,93929.018434724,61406.8006082873,45869.7366860937,34152.5514567302,101845.937859692,100983.915926147,93003.1155571629,61074.3695324312,45781.492539489,34210.2971866173,103339.941100991,100101.828642043,92669.93379626,61258.6688906512,46062.279854566,34531.0372998523,105652.082826151,98971.8256354519,91841.3125255328,61087.0396648113,46110.4726276247,34686.267661323,107480.273602703,97761.1274805596,91101.4531385561,60843.4008634741,46086.6134585307,34794.4536690675,109220.641996806,96576.994958914,90429.9633588511,60718.4015638769,46120.6875327344,34928.4080173092,111068.545470122,95221.3495902011,89536.027135772,60477.2603168189,46086.368746519,35007.6806724541,112725.158732814,93772.8509422428,88553.0524232141,60157.1511404983,46002.2777814583,35058.5860463018,114303.580684091,92652.4527512226,87743.1355834717,59932.7024582838,45991.6096850258,35169.8077631664,116128.287581369,91562.5808060017,87030.919577754,59700.9566338752,45962.0755638224,35265.9211260909,117965.479145248,90234.4284749799,86098.7717916908,59341.6839452402,45812.9842459461,35257.0276739376,119471.63466495,88812.6576311104,85113.3322230518,58963.9035111289,45653.0709243325,35234.0758659441,120907.92376136,87381.461329035,84089.8591545028,58586.7970297045,45503.3981240274,35222.0358855423,122372.599933511,86091.9238799948,83079.0614372136,58194.2004690244,45352.8775396035,35217.4178376767,123892.169602528,84882.7528965392,82187.1890671628,57810.7847614142,45198.5468210136,35212.6020119235,125472.512862671,83497.318013081,81168.7509218094,57353.286852242,44963.3485211851,35133.0987257996,126819.311259511,81975.9465964173,80008.4592670159,56826.0655428244,44676.6875055822,35006.2757750295,127978.272016515,80556.8780496312,78872.4907958169,56318.9325716388,44416.3015822974,34904.0872755123,129221.314137803,79770.9240703095,78096.2310584535,55987.8609874467,44298.0593438577,34919.5101523527,130942.468380886,79260.7257715096,77716.6620332633,55777.3333335115,44235.3166979576,34970.9334549981,132862.258420969,78503.0705671105,77130.90095193,55460.4100529576,44033.7493331574,34876.6606541623,134178.339907549,77600.5838926316,76455.7038052523,55119.010920373,43815.9264713469,34749.7263104155,135192.499469377,76732.5776464566,75833.3456704178,54864.1807410111,43682.8049961496,34691.775936518,136314.093051803,75817.74101409,75124.9195878052,54566.680604982,43537.1396744487,34636.0798315617,137361.689408723,74814.0172391167,74317.8476819837,54178.1570746675,43328.1244559616,34542.316163709,138254.289854513,73804.6625920429,73512.7566360374,53781.4051679481,43108.7394754379,34444.0712699336,139165.091921066
752,326159.784579408,71419.2520139113,14866.8860127789,6415.01685595093,2976.18684131471,18134.9734474303,308998.963302502,64418.9013022287,13752.4856041401,6159.70705593825,2907.60804609146,17750.1749434048,309523.053332538,64942.6631284768,12072.5335094129,5355.68830046108,2635.10162672706,17926.8986819486,310106.424797708,65907.795708347,11993.274634351,5030.19582980297,2385.24735047824,18004.5763417785,310435.388400514,66603.7584494768,12152.0745739238,5034.38339461693,2328.1227017963,18144.4785864487,310481.360985879,67218.3041558209,12311.2856617711,5090.151901871,2337.2625105715,18362.8456759584,310465.743634137,67793.925345494,12465.1233336373,5151.39592195188,2359.39983806927,18619.6773052883,310493.468153652,68349.6702734815,12614.8400800203,5211.81875541181,2383.09186016935,18888.4084534371,310927.284409767,68927.2211134973,12760.9534664407,5270.97086107456,2406.61883153433,19168.7852983507,311099.120845019,69501.3076246036,12904.6238490062,5327.51836981544,2428.47290653957,19436.9213429824,311090.412080878,70047.586155509,13053.866657883,5387.17895967164,2451.38855044598,19700.0857561882,310845.411365151,70558.711087714,13200.8536281531,5447.47847745894,2475.06336677693,19956.8876581599,310596.827219159,71041.735716266,13346.7400133375,5508.16285748608,2499.29340158327,20212.5839807989,310791.154634452,71549.7105804467,13487.7819556621,5567.40886808812,2523.35889566221,20478.2936505375,310593.724081389,72039.1352719379,13622.0492378274,5621.8106850097,2544.70811949684,20724.6973846936,310107.522533642,72487.4658053329,13762.7116500597,5679.6031234325,2567.09604885273,20962.8727103744,309409.988116476,72894.6409005993,13900.5085490588,5738.3444362147,2590.53098047412,21195.8639546161,308727.298033359,73273.2868812295,14035.6296813602,5796.70486133302,2614.23803824634,21427.5010826522,308541.320423734,73685.6732875636,14166.0774360989,5853.48199405315,2637.62835595217,21671.5031888552,307965.810621721,74070.4264366345,14286.2193688622,5903.59657152751,2657.38875262467,21892.2153554944,307171.951027629,74421.4655458642,14413.4204575547,5957.25811241112,2678.16485300956,22105.5243089213,306064.836731913,74722.4917167325,14536.6551283764,6011.32828829962,2699.69293256783,22308.4685466005,304913.425533379,74989.9462373699,14659.2077940867,6066.27397905046,2722.09555894094,22509.3975476573,304156.958202838,75278.1289122088,14777.1557416061,6120.08443833575,2744.54016348307,22720.436331321,303151.911883633,75541.8027235213,14882.4438327694,6166.70446106413,2763.40158977028,22912.7635879648,301700.914340956,75748.5372200834,14988.9798693387,6213.62018142413,2781.6976842081,23086.4493960444,300124.976547739,75918.7577608233,15098.3306657539,6264.21698970218,2802.12567671187,23258.0263349753,298979.490565801,76096.0943901798,15208.3291176555,6316.45049607949,2824.07221561108,23439.8137547232,299263.272015519,76420.8370733985,15317.1991212765,6367.64497870236,2846.10195637697,23662.0341838881,299114.232792513,76716.8391187594,15395.7481050463,6399.94632317352,2858.24580023893,23838.9863566452,298771.82730206,77005.9670275391,15495.7935574111,6440.15767927651,2872.15999268939,24005.518267728,298145.430336455,77247.828530077,15597.3492832212,6485.15023938853,2889.29703751074,24161.28605167,297306.066095686,77450.002927117,15697.3553322018,6531.71011777669,2908.37964501612,24310.5275355771,296358.34126454,77623.1958250531,15793.9560441846,6578.16209241911,2928.24527664805,24456.0336967348,295308.720136065,77769.7784675072,15884.8830634914,6622.62801758759,2947.63666243289,24595.6411871116,294144.770986894,77889.630178376,15971.1235149673,6665.15092223183,2966.2339841738,24728.1114603313
753,136999.384673901,109612.114091586,67004.8047523937,47678.9439073263,33703.3319621243,82674.224795311,118776.54351899,98608.6021937339,58465.9116010812,41525.9237751118,29437.5540528126,72925.7186551765,114941.299225203,96928.2774186833,57847.55671487,41095.1448233237,29120.7326859393,72542.0313773045,120025.838054464,102386.267718741,61999.8318165043,44097.3701836698,31336.8072677492,78821.441889265,114212.802155036,96808.0700105941,59154.818059499,42362.8767313977,30214.6298734872,76786.8366275941,113762.707447027,97862.5099033556,59814.9759641189,42983.7898046206,30808.260483562,79244.6063247265,113854.742906575,98360.9903111648,60893.9853432189,43875.4409347563,31530.702544242,82098.0545061545,111002.627241324,96120.2792806881,59881.0296775736,43401.19380346,31328.1650332796,82539.7716111475,110455.564370922,96316.4083430086,60294.4061777279,43865.5147094459,31808.2855334057,84915.6096863405,109760.400077437,96072.5758176502,60581.3244175768,44229.4469743734,32189.1323590752,87097.2378696458,108018.826973586,94936.0376827804,60181.2221467009,44109.3776277405,32222.900566995,88347.8444243293,106936.033681393,94558.2063337139,60283.3155881165,44328.6687290984,32497.3200273691,90274.8175967251,105705.721435112,93893.1264183135,60283.5482216369,44487.5365524632,32723.9005538153,92075.0393586883,104438.135352443,93062.3276848531,60098.8892466635,44528.6918529283,32876.4120332132,93694.6078522548,103404.121182697,92582.6557529054,60072.3290184109,44662.4021001318,33096.7917407881,95565.1177522382,102077.800880352,91814.3667050726,59918.680644677,44685.4357616402,33221.1019537216,97175.4146588359,100600.717970504,90913.713878535,59681.5972493604,44660.079977313,33309.530278948,98669.9871824761,99174.3283156554,90052.2206201426,59480.2690705015,44666.6549781948,33427.2508309621,100267.886955312,97993.0411320827,89241.0994004537,59291.0967384206,44689.740348037,33562.831943355,101962.644906771,96803.8282104598,88512.1436720187,59067.3149699173,44673.3004373659,33669.9673774251,103629.476530538,95428.2974251773,87620.9203456673,58768.541854892,44575.8277636705,33701.8392934331,105085.04627295,93969.0143789228,86679.1927432746,58453.4674434185,44472.7674256834,33724.3435325485,106492.516657551,92440.5176632089,85650.1545264067,58102.4095670107,44351.0861813605,33736.5605067131,107863.759662732,91093.6473202138,84657.9981705433,57754.7106198216,44242.3848015202,33766.0559987229,109319.503111784,89847.2601488799,83803.116898911,57425.621890642,44137.5773822904,33801.3467343953,110851.823211597,88369.3936721769,82778.5379539923,56995.6423066247,43932.6428100634,33748.5071079137,112124.700637644,86767.4225139008,81625.2417269549,56508.7630221975,43687.3899652161,33658.0221223319,113257.240585003,85295.12678652,80520.8860387376,56057.6239807308,43480.7563109655,33601.8306491309,114503.660365609,84486.9523231468,79761.0477136643,55768.8492140242,43403.4191037245,33651.6081887988,116154.463811553,83933.6956858798,79375.4465262649,55570.2899081669,43357.2610420362,33718.3040096146,117922.608082756,83120.8387162573,78784.0383251371,55269.9613272878,43176.2139328854,33644.1859542,119150.610115153,82195.6775473314,78141.4090198758,54975.5339393859,43003.3261849027,33557.0153446332,120171.989676108,81289.0705765578,77529.3701076459,54750.8545191782,42901.5321424517,33527.6529551738,121258.942107627,80304.2356238512,76801.9129815186,54460.4871909552,42768.9703559667,33486.4559449841,122234.381912917,79250.1998088676,76005.717112065,54101.5246411153,42590.3900177287,33420.6582111193,123121.958315222,78205.8673100932,75218.6169103268,53744.2055503147,42409.3094256903,33356.0350213177,124049.496339001
754,309482.220385946,128282.520489663,44334.4963726773,23081.0052504139,11957.7963305051,23096.344620957,273491.537110236,109322.897360244,36501.2146813386,19055.6404317601,9895.42471680576,19938.9672797228,285735.921677483,117474.293809716,36756.3380446095,19175.2763984741,10071.1237216887,20788.3159679564,280980.60307224,117154.173518881,36491.2656391407,18477.4982050626,9546.9948100067,20288.0005466615,280611.892776006,118798.290801497,37359.1483738919,18817.9267986638,9575.75908194303,20257.2238730123,279160.900882418,119590.047157294,38074.6838777947,19242.63982744,9773.26310035584,20381.7213635469,277692.84305845,120318.075689693,38719.5695724565,19674.0083261177,10030.1113946586,20692.3957064737,276227.878337525,120983.022347915,39330.5399628635,20088.3680835147,10290.9764538006,21090.6084986472,275259.375955722,121703.6706603,39941.8213408463,20502.6373191457,10554.2602350641,21542.6313670287,273939.548147507,122304.005370923,40479.6915814986,20873.6543652395,10794.7290746643,21977.9100992934,272492.214032873,122896.453641872,41035.9004844132,21249.9578097024,11035.2708263943,22415.1693905565,270754.92438883,123360.906581105,41570.9719367799,21622.3886400803,11275.6795349025,22846.5157804535,268918.743000102,123763.241730761,42098.5326445962,21997.12673092,11521.137141876,23285.7905973721,267617.944798911,124238.531630085,42643.4206358687,22386.88466766,11778.291987369,23758.4542438099,265843.853753259,124554.780209227,43095.1845584392,22723.4693129667,12008.5426511693,24195.5224224645,263872.398991002,124857.057870877,43571.4590460356,23068.1901188143,12240.2251122497,24631.4723188235,261616.004426059,125012.937904557,44026.8576917365,23411.5396992574,12473.7832636863,25062.7264504253,259256.679991328,125095.193749075,44465.7970156095,23754.0208255688,12711.9935562135,25503.1084154042,257507.516229098,125277.645221312,44928.8998635938,24114.8482387606,12964.1273408506,25985.0538727503,255343.558218788,125304.685560154,45288.6652897985,24414.5164677706,13184.1444303347,26425.9969079804,253097.262662763,125351.203566002,45678.459523967,24723.1477228007,13404.925150691,26867.1799620039,250429.355240626,125208.364953144,46026.9865635239,25017.1721648006,13619.2600657022,27287.8707019649,247671.52693077,125008.608512798,46373.2306295544,25318.2248148968,13842.0317413101,27721.4372882923,245333.083888779,124845.576315282,46727.9033347732,25631.5291235862,14076.5768918302,28190.3620406637,242831.348634289,124601.679110129,47004.4869146627,25898.6401882314,14287.7876537654,28637.0176143925,239981.405610534,124280.28732155,47263.7970478663,26147.1350747781,14484.8758655112,29059.8048690698,236938.628262605,123848.469297785,47521.3561966045,26401.5626144814,14685.5900181015,29480.3488022325,234147.40421381,123398.461155603,47778.6515774559,26666.8084856524,14898.1839636127,29926.3732398268,232895.535526107,123324.632752542,48113.4697365106,26978.9781136202,15141.9965207774,30467.53552926,231485.445797235,123195.677298494,48288.253380379,27176.0070482137,15316.2238260608,30919.8512847168,230127.806370821,123210.833858663,48531.4903133869,27380.8420013545,15477.2951055772,31338.197414166,228403.627773385,123046.178327824,48749.4106839154,27576.3923332915,15627.6185201615,31703.5990729243,226524.364656718,122835.940091247,48966.9935470315,27782.6972203814,15788.3560482107,32066.9063510943,224484.699593375,122521.367325181,49160.3167149155,27982.6984392128,15950.65804526,32430.6891211447,222373.41737758,122158.731683257,49333.4208338914,28176.4309157776,16113.5973210692,32802.7646183195,220149.346719588,121729.121520171,49480.1619635513,28356.3162243812,16270.7542976432,33173.7260068418
755,358146.926386748,88350.4058648904,20952.2612701978,9238.71670635831,4207.54677845466,16945.9568110679,346521.49760056,84840.1660555361,20032.9667797282,8955.66353406225,4104.08084589086,16812.378604583,345564.918604533,84784.7664944733,18080.2778623866,8164.11111634691,3874.26048046997,16863.400856778,344910.513483532,85879.2608780196,17999.7301567978,7732.27122984988,3553.51994472985,16782.130384292,344278.751602041,86656.9943360761,18283.2463734642,7778.48036303013,3488.12086346367,16770.8357452574,343380.994426662,87343.4579809638,18555.0143318387,7897.55745581024,3522.29101719798,16878.3846195729,342409.18453773,87963.4587064411,18815.8373668732,8022.72665905981,3575.88038089682,17044.4798530548,341348.333810042,88553.9209592684,19066.4573480935,8145.3343027153,3631.68766356397,17227.636085655,340766.764321577,89131.9288179463,19312.3330346731,8266.60100200714,3687.61678088809,17423.2324807379,339998.416263985,89737.3966399275,19546.4616677096,8380.96233258387,3740.42175702557,17613.0486455149,338982.187924591,90301.9192207137,19790.7687749332,8499.22510427145,3794.0889378645,17795.5765807824,337701.036269885,90811.6783017604,20030.9414677677,8619.25125274241,3849.63876188057,17971.3811577886,336249.652452366,91274.7221700905,20267.4147652468,8739.50143312271,3906.28768139602,18141.6412971312,335289.819461995,91719.7565458429,20496.6419171261,8858.58568031204,3963.41046609018,18319.5254934451,334031.81093718,92189.688642878,20710.6326792673,8968.41049188548,4016.3038939739,18486.8730623055,332391.004821787,92598.1650238034,20935.8258730058,9082.60493639076,4070.03769881109,18642.9535362382,330494.866235334,92934.3919828781,21155.5487650951,9199.11442920167,4126.27402710878,18792.3695756607,328411.866778674,93220.9681808635,21367.5804154644,9314.21277272869,4183.1581018238,18935.3784219623,326900.630098369,93494.1919336339,21572.6059427379,9428.04134810787,4240.39093848254,19088.5139630919,325138.272965084,93801.0200025716,21759.5510053777,9530.53763702318,4292.29022100257,19230.5176589365,323117.930411639,94052.3191085213,21958.0751569221,9637.12910559982,4344.62099309726,19362.7356989368,320742.365179232,94236.8649628183,22149.1752876582,9744.67907131253,4398.74938395528,19485.0733098866,318122.719372333,94353.8786524547,22335.5933776192,9852.55340961984,4454.2581205825,19599.5688233654,315938.907225899,94448.2750636615,22513.9443022625,9959.74250614281,4510.86569181098,19722.5300168387,313677.438702438,94566.926319072,22673.0554311782,10055.6589357776,4562.46991634898,19838.3364058144,310960.606741565,94633.8991315592,22835.8305743733,10151.0181353562,4612.34378224553,19937.7990781286,308004.962489133,94616.0837574598,22998.7205871768,10250.9829866015,4665.32257651338,20029.5791403909,305231.661118595,94565.3032203498,23154.0115496189,10351.0923718185,4720.37084249147,20122.7461130894,304054.957089143,94615.5881715629,23304.1498420866,10449.5914626698,4775.87243478639,20253.5834181253,303002.640111448,94830.3985440719,23423.1833167413,10522.5450338609,4817.41323302396,20374.6587747726,301791.912864409,95036.2084799634,23573.7819995471,10602.3966406482,4857.10078043985,20482.2133080738,300301.238097517,95187.0738810136,23725.1692957421,10689.0851583568,4901.24379478475,20580.5372035441,298539.98238436,95276.1155460225,23871.706959292,10777.1268246368,4948.10059313442,20672.1774504938,296608.318196026,95310.5311759348,24010.6022623256,10864.3695603018,4996.15282320619,20759.1731360646,294555.004781362,95304.4168829532,24140.2472446666,10948.7160543198,5043.8673624974,20841.4611007693,292372.89088406,95261.856542721,24261.7004314424,11029.8110192013,5090.51726645545,20917.7772310009
756,190314.456544817,151098.981616035,69634.0407870411,42340.9488370458,25600.7832240364,39645.0493461283,148128.338147149,119938.052912102,57242.1492069735,35048.4113468693,21303.3265120804,33356.2618743126,160523.339207066,133224.500119319,64211.6620049903,40256.9233093075,24911.6309178019,39614.2475430125,151748.142059713,123469.629463022,60864.386294157,38383.6742582708,24123.5111166674,39866.459487295,154590.97736589,128727.592028755,62489.2752336708,39620.7732563832,25059.4257039539,42652.3105385851,151689.532764847,126073.798591491,62614.3602431352,39643.3926695557,25115.6800002274,43762.9125847321,150748.292515658,126737.452774836,62960.2174410507,40174.9788913345,25548.7596943171,45102.2743708254,149530.276450221,126293.189339067,63651.7328274855,40723.3305059851,26014.6147706504,46615.2556164486,147965.779220934,125744.46814597,63711.5569235761,41025.4901125112,26332.1241361705,47769.6621947428,147263.314332282,125897.627759501,64360.6138650018,41593.8000595239,26826.3196004799,49344.4350387435,145554.360814687,125164.780366029,64423.744902648,41830.3664095247,27092.7787662602,50467.5103338542,144404.062647919,125022.979958667,64875.0983860072,42288.8178664656,27506.3156042799,51886.0656758512,142686.814822618,124261.373015583,65008.1981892011,42568.4838319813,27804.7633610919,53087.1164075024,141524.830282757,123910.495885526,65324.7092497821,42967.7613744581,28190.881988903,54487.4361459523,140198.004714893,123394.856830445,65501.5087172898,43269.8908786272,28513.637506161,55802.1012763313,138631.678998831,122767.056941462,65624.290940768,43519.4384783695,28794.5526785649,57048.8807391872,137011.48002984,122069.488172657,65761.5617226157,43786.161931663,29084.7274073323,58316.3094195981,135241.171031042,121201.505964142,65807.9743471264,44007.676194121,29352.8799219712,59555.8000655192,133800.035316398,120475.256216208,65905.0506585652,44267.6580886103,29653.7425624379,60899.2694443118,132366.48713909,119777.071673187,65940.2035056207,44476.5867747431,29921.6803304242,62219.2752348142,130709.149695095,118925.503604478,65902.2834532286,44615.0463989945,30131.8817428427,63435.1809645166,128968.764499527,118020.428505715,65868.4415034576,44761.3379357105,30343.3136131377,64649.1856833882,127076.674763815,116943.175039585,65758.6018950974,44868.1313666509,30533.3238876293,65824.4362420946,125394.41058693,115935.281949906,65667.9854481342,44997.1343020721,30746.2491828152,67079.0212765707,123815.5935865,115005.813879469,65553.980634566,45104.0366508742,30947.3539407384,68353.036193515,121971.478759525,113906.434865107,65336.254100206,45119.7365053598,31077.840782071,69495.7553680542,120010.65339681,112703.38424121,65105.8973337091,45127.0177890708,31196.4680930042,70609.7655234004,118129.358438547,111466.202434233,64864.6289525141,45142.6140394407,31326.7505669017,71758.7115119916,117006.583696109,110610.254049331,64754.0109574389,45253.4540106728,31531.1239176483,73117.2536349791,116251.207750009,110148.612800722,64683.5671647982,45355.2791219084,31722.7715507114,74494.1681404446,115225.023928878,109521.638259963,64521.3860698487,45333.3702672541,31794.2752729119,75557.9347019242,114176.409491959,108937.507503254,64443.1414074312,45367.7428840233,31884.5769271451,76564.6781329075,112993.003093475,108220.569753978,64334.7763071886,45399.8699843203,31976.0107897465,77492.1965361202,111697.032226985,107380.007377226,64160.3781381288,45403.043092068,32058.3309649499,78368.1919272432,110399.175027956,106530.373603574,63977.0295860544,45406.0481381769,32149.3498408531,79280.6098801241,109051.789237638,105612.725277446,63747.1324459677,45377.2351595212,32221.7199165615,80178.5184507803
757,300126.875960403,96732.9021384585,25882.2090787317,12451.4457610765,6501.05963376256,62963.0865411163,282438.765849964,93323.4980795427,24850.1536328056,12029.194821723,6287.49195818156,61339.8552378585,281040.128634682,93073.0546763666,23431.2531065267,11512.7940601805,6174.71553294315,61701.1560629387,280255.38676171,94125.3159523082,23502.5436840701,11198.3255457294,5922.78260906659,62071.6705025818,279455.118536064,94837.3395453567,23882.9912548426,11312.7988192696,5892.74298654489,62502.9574024987,278389.290023372,95441.4718787466,24228.577509025,11487.6663663165,5957.18873246417,63022.8592187743,277249.514354207,95967.5591042537,24559.3582618066,11665.4568355845,6039.99883828443,63587.4909710022,276023.108411556,96459.0231442368,24875.1494102364,11838.9149393336,6124.59819296611,64153.0182801184,275236.190788343,96959.5644641791,25192.3529663176,12014.3144674551,6211.6226029384,64763.0474424172,274348.734121251,97495.1231659992,25491.4271975466,12178.9894846604,6293.64351162666,65354.4795959619,273225.607080602,97976.0495844878,25798.8345907705,12345.2110886382,6374.58443084234,65902.8247623513,271889.754606044,98395.7682444584,26102.4374131633,12514.9332977414,6458.54507090476,66418.223984257,270345.386067219,98752.506611989,26398.2421943585,12684.1158759274,6543.98367331721,66894.9366651422,269261.674205449,99111.9858750276,26696.9000915665,12858.5973389966,6634.38965381846,67418.9487845769,267995.372353414,99496.961079947,26968.5369014057,13017.6718926381,6717.88647999626,67910.0765451572,266385.164638698,99805.3059019332,27247.6505876474,13177.0892243263,6799.20620589664,68342.3144039473,264542.771235576,100032.355040518,27522.7830133422,13341.2121868038,6884.41333623187,68738.2123883174,262507.980994795,100190.899474735,27785.5346508359,13503.4050860875,6970.99079656609,69095.3899742503,260999.49568742,100367.497773118,28052.3871375778,13671.184747382,7062.77968258199,69514.4667239356,259312.694826164,100570.338320523,28286.187270283,13819.3302011974,7145.16428046234,69895.7870847891,257404.450981239,100703.428604879,28530.3898606241,13968.2979186288,7225.11147728217,70228.6744518322,255197.724417703,100761.753228895,28764.2992322102,14118.6836621306,7307.23708132347,70514.388481236,252762.889527786,100734.084711066,28989.3113459154,14268.4397305743,7391.03714764123,70754.9042564133,250696.145747635,100705.479480047,29215.1606218301,14423.5766465319,7480.41944867764,71039.8205201752,248622.615050185,100698.22325326,29412.0987061094,14562.475682109,7562.76409252434,71308.8717784016,246173.855493516,100622.158994024,29602.5964344103,14693.0225759963,7638.35241244103,71505.6311677049,243503.569942799,100454.068553213,29794.2850368402,14829.314048723,7717.36086073579,71659.9905368366,240884.706886495,100235.835218737,29975.5788742981,14966.8725925013,7800.2578429186,71801.7276977529,239691.216693477,100198.197722782,30181.8534097883,15120.4764555104,7895.13124982731,72150.9601861399,238664.660919835,100320.581520721,30328.3765668313,15230.1462311916,7965.91782045372,72486.4030202995,237498.929600624,100431.286062477,30504.2928932566,15337.8991521703,8026.50931638563,72768.5901046609,236120.410622258,100485.952149366,30683.9325973258,15455.3827315551,8091.9355447443,73008.4165224428,234480.687623411,100458.666119924,30853.4992847216,15573.4234455431,8160.762746841,73197.1548700199,232722.495592402,100374.983664091,31016.6593087489,15693.2053106261,8233.57149506158,73366.6680266731,230857.131112711,100242.31047472,31164.8467740001,15808.0201810016,8306.12313156002,73510.7281441335,228904.144055808,100071.747956357,31302.9435905613,15918.5013291936,8377.45848227999,73634.0864134733
758,272602.096632359,126537.542433429,43587.8694035574,22720.2729150359,11796.7856640204,17539.9761316628,242451.180872108,119367.545831615,42071.3739910747,22076.070733886,11510.9165712435,16956.570722776,244197.21657809,121581.681834582,43268.1040369969,23154.2859384514,12310.7477445226,18266.2561525685,242447.621173254,121721.271092403,43524.0396894426,23295.2327478292,12470.6197525553,18855.706273668,240950.316305583,122354.209969429,44173.4512811693,23687.365601645,12699.76470761,19371.1660716161,239418.113875563,122845.170547357,44792.8098769933,24138.7098290906,12985.5885890953,19862.1559844271,237656.843860575,123184.739351951,45370.851586448,24570.3728451271,13281.1475239875,20380.7055523076,235940.62859651,123503.958301619,45929.2296979654,25000.911737441,13581.6659845877,20927.0697747338,234642.148160477,123866.883930741,46492.3580475606,25433.3577716891,13886.1090355429,21501.9315641765,233201.417033005,124199.512149546,46997.6049681608,25829.1954890743,14170.3308467005,22061.7937178872,231559.392403304,124461.512743432,47500.2486510564,26216.5985204942,14446.1434485914,22611.1403157613,229718.884243708,124619.394492903,47985.2230661924,26602.2320699134,14722.6401019182,23159.7549123588,227733.694566182,124679.493386043,48445.7097051292,26981.4624182266,15000.1219507752,23715.0850105871,226250.717209547,124817.182359141,48927.4881016332,27379.2443852294,15292.5119123949,24308.5011736283,224484.043925364,124883.61251727,49326.4111445302,27724.9331759577,15557.0706790598,24875.51277012,222448.835302101,124856.012572817,49725.6740006024,28062.7731223144,15812.608164062,25430.1019570308,220232.002369547,124711.508242016,50106.9888107133,28401.9569368816,16071.5547473757,25988.1142394353,217851.490268355,124458.687693686,50452.0116712136,28729.0889750189,16329.6088594721,26553.2177492777,216028.408233894,124304.224231871,50827.4343958251,29079.3094703718,16605.4734463352,27165.5885698364,213983.019022266,124096.546757986,51114.0946857398,29372.2533415172,16849.8009964115,27747.8869136623,211757.873077482,123819.293973506,51403.5122721284,29655.2016333942,17082.2440528125,28313.9827692954,209277.362191424,123413.585512619,51663.6373509176,29930.449326741,17311.3662724104,28870.6873789599,206605.972322526,122883.131213549,51890.7980376094,30195.14238243,17539.4449995532,29430.5013735682,204343.672338541,122413.150248933,52137.7883924199,30479.9026813412,17784.9625907854,30036.5439978012,202043.643718389,121929.603951673,52318.364858522,30721.6917927207,18007.9586974875,30628.7662491628,199385.646279693,121326.187430028,52459.2056871576,30927.4596169261,18204.43751183,31184.2523310531,196586.569089666,120615.698102345,52597.4329183041,31138.5974273751,18403.4044102106,31739.9152169629,193895.268417847,119850.986586536,52714.5617985265,31349.5611327592,18608.8195614468,32314.2195664215,192582.355783501,119483.85277806,52939.0649169988,31628.1139862289,18859.9813155023,32996.8760858405,191358.461782449,119255.848995377,53055.681082999,31813.2422750036,19050.1303925199,33605.2331328553,189992.418278343,119024.753981699,53196.0769393711,31973.0554611117,19202.3868610535,34130.328835455,188469.864870395,118731.202257322,53352.5079372441,32148.5691366979,19356.1728966982,34615.0961955572,186706.837987535,118304.36977776,53473.2120518486,32314.9509132488,19509.0368903115,35073.9346939891,184869.461987339,117816.795485383,53580.7350409888,32482.5244801432,19669.0114846456,35544.9735432515,182937.149453465,117256.385544592,53653.5930472607,32634.5062148784,19824.5377124817,36020.7913743554,180935.165109989,116644.08348011,53701.5077309835,32772.37148454,19973.8912616343,36501.1084276423
759,289099.501143618,97000.2642191858,26602.2806244312,12420.3526166367,5849.61227194616,16691.2626855467,267483.553812481,89994.1545446956,24866.7798441563,11801.1444419147,5596.40416163782,15950.9060911016,269347.64847392,92401.1737445154,23960.4930405132,11325.3745051286,5491.38630859465,16285.7859509517,269591.54945861,93844.9592392347,24416.6698338937,11248.8885493872,5323.74966584718,16306.1857001534,269270.102937608,94850.6409711104,24925.4987976414,11467.1775047799,5365.22641343603,16363.1205949432,268790.663223328,95780.9254141468,25409.0420538413,11730.8116671109,5488.52220398354,16542.3022840012,268222.542880971,96636.6221180714,25873.349262735,11994.0056160814,5627.10903831101,16784.542051459,267618.792308212,97446.1505093327,26322.7270048632,12251.7327258664,5766.65465593894,17048.8417190753,267407.335342908,98277.869660724,26767.3851549793,12508.5054886861,5906.92849498738,17331.7489815979,266933.977375431,99080.0100205717,27186.6715351882,12749.4981962745,6039.29872931806,17601.4777764702,266246.915636315,99832.6462115589,27615.6709258464,12995.2047347204,6173.0146454122,17865.9995818818,265327.908751645,100518.858223235,28039.1683038438,13243.7929075621,6310.13407370077,18127.2565652853,264332.343521454,101148.522114996,28458.7224358762,13494.2687261659,6450.40413023359,18389.2510165022,263759.098686955,101807.668838801,28874.4153410678,13746.5009400118,6593.68998701267,18667.3515325157,262790.408154826,102411.118973031,29254.1627001531,13976.600141317,6725.97505644922,18923.471883205,261552.265901303,102952.143138646,29648.1144535303,14213.8334194707,6860.52485041354,19173.2530743686,260084.857818381,103413.394467141,30034.3684394393,14454.8105137729,6999.62645451176,19420.924609617,258544.647796032,103813.512299368,30412.0585275779,14695.6605167942,7141.43816666838,19669.8774884898,257467.726482486,104253.748570174,30787.8759846591,14938.9022016375,7286.59557793046,19938.0827568944,256047.717254406,104632.40335216,31119.7605159596,15155.0317686293,7417.9534247547,20181.3660531476,254446.824398313,104969.919589986,31466.6884687298,15377.6334242806,7550.75627841202,20420.0001795116,252519.730202801,105207.204629396,31798.8030416729,15599.1899426685,7685.23315621394,20649.1745259119,250478.640199099,105374.418820919,32126.1647725151,15823.3349548046,7823.78711920307,20879.9517471423,248806.469493583,105564.110069653,32450.5241035215,16050.8194653726,7966.92084762557,21129.5582939326,246944.372439481,105707.121384306,32732.2623763399,16252.7440000337,8097.53059821156,21361.1284583241,244702.850550329,105772.192002661,33010.9365292192,16450.0124699017,8223.78064439484,21575.3926338403,242308.913288672,105757.33665397,33292.5865288794,16656.0586476107,8356.26286845771,21789.993789703,240199.555851605,105714.754030044,33566.9581183012,16864.7827150873,8493.99649329612,22016.8870122331,239455.444133034,105917.418619904,33857.9392669714,17082.7091872771,8638.68498213352,22298.6109763325,238481.296457031,106098.731897666,34056.7008913877,17232.5418490701,8743.45697143848,22522.6164641445,237478.283445402,106329.797333786,34304.9684500687,17395.4991755662,8845.81396955913,22734.1522751332,236180.28018563,106452.69568635,34540.5816236864,17559.634284769,8949.17788089119,22924.7995785726,234686.486250416,106517.037738161,34772.4461550449,17727.6437936369,9057.83942080848,23114.3201361963,233060.130580276,106516.659187111,34992.867994831,17894.7374531816,9168.99481421735,23304.5048688797,231343.332845246,106469.799577672,35199.4949791461,18057.3826735292,9280.05761182422,23495.1387917903,229529.791614935,106376.279824617,35392.2556228219,18213.9116315463,9389.07962637065,23682.6826556338
760,347011.80847332,81806.5417620741,19070.985226488,8399.36359746381,3847.35760516508,17325.9102146192,331803.749668608,77372.7270647832,18333.5220234845,8237.65378551658,3804.27353312811,17178.5438753447,330512.623594898,77230.0286941076,16328.8343744302,7422.19476425381,3567.16618892503,17231.6285603388,329830.541175441,78187.0579806392,16248.8436835695,7009.32044648477,3256.07363893892,17163.7530096278,329193.039960695,78858.5462301417,16484.3760608732,7041.85826939392,3192.01346233123,17172.8626750105,328312.496681311,79451.8625861016,16708.3986692005,7137.23661510653,3217.14902065381,17293.6337627905,327354.35028286,79985.8706623201,16922.2919599056,7237.34676738255,3258.77300958469,17466.3757072004,326350.490681104,80497.3543507039,17128.633947629,7335.52493032615,3302.27953945714,17654.3011543007,325815.131939566,81001.1795918734,17329.5502231484,7431.98728687808,3345.60953693323,17853.501911288,325101.183819343,81534.6687547576,17521.5502121276,7522.65348827881,3386.16938616866,18046.8444808555,324146.370790503,82032.1249862539,17724.2374705627,7617.503140205,3427.73169357593,18232.8754313605,322943.621565217,82479.6701385777,17922.6055000019,7713.84348299295,3470.95645561222,18412.153028822,321602.360818036,82888.1845535438,18118.0492612025,7810.24062221295,3515.02319633448,18586.2356901468,320725.573382783,83280.8654593101,18305.6953617809,7904.8744506784,3559.10419801175,18766.8485159237,319562.732312146,83699.8540490794,18481.2374983172,7991.72878275008,3599.51396375214,18937.2227253833,318071.906780309,84066.1061344963,18668.4192447801,8083.19041624299,3640.9332881117,19097.3413204903,316304.395477305,84369.1696831764,18849.1149520288,8175.97681340768,3684.20859939443,19249.6107103681,314427.544075487,84628.7345808906,19024.6468460252,8267.93481372778,3728.08866119444,19396.8153273187,313058.050979856,84878.1705574773,19190.9786719436,8357.23390356692,3771.53922533574,19551.785957439,311445.911223321,85159.7000246514,19344.3576348129,8437.67343909949,3810.60260965442,19696.044071827,309590.502796256,85391.835749109,19508.8716743352,8522.40133810543,3850.39207747991,19830.8883172326,307411.525449242,85565.9427445517,19666.7813861676,8607.97721083706,3891.75740378248,19955.9596268742,305047.407987993,85683.9683310799,19820.3288515913,8693.50651401764,3934.09048340238,20073.9502539017,303069.622970763,85781.761453052,19965.2587851455,8777.21595548664,3976.63767420579,20197.9059467419,301006.766307913,85901.6734144229,20094.8864244579,8851.79629948954,4015.00914232243,20314.5090526944,298516.622111347,85978.1541108924,20229.7238689093,8926.95621505988,4052.37669079054,20415.6745141717,295824.549716724,85979.8428078044,20364.3001023414,9006.08293993783,4092.43229844294,20509.3693964201,293356.47619609,85957.5254194874,20492.0920280736,9084.91623953467,4133.98373328317,20604.7293611185,292335.599175202,86014.629324038,20609.8452618932,9159.52113000558,4174.50055335306,20732.3670169506,291409.504836703,86223.7934115294,20706.6551284315,9214.68463738905,4204.09427163139,20851.6194827793,290338.721069921,86425.2952105769,20833.8181699912,9278.37925835931,4233.61428272969,20959.8733808689,289006.925598291,86579.809835596,20962.1363034755,9348.50952055825,4267.48861305932,21059.6095122985,287413.307396169,86679.576590272,21086.3413455102,9419.83297597716,4303.73121531092,21152.0750307842,285674.770706674,86730.3931070538,21203.7885643496,9490.38658280396,4340.94323356346,21239.5954552556,283816.820515036,86746.5087012736,21312.2779415522,9557.83997084792,4377.5375362205,21321.4947334984,281855.484546123,86731.3895325407,21414.2686631077,9622.57342662016,4413.13266294642,21397.4762269024
761,229472.654545086,139553.687109694,60266.0438039172,35120.894263872,20329.2313078483,30270.969635851,196029.030622203,122087.964446442,53102.8711994864,31101.0512470906,18074.3330471603,27103.2545068173,200408.266462051,126565.503785888,54562.9396659651,32553.482515667,19238.7456318827,29278.0685643312,196055.750170852,124682.650758504,53874.9251266626,31951.4479098527,19004.8936208493,29773.0643110655,195497.935365563,125921.729229804,54774.319672852,32480.7586648067,19285.4515109451,30657.4535344349,193455.264163782,125673.112556062,55320.1094018764,32915.3283826029,19567.8434502644,31314.9905028405,191832.356905456,125734.909595709,55878.3256140434,33433.1807499749,19961.5119937177,32143.4424700681,190052.082410638,125610.545178011,56364.389891398,33898.3577579976,20342.7047205455,33032.9466277749,188693.357488084,125583.917448902,56852.8698348027,34369.0867892138,20731.2265329696,33993.9674605823,187263.233862427,125559.067871638,57284.2018589024,34792.1802554522,21090.1510039035,34949.9104234858,185618.947116458,125416.200721806,57680.265466559,35182.4976674687,21421.6169000527,35873.5672977434,183865.259643288,125206.193783799,58070.1667131915,35575.5680644524,21754.761221208,36803.0829828527,181945.492151194,124852.189685135,58406.102534034,35944.7561966436,22078.2376648708,37726.891291083,180483.402757004,124627.423207765,58786.2142038614,36348.4062161733,22428.8051873993,38720.4070560047,178852.456968082,124349.126450883,59074.2148541689,36687.7543779119,22741.4570069652,39676.6487941517,176928.438037174,123932.138922152,59326.7383526987,36991.3759084334,23024.7946921296,40590.3820946977,174895.672282468,123425.168539444,59573.6822701902,37302.5580935286,23313.5753739347,41513.5718049622,172710.014846889,122775.572197267,59758.711038794,37586.9528467304,23593.0383142342,42434.5119199244,171000.058744822,122264.753594436,59989.4465526175,37906.3424806592,23900.8929536953,43436.2827470727,169178.401807881,121736.841465441,60135.1292224313,38162.4297202537,24170.0296566252,44401.2182822952,167141.671872684,121087.38936852,60245.4087857956,38379.120318839,24405.1570484885,45313.0282687546,164951.528232603,120354.867210988,60342.8139319679,38595.3098505084,24638.7923948276,46218.3214677378,162571.583704511,119451.543856077,60376.1293501719,38781.4883879726,24858.7954580982,47105.5906229257,160557.831355142,118651.372463099,60445.4489010828,39000.3031398883,25107.1725387656,48072.7260435678,158564.037594967,117873.725515434,60455.7946760393,39174.7027021529,25329.9075161569,49027.1481081773,156232.800189462,116933.115995871,60389.030156159,39281.2998177002,25501.0162550973,49897.6328930562,153814.493505699,115909.691634841,60325.6837789069,39395.18034525,25673.6247330569,50767.8876487905,151462.956950578,114824.902830375,60232.8789724795,39504.1552420983,25849.9411177959,51655.5879577772,150208.25281038,114163.413525169,60282.4280698255,39710.2903196185,26096.7184428941,52719.679983814,149204.527160071,113781.836984415,60292.3253972048,39856.0684724483,26297.9687582671,53731.0529123182,147931.93971939,113271.938119623,60252.7647958508,39917.7052690925,26413.9159890713,54542.163617457,146636.713400613,112807.062330903,60288.2953002153,40030.9679830543,26549.5498303559,55321.2299590234,145111.017439696,112157.267705538,60262.7815032032,40120.262175766,26673.0801665993,56023.7419255954,143516.331652392,111447.201875622,60212.9484410101,40206.4998855871,26803.8540773409,56730.1128053528,141890.08286857,110693.755268333,60138.377573254,40282.0838586757,26934.3000168306,57452.4202119081,140185.581505696,109868.987774378,60018.308337667,40328.0044620605,27048.1173719157,58164.2860188818
762,143338.160265604,111462.234896167,69934.1582671482,50127.3573305739,35647.4378930084,89244.9370415148,127507.689341338,102431.621609623,62604.2925985761,44929.5065908397,32065.5910190099,81122.0864480713,117463.60370369,94604.4515747818,57881.5048871175,41749.8798543677,29903.3875776231,76250.6612944988,125074.041696698,103090.166463654,63299.1898010681,45570.3718182498,32803.7119785323,85014.6585841961,119960.294757567,98006.0054484689,61124.1516411808,44163.7286056923,31814.6550863854,83644.405995847,117265.343901992,96919.3810948953,60321.1419242349,43794.9902360731,31686.1428425367,84346.1929867736,118632.381918896,98913.7208686797,62238.3145726031,45253.4129602295,32823.0563880305,88481.5272038248,115835.097953517,96608.0158082908,61339.9030426018,44852.9798970891,32651.0712611548,89043.8913119646,114409.721524496,96005.2300005797,61156.8480366832,44920.0860937119,32858.7988357581,90757.9983450785,114226.444042423,96374.929785497,61800.9319364006,45526.6818896145,33423.8260030371,93578.4821254658,112464.615149618,95190.2135639159,61420.1402105542,45418.4985015831,33460.0258378657,94918.0004761716,110992.396141245,94488.4363495499,61264.9283433647,45460.9913746532,33611.8536773622,96592.3875829922,109919.091382404,94060.1940821694,61396.6918025632,45707.4091504003,33905.4924245795,98693.5583062495,108618.580085155,93210.2496933419,61216.3847288594,45750.7305353659,34057.7430375941,100403.898869776,107404.519459501,92589.0954839999,61073.1498167536,45804.0433792688,34222.7478102888,102207.414692411,106104.045580939,91911.8767981139,60957.7514094509,45850.8800842169,34366.9176924085,103974.847323953,104584.918748452,91011.9183579599,60717.3222229365,45820.0472636577,34450.3432711805,105543.977817997,103044.611116131,90089.4371104168,60456.3007364122,45782.2764917453,34536.0506627103,107132.073670688,101815.463970987,89287.4799720632,60259.8749687932,45797.17589487,34666.5940771432,108904.351996954,100600.693998787,88565.1810591411,60034.1447997293,45778.95569874,34773.0788206924,110661.588695787,99153.8985528461,87653.9196114907,59703.6852533548,45656.3695801668,34787.1485076746,112148.46713601,97628.5278646131,86703.5002297855,59365.3743136918,45532.3038891166,34793.7420292543,113592.015114182,96053.3624283213,85684.2804338264,59005.7795410473,45400.646133519,34797.7364000079,115020.383910977,94630.9109555918,84671.7347187016,58632.2471123751,45269.6205118348,34809.7901193288,116502.266053398,93327.492434263,83800.180741174,58280.0019810971,45146.1608018911,34831.1788518328,118074.425684881,91810.0901368459,82792.2759228394,57842.6052027864,44932.8854151927,34772.1899772599,119408.558665194,90136.5998064795,81628.2982923258,57332.1471904142,44664.8667004535,34662.995750564,120554.735438232,88595.3860457339,80511.1019741326,56855.6622994316,44435.258929257,34587.9350191734,121814.178043461,87719.7623168572,79724.4512049029,56542.776652067,44336.6877690749,34621.0480126291,123496.798244378,87147.0873969231,79326.8014219887,56332.8820673967,44283.4020594591,34683.2702248097,125345.782158894,86316.4125822109,78747.6563455066,56026.0803853932,44095.7845757924,34605.1164143635,126647.021783606,85344.4964954096,78089.6667375048,55708.6584894788,43900.8690795605,34499.5581743175,127682.536181415,84401.5548321984,77474.9018895674,55468.6637529246,43783.612771,34456.5633846195,128795.825755712,83389.4759842609,76761.7656846522,55177.7102518643,43646.7555980362,34410.1116419068,129817.379691994,82290.2083443816,75957.4547613199,54804.91645654,43454.5887036449,34331.9472386335,130714.61395236,81193.3565829425,75159.0293929909,54427.4896809112,43255.9045003394,34252.7824997699,131642.664840322
763,180707.157001209,128019.909097665,69125.1205872892,45430.1360180223,29609.3637335289,55319.6641269813,160957.392794466,116738.742273963,60935.6057982244,40061.4225801047,26201.9791781072,49424.2835717845,155477.788711846,114249.661312267,59057.182585398,38881.1984747594,25479.0814533109,48325.5605884644,159926.722697366,119571.443611567,62441.3251271139,40869.8276324657,26836.4690818429,51632.5455343982,152988.829541274,114239.41493826,60242.1775009633,39600.3886492415,25977.277443513,50360.2296892772,154769.52800128,117411.054328077,62294.8887679176,41067.6034256781,27030.5421626897,52808.4645926459,151650.177417314,115319.915112764,61981.4040712348,41066.4157389047,27117.0603133709,53398.4412870555,150316.682605659,115303.891651148,62341.3356631441,41539.1871935453,27577.6827273812,54850.3615875754,149276.676002455,115103.178200771,62799.2194660246,42024.0508202905,28030.1095770778,56424.9155369414,147649.784523392,114461.89511664,62847.9552500159,42257.6480788191,28317.3661193405,57725.2511782097,146378.070610097,114242.526307198,63150.0491419845,42620.5502645071,28680.9273494165,59226.2885460755,144719.365030697,113625.278412749,63284.8887159321,42882.3307112068,28969.012951035,60574.2394462847,143029.256643755,113007.049157474,63401.2830797262,43142.2877826232,29263.4399023066,61949.178562556,141688.737128257,112490.264826883,63573.1819672015,43443.1477411566,29590.1203300604,63426.2534382186,140281.610194571,111972.677213591,63664.9666539544,43684.2364465958,29878.5573251826,64860.8793183135,138577.69761992,111276.523773105,63678.7118703237,43851.1885759729,30107.0650490218,66183.7442598943,136826.775780909,110534.787127429,63704.0470614471,44034.962788697,30344.4931285943,67524.8302073442,134956.818557373,109662.015593052,63661.3337703382,44184.7330064086,30565.7337649432,68845.4531351926,133409.332699952,108878.311348031,63644.8168514339,44358.794423918,30810.8519819805,70258.4414268755,131914.389777607,108200.634062577,63607.0552892966,44507.0946354692,31039.4559927571,71681.8095334361,130139.459145217,107311.243895924,63466.4574496212,44561.1188741232,31190.6921561603,72944.5492864452,128299.962331009,106405.351789166,63338.0082073715,44629.0914930738,31347.3532586577,74212.1861062443,126316.127109463,105347.375026721,63145.9727459286,44662.2628398113,31483.8635009987,75436.5839178614,124559.684887905,104333.246764055,62960.3109932619,44710.9734986925,31639.2479125149,76735.2550642143,122931.291513163,103446.74152289,62777.2937619185,44753.7483011405,31793.9533629059,78081.1383917409,120993.251318118,102360.7428782,62477.4053700401,44691.8495320944,31864.7699000329,79247.1059935999,118950.153310048,101183.646064983,62160.2519766578,44619.4192916071,31921.9584304638,80373.9887412522,117015.160368624,100006.561262319,61851.0041896402,44566.1254762902,31998.0789820358,81555.1394534456,115871.131438536,99155.8035675898,61667.1587860591,44608.0380212537,32149.8724982802,82968.891016665,115117.937888011,98739.4006145693,61558.9202003798,44669.2322726733,32310.0562826333,84454.517215541,114040.980485048,98111.6492776546,61340.3798482037,44589.7111656769,32333.9362005397,85552.122878005,112918.602619383,97511.5841350529,61188.0555360359,44557.9045852984,32371.6517200167,86570.8909079526,111719.398037905,96848.3026061815,61046.6057638684,44551.1990954106,32429.7176350285,87547.631612626,110376.699217891,96029.7168233416,60818.3207573356,44500.3158306886,32467.1150951903,88428.829226814,109031.932212397,95208.8102589034,60577.2059857877,44446.6365392053,32512.1862708324,89342.6247262762,107657.838320451,94348.6201766335,60308.8980454809,44372.2924491726,32545.581513107,90257.1931022812
764,336868.145613914,94698.8506722534,22081.1487487517,9794.14859530381,4573.40404781145,25607.2793853155,320233.942116526,88263.8448842053,20865.176877859,9394.61780918899,4416.43579979225,25240.5212496825,318325.355276976,87067.0778764336,18221.7586770283,8393.38476011444,4132.69274383791,25257.2795913874,317176.624400191,88003.8183077787,17910.7780550542,7778.32360460497,3716.63140423253,25179.4500610133,316261.902533785,88637.0685741132,18136.3770683101,7768.07465779264,3605.95407036767,25199.1643997925,315154.655570106,89179.7877664799,18364.1537482854,7859.60593564237,3620.35320676526,25361.7898823473,313966.944178193,89653.5991701946,18582.090835648,7961.53061202326,3660.39004278659,25593.147288472,312719.147742378,90094.3871861313,18789.0778398021,8061.35117269204,3703.79416986442,25844.4044818578,311938.592616297,90535.2071048596,18992.3619543355,8160.10966304199,3747.62477995971,26112.7108385123,311037.871903187,91015.4033686889,19186.4504548808,8253.02786748376,3788.7283119355,26375.4635549857,309909.836454938,91452.012353032,19390.9248106753,8349.78484425546,3830.57057349247,26626.2597457839,308568.925304331,91833.720314201,19590.7078436763,8448.07525949955,3874.13322724346,26866.2697205666,307021.072575882,92164.4448830666,19784.9697551086,8545.50592370399,3918.19194211409,27094.5034717956,305938.378281967,92481.9032070903,19974.8789777146,8642.89885292756,3963.14970374818,27333.0401392492,304664.40350127,92836.1728545653,20151.1188635494,8732.11586204789,4004.46041239014,27560.8817961401,303029.240512407,93128.5854411778,20337.5704753791,8824.77195216995,4046.05701277552,27770.5110531091,301156.212270736,93344.938228667,20518.3026713537,8919.41057420674,4089.77852742051,27967.5641938496,299107.550108057,93507.4170457199,20690.4763696437,9012.14425219559,4133.81396272712,28152.9460077152,297595.597318181,93667.8562591316,20856.7904486589,9103.90923901331,4178.30399098896,28352.438825313,295887.849899279,93871.5477987599,21008.9704536618,9186.06425724263,4218.12825464385,28539.1372626092,293961.710319597,94018.2472638022,21172.1247920027,9272.25131486281,4258.37630278762,28711.2912412854,291715.409170134,94100.1761399959,21327.3230914835,9358.82013934654,4300.01601210597,28867.1150832564,289241.404472063,94109.7767556808,21477.0559386308,9445.09332634825,4342.5450983548,29008.6453345415,287152.282242067,94102.0503798609,21619.7333549381,9530.77862788916,4386.10060999815,29159.4093142627,285043.292433003,94131.0657078552,21746.3083295802,9607.00457194801,4425.48130132449,29304.0938250324,282525.309357962,94108.7912982249,21877.3410192119,9682.76778318156,4463.1130588497,29424.9675883648,279788.358012796,93999.0482383982,22007.1060606814,9762.42939525573,4503.39622298226,29531.6009592978,277169.753493236,93852.4980162695,22128.0341720516,9841.28398975347,4545.12314732026,29635.5887569013,276009.027464418,93821.2432193812,22246.7499897397,9919.83800557765,4587.95600834309,29794.136732113,275043.170339472,93982.6143995852,22343.747487861,9977.92630776725,4619.43805412578,29951.5685280616,273926.946254853,94134.0096106696,22471.4660115028,10043.2848667134,4649.6455853581,30091.7486258456,272565.916233567,94230.5380066835,22600.3021637236,10115.4230768307,4684.32050655098,30217.6147625242,270939.770886485,94263.2051864801,22723.4679838851,10188.4764875356,4721.45825946128,30329.8221667512,269172.74788948,94239.3576932406,22839.565811262,10260.8772971022,4759.80582893326,30433.0518833233,267296.135676189,94178.1491867664,22945.8439171292,10330.0401440756,4797.65347920159,30527.8085872413,265323.928329551,94082.4333768104,23045.2523277264,10396.2818801934,4834.44993241656,30613.5198454281
765,248915.893370333,67613.9503277017,16033.9695755733,7087.62050365437,3273.02515324173,16184.2995502372,236613.774969168,62349.2226625787,14970.740503227,6784.16934160814,3165.80622627605,15935.2660687109,235624.29406466,62417.3786377802,13024.7087469853,5888.65567510965,2878.77374993886,15981.1018333029,235399.986148972,63181.5568901439,12990.5912237151,5543.08652698349,2590.75437941124,15930.8907289459,235151.11278671,63758.3546894314,13201.5717250439,5575.94060245488,2535.96708217455,15967.0616888509,234727.669389441,64272.9834015836,13408.7612616583,5665.37531244004,2560.40432383346,16109.5595198766,234266.378668859,64747.5337614401,13609.4560820381,5760.69660280245,2600.46787779999,16301.6461798561,233825.285538561,65211.1370136447,13806.3785036132,5855.77191669955,2642.98765649896,16509.8405667278,233723.392466173,65682.9069762887,13999.2118424287,5949.84412454944,2685.70855310341,16728.967938471,233477.26986157,66185.8556430487,14190.0357487233,6041.02024461609,2726.8356367747,16943.0194526536,233086.14122254,66659.9519327175,14389.9863471429,6136.75039696937,2769.53944548578,17151.8256307268,232542.707715587,67106.9885614663,14588.8916005903,6234.66726312932,2814.14359515632,17356.2079947713,231935.828933094,67527.8298138827,14788.1611147799,6334.05945874485,2860.07685307417,17557.1587061582,231656.707916041,67946.4513847325,14981.2628037751,6432.45217118887,2906.37560675276,17764.4510065771,231149.699250403,68390.9792842267,15169.2030021538,6526.09142419968,2950.24895723331,17962.0907914159,230415.655254149,68791.8473865627,15367.399386366,6624.87860736979,2995.8316949969,18151.4565555117,229517.356769709,69153.7990114346,15563.2973706166,6726.17755341704,3043.75361675268,18335.9297700684,228570.129127734,69486.2691174718,15757.513681238,6828.17727243214,3092.85009861265,18516.7708300992,227982.418409472,69817.5937274219,15943.6495509102,6928.18407562189,3141.86387558988,18705.2108865529,227183.237799841,70174.3757194939,16122.1944465201,7021.61736656614,3187.42778124907,18882.0720855814,226226.675061914,70492.0301382022,16310.4578421726,7119.936593293,3234.4679493441,19051.6355640595,225035.778640529,70772.4658990994,16495.8230348215,7220.02916770889,3283.44419008882,19213.2098914749,223735.5849797,71009.8677788025,16681.6095039049,7322.26548745478,3334.29116999026,19369.391294895,222717.714303095,71234.5810691493,16858.7862921557,7423.16721269987,3385.75118609495,19531.9874120855,221590.461174155,71477.7603270971,17024.2578090989,7516.230875689,3433.514109266,19685.6466131886,220164.042421711,71683.3754492127,17196.6157327685,7611.52660867106,3481.31969210014,19825.7093869403,218590.897649691,71835.076727343,17370.4275926716,7711.49724619898,3532.32605799259,19959.9925645761,217239.208661103,71963.5588892191,17539.8032974267,7812.14807461044,3585.19504511675,20096.8800198165,216880.281112223,72153.5787835451,17691.0697365675,7905.19520960803,3635.66002896807,20262.2306331983,216475.955051181,72440.1761487691,17820.5265032245,7977.51714204694,3674.15650208425,20409.9199155603,215949.901253305,72711.0463295131,17972.6527698507,8056.87696153072,3712.61753945096,20546.7110700158,215227.432831572,72945.5861408649,18126.2326340488,8141.58810573127,3754.84279502335,20674.9994970002,214330.749738143,73140.1046772505,18278.5626900488,8228.65273029386,3799.77125688225,20797.5380962183,213336.104591287,73298.7736648261,18426.923711702,8316.11069981005,3846.16254181422,20916.2786660436,212250.56183737,73431.3002900153,18569.1015179365,8401.80383005886,3892.54880039321,21030.1405358253,211085.908166561,73537.9493282563,18707.1925643822,8486.09570318896,3938.62899800861,21138.6254116164
766,382099.39206952,87156.9561383087,17694.5754205984,7426.88825852913,3226.50664303934,9087.740124,359541.033972207,79365.1674606454,16784.7833048331,7220.98944568032,3172.8535815988,8999.65710672544,358878.656282665,78285.9274340629,14159.5526291046,6234.81933440611,2892.71091976708,8991.75937411619,358712.068035114,79292.9214292219,13873.4146682401,5686.3223989058,2523.64916835463,8820.6722635223,358482.747468624,79986.9294758134,14025.7335300197,5658.09124849015,2426.20400452835,8726.99446754486,357949.993926733,80590.5700068318,14185.0442587452,5711.03560477725,2428.08702291564,8750.70075622127,357325.294878164,81128.8211040895,14336.3548983056,5772.07491220045,2449.22312938466,8829.45782493782,356629.159414081,81639.0985415597,14479.8306913946,5831.26307785316,2472.50550776314,8925.58429636006,356386.487785723,82138.636430456,14617.5361528991,5888.30893186423,2495.27820495592,9028.45674186938,355963.874769177,82664.0529403987,14749.269238864,5941.42899952686,2516.16715339662,9129.13957423004,355251.316425354,83147.861520409,14888.4550401702,5997.53339584552,2537.75041718326,9226.67647671378,354274.345829188,83576.2870275878,15023.6132437714,6054.26442137204,2560.27563036059,9321.46330643392,353118.977542601,83959.5042496281,15152.83884799,6109.50169854147,2582.69802643609,9413.69935519611,352442.953424053,84321.4032531755,15273.281746641,6161.74823735207,2604.17434071537,9507.19528141538,351463.646357108,84711.4122754511,15385.8904323405,6208.65469533631,2623.06394089302,9595.61305063381,350143.598311822,85041.6572479742,15506.8202214033,6259.04215626633,2642.71214515173,9679.59324158534,348510.693171186,85307.0894865697,15620.646591889,6309.21794766926,2663.137349057,9760.07288510325,346702.41899384,85518.4124482199,15727.3594080812,6357.24700555289,2683.1588484911,9837.4916762592,345422.064911948,85711.0453808192,15823.7943822145,6401.66517823166,2701.96895257806,9916.39583405381,343916.495137494,85941.1151716041,15911.492636447,6439.9360079826,2717.73528830116,9990.17790769373,342140.327485145,86119.7101448625,16008.1883555056,6481.68693160153,2734.11653404467,10059.5363846458,340026.526219614,86237.4869659988,16098.6023235853,6523.48675494814,2751.34445521347,10124.883596097,337629.941720227,86291.0934386673,16182.7740688879,6563.7898725833,2768.48885716954,10186.2211861568,335656.061054635,86310.1951835984,16256.9436901157,6601.13917077352,2784.88267531876,10248.5314264598,333601.238711111,86360.4062221015,16318.786981356,6631.35251348798,2798.06469792414,10306.6596868212,331114.218148879,86368.6454462644,16387.6541673964,6663.25802799128,2810.96478370393,10358.370837623,328370.991666451,86296.6058460515,16453.4912077198,6696.96971607734,2825.29527911617,10406.2790746489,325791.200318379,86187.3576238628,16510.3044424965,6728.49554769917,2839.6219641115,10453.5568542052,324768.903162066,86146.95969263,16555.4067391821,6754.85803269721,2852.06424812947,10511.1740671206,323888.896994438,86293.3806086674,16594.1894785805,6771.37709561541,2858.80461543222,10565.3270587243,322850.68891365,86437.1328178757,16665.1527641584,6799.18931516582,2868.03679286671,10615.9754535128,321538.837940765,86535.6754834089,16738.1547034291,6832.97488082686,2881.34895952668,10664.8476519563,319938.35090124,86576.3004788738,16805.6992739419,6866.71128278664,2895.97168145937,10711.2858669588,318181.969438301,86563.6201167824,16866.1859604515,6898.63820908009,2910.52345695019,10755.2392233667,316278.622013548,86514.3366068975,16917.6736607296,6927.18030255371,2923.96441068724,10795.8368183968,314271.935074982,86431.0218520508,16963.3504496298,6953.19035900385,2936.29905158532,10833.095773266
767,334035.057091015,107620.93452077,30614.996579578,14456.7958191497,6878.95447208811,19866.3147606392,317466.266337093,99895.4923499206,28204.3369882347,13484.4221344743,6448.71210756721,19041.2191896062,315289.859910837,100154.653514044,25755.3164667205,12433.5341675251,6135.96697399865,19030.9849065586,314562.552819568,101793.408508901,25786.1507376776,11923.0897302059,5726.41610500626,18880.1835571403,313635.785115055,102833.066083659,26302.4424668691,12051.8517538631,5656.52643818569,18778.9899848965,312409.08192184,103669.862742489,26779.3116057776,12298.6062970294,5749.50558128317,18862.3200134618,311097.756495889,104410.959401282,27225.0168067946,12551.6658704633,5878.45571204026,19059.4922501191,309760.868173169,105105.87343988,27650.8407188367,12798.0692307608,6011.3804301003,19300.7828249398,308910.004911506,105812.35534116,28070.6712951377,13042.4049187332,6144.91173780032,19569.5953712404,307839.470697198,106516.702334807,28464.8623520286,13271.0991478986,6270.8033623854,19829.9779558878,306510.701770069,107161.611374868,28867.8725062968,13502.7066142636,6396.70134367774,20082.1299255573,304924.543058898,107733.176776009,29263.6336882784,13736.6996799231,6525.65977146224,20329.2289445188,303203.705049371,108245.682481452,29654.1461166927,13971.6850611788,6657.26981525198,20574.541763194,301993.870716849,108770.86808181,30042.5021789951,14209.3933208611,6792.30867776331,20837.2949084351,300453.441091524,109279.282986391,30396.3329278454,14426.7170861473,6917.70811385916,21082.5036313715,298542.659929287,109705.47135529,30759.9294023965,14647.1145315118,7042.84159185478,21314.6938937329,296392.312851265,110044.791477298,31116.5177141188,14871.8580129624,7172.56582291201,21543.3694751414,294110.796062777,110319.511366365,31462.4067051358,15095.4705884919,7304.5504311677,21770.3394798418,292408.840589849,110621.77250688,31807.9279464566,15322.4133975877,7440.30491430795,22018.9008336616,290417.675791642,110908.368772698,32113.1999925981,15524.7288862463,7563.92278350329,22247.3891165478,288180.137894389,111127.346244941,32428.9904320762,15729.5916895767,7686.45846160941,22464.7474543008,285589.120882508,111250.758953702,32730.9207518977,15934.3090325664,7811.00138406908,22671.6854197978,282814.797287642,111290.584322592,33025.9152063017,16140.2394285363,7938.80173246639,22875.9554169249,280515.349313167,111345.039026588,33319.382747367,16350.7275385824,8071.83614086653,23101.3564191993,278076.713977759,111388.391096295,33572.9303233871,16537.5604692126,8193.70999673188,23312.9135409915,275195.299592841,111343.349504273,33821.7581733548,16717.5516365065,8309.65446999164,23502.3735008265,272122.783570345,111204.980751335,34070.9077508278,16904.9627897558,8430.89235932349,23688.4342373063,269298.569805078,111039.499213633,34313.7726945698,17095.5498159568,8557.54098928436,23885.0981197713,268082.761311964,111099.494990829,34576.9132019796,17297.9711562979,8692.61939923595,24143.47541843,266850.27430647,111255.329348182,34765.3797113642,17443.602314589,8794.90278938346,24363.7684584249,265477.386420338,111406.543952424,34988.6190023074,17591.2757492475,8888.21168871721,24558.3294400208,263830.745155716,111477.477222903,35208.7144591316,17745.3493431436,8984.82118081114,24735.3614006064,261931.694501513,111469.074745669,35419.6815733939,17900.7007850579,9085.36854589965,24906.042219143,259892.851264908,111396.041173902,35620.1640496355,18055.5695703775,9188.63757519326,25076.7134631905,257752.309800685,111273.131649596,35805.8461492282,18205.638922741,9291.6433193121,25246.4961064127,255492.714159511,111101.878154919,35977.3820005236,18349.4060109821,9392.49625495731,25411.8817026315
768,337904.958450733,99612.9885407511,24224.3660412803,11023.3255738575,5369.35806875866,39773.6943295875,314089.903208042,91557.7211084822,22544.2012387491,10472.0493595374,5146.72750388772,38173.5343008657,319181.67601134,93592.5638168127,21611.9637553732,10055.0538454275,5055.88810242936,39116.6974333976,320651.055728164,95385.9181938319,21740.5617058599,9774.5586447173,4825.81294627435,39493.4673402044,321175.056697734,96541.2951584039,22176.1995927419,9897.83718680838,4798.58964306921,39847.0609396249,321327.608129539,97558.3059633217,22589.3804369852,10090.8998490814,4867.45770308185,40293.3919667645,321384.883276047,98524.6979154081,22992.8139479485,10292.1304378327,4958.27948205786,40797.5333522134,321429.093101656,99454.6677684605,23387.949179444,10492.2845693015,5052.62696978908,41317.0129481453,321934.966789756,100435.02988547,23785.9695656507,10694.8934345562,5149.46327058311,41870.1439662915,321935.5236756,101304.817057161,24146.2640549873,10878.4806053986,5237.19309037712,42371.3613583773,321726.309524445,102157.347417304,24520.0776821443,11067.7805955516,5326.7277331122,42859.0822943896,321240.830489571,102944.622522062,24891.6232565135,11260.373335889,5418.95405429082,43325.7474494736,320708.971586645,103704.56391752,25266.4171735974,11457.6030820779,5514.93583948173,43786.301843467,320698.225322332,104522.011757821,25647.7405558819,11660.5409818736,5615.32375299979,44280.37823137,320002.389875853,105185.62713417,25975.6066454321,11836.8758599246,5703.2816522419,44704.7213872177,319061.854981882,105840.7213091,26324.9499714345,12021.9431457503,5794.09925873085,45114.8077220641,317869.283564456,106422.727728524,26673.5642589395,12212.5425448265,5889.07188557052,45505.8601251645,316615.622272126,106966.80071191,27019.7159247315,12405.6518115444,5987.29077861194,45888.211998695,315937.822898543,107576.561341866,27373.8092775758,12604.7782883027,6090.0413960197,46309.1009070771,314636.119850756,108028.835959709,27666.9779599989,12773.0761006437,6178.20574199358,46660.224226383,313233.810579998,108501.722546735,27985.0670767532,12950.674005179,6269.14090679776,47005.5069395909,311375.055930757,108854.133650266,28288.6443076652,13126.7688568388,6360.60930292577,47310.3359229448,309471.080956499,109185.71651555,28600.5241640804,13310.7440343187,6457.81291717,47611.5203213343,307961.381301976,109537.824471231,28913.7848733176,13499.2084990122,6559.40822514234,47937.1154146079,306108.060008432,109780.531814526,29175.6522153347,13662.0123779056,6649.44204988918,48217.6718217062,303842.249307478,109973.506727858,29436.9995638232,13821.170787297,6736.07334004776,48460.3627588457,301418.1086467,110113.985260273,29710.3493232117,13990.8604426942,6828.51990360614,48689.1680279891,299338.153940818,110268.846023512,29992.2867892223,14170.3358349517,6928.58293852792,48937.4862776824,298833.128187647,110637.673472498,30292.0696028872,14359.8092355614,7035.98560681495,49298.3979363938,297827.399455597,110849.198451583,30470.9149865385,14479.8867067393,7107.88359592978,49572.0452723863,296937.36653011,111199.712334981,30704.0261090281,14612.0535181977,7178.49111642337,49847.7245884132,295628.006635214,111422.134660802,30929.704803174,14746.8962960609,7250.21781679712,50076.9234181773,294126.180826192,111605.974767035,31157.893738719,14888.8577424033,7328.37933097128,50291.5491229093,292460.709509988,111728.279760606,31379.141285318,15031.7224378922,7409.63010337251,50491.5661913642,290657.982669459,111798.710643833,31587.8366087933,15171.122073879,7491.11674361706,50676.9950714989,288736.666662758,111825.443459186,31786.2639228722,15306.5362920349,7571.61168916281,50847.9095572508
769,359635.076390293,101257.244887761,24075.7271153984,10834.5105349948,5129.38790733436,30180.15106582,339104.16889595,94120.2723631682,22745.9236154069,10394.7453191931,4955.51972800482,29504.0417359629,338524.394663375,93769.0896583654,20644.8918383127,9626.69650565169,4757.43560283286,29696.1501808077,338315.096850184,95279.1724189688,20485.1842035948,9109.87227985466,4401.81044572778,29764.7547688499,337893.640121565,96288.2871750355,20839.0143316122,9159.18528209442,4317.91158441432,29879.7493478676,337126.852533967,97145.5496076948,21178.2730908867,9307.85279957834,4359.27587946334,30123.7229733688,336283.231057777,97928.6943404304,21503.613437583,9465.98042777094,4427.47847872446,30439.7576148013,335353.57195762,98669.7385290367,21814.4559734802,9620.35065260646,4498.71363176188,30775.5589958287,334900.005348916,99413.9020265426,22122.6937904692,9774.0187800186,4570.63667465642,31132.5340427335,334227.001511198,100152.050243627,22411.1704761285,9917.26249537739,4637.78534410995,31475.1769139387,333306.291826143,100849.864483836,22709.7222258921,10063.9025515028,4705.40298764692,31804.1168855435,332126.456263988,101484.502078715,23003.8899129297,10212.5697734367,4775.02345501064,32119.2120482387,330756.330674636,102068.882612388,23294.2606926764,10361.6823290699,4846.03717379649,32422.3059910757,329888.655646355,102646.697594428,23580.8204576504,10511.5508763565,4918.69932568696,32740.6972563208,328698.253439112,103215.068497031,23842.0722335435,10647.6998550372,4985.19377279634,33037.3098565928,327130.789224285,103723.527483218,24115.284050214,10787.8264621599,5052.05880457479,33313.3400708052,325305.049782962,104150.911398524,24382.9249858464,10930.8194124219,5121.70519973684,33575.0086085528,323288.391013611,104523.280746244,24642.8409342767,11072.6629344067,5192.36274800089,33823.8670071995,321850.499236091,104896.376571328,24898.9585351315,11215.023288972,5264.50528239539,34092.0223583881,320117.534105252,105266.29866437,25125.6120367612,11340.8995283317,5328.97482075176,34336.9292850523,318150.772994297,105584.104962899,25365.495305902,11470.7710912299,5393.48849009076,34565.6954524871,315816.868133114,105822.234472816,25596.5194054178,11601.387016787,5459.65789424304,34773.083721064,313251.843553032,105986.147819085,25822.2088446849,11732.5643744493,5527.56786659331,34965.2834260096,311108.848225111,106137.270066045,26042.185051193,11864.2679560277,5597.44951756529,35171.51690985,308875.282068525,106287.507905038,26235.0219916793,11981.2538376385,5660.82387928975,35363.7711077391,306197.051337237,106377.238680831,26428.9919886328,12095.7205576419,5721.24954348203,35526.9553602283,303272.242239261,106377.60587174,26623.8729075176,12215.4236859501,5784.97429085195,35673.5394524914,300530.948807905,106347.024607295,26813.1493917905,12336.8537956954,5851.85111343804,35821.7612906668,299345.5499301,106448.302182188,27001.6690027173,12459.1020401738,5920.89961604582,36037.6443676118,298268.671923891,106676.471522332,27143.6674368756,12547.9285825335,5972.07752532079,36239.1723867879,297079.906507139,106914.573145459,27319.5125673292,12642.7307824049,6020.04717389116,36422.6757568049,295577.153354426,107083.775796526,27495.1818851315,12744.1446231332,6071.98016763753,36584.0660072786,293821.852467047,107183.173973934,27667.2736123206,12848.2872177816,6127.6361869785,36730.8620023215,291891.763575426,107221.169333102,27829.3682559667,12951.2437788647,6184.84400567688,36866.3019354555,289846.633715115,107212.778666345,27981.0540471271,13050.817601176,6241.72385549763,36992.1426748462,287682.304167242,107162.883494963,28122.9931948029,13146.4106838055,6297.28990781657,37106.7152780598
770,291271.637873223,127583.479568807,39239.8714243039,19270.7092495655,9425.1018791785,14095.9393534473,258249.810688458,119177.759126262,37798.8530456891,18745.1129332051,9216.19493282543,13608.6180282074,257615.158858678,119385.022345546,37585.3003028126,19117.853188053,9646.91908971498,14350.0298935168,257267.229234732,120931.59472392,37934.9025695636,19086.7214250596,9657.15087066192,14726.9628265464,255705.386605532,121543.725230086,38554.925670417,19377.666256065,9752.27521503968,14908.8922391742,254439.232090162,122287.3786674,39189.8459224292,19786.4942843056,9976.39461488695,15176.5248194883,252958.365619367,122845.230483463,39770.7784352752,20178.9803133074,10218.9847389805,15507.520350245,251431.150502282,123354.713393334,40325.8279204293,20562.2873619496,10463.7007148867,15877.1623625922,250329.524282458,123903.5182669,40883.9026708079,20948.0136228253,10711.602999695,16274.3460410005,249074.083575272,124409.773339858,41389.9312201926,21302.8429652967,10943.7423046201,16663.008810847,247642.227573551,124868.869843964,41900.0436950266,21654.7928229886,11171.6532377193,17046.7692104437,245987.981343597,125222.074356819,42395.8007049198,22005.8391508555,11400.715303994,17429.7563782746,244163.20864707,125486.039291791,42874.2902565476,22354.2563761929,11632.1264707939,17818.2806404109,242794.862486783,125795.746182354,43365.7426483312,22715.0266325533,11873.6131924092,18230.9318932016,241189.528857091,126043.379663193,43789.2864423971,23037.031092666,12096.2273740107,18628.2885240713,239300.236351146,126218.062693277,44217.1508318783,23354.5606975243,12313.1151901863,19016.7427930038,237194.466707556,126265.206114627,44630.812199556,23674.4327945917,12533.5600167034,19407.05748573,234925.498488032,126219.277379828,45018.9101925642,23988.4254800902,12755.9475301747,19804.688735276,233155.468961834,126234.271552746,45423.9938284858,24316.3180448631,12989.4702640937,20231.2579984602,231199.913134444,126200.930089562,45755.4186135859,24600.7306662673,13200.9718712147,20639.9874752876,229078.194845484,126121.630751215,46095.1411338017,24880.1682620792,13405.2518391078,21038.5107492575,226654.865985652,125899.769377,46407.2004337918,25152.7812538527,13607.1293128996,21429.2364421244,224038.367533429,125572.949194099,46699.3279004935,25422.0434333296,13811.5039954672,21825.5084764756,221782.226222899,125268.36454023,46999.6911961803,25703.31174404,14027.176775269,22250.3783010374,219502.223004653,124950.065599974,47242.0308225635,25950.680229953,14226.7462483199,22667.8649443704,216904.643611807,124542.133815531,47460.1941440467,26174.4858216213,14409.3390625466,23063.6264993313,214098.673585685,124010.799950452,47671.1051597337,26400.2725833406,14592.9129685135,23456.196935137,211386.710820968,123428.000767911,47869.1557370647,26629.8675674717,14784.1089800845,23864.8596137087,209999.812942846,123160.568999381,48134.4061794439,26900.4487122229,15002.7896802131,24339.2466029853,208787.751526797,123040.667410395,48304.9187311343,27095.7133148159,15175.5919310063,24768.3809362263,207479.256165153,122952.942022817,48504.0239030901,27273.3822788457,15320.511492571,25141.9707320942,205952.351061477,122767.674400596,48705.7539178242,27458.0643921204,15463.7056842173,25483.6085264934,204219.332955203,122483.541827605,48888.6904123274,27642.4135757133,15610.7787160637,25815.7595443985,202352.762919397,122113.575648888,49052.3168101019,27823.4460220397,15761.06386945,26154.1214862233,200412.019836596,121683.505961808,49192.5625805449,27996.161252228,15910.6336652742,26500.1635982002,198384.99286637,121197.055180394,49309.0574184887,28156.5782864532,16055.3260798755,26848.8265832597
771,361373.320571652,81698.6622740926,17827.2683111207,7676.33426797645,3445.14322317414,14045.9729284144,343944.250667441,78302.9032723457,17382.881999693,7599.94806838936,3433.1616919528,13984.6470404506,344387.212474128,78205.0623422948,15827.6648844424,7035.32885441968,3287.68604782825,14110.6202085456,344687.639561221,79360.9498249836,15791.9145467348,6690.23077471389,3039.99910765463,14105.0780354051,344765.193810921,80155.3668399458,16034.4983580746,6734.93271931803,2993.73775095079,14144.4657885441,344498.795048392,80867.9894415749,16256.6658778165,6827.01267228568,3019.95559781121,14270.2925802126,344145.217859773,81524.6417895579,16470.8911505101,6922.12668026142,3058.70333396243,14436.461480231,343730.581797755,82155.9904461809,16676.4876172827,7014.68593007045,3098.38450075599,14613.7616904998,343765.930051102,82779.1245020244,16877.5470348503,7105.35024653718,3137.51904693714,14798.3215183341,343561.780051025,83412.2218514764,17066.7876053636,7189.56016492778,3173.62497839461,14976.0130651748,343108.088350803,84012.168991273,17266.0346760955,7277.43839345984,3210.53958029638,15148.3019301705,342387.856273304,84561.775937991,17461.6119913455,7366.68611415322,3248.86718827313,15315.3488067554,341524.484338141,85074.5737302024,17654.2890357047,7455.95160150693,3287.90661362511,15478.8084202235,341113.296514124,85567.1498463904,17839.2428446358,7543.09571100983,3326.61384533518,15645.9616689112,340367.087004387,86067.3579141626,18008.5598226219,7621.55269366443,3361.34303310435,15803.0750707349,339258.865467027,86521.9764229279,18189.6837468021,7704.25169560425,3396.90442809907,15952.3973147696,337889.75346903,86910.4294011265,18365.6016469764,7788.53402398859,3434.20759498038,16096.2516595246,336356.352144118,87257.3817580507,18534.7992627593,7871.17982159177,3471.66533636205,16235.4774990869,335354.380725539,87585.1007123923,18696.1182078562,7951.35677615454,3508.51618022436,16379.4395282291,334072.108796392,87930.8693249019,18839.2618106243,8021.30666571987,3540.61154770693,16513.0891593953,332528.008271953,88234.3940884661,18994.7703286971,8095.24299608307,3573.17776604267,16639.356774411,330622.215683021,88476.4670293279,19144.5479041647,8170.33634802094,3607.24475363171,16757.7857401353,328498.844476426,88661.2471066562,19290.1093750804,8245.35750372589,3642.16808159028,16870.6338380116,326769.190482009,88817.1310100933,19426.3735122155,8318.07141927895,3676.92497689224,16986.6391271738,324923.068372307,88981.37374588,19543.1100461655,8380.36288319249,3707.04524431609,17094.7266322394,322652.02486979,89110.9428521859,19666.7849705675,8443.51859605392,3736.24454263372,17191.4519155749,320135.281273344,89165.9510931756,19790.4947872942,8510.39593048739,3767.77623657059,17281.7081984245,317791.921725535,89192.7355052418,19907.8204018861,8576.99601932638,3800.5685879462,17372.2791211994,316924.854712677,89273.5957279257,20013.3602013623,8638.62809022876,3831.86386527687,17483.3195470907,316139.439051106,89493.1190427034,20091.9072581931,8680.39404681112,3852.79069398156,17585.7204567301,315217.670190358,89727.1805238698,20206.0456646852,8732.05632075586,3874.4158536274,17680.8846490093,314023.711943663,89914.3330121051,20323.7080841401,8791.47687373572,3900.85827222554,17770.4368317435,312545.670004225,90046.4869894436,20437.5821622095,8852.17125636212,3929.65542255166,17854.8559785128,310914.285810498,90126.3056406245,20544.5030360983,8911.85657818737,3959.1702855974,17935.3005161412,309137.19941665,90168.3669224857,20641.7174485065,8968.02787046448,3987.77739454828,18010.444448776,307248.799262806,90175.2533452987,20732.0832393435,9021.30428870847,4015.22650548287,18080.26263905
772,247515.049755445,134979.189776585,57311.5265826342,33008.4738388244,18865.2276230401,31045.3685715809,221374.598731262,119928.425807444,48531.4355565993,27916.5076537568,15971.1411682682,26739.5401886381,225313.611166928,125560.527084502,48889.8381424062,28150.654866997,16228.6521227899,27498.8616581041,220262.041399219,124129.959940823,48376.0559462847,27346.7371376055,15634.4961072533,26901.2123319898,220378.538316646,126180.265767888,49741.8134411874,28034.7942285669,15888.1662559616,27246.0407801361,217665.586594747,125687.993223939,50190.6548343128,28426.5718756653,16109.6601544383,27395.5111669919,216449.503221329,126351.74797464,50987.09068873,29041.6300551317,16537.6007660887,28044.2544226227,214286.339429534,126163.692259466,51437.764439132,29464.7964935139,16867.6698498261,28660.093995463,213150.051445657,126533.26919744,52068.1903446312,29981.9428595338,17256.9014870777,29467.9940748407,211519.385756314,126566.297884035,52513.2874272558,30384.96923342,17576.2321831035,30204.6601679904,209908.283098924,126701.291827595,53016.474109685,30809.2911459482,17902.7624537508,30970.2189542763,208008.934040124,126624.533263825,53459.6015090742,31207.7641007578,18214.1617725143,31710.8559792732,206026.023139646,126498.66807838,53889.9258992208,31606.1794648265,18530.985162364,32469.6308331574,204509.074607231,126447.094335175,54343.1249986342,32025.4711025288,18864.9781899149,33278.3254640208,202749.302746146,126330.248431738,54704.0608245908,32383.6310512905,19164.7838965849,34051.8990052034,200721.807124972,126099.626927025,55052.5741734426,32723.9500965748,19448.0795492434,34801.4963301027,198540.719146752,125760.929106603,55384.9816850836,33066.311409918,19734.6622189103,35554.971853945,196195.985191835,125290.148684977,55667.8202983846,33389.0827683404,20016.225756132,36310.0772551524,194417.859999773,124966.139937247,55998.5803429987,33747.3839374844,20324.923273851,37139.5820729663,192415.712952304,124569.927103169,56223.2699583544,34032.894507209,20590.9179372111,37921.2070720629,190251.758958446,124100.482529399,56445.6402759505,34302.9306165758,20839.8315881141,38677.9105708051,187855.941856606,123506.563505142,56636.0252253995,34562.6697754265,21082.783781661,39418.917143922,185273.90558589,122766.265215322,56781.3041211079,34804.3928413593,21320.1548504791,40154.9152711766,183113.130003603,122123.61223865,56960.4640210402,35076.594176735,21583.0895655844,40961.3414396179,180919.211876296,121468.828111871,57064.9739705448,35297.3834250208,21817.3009629493,41746.4619833588,178373.485984018,120671.772060824,57113.4938364899,35467.6147978444,22013.4249071384,42471.759544874,175717.146775455,119780.810977573,57163.3405123884,35645.4066122504,22212.4231280424,43197.7530625845,173148.958305091,118823.751657343,57184.3395682712,35818.8264471596,22415.7519281288,43940.8576348058,171897.650426037,118334.324550327,57350.8330576733,36087.589062959,22685.4417546616,44850.9835397954,170728.504375418,117993.953211529,57408.2221368264,36253.8954999337,22884.5969207393,45664.7634598634,169390.686967905,117616.372900405,57472.5921688195,36378.9993032113,23030.8470694715,46353.3712796266,167956.933659,117224.130710275,57576.1466034108,36533.6577332199,23184.929994094,46999.0338454522,166267.75658956,116654.435795501,57624.2084723674,36667.2760438633,23329.9484449044,47587.7172741002,164531.201956765,116047.184068701,57664.5766855063,36807.3430139073,23486.9928231719,48194.5707114822,162708.615103743,115357.911081406,57664.2398507302,36927.2369691591,23637.0728043853,48802.0301221846,160829.113797776,114621.690675807,57634.9386731021,37029.7990187878,23779.0918426743,49413.8125605524
773,377505.926984488,77849.3461565837,17367.6702724697,7587.36497072812,3461.13251170101,15874.7451339008,364685.825707047,73215.1247078604,16364.7791745481,7327.24583366021,3382.52975982397,15760.3139405111,364024.372934706,73841.8877285747,14507.4310956935,6488.97057797211,3111.07403043979,15808.4595442129,363875.049081268,74767.0898415783,14530.4134632137,6176.39177820183,2847.23059271658,15765.2629732201,363664.776028147,75457.8001289558,14734.8108488954,6213.13915230952,2802.22782784718,15809.3159948827,363139.467748607,76083.4229611203,14926.9841222356,6291.14625631989,2823.13393707328,15944.8855133347,362527.298107321,76653.8112025506,15110.6064896792,6371.53382706144,2855.0334168154,16119.0997770015,361886.984776829,77203.4735845391,15287.4119452491,6449.67585810498,2887.7084396288,16303.6067865716,361699.426942374,77744.656135352,15457.4019881986,6525.18750097194,2919.5325108504,16495.5271047045,361259.576972889,78308.7746428168,15622.4036341321,6596.70038378792,2949.23976220755,16680.659709406,360541.917643038,78833.313218875,15795.4273421338,6671.87439912697,2979.95207600598,16859.0609570852,359545.275613928,79310.4641680102,15964.1046637782,6747.7127222244,3011.75825296567,17031.0321490783,358444.560256085,79749.9048800404,16129.4714865082,6823.1042805511,3043.94650865382,17198.6828282168,357805.306876282,80175.3854729781,16284.4862189232,6895.11326551905,3075.21869989615,17370.5953852413,356797.911303663,80620.3235224684,16432.2642348149,6961.42876984886,3103.5393119585,17531.9698994654,355405.400230682,81010.4449581171,16589.1470449425,7031.95105161597,3132.95046549713,17683.9717651599,353725.042747173,81339.4029277473,16739.4768825735,7102.89526643101,3163.57912276839,17828.9628767148,351956.852633356,81627.5200790548,16883.868025968,7172.18019939051,3194.15355067896,17969.2117419378,350715.986197536,81906.8474962341,17016.9735685627,7237.39467472576,3223.40697934085,18115.0197587541,349162.629572117,82211.569455566,17142.0353969175,7296.00044423408,3249.1284311154,18249.8983222988,347333.032440467,82466.2192502588,17275.8795499537,7358.61369746697,3275.74565597277,18376.410810245,345140.37825914,82665.29576482,17403.6329513891,7421.4621473646,3303.42105312795,18493.7695917045,342738.329468607,82809.4470606862,17526.8681652301,7483.75329353472,3331.53567551843,18604.1136586676,340786.958668014,82933.0973329507,17639.4865521432,7542.94567564348,3359.04081004389,18719.304421607,338665.976249149,83076.1679372007,17739.4586499695,7594.07442095001,3382.68899342046,18825.6931035953,336083.349693513,83173.6060961482,17846.2235292863,7647.13802534084,3406.1041102608,18918.8354780651,333266.354585647,83200.0992514172,17950.4897014372,7702.6613740741,3431.43633672344,19004.6444134267,330804.963016739,83204.841841376,18048.5076028823,7757.29375150664,3457.53728669903,19093.2102884474,329902.431706618,83290.8866336636,18131.6846824688,7805.19149073617,3481.25400199814,19208.1168047054,328997.850134373,83512.8849716195,18204.8628809781,7839.8325121919,3497.02502443262,19313.4430542657,327918.730819674,83721.6105740346,18306.81740454,7885.04878524857,3514.8630478061,19410.7712307114,326537.889547731,83885.0717413111,18409.5793508212,7935.9309308894,3536.81367214678,19500.8944040517,324888.506345825,83996.1664063577,18508.330899729,7987.56583363776,3560.6139856585,19584.7011678542,323064.581439573,84061.997843893,18599.7824325537,8037.57683757073,3584.67259001182,19662.9961024802,321114.817291313,84093.209027881,18683.5007429275,8084.68389827886,3607.90658761662,19735.692272298,319042.338253534,84094.6656370365,18760.7755674133,8129.03633746857,3630.02755805088,19802.3185567171
774,155823.42413476,117906.321997316,72447.5230572036,51378.8141966473,36188.6744515066,86830.5947650437,137289.208612944,108631.187338062,64828.9083948176,46026.8548993902,32547.2050708669,78876.2809683511,131766.338699379,104779.922824954,63164.1257081611,45026.9615692445,31927.6503915769,78074.6746301646,137045.160843963,110669.900025571,67158.8990673418,47957.4227016254,34200.1202986013,84960.8698890949,131039.588152017,105195.277578479,64509.4604999517,46264.1918340044,33082.2283190551,83437.8930427957,130281.578517969,106011.154277947,65052.4924112157,46824.6689791838,33624.2305354956,86024.4069933914,130271.768695277,106550.027519651,66162.3821513139,47751.3452992664,34379.5595122802,89145.1761782882,127106.702417142,104207.410158276,65147.6174635462,47283.3073414644,34186.6883552684,89769.2490313506,126465.441730387,104385.735604125,65582.0321256137,47787.1093062683,34708.6797661812,92397.1179938588,125619.34497124,104098.958123119,65865.7914805639,48165.9650429773,35114.3272184223,94789.5763281026,123621.417742421,102869.087660309,65436.6257262892,48036.5690447091,35152.1604587933,96195.2538790008,122388.944821654,102470.299467241,65555.6174512224,48283.4375435527,35457.7074367963,98347.0348613623,120953.606271424,101737.905306828,65545.7055284193,48450.5159497148,35701.4546988689,100331.425831925,119484.451437605,100824.524762559,65342.6695352041,48493.6588707352,35867.1215622191,102125.381474218,118308.914277349,100315.409250221,65320.5262168405,48647.6515412144,36114.9875894119,104215.697276939,116768.20723856,99468.2417729703,65141.5350736673,48664.5877430208,36245.9124581451,105988.996759349,115064.526038636,98486.8795156979,64879.4682606027,48633.7964687591,36340.4385246913,107643.334295557,113426.239219893,97562.6450435259,64665.7785811853,48645.5605077169,36472.5988816425,109425.687826888,112062.690928777,96669.0419584623,64458.3780244296,48670.1431771449,36620.5053406285,111301.702446233,110699.952952685,95881.2341277998,64212.888919654,48654.1408079215,36740.367266372,113157.295751716,109111.859134473,94907.0856323095,63880.7851415679,48542.1644733694,36771.846499565,114766.288291593,107434.306571421,93884.7607800487,63535.3025205786,48427.9381358682,36795.0757682414,116327.680557488,105678.044648099,92773.0481717327,63154.2396381539,48295.9143872735,36808.8877470265,117853.650475044,104122.935844281,91686.4720033424,62773.8430971356,48175.8953602334,36839.8582680364,119465.147411271,102700.769589969,90761.4419359584,62416.5284283385,48064.992705662,36881.8439972289,121175.874550581,101012.683442856,89655.8853895119,61946.6045426884,47840.3314368825,36824.2625355224,122595.660994046,99158.618307648,88397.113189783,61408.5453612112,47564.9837330119,36719.0077955053,123839.733072018,97441.5222667094,87187.7901484803,60912.1408360191,47335.2366234614,36653.4491391384,125211.75972995,96513.5421876848,86352.7363179348,60605.1204973418,47258.5015912605,36714.0757332808,127061.529741574,95895.2256606885,85940.1889337464,60390.3125507074,47215.47974773,36795.4998848672,129054.182348285,94951.0478542248,85284.9308764258,60046.3604750694,47004.2296757542,36706.0427029801,130405.217467289,93884.6549736774,84582.7303663473,59717.2445519602,46806.7905261247,36603.3982208256,131531.60231432,92855.2838868806,83932.066240124,59479.2144127083,46699.048122353,36572.5936484385,132753.556372745,91726.4628481138,83144.6382611781,59164.3147236808,46554.489743991,36526.4189700455,133837.241475602,90508.8109454119,82270.9418547253,58766.4641716752,46354.0781114045,36449.5650535922,134806.691206609,89311.5616887427,81419.8825680085,58377.7322828615,46157.0461549469,36379.2481482411,135838.930146647
775,250868.064563481,140917.989215018,57960.9396593396,32995.0454533219,18660.5334647902,25290.7969577542,219473.051998113,132121.799666969,54896.7450561527,31372.7669142404,17835.1514320425,24369.0866953469,220750.699096171,132562.954495123,56275.3278800198,32792.6157932344,18890.420232978,26136.4061303217,218503.883146375,132663.1021011,56522.5710352531,33051.6358538661,19304.3345034092,27536.7119510718,216867.979366779,132622.830884811,56801.3624159552,33300.9948379719,19494.8539675211,28383.8596271209,215556.111798259,133374.234023174,57804.7168313026,33991.417801221,19965.927983483,29484.1295643846,213288.751330094,132834.843236823,58067.6636652495,34349.1706243656,20259.332851058,30213.603532549,211963.164533767,133416.839511742,58943.2571850341,35030.7837929958,20774.5172979792,31347.3823675707,210002.867869851,132911.61942939,59224.0618792903,35399.5311957881,21097.7096315988,32187.2742616846,209001.167048378,133466.745539637,59981.9745473865,36016.4214477063,21580.6698162237,33335.0196555291,206871.778016923,132971.233376184,60226.1746003495,36334.4086188156,21868.7275136481,34166.4312823978,205426.985012451,133239.57980758,60882.5019742502,36886.9801092637,22304.6971613987,35253.2645101445,203057.168505111,132629.377697137,61126.7503477302,37216.0212485673,22604.0611619397,36115.8957305439,201731.104954509,132726.22171254,61708.6992505472,37745.7293575882,23037.0621936789,37229.4673401507,199796.040388338,132282.641113886,61957.3801076088,38079.2353341624,23349.4341508011,38165.7523537129,197955.413489855,132114.293965518,62355.6367543921,38479.06507901,23699.1824502322,39184.16451035,195628.182786243,131521.517271353,62600.2295717712,38799.0260510242,23996.0807010328,40110.2811766533,193396.297518539,131033.106133261,62902.3857862203,39165.290194282,24331.4018139038,41118.6581600539,191406.532121039,130446.735289123,63147.6144187235,39505.3799938665,24656.2056546308,42136.6565467184,189542.425928972,130028.362582312,63386.498243187,39834.7155916809,24978.2013012616,43186.7067549982,187289.248531007,129351.349372448,63516.6739975011,40075.1552116869,25234.5488589216,44134.5779828537,184990.691412284,128706.635329164,63693.7473362961,40351.5302474543,25511.6883462802,45117.7623075214,182361.501854282,127785.505991931,63759.3310111672,40569.248111548,25756.5579676307,46049.8768757912,180134.817146169,126998.12990138,63886.0522855466,40835.9897748409,26040.9124184427,47079.3379181329,177970.112473839,126213.156826161,63940.7888354423,41055.7207408008,26299.7602629548,48099.558935526,175459.858178941,125291.82774805,63914.3920641552,41201.9710823613,26504.7679884704,49042.3063131842,172802.80383047,124265.136631354,63889.3042135939,41350.5821525485,26705.8626108445,49976.5790043084,170197.207371982,123169.578679216,63839.0984057081,41500.0223797399,26914.2148977918,50932.708140211,168683.240935811,122427.573466263,63907.5515844875,41732.4675719878,27184.7235219184,52041.3299390602,167634.669253523,122065.479007529,63965.453688745,41930.7701036692,27430.081493123,53143.2909342848,166221.77596265,121526.435930763,63923.7036211164,42001.6290701254,27561.4861999453,54004.392656647,164862.624741733,121113.438665384,64006.6732097817,42151.6102505671,27725.9947873376,54857.764521328,163166.39704776,120437.71890653,63994.8187004872,42256.6008893743,27863.1610823992,55599.2675576469,161437.481276182,119742.912040958,63984.2694134925,42377.2233954775,28020.6642128739,56367.2697892558,159640.480312337,118966.117636689,63932.4237680251,42478.2774452881,28172.8905991352,57140.8830177508,157762.476572931,118125.495178163,63835.7435925344,42551.0872671484,28310.5695478335,57911.7407856217
776,212383.407779532,126333.154935767,58396.6641809771,35444.5911486204,21366.9114207665,34130.7009022118,182801.753378688,112655.548752875,51522.4017712063,31260.0991078598,18888.8157478457,30392.0850179395,190602.081193678,120137.499481337,54983.5442975069,33642.237585419,20484.704461155,33266.6071894271,183919.407234799,115857.078428485,53631.7647894278,32783.0019358371,20039.4596417931,33110.8818696526,185013.628108045,118342.668756703,54994.5741818201,33722.8904822965,20655.6560905643,34521.7752990606,182115.899765712,117186.882600381,55145.9111675722,33929.2468203431,20832.6847993461,35115.6495698836,180977.68670773,117591.089208814,55781.9966516287,34515.2111139855,21291.5935426269,36186.7808013454,179078.044951452,117214.091012769,56145.9061369678,34907.9429293814,21639.4147265752,37146.1087954965,177866.459617577,117219.329844247,56603.8224801882,35373.6042465975,22038.6651287654,38244.6474699612,176422.096991913,117093.989643343,56965.1128791401,35758.4668902729,22384.8477792562,39295.094419954,174836.063926474,116901.982054226,57308.1570131537,36124.124354733,22711.4164895487,40322.2473707779,173122.296224085,116636.489158662,57638.1549327435,36487.2380736916,23036.5352778457,41350.5871066036,171279.192100249,116234.700038342,57915.3307138057,36826.0416692845,23351.1062924279,42372.0946799371,169903.400310939,115989.565450017,58246.6523502651,37206.6436604463,23698.3968299676,43479.4277571606,168279.942788209,115642.854541472,58465.3299720219,37505.4912923512,23994.5638117503,44523.3396329338,166416.169248468,115189.767369754,58662.158866302,37777.5423731071,24265.9758290679,45530.2533098571,164451.267483685,114649.282792374,58849.3215744139,38054.6596596206,24541.4917695581,46545.4632372555,162365.739805285,113977.182358726,58974.0460975982,38302.8641801093,24805.8375775672,47556.0773587401,160772.640117484,113473.885417808,59157.3337444126,38594.8452936963,25104.8639998424,48666.4584609017,158983.697004756,112903.640239576,59234.3209303296,38805.0598239528,25350.8480361117,49709.4326656465,157029.802433372,112242.947985203,59292.0235709124,38986.8031084781,25568.5300825456,50705.5058241576,154920.306338103,111498.607350336,59330.1145255092,39163.8448299647,25782.1728461462,51689.4181102623,152648.474052174,110594.148295101,59305.0394135507,39309.414997891,25980.5231271384,52651.349361291,150760.918945872,109816.962012456,59326.3922238461,39495.4006963936,26213.1009005245,53711.3157938298,148834.160715801,109032.10471591,59275.9515510323,39625.0260053092,26410.5869051012,54738.4128665361,146584.656670436,108089.357528021,59150.437612227,39686.8319428926,26554.3756938891,55670.2775187576,144273.420999054,107085.719082642,59034.1693385204,39760.7370362772,26703.1197619235,56609.0755342984,142078.886892157,106030.297616667,58892.4805225085,39831.1300979529,26856.400423762,57569.0616071776,140989.724293092,105440.270227803,58916.7150882097,40017.3172643654,27094.7239932379,58750.6959550381,139999.086443622,105032.2181012,58868.9993048117,40115.0135376171,27265.1822401405,59824.1873360144,138773.725582954,104523.017695452,58792.7100089976,40144.5642424416,27358.2768535415,60693.5488309153,137529.151492903,104054.395596192,58789.5182734388,40227.9064740512,27474.1683245665,61531.1314259378,136067.986773766,103412.307066766,58725.4997390473,40286.4686418474,27577.5242104139,62283.1954379366,134540.439750744,102710.92801619,58633.7138169896,40339.5893956112,27686.8434788981,63034.8982289266,132986.285734812,101974.812553911,58520.2506365961,40382.9451796631,27796.3857686711,63804.5916319013,131357.744133816,101169.520808605,58360.8805639352,40395.5265398022,27887.8697387192,64559.9057204302
777,294593.202534342,106585.43274282,31760.3087033072,15607.5293599196,7856.57099554577,37490.8914966285,270424.123072509,101057.057688198,30338.9578091923,15043.4883560291,7593.12866047554,35786.5558876835,269811.857219303,102314.45815256,29632.4945637535,14836.1490120299,7648.13411390094,36436.1649856519,269451.059963343,103656.618663177,30071.6189663528,14789.0624223397,7538.47572604389,36760.6520650666,268365.563057506,104446.330563097,30597.5525520578,15026.1933504877,7594.97038257207,37013.0768038991,267168.179189173,105178.26805218,31099.9063888507,15323.2273060067,7743.86575554034,37382.1071390766,265900.571581534,105821.319996749,31575.5420774462,15616.689062077,7909.57964612928,37811.0604285502,264575.529483217,106412.824793095,32028.9353661792,15900.5977319393,8074.90140881744,38258.244062146,263702.604681791,107034.605776432,32483.5205256985,16186.2557458809,8242.51509968452,38743.9608406807,262635.125358441,107639.691874321,32903.941966325,16450.9363108631,8399.35727092974,39204.9004022747,261347.706064758,108184.167459128,33331.5223975075,16716.8186722441,8554.80144432225,39645.7157793075,259852.041343355,108651.71916794,33749.9745599203,16984.7478427742,8713.26491582474,40071.5090593075,258224.59703295,109050.402893261,34157.9301634676,17251.6215304973,8873.94992298077,40486.0099465861,257054.383006717,109480.201006813,34569.2777235434,17524.7490626745,9040.66247196856,40937.2017132692,255588.510705585,109873.362886978,34936.0028657031,17770.8856218873,9193.92777602631,41351.002452351,253813.438508274,110183.450192623,35310.0973926151,18018.0686612555,9345.35514542876,41737.3199175341,251829.800796227,110402.035306312,35674.4551283962,18268.9906399665,9501.31077617113,42109.7966420391,249713.660363015,110543.310382955,36022.1736211769,18516.3916634555,9658.98389068535,42470.3306105256,248136.079480396,110736.765325388,36377.2336785312,18771.925992226,9823.85161611064,42878.5248727542,246284.61747474,110893.384679247,36678.6703366939,18993.9097895463,9971.30396485523,43243.6998809407,244237.420008692,110988.463799556,36992.1731693109,19217.8535915047,10116.4927960494,43587.7969222689,241893.065434055,110978.617969306,37286.007676471,19439.3619908699,10262.4879478346,43904.5466646078,239380.025675449,110878.220019744,37567.3533218721,19659.5531623238,10411.0264368825,44207.032235174,237282.9862143,110807.75476273,37852.1618909192,19887.8500494624,10567.5962505179,44550.7024950444,235070.483680876,110715.874300815,38089.5634494284,20086.9453380203,10709.6942019293,44867.4933135522,232487.177158756,110532.778465042,38316.32819676,20274.3931763203,10842.3624208395,45139.9979876881,229727.985789629,110253.467687758,38540.6995143098,20468.1877105574,10979.665263204,45397.8213162705,227159.86519386,109936.463754589,38755.6954113509,20664.6217181721,11122.9600493933,45666.685198599,226036.075356087,109901.689785614,39013.3118009282,20886.7045507821,11283.815298684,46074.7535400124,224873.971888065,109941.277662868,39181.0922235802,21038.1397075191,11402.0358738574,46417.4070728248,223623.714975752,110000.33953926,39391.7765341504,21192.5490353645,11508.9168826138,46724.7668952317,222124.000188287,109964.478687939,39595.6133708872,21351.7327974726,11617.1416194568,46990.0782824627,220411.670691028,109849.052687823,39788.0694013359,21512.2991126626,11730.1237845397,47236.0866910371,218586.009239267,109666.216654058,39966.8946009792,21671.4178353037,11846.2132717602,47475.2278037154,216658.250582377,109429.08190301,40126.0519226347,21823.0301785483,11961.0957815689,47705.9518739872,214645.886995419,109144.620081748,40269.8183978716,21967.3413284285,12073.3548191349,47927.4875555092
778,211288.495015027,126294.225812203,55771.121836082,32855.1099574963,19162.9826100027,27685.0606154574,179469.05782521,104797.833717189,43608.5252779682,25574.9514569768,14881.2460963099,21568.2024903744,195760.91758018,120821.661601448,48578.9850863938,28340.6888696778,16603.794515816,24353.2561724395,180389.44659575,109927.422622611,44460.0097337335,25585.5459115272,14823.2131033441,21927.3941977122,190192.242371473,120034.582139578,48997.5876268165,28076.2243002183,16175.1526651188,23856.6990044886,180311.78683354,112831.387840561,46820.7919769488,27017.3569542849,15548.5726849074,22745.2051928638,185627.919627494,118947.315148729,49742.9636270634,28839.8851280192,16707.5023759014,24484.1230425694,179020.659892785,114401.137156526,48467.6826861318,28288.8538360754,16461.364010997,24256.1854789511,182084.473517391,118277.78481271,50465.5694160749,29595.7776462664,17335.2215073254,25803.4047790608,177736.320244487,115544.939744619,49801.4776726803,29362.6835779025,17274.8694761624,25979.9560828097,178854.542199688,117866.830426894,51161.9815893188,30290.0929301676,17914.6385975061,27244.8958529335,175499.80791168,116111.158829121,50918.4384910071,30292.6588997208,17989.844604383,27642.6409612332,175343.504614883,117318.421414971,51864.1225802866,30998.5515055801,18502.5721145441,28736.7885312234,173132.57305764,116317.282062285,51910.3305252011,31181.6291255387,18696.9123474339,29350.1832403551,172442.49877152,116933.746434616,52545.5201201212,31703.8678261692,19104.0867277424,30324.6332782758,170244.094477336,116189.188373023,52674.1887191688,31915.7427129001,19311.6841117959,30983.7589442268,168860.516855256,116269.795561167,53151.3222881943,32350.0320981982,19662.2894983338,31878.4834445347,166667.737137452,115548.857652481,53309.1869226835,32599.0967444471,19902.8604922521,32609.3424264719,165478.281732504,115490.672501535,53716.478220037,33007.3880786681,20249.3445911426,33541.7693124829,163648.234864704,114945.185569891,53854.987603799,33238.2819384802,20484.6817373663,34314.6530140867,161982.655142153,114635.827780619,54119.5605713323,33535.871621777,20755.0827313563,35151.9536089906,159901.143214156,113985.732801879,54262.0060704244,33766.8549056078,20983.8921253228,35917.180078174,157853.217719613,113361.120599133,54424.4803610101,34020.4615117169,21233.5019900468,36729.2522504951,156050.159215373,112746.365539771,54577.1070223504,34275.9534323555,21490.3270116666,37579.1897810051,154213.486850437,112132.816602632,54669.0718932321,34485.5475361859,21720.2392396052,38410.7762237357,152084.491773032,111382.380512368,54710.2552448248,34649.8142275519,21914.8803521541,39191.0521152573,149859.373536206,110543.692293896,54748.2134232865,34819.5064390082,22112.0209645241,39975.5137994241,147780.686686799,109662.411561261,54765.4060800505,34988.5890182352,22315.7447903928,40785.3194365237,146824.282034682,109263.272732061,54925.0538777347,35251.326311746,22585.5017164052,41750.0678092907,145812.643258966,108905.257646323,54949.9224263039,35388.3618228028,22765.6483645636,42574.6032069948,144722.355013954,108577.798902935,55018.7277449469,35513.9046320768,22912.0250591187,43304.6551490538,143504.335283592,108186.942321935,55103.6304844285,35655.8676880868,23059.3214748567,43977.4239706416,142084.657524208,107650.288092434,55141.4090823565,35781.7695417443,23201.2306035156,44605.2999414843,140639.335001013,107082.114476778,55173.2759923743,35914.7643629739,23355.6170649524,45255.2040695192,139099.546023755,106430.974430889,55159.3447596977,36023.0309836554,23499.7013193962,45902.4512383299,137514.983121163,105734.782721714,55120.0958506975,36115.4550117713,23636.0378395603,46556.5049740258
779,323720.03610462,107635.202242751,28463.9155140933,12814.2334419223,5755.71513212262,8171.1212376866,305566.286084923,103487.23976933,27362.1992884036,12408.66243048,5588.41190318717,7950.52269076677,303969.316913363,103043.055212478,25677.0756019626,11850.8211215269,5501.39645753435,8055.09259519029,303218.62203989,104408.649974892,25717.1285727349,11453.4679745676,5208.96636267343,7934.82282814973,302413.548743683,105326.309368391,26214.2632345959,11605.0137312823,5178.69812571761,7818.12157873024,301353.320857055,106094.640760317,26673.2977190868,11848.9676403742,5278.93502883046,7842.51731521079,300176.402883376,106770.356177759,27107.5600276676,12096.50119597,5406.21963287674,7954.36625287675,298903.415415016,107396.450357272,27524.196052796,12338.8563704332,5536.70122392431,8100.8740775032,298095.433595336,108027.372970203,27938.6658542283,12581.4658976512,5668.75528575025,8264.14026412444,297162.683513307,108685.865498878,28328.5947799787,12810.088733872,5794.53349888942,8426.12912052811,295975.927195336,109283.517894503,28726.7474405069,13040.1065477024,5919.51015205066,8585.50047202639,294550.257562,109808.588333057,29119.9790238446,13273.8063766094,6048.11869251941,8746.82654489861,292900.726741491,110262.36048082,29504.2836435513,13507.3028790474,6178.9586937574,8910.84344132504,291740.807907209,110716.783828272,29890.9365738492,13745.7038221388,6314.1316532215,9084.79597690685,290355.432703419,111187.711625054,30243.280778564,13965.4128161116,6441.18490326322,9252.88391765197,288597.76444662,111568.98212234,30604.0395112446,14185.898517879,6566.71437330261,9415.87478586603,286603.921582996,111862.044361704,30959.939964423,14412.2156663515,6697.51454280375,9582.33860407913,284372.523511138,112074.317616958,31300.6776912181,14635.9245055076,6830.07030974432,9751.90957366235,282713.952335646,112302.571222666,31647.0487156123,14866.0492527038,6967.82064943626,9934.13910565806,280861.774293564,112550.373394261,31951.2826100412,15072.4513493052,7094.74399996637,10108.2829246422,278760.821632156,112722.226562198,32265.8582011574,15278.9906502096,7219.06839399294,10276.709166672,276340.267346823,112805.506680074,32568.7818668154,15487.31422204,7346.40266670008,10445.365415342,273647.637903872,112788.726843525,32860.0863803308,15694.6764586382,7476.04210643123,10616.9858568798,271378.994946581,112770.907339257,33154.0540538802,15908.875808081,7611.92796331824,10802.1647120749,269089.756766207,112772.063032786,33410.3497190415,16102.4776103842,7738.95029620238,10983.2957460144,266374.345223651,112688.5195834,33657.8382439326,16285.696157605,7858.36480182914,11153.5230700246,263426.496189701,112500.593366233,33907.0536395341,16476.3695467762,7982.6908800888,11325.8024301738,260521.346573017,112254.627732894,34142.480367599,16667.6960686315,8111.3363355731,11505.793453628,259176.211761023,112213.528345247,34407.6847042409,16876.073459602,8250.9157236608,11714.9430322327,258029.880011203,112343.186598801,34598.059143549,17030.5146946809,8360.63348706718,11898.5969877319,256725.983516421,112461.886428168,34816.796687016,17178.3465495007,8456.09006856762,12056.3727212808,255189.325228216,112515.718895322,35039.3123511697,17335.7836926627,8555.63345490178,12206.0849429414,253369.885644255,112477.333700775,35249.4359311491,17493.0626786128,8658.30483050815,12355.8374859991,251420.477319061,112372.928443695,35451.9965795397,17651.7413902063,8764.68464786923,12512.1359112422,249348.488204752,112214.197843429,35637.2108969609,17804.9702675064,8870.70804466153,12671.8778986747,247181.01706514,112008.731736915,35810.6009572325,17953.1584094637,8975.30405110689,12833.2729133562
780,365187.066850086,76778.0503820545,16543.0107260353,7223.939657559,3362.83266611228,20497.5372987246,349580.273461489,73231.2191265728,15944.9496411023,7113.81787690589,3339.49406367569,20351.9318391714,348333.557811138,73965.3076523451,14511.0719864966,6456.26245023532,3131.07356558413,20468.5479311127,347789.028923104,74784.5916896798,14651.6220629458,6256.23291627149,2932.38795396881,20522.5902744099,347226.940284332,75406.7806716465,14865.5634745865,6319.7262306938,2913.91176980508,20654.0098229834,346385.941496148,75978.2932392346,15057.036718188,6402.19470854577,2941.17533449921,20855.7166176868,345447.87958506,76499.9598681146,15240.9193761338,6484.11624791472,2974.48890379573,21083.4498489456,344494.377667955,77000.6475569741,15418.9293832713,6563.98336437001,3007.9339320159,21316.4536334493,344014.442669008,77497.8279527156,15591.1547524141,6641.79542859634,3040.77523018839,21558.4438318387,343328.472118139,78023.8450179988,15758.7339566466,6715.67810610439,3071.5113368752,21792.3710689468,342394.511033926,78512.0346533012,15934.9121398219,6793.42862612199,3103.28902533986,22017.2164400087,341208.423578152,78955.7356175246,16107.3940891969,6872.23822108729,3136.35258104569,22233.4945264147,339904.386999753,79361.8767036471,16276.9732421495,6950.88849022506,3169.96417095064,22443.1619873942,339064.508837566,79756.3018140225,16438.2461157444,7027.27023984291,3203.25923182546,22659.9664343193,337920.415351605,80175.3626367823,16592.1004943514,7098.00112831798,3233.70375373316,22864.8466183584,336417.182698705,80542.4182403515,16755.2203961387,7172.86748862977,3265.15194893656,23057.1167236511,334645.610001255,80850.6729371151,16912.8130474444,7248.6748043935,3298.02982717618,23239.7854507935,332762.14646938,81118.4216161393,17065.5581966292,7323.45609470221,3331.18091542761,23415.3171005671,331435.968443329,81378.5514380015,17208.6683745406,7395.30648176117,3363.68646629996,23600.6443928527,329832.64351162,81672.3083650501,17342.6924325988,7459.99100033866,3392.47371475594,23773.1076329275,327972.205909879,81916.9751212792,17487.0702697098,7529.12999610075,3422.20675887245,23934.3282235027,325770.713269677,82108.2390040625,17625.5619761396,7598.90928686075,3453.23966259062,24083.2328737873,323397.021145422,82246.6434674924,17760.6631048263,7668.69414085571,3485.0213404303,24223.1412536932,321442.806528939,82368.4188928162,17886.1234250319,7736.02870838278,3516.60743829945,24369.9182367356,319353.074865187,82512.4612269124,17999.8253452569,7795.71246232164,3544.53958229723,24506.9942862488,316836.966699408,82612.8469335488,18120.1918861375,7857.27170847614,3572.20134522047,24626.6114974441,314097.660117134,82644.5243562879,18238.6704152234,7921.68373324987,3601.98118634834,24736.1463730131,311660.88821516,82652.8209538962,18351.6949351719,7985.71219155387,3632.84604954845,24847.9397918789,310739.508895444,82740.7046504685,18451.3318222791,8044.13513995904,3662.08596168364,24998.0000397835,309863.171771259,82971.028407768,18537.4375705763,8087.34297419586,3682.51114770266,25138.6953054759,308816.400883311,83187.6040140803,18651.4311521256,8139.9536499754,3704.1416623457,25267.692185562,307488.164488441,83360.755672301,18766.6361657718,8198.44740363119,3729.91411913715,25385.9668199081,305892.002459569,83482.0506582669,18878.5029957322,8258.1541409228,3757.83410157038,25494.3932956103,304156.064809077,83559.0244285422,18984.0639810787,8316.98077052841,3786.50385655835,25596.0600775816,302292.59352736,83604.7999470828,19081.6245729804,8372.88202366064,3814.46763376533,25690.2377273709,300318.951450898,83620.9110299982,19173.971638956,8426.54516270446,3841.54526074705,25776.816842842
781,153932.660613093,129550.08143469,73208.1040693604,49699.2285378712,33534.209065706,76596.4814205341,135248.91337029,116754.302608897,64500.4732318499,43823.8578513672,29682.1508911493,68744.7862557997,127756.149459745,111588.270851307,61601.0453572859,42021.4290966681,28540.6298144815,66340.4503620781,134777.523590582,119411.545049895,66855.7143016762,45530.2194721897,31058.188976149,73217.1987330839,127301.742242337,112112.501393158,63274.5627065665,43372.4428662249,29655.8332204638,70737.9335904669,128232.028818307,114809.272194019,64934.6682467441,44611.5338865529,30627.6397382893,73842.7605542927,127054.660991535,113995.111949364,65392.5687428884,45087.5596676356,31030.8131378332,75588.8737906352,124433.270084669,112261.417935506,64723.1180124832,44896.9082133034,31050.9191182877,76376.350088326,124207.438285015,112784.788065907,65518.267595761,45612.529930536,31686.3472454894,78824.8427800733,122736.980112495,111832.372694388,65430.3280994865,45753.1070413728,31913.7837104626,80318.4553730507,121314.967793276,111188.66556354,65410.0284717399,45913.8191586107,32156.7057748994,81877.0036270058,120169.584569777,110758.362917313,65628.6970058509,46228.6675817916,32493.3668319867,83689.2783572721,118545.344352109,109803.218408276,65524.2318607744,46342.9634596719,32695.7130274244,85156.3061358741,117341.632549011,109151.339613298,65559.3883073823,46555.1656775651,32975.1261126012,86858.202219339,116208.424325331,108600.801875676,65605.0894654617,46763.5613143704,33250.9265653449,88605.5048321335,114678.960985287,107707.41515221,65458.5428407852,46819.6975974578,33409.3782633064,90059.1772429749,113161.303503537,106848.192458574,65361.0920086269,46915.8146098172,33593.4529418968,91575.711602236,111575.573025625,105882.182643299,65217.2613811319,46991.0710429078,33768.3168512077,93080.5092897729,110193.17676689,104938.911755373,65051.8626656265,47059.0029937824,33945.8187005067,94633.2293519317,108940.049593953,104197.529571397,64923.783854282,47139.3961777821,34133.3126285124,96275.911085342,107433.805210708,103219.820185641,64677.6017954863,47110.2337138426,34227.9856814739,97681.047613905,105834.95507132,102187.266673402,64413.5495571381,47073.979564206,34312.4916737932,99041.0277321293,104159.118139848,101064.138287198,64120.0175352406,47025.0206594694,34391.5246442053,100383.738838084,102623.981225805,99930.5639660278,63802.4138422236,46970.0859098647,34473.9978377505,101764.136833368,101249.150262032,98976.1875748887,63517.5802392214,46931.307387868,34572.3372098042,103250.222755262,99640.5157812046,97852.5075686714,63130.2838635271,46792.9103564206,34586.7486268855,104521.970895222,97878.0811652874,96571.5887797573,62679.0244941234,46608.5180723568,34559.6750385962,105656.749188033,96221.3124604383,95323.4090157191,62255.3461192277,46457.415391396,34561.9293450598,106879.933313738,95216.81674865,94395.9956996387,61962.4787192951,46408.7015746841,34647.4346346682,108404.067647078,94595.4126977554,93954.8068367665,61794.8066365266,46416.1276168883,34768.8628450379,110110.312579895,93709.4826837558,93308.2651152672,61521.0644561284,46282.1219125186,34748.0057375958,111338.352477564,92722.2779708901,92620.8148072703,61267.2975311383,46163.3484957052,34716.6438525675,112388.778962135,91724.3881212819,91936.8195511096,61067.8596506626,46102.4733760991,34730.4973322438,113457.515562143,90603.4196029473,91093.9718905215,60778.8399117272,45995.0867317819,34721.4400525686,114390.605739942,89443.2114495198,90205.9074772196,60444.5417520133,45861.4782024105,34703.7821805821,115298.759779741,88293.4138231488,89325.4874639479,60110.0502299767,45725.9135657446,34688.4898958161,116250.810370183
782,269373.559821629,69230.5513715155,15347.3573648502,6599.99997477916,2943.05381536815,11182.6775121063,252952.5620063,65611.0128105949,14768.8154466533,6514.9284365023,2937.07018302281,11075.4907351662,253529.028198809,66973.1885106417,13859.1497376043,5977.03612659137,2751.50513119229,11204.2770537438,254137.592795201,67914.5308098961,14146.9524025297,5923.33762818941,2626.55506190696,11226.3293172579,254472.411082105,68704.4880837974,14421.6911259706,6033.92251901668,2644.26465632599,11316.5567354943,254608.826326238,69452.66850922,14678.422141235,6152.31264456396,2692.7884969703,11468.7899295209,254706.590051489,70169.9679696133,14929.4818628851,6269.9036688374,2745.10258656926,11644.628346058,254834.20319999,70873.7184159368,15178.1700593811,6386.70123413944,2797.70367815167,11826.6886767085,255270.336617583,71578.5747008693,15418.7880907204,6500.74744147682,2849.40404140839,12012.5671670444,255507.589354964,72305.3242232757,15659.4823164854,6612.50572759099,2899.58759575535,12193.0856566117,255594.390162587,73000.7550383065,15909.3941502826,6729.60182332509,2951.88003403114,12370.9656689741,255496.551887135,73668.4124734786,16158.006123006,6848.7705708208,3006.11059612871,12546.6746435168,255375.748128619,74304.7224729624,16407.6244271514,6969.77096556927,3061.82576302951,12721.5339985903,255548.686249849,74934.4188483512,16645.1093359809,7087.18639186282,3116.78446467269,12899.1043012997,255438.437528119,75578.6221593182,16879.9577526108,7200.37162017865,3169.2895202448,13068.3072909385,255088.115910364,76179.2223120223,17125.6204877725,7319.84567571625,3224.23395317926,13233.3243644177,254556.508450118,76738.2355285493,17368.7281962647,7441.80901851828,3281.63360576303,13396.3502878928,253998.539007466,77261.0255203691,17609.6781082985,7564.33850975559,3340.18181419101,13558.1146190546,253785.24904646,77777.9200495223,17836.5795384854,7682.20048225031,3397.44475835103,13723.3564471829,253287.751374501,78308.6024060635,18057.4596950283,7793.55637688021,3451.02915844447,13877.9835322639,252606.767787002,78794.2822407836,18288.639268319,7910.93557825533,3506.78872095008,14028.4128520184,251668.484481396,79237.3813748089,18516.6863093345,8030.2601992621,3564.76660043811,14174.5419064615,250658.786726001,79632.5733158857,18744.0078545782,8151.49296744581,3624.62471105546,14319.0324366651,249903.62685679,80014.8996048292,18957.9095494098,8268.88351289976,3683.89406748226,14466.5925721721,248972.491010852,80399.1542757643,19161.0243661939,8378.38775704954,3739.16717538215,14605.052704329,247718.628482829,80739.1550921034,19371.5528971892,8491.29770921606,3795.27456272106,14734.8902026652,246299.228530257,81022.2292205915,19582.1482506209,8608.62138898443,3854.69336987906,14862.3201791848,245206.605739572,81273.6236582846,19787.1196796084,8725.99438294626,3915.68724526844,14993.6299799338,245103.490632253,81594.6365258083,19963.6589727912,8830.51663992599,3971.72058937515,15139.8547690302,244851.970373535,81982.4937452257,20120.1873017673,8913.64453500209,4014.79825484835,15265.1655659372,244461.548144473,82352.4610570691,20300.7400814697,9006.04829826271,4059.23223441227,15382.8610027888,243850.019073905,82681.1094009718,20482.5019762913,9104.09482815507,4107.87578662886,15496.2248898012,243056.749942476,82965.5692737105,20662.8256309703,9204.50496830006,4159.29974720117,15607.4912332672,242144.589665849,83211.6604876645,20838.0239136563,9304.89276016638,4212.00763218843,15717.0924263058,241138.351367756,83426.2373028567,21006.6335784874,9403.33725059369,4264.59150434648,15823.8742415162,240030.196775825,83610.8019090207,21169.3966649864,9499.6639261582,4316.57562742792,15926.6539602779
783,327132.45409908,75857.9453581775,17274.4572067859,7572.73187753035,3456.31825443183,15557.1540184823,309755.210457131,69366.7585111437,15999.2700495485,7214.63089510825,3335.55545457477,15167.4718368133,308818.994331031,70228.3745165745,14227.0404795212,6336.59501548802,3036.25143466578,15213.4958762942,308783.987072811,71216.3889300557,14296.7240245187,6055.23570834221,2778.26218539436,15172.9310510439,308601.487658169,71955.6766299579,14535.2854035572,6107.77904867494,2739.17701962817,15218.5027647509,308162.35329563,72616.3306336388,14761.7571814645,6203.88661154344,2768.14474475805,15359.5277301993,307674.682918249,73235.6361978069,14980.0756494502,6303.3887835201,2809.50540178162,15543.9744751078,307192.786001668,73833.944181782,15193.9308870763,6401.79384563678,2852.34084480175,15740.9309484157,307163.796626258,74446.1019401764,15402.4712447447,6498.65293799654,2895.03019689487,15949.0789758985,306880.309311935,75070.4167253221,15607.8549245143,6591.89546153208,2935.6568720312,16148.7242007612,306395.928292375,75660.096500618,15821.1324069704,6689.59233207035,2977.89374198857,16343.3373319751,305686.039195376,76213.2193737691,16032.1151609757,6788.7687178628,3021.67557826679,16532.9269596114,304944.819846682,76732.9936163988,16242.2299094188,6888.8731206892,3066.51884949353,16720.1123948574,304624.693613835,77264.4819028808,16444.875185403,6987.04222259891,3111.22788641339,16914.6124368677,303943.178291534,77795.6690661547,16641.2660661708,7079.79627726651,3153.00295315912,17095.859262731,302965.807858736,78277.9125457276,16846.0333950313,7177.37495536899,3196.48602412615,17269.4777632904,301751.634821383,78713.6321844867,17047.391665204,7276.63452142967,3241.8362083892,17437.8171416538,300512.657471227,79111.6616741029,17246.0006353457,7376.11774388951,3288.08227603209,17603.5064420887,299768.007260394,79528.5914311051,17436.484076479,7473.24539944497,3333.99937761287,17778.8886286799,298673.653159183,79941.2972044498,17616.8342756719,7562.54340443398,3375.72060164835,17938.2745768482,297376.491661566,80312.9100111631,17806.0698481803,7656.72187101195,3419.01767994262,18091.4035810877,295742.797624043,80632.6768202132,17990.8300297321,7751.81787014157,3463.78317680811,18235.4302217283,294010.529110655,80904.7495842321,18174.3074700619,7848.41352739271,3510.11381298503,18375.6751430859,292683.455839069,81184.6777925596,18350.6074842982,7943.65786478365,3556.8522194936,18524.5517686645,291140.817649601,81458.3385910097,18512.7408896854,8029.97530084892,3599.24321214711,18660.6808200099,289181.738216355,81678.0681279258,18679.3939272331,8117.90031265325,3641.51608178682,18782.3102620085,287057.123419482,81844.0586878874,18846.8301773075,8210.15636967219,3686.79964022293,18899.9867330731,285320.628403344,81994.074718845,19011.3776220465,8303.3650207131,3733.8929289319,19023.8097369765,284965.123059272,82267.9146868911,19164.896236809,8391.505226681,3779.50329648174,19180.7598095242,284394.480520098,82582.2281554089,19291.1146962571,8457.10958899992,3812.36837020547,19310.9213705157,283660.158258214,82882.2623760097,19440.2561934931,8530.87403838343,3846.18939448521,19431.6779832654,282656.021365241,83135.8842307463,19590.120693983,8609.78825036146,3883.74912927337,19544.2952045805,281427.238919169,83343.3003816541,19737.9713700977,8690.66065376895,3923.80125542061,19651.7395719008,280074.527045482,83513.5170284591,19881.0804460196,8771.48372724611,3965.0267697602,19755.8480944882,278609.431824918,83652.494839918,20017.4114209341,8850.13142190193,4005.9476564616,19855.2466591295,277037.135886927,83762.2355281883,20148.2291116621,8926.6890684787,4046.19519540124,19949.1457635219
784,295629.411970316,66414.563880188,12291.3856513839,5106.45087755348,2296.96036561831,12866.4526808096,269997.983533237,61574.5898999323,11714.5603286021,5002.58806660813,2278.22363271085,12612.144680987,270465.725382705,62566.8155743669,10984.3819173901,4624.77633866796,2149.3939990575,12808.7585417395,270637.018369011,63315.130291854,11143.3510410264,4543.22405745513,2049.49275935056,12913.6530188072,270692.296336383,63870.5094419428,11297.4839752171,4594.93408138349,2048.6032339929,13060.1534371597,270496.088153864,64382.718809801,11430.232357221,4647.99749172072,2067.21104209519,13241.4403749615,270304.357120001,64874.4780764289,11559.5293498971,4699.7592520413,2087.51980275982,13437.5228710992,270121.439585347,65352.4829809474,11685.2790252345,4749.90009153708,2107.30988566741,13636.321005907,270369.239557579,65863.3281819483,11810.6891344716,4799.83153562886,2127.02993810984,13843.0253992868,270400.749134989,66370.221432002,11931.9096068704,4846.7075741309,2144.99590443542,14040.0825392281,270287.196931198,66852.6050248008,12059.3826900875,4896.65568304202,2163.96862651687,14234.4164478098,269989.457677562,67303.4584893727,12184.1425628753,4947.02119693664,2183.59927148549,14425.1655057321,269645.59821632,67726.8304934163,12307.8151122522,4997.52869795763,2203.59939384329,14614.9862814283,269742.935071274,68183.8694927478,12429.0983718633,5047.50378078418,2223.7266804522,14813.2425212393,269517.700578692,68620.1511575136,12542.2445191108,5092.40630485183,2241.21058261448,14997.9274007474,269010.93602985,69013.3583816568,12661.0489680451,5140.07928219707,2259.45383154147,15176.6354156011,268389.6624481,69373.5616838805,12777.9139670124,5189.0000829596,2278.84476648437,15354.6220959929,267674.964100567,69700.6067591634,12889.722494937,5236.26774972897,2297.88932606071,15529.3392049031,267504.028299642,70076.5484336365,13002.3191446423,5284.03282307592,2317.35067110632,15716.2032010041,266989.80077406,70418.5456727493,13101.5629760379,5324.41657475242,2333.13709255879,15885.4288338199,266274.559965605,70728.7902019481,13207.9490516776,5367.92481209205,2349.71011047472,16049.8761609097,265313.882435262,70992.6417337433,13311.0936911983,5412.07024877898,2367.09740306731,16208.8827623121,264219.613555727,71216.1867863657,13411.1567264785,5455.90535445385,2384.79581944438,16364.8090506615,263584.190647257,71479.1702951178,13512.0547736104,5500.63367383491,2403.26509375807,16531.918852773,262731.801884386,71713.4260493442,13597.418666654,5537.3960377861,2418.01089222671,16684.4318186141,261491.750174788,71893.1340435801,13684.8767067372,5574.43246572377,2432.15720458032,16824.6717621616,260128.200173436,72036.7824078195,13774.4862422545,5614.69035824076,2448.15510995636,16963.910407299,259055.444027751,72188.8487259453,13864.4022981796,5656.17237868474,2465.34832670355,17109.1545840536,259345.271954047,72505.1735119478,13959.9235621332,5699.30173940136,2483.54979910951,17283.9682117076,259283.477601666,72785.3731163312,14023.364055395,5724.14633903889,2492.636413655,17424.467215265,259018.306034886,73054.802526672,14107.5160042008,5756.06994649997,2503.13384625837,17556.0611291864,258530.617555391,73280.7663209768,14194.0570348067,5793.03833661742,2516.85278951246,17682.0439565365,257845.44816872,73468.2179224999,14278.3277962606,5831.00748794662,2532.15185768562,17804.0552070115,257064.119355613,73629.1117096991,14359.9079806915,5868.92366009961,2548.09662897001,17924.2423823045,256217.773475313,73768.4206467717,14436.6062608158,5905.17244497996,2563.65344269475,18041.4743300398,255280.211095615,73883.9628910043,14508.5211535872,5939.3453329674,2578.3381913825,18153.8871887658
785,189883.919915484,128798.253671084,61446.4207747268,37871.6895762715,23222.916104549,41607.6713315828,157243.454194488,110903.013449529,53648.5597734906,33202.379839599,20441.4476935871,36817.705969298,164717.728140576,117833.582244612,57603.4337858317,36441.5228975318,22807.3348438545,41556.5686931281,157702.966440997,112257.9758031,55039.4892767971,34929.5882221935,22134.1957548736,41535.1699267619,159453.399788878,115478.378937466,56728.3071608876,36009.9586697706,22890.4771641642,43970.3043608657,156156.773779959,113453.549867494,56437.7197200922,35924.9317616136,22861.0001305091,44540.4229032893,155541.621453199,114172.215290912,57217.1769449888,36607.6115226381,23393.2280816476,46055.9443405519,153493.502314309,113332.49881375,57364.3764183034,36878.0332275162,23670.3542106295,47086.4035351584,152450.71959305,113306.805217115,57798.4900379647,37345.895997217,24089.9091804874,48436.4242259069,151143.401917213,113021.019153258,58083.0536058008,37698.0121275957,24430.4251793141,49674.2328168763,149650.905904293,112662.860698615,58323.2859376413,38010.3213265277,24738.3671164583,50857.711967216,148150.363925698,112302.912352041,58597.3992002238,38348.0480605193,25060.418934576,52069.9793789621,146424.489706007,111730.170859598,58770.3486612151,38630.6367518762,25351.5125345792,53226.0506181177,145148.198045253,111344.916201131,59021.4268402099,38971.0493892002,25687.0246539369,54503.5822057325,143737.289858348,110918.507474744,59181.2520795333,39242.9564491248,25978.930748166,55726.468591631,142049.938402027,110319.464365336,59277.5693940692,39456.2033429325,26223.5040043118,56861.0009569673,140318.270244605,109692.755292171,59391.2092737882,39690.7323681642,26481.513472169,58022.2611298323,138407.872783546,108888.225802827,59419.0401633769,39879.9709457138,26716.1494422859,59145.7803081911,136922.66459086,108236.12155114,59505.8689398146,40115.5051403216,26988.9400612643,60389.6202077808,135410.047463779,107625.253318928,59532.8111323338,40300.1040576443,27228.8609039954,61606.0563996765,133640.467316773,106832.193941874,59480.8005109426,40410.6341621706,27407.8869236194,62700.5731158274,131822.557236651,106035.112265348,59451.4972672604,40542.464386454,27598.0833342598,63812.7912337484,129793.46113432,105039.125024639,59334.2571742032,40624.8780845058,27759.299371588,64861.5117727846,128061.566182422,104136.249935245,59253.5488070463,40742.4594757609,27952.2570691899,66011.6818538168,126411.635654927,103314.992995395,59147.8917082417,40836.4054655876,28132.5161912177,67178.4454970492,124443.139583271,102295.166659887,58931.7890454021,40834.5537267974,28238.2634401616,68191.6027502348,122405.647117375,101221.059924103,58723.3375829095,40840.2607099167,28344.2623639467,69200.9375534211,120426.432708154,100096.84918765,58493.9715772205,40844.9895609412,28455.0294095285,70228.825429474,119342.671818581,99350.8511533702,58407.567069055,40954.431089983,28646.1568311141,71496.6209874706,118568.198099898,98975.7266694346,58348.8662489269,41047.9489993356,28820.5009255279,72776.9565577498,117459.436430287,98374.4337689232,58182.7594719146,41009.958306043,28869.8249437269,73716.0507825902,116367.104697758,97863.1372806733,58116.6956016978,41043.6566169735,28952.2241089372,74640.6569787517,115129.042333647,97214.2105891569,58015.7360638906,41069.9352309937,29032.2253104923,75480.5035544224,113771.086120394,96450.9439191137,57850.2745548869,41066.7563663891,29102.2136663861,76266.1358799015,112420.159618834,95687.7089276108,57682.1514180884,41066.6002043348,29182.1216947079,77091.3952143913,111013.45727776,94859.3898771929,57470.0681198082,41036.4287042177,29244.0969243232,77898.4349771856
786,315135.136079028,117675.784589648,35226.3180872868,16897.7301999654,8046.60237824786,10993.6690863342,298292.825107091,111330.580691403,32496.3859962258,15647.7680856123,7470.00167251694,10409.0223964659,298638.659886785,111778.974977582,30983.9483530079,15105.8971459093,7344.33229659029,10459.269348326,297284.114753098,113293.452595412,30886.4795702593,14582.9888673354,6999.800070009,10311.3257383105,296179.32494491,114340.482364868,31508.1253069197,14763.8745076957,6956.07362201804,10177.0692096499,294926.060016131,115196.347634755,32086.3017810476,15085.0085132136,7092.01286290066,10214.12350968,293553.292880386,115930.364523351,32621.9628640381,15410.322643209,7269.9721301321,10375.644783145,292083.760176064,116603.606526189,33129.7164841237,15726.1609772764,7452.57698631058,10593.2273940205,291075.451291547,117286.267734939,33636.6377426365,16042.103903874,7637.20544697571,10838.5284142873,289926.168736107,117957.038920046,34103.6954745645,16336.5595719588,7811.92187051039,11083.2060423481,288560.445049878,118580.91489851,34578.071150052,16630.0986430353,7984.12172307957,11325.4054594514,286927.844304224,119112.401968812,35043.9452939209,16925.8204101549,8159.0676334846,11568.8376858959,285106.526419706,119569.578307691,35500.6036191017,17222.2246083348,8337.33706320691,11817.5031174502,283756.820274568,120031.936502016,35960.3553968631,17524.8513182724,8521.45326932148,12080.0885386611,282180.241556351,120475.972534466,36372.0221028662,17801.58350451,8693.98190882086,12334.8550845729,280267.958022756,120843.166870273,36790.2837625032,18076.4289320586,8863.05989442285,12583.3946628669,278094.116305659,121100.282452618,37200.9132565735,18356.0930705229,9036.83574684993,12834.7672079667,275727.337394249,121275.239694546,37595.4613554959,18634.2037348476,9213.79599629755,13092.5415240631,273892.398515768,121468.562857908,37995.0180383154,18919.2786608625,9397.21818631756,13367.2965314701,271894.49032438,121656.535452801,38341.7530500847,19174.4729889166,9566.60517656178,13632.5821918318,269653.113855712,121778.389406188,38694.3822814238,19425.503635329,9730.44408382142,13889.4579623459,267092.101912093,121787.524319103,39032.5032321214,19676.8729423136,9896.14608385798,14144.9395216457,264302.988299576,121697.804752478,39356.3340574927,19927.2510586793,10064.9566498142,14405.6837929117,261891.366906621,121604.303468202,39681.8238016981,20184.6301643753,10241.0143744539,14683.8996257813,259464.815889361,121511.526639286,39962.0891189212,20417.375387648,10406.2815869658,14958.2328715808,256662.477815073,121334.819845738,40226.6046851972,20634.2881413462,10560.4451512169,15218.7515566201,253613.157829899,121043.863292033,40488.6874683308,20855.9923880206,10717.7316252786,15479.4678628383,250650.029970263,120701.032912017,40741.3326440466,21081.7837861947,10881.7198133941,15752.2754850249,249148.815917928,120580.177426995,41029.9588831025,21329.6627758442,11060.8044020029,16062.8599663342,247904.120836691,120634.403682591,41237.5825385365,21517.7641897196,11205.7974341253,16344.6284128167,246525.900615273,120694.82068591,41467.4965036783,21689.8626017098,11328.4219595457,16587.2185302077,244903.915490643,120678.707787453,41703.1496262729,21871.3478387094,11452.8484517979,16813.1152654547,243020.978170012,120563.257536888,41923.8686395282,22052.9118631502,11580.846760802,17035.8917610676,240997.384123478,120371.484505424,42132.8532260104,22234.5964363089,11712.8592053683,17266.1861829943,238874.345360437,120120.216375945,42321.8301654419,22409.9407818815,11844.6591217366,17502.3025113842,236650.865474292,119816.565099089,42493.2434146586,22577.0809641362,11973.6952315109,17740.8545684208
787,260772.027292959,135117.693925219,55823.5352503788,31843.3743010718,18024.5012516111,27388.5337614925,223611.354260871,113660.872676899,46025.4955386739,26310.3722722996,14929.4256611481,23014.461347806,240674.693065516,127269.799442323,49489.6041990428,28383.3864729431,16270.6437922335,25357.1872616535,227469.359295667,120224.5014331,47249.395049319,26667.2644543262,15186.5628219382,24099.4655744635,233126.004358008,126077.489128302,49738.6499805286,28069.4568660604,15893.5854795528,25164.4731080338,227119.242138286,123316.424783783,49483.7450690467,28018.3684445555,15865.9099389154,25022.6582664796,228104.896970108,125603.022036756,50777.0427890225,28940.8719631011,16473.5256255862,25953.9019273651,224727.873621818,124585.024082917,50974.764091908,29198.937036363,16705.7999289068,26438.9232393338,224525.440510314,125692.11696452,51838.9744408754,29861.3670341575,17179.9375817272,27363.0586468215,222346.863670736,125389.939122334,52184.7234542912,30198.4872752891,17459.8108744289,28033.4081825702,221173.060696226,125907.970929101,52818.1047664333,30704.7515395401,17835.3009532449,28861.8410093843,219018.058676934,125734.812670975,53232.6247582755,31083.2967616294,18135.3157880111,29577.7978204333,217281.183356172,125849.781449549,53753.0069575367,31537.1568192684,18485.4590574169,30380.728219114,215712.181593511,125835.426845749,54221.0765767095,31964.2870701262,18824.6737207083,31188.9668316573,213951.755677796,125806.056781962,54617.8827198899,32344.4210785217,19137.9075509218,31975.9887377847,211918.378382006,125664.113775335,55004.7834948127,32708.4785823268,19436.1820364271,32744.3144173046,209696.425402535,125405.117607778,55369.9632872183,33071.6176707063,19736.2020205804,33515.8178426109,207379.210065,125040.165612643,55699.4258565249,33423.4014551711,20036.2067884546,34300.2407612378,205631.050459432,124829.922092455,56074.0794227819,33809.1451581017,20362.5420679579,35155.2927001103,203531.313704736,124457.836592492,56313.2854145436,34103.4840194789,20634.4700908692,35945.1215701388,201357.831661755,124098.652307588,56582.8415498081,34403.9672326022,20902.9730908091,36734.0838117998,198881.633413152,123552.31770148,56798.2558574057,34680.2752489262,21157.19883128,37496.2450863003,196280.15347913,122913.93825676,56986.5293109747,34950.0052360469,21413.2002494292,38269.0458825016,194112.06722896,122369.732516242,57208.8228615698,35249.4880187015,21693.9525039124,39109.3916960153,191800.887807909,121744.679254306,57329.3995831464,35480.8711558388,21935.5838038367,39910.7345657164,189188.123439288,121025.122911338,57415.6978643862,35676.4704372077,22148.6612623855,40672.0230397493,186435.073420159,120195.657624344,57495.6460555585,35874.8338233117,22361.995274554,41431.5936583423,183881.811312356,119337.849826085,57565.5182887484,36080.7339966998,22587.2098354548,42224.205172955,182684.829777577,118961.941376775,57778.8276655907,36380.2629684811,22877.7747667755,43174.8745170608,181400.687964474,118587.617552489,57827.6049739254,36540.9693269712,23073.9479424819,43985.1432302426,180076.702096632,118301.682973017,57933.0324975117,36694.2486685943,23239.2612640196,44711.9076377102,178549.110426979,117909.508648436,58042.0369975954,36853.1006905706,23396.9658026442,45367.8952468167,176813.956776277,117397.54964925,58117.445702663,37006.0218713286,23555.5433416055,45988.1565068787,175009.651622943,116826.769924528,58178.7596286438,37160.5802462256,23722.9277475012,46621.5403692755,173115.978514593,116177.651065723,58199.6388489595,37295.7219899255,23884.019805116,47258.2006507527,171164.383275489,115482.484867405,58192.5335727066,37414.0367457447,24037.4042892209,47901.2362488462
788,322885.318435423,105629.447952279,27827.3819250222,12633.7096685826,5696.69733312755,5163.46043224188,300393.000177425,103790.932002195,27744.5570744899,12726.6839937396,5771.87495767759,5226.36099617764,298965.141804285,105020.243494698,27724.0766548005,12825.5606322158,5935.55293837889,5513.82796098443,298669.473078792,106143.530809598,28351.8238148077,13015.3792850117,5973.31409901398,5610.79536662384,297617.226248567,106933.79841765,28862.1570276355,13298.5395867398,6097.80338628894,5690.01351002162,296342.129112795,107685.059719813,29346.4099328733,13588.7479990207,6256.06666689625,5827.82335743489,294990.493339857,108364.289760414,29817.5824858838,13873.2532954135,6417.03653256454,5997.26857340614,293553.342854826,108997.34350474,30273.3758173408,14151.6783479292,6576.6766545981,6178.80536201191,292631.80123425,109652.782963845,30730.6462543643,14432.4417313666,6738.30204635998,6368.58331808563,291500.686138795,110307.894452789,31155.8779658404,14694.2512432384,6890.85928076461,6553.16573904173,290133.948929072,110899.526245134,31590.4415257525,14958.4647983785,7042.91507318702,6736.79637685102,288509.332689298,111412.196293091,32015.770551912,15224.743726528,7198.17841038483,6924.33115883371,286729.880357873,111853.903951138,32433.1283052716,15491.2951317307,7356.170910459,7118.29776647758,285471.592450965,112318.427143487,32852.0718660497,15762.9379394993,7519.03112507981,7322.17803049106,283890.911195237,112763.082416937,33228.6242714443,16009.7191586226,7670.13890559934,7518.794883144,281984.299226063,113121.205116702,33615.6399700987,16259.1711198274,7820.51223308524,7714.15555433617,279814.672424403,113384.449433606,33992.0618480419,16512.0068881727,7975.39704304675,7915.07863488034,277491.076732163,113569.007814436,34355.1908392678,16763.197847004,8132.78593597747,8123.65252573361,275765.864283036,113795.250819317,34723.2044682629,17020.968200729,8295.97438323094,8344.55595704525,273749.110808668,114000.85072718,35040.7072284724,17248.1427240934,8444.07336026672,8555.15221657647,271525.793295398,114139.289008962,35371.5372302332,17478.0995271666,8590.69976038716,8763.35016528041,268962.290361878,114174.92623339,35683.5310010007,17706.2239302653,8738.8041995298,8973.3839117597,266192.544930442,114115.877362454,35985.13349115,17934.1123319926,8889.83580145052,9191.01769120246,263879.767824654,114076.674321261,36289.3957195253,18169.3819046919,9047.90919409431,9422.97755267267,261470.150583661,114029.424736483,36548.6555693064,18378.1581077772,9193.54693421455,9648.65969509583,258640.550607028,113890.058041098,36798.2826202293,18576.1557573982,9330.87626040175,9866.1064449219,255616.937286991,113650.722793043,37047.6811225267,18781.487544733,9473.40812921694,10088.8551052723,252756.626928362,113366.484173128,37285.6018489077,18988.3635202719,9621.07743758488,10322.8628291554,251504.476755176,113348.053538109,37561.5789113397,19217.013240368,9782.59881270948,10581.4592243697,250251.292042974,113432.11450961,37748.2982974329,19378.3544143108,9904.96990210324,10801.9030768616,248889.152582388,113523.371001758,37975.1605895242,19540.3573844018,10015.4370457087,10996.9278380347,247246.280407352,113525.00559009,38195.5037803037,19707.3970184787,10127.7646705788,11181.1453601738,245372.0691853,113442.49302106,38406.7623721306,19876.1947426156,10244.5162062637,11369.2357703101,243362.344327506,113291.973782147,38604.3282510845,20043.6861151355,10364.0522482671,11565.4394187993,241254.11603591,113088.283702934,38785.2916662889,20205.2852092332,10482.9492894402,11767.6146435418,239041.782791139,112834.960207231,38950.4312880157,20359.7936260911,10599.39223462,11972.6263232749
789,313188.458903641,118128.86919569,33593.3402299231,15868.986575945,7455.98816279207,9400.74408447353,288728.642513748,112537.651195285,32245.2206294608,15346.7830091607,7244.21508507411,9132.50656364409,288564.90898033,113310.938115441,31711.6768860147,15338.4351337853,7388.97083457114,9453.3947413092,288292.993756532,114966.362455754,32063.6326813336,15235.8384707691,7296.83068441313,9547.35649084142,287280.93198785,115930.655349499,32695.4645852417,15510.9287374311,7364.60991823659,9583.60586063828,286176.678728311,116836.486084462,33291.0844291563,15862.2571938165,7541.29929562635,9724.92146627193,284980.944842575,117646.940404298,33861.587246523,16212.2011210688,7740.18340388408,9942.21285879703,283683.209608443,118387.753245698,34406.3063641367,16552.9844798117,7940.25670715162,10193.5937970993,282862.938264212,119159.933783834,34953.914964294,16896.1422180276,8143.09603476234,10465.6423575098,281805.546622096,119875.967534128,35452.0579006468,17212.3915984769,8333.10261973598,10731.3208153078,280567.040851866,120559.00562563,35961.9070675565,17530.6192402029,8522.07748768891,10996.0206415573,279072.299164058,121142.621339444,36461.020862015,17850.0495406528,8713.48650502822,11262.4634006182,277398.654398456,121653.128418077,36950.6245434197,18169.9946273317,8908.26894921628,11535.351018681,276205.642342493,122186.886953862,37447.3599293549,18498.322969251,9110.07802393522,11823.4378359983,274707.6232648,122652.458662373,37883.1530015864,18794.0367839836,9296.90089641916,12100.5977121178,272917.770149444,123064.261163185,38330.9376913452,19090.7504423624,9481.72023243278,12374.4840129742,270872.746374221,123358.336594941,38769.8543213369,19391.7479506251,9671.00669642297,12651.986948506,268644.898446585,123567.835604005,39191.1248941067,19690.6608574031,9863.46793784346,12937.2967931531,266963.74739556,123816.916154319,39622.0807622095,19998.877984759,10063.7144422307,13241.1520068238,265020.444043671,124008.19604275,39985.8279961419,20269.483238116,10245.8666892536,13531.4233049788,262909.970129049,124164.453909496,40364.5816464477,20540.8880606233,10424.9600564587,13817.3666050876,260447.042360881,124185.489337919,40720.7875157911,20808.4344179949,10603.830818572,14100.5802584796,257776.967279451,124115.686574456,41066.0814289088,21076.7139305348,10786.7553369477,14391.4575114263,255501.823143157,124052.668012284,41415.5019478052,21353.8664564882,10978.2012146438,14701.6754331961,253158.392809568,123960.166195599,41708.6631023133,21600.1583192165,11155.6627537204,15005.1152983942,250452.137863203,123790.975430322,41987.8518926592,21831.085491752,11321.9533938205,15295.9907107501,247522.13185718,123506.771466385,42266.0889451674,22067.7662227981,11491.8152312776,15588.4646716183,244702.585412287,123176.189554275,42535.1396048409,22309.1928068866,11669.1016332068,15894.9604355096,243346.57555829,123101.268653338,42846.3224426864,22575.9477971561,11863.4460361347,16240.0267600269,242107.380732114,123131.784766178,43055.337610934,22769.6383494327,12015.8956009881,16545.5197743378,240794.969648947,123213.004989594,43301.0115541078,22954.9330581077,12149.2501364223,16815.0127754338,239217.702648611,123186.066596961,43544.6823617834,23145.5480159634,12282.042971839,17063.957849585,237401.355425004,123074.119423132,43775.0790436824,23337.5354021043,12419.3661685036,17311.5541655506,235446.701200285,122879.958877832,43993.027093873,23529.0006549929,12560.3567126431,17566.8715746286,233387.865499419,122623.91831566,44189.4585667164,23713.6467911464,12701.0748759544,17828.9330495861,231232.338333114,122313.604303385,44367.4372190082,23889.5728416734,12838.8249935999,18094.288487001
790,327932.308930222,90405.2346764422,22027.7549068015,9607.54447798841,4207.06314023166,6459.59780828433,300189.952034554,80103.8774804341,19468.8296051668,8605.38113716287,3797.63635361064,6001.34139843721,305742.684027953,81019.1578264505,18110.2810343021,8128.47573184637,3689.18253882974,6098.15856061453,307922.492538678,83072.1150240704,17879.1382432172,7605.25769421455,3368.07553536952,5966.05066520666,308692.741095201,84287.9855839165,18263.6254796131,7641.31260250967,3270.37537369212,5819.09278375295,309029.442351818,85334.571249099,18653.5477466466,7808.51852637266,3314.69722092539,5801.34755883047,309321.431478821,86331.6969328169,19036.2379173788,7994.24635520654,3395.45000201655,5869.34872898144,309548.738977371,87294.1302452647,19408.7022498605,8179.57897791892,3482.48377584066,5971.45143072878,310223.299744368,88272.4384083566,19781.356472889,8365.80665113427,3571.25690135381,6087.92919057938,310454.357140352,89176.0023940021,20122.4041986143,8537.46388142927,3653.95738919131,6200.39144867946,310498.936577946,90072.6430100594,20477.9156547676,8714.49085017029,3738.36284308727,6313.54271498675,310307.396980701,90919.7802119654,20833.9136511734,8895.64825207617,3825.77641509409,6427.86959349974,310006.739075907,91747.817787084,21193.5772773265,9081.04249022093,3916.43421042436,6545.09863388104,310171.790786866,92578.4746036661,21554.2272201067,9269.25624889296,4009.49649160214,6667.42515423776,309808.945926161,93323.3378532214,21874.5547333517,9438.72696825253,4094.75557970466,6781.18086875957,309191.577592474,94063.4449041826,22214.5011934574,9615.20553765183,4182.10034321849,6894.60761912727,308320.991287833,94739.6621913332,22555.9990151501,9797.60465799861,4273.58393085562,7009.68791244553,307349.684886594,95385.6742782036,22897.165064767,9983.2312224132,4368.38658983247,7128.21194832359,306867.394334304,96034.8309191658,23237.3607749368,10170.5986907135,4465.21856863993,7252.18288865889,305926.209267903,96601.0477012124,23532.8778860507,10336.5357664295,4552.81317733775,7366.72832636976,304823.640750021,97170.0530043618,23847.4080547023,10508.3109146933,4641.64770310882,7480.41791326804,303364.983680111,97659.2937569625,24157.4012593672,10682.9591622123,4733.11864358706,7593.61123146477,301728.765605042,98111.1572441102,24470.1653854779,10862.390930006,4828.61270996232,7710.34087799246,300472.175867435,98548.0063373688,24782.3482603438,11045.053957793,4927.31335160356,7833.36238116508,298961.837827342,98917.0525049418,25052.0673013931,11207.8313099639,5017.85540642194,7949.55150401067,297080.159273276,99261.4260680988,25326.1255616317,11369.0932803151,5106.32909301822,8061.29304083369,294978.60116165,99545.3646357168,25609.7937465061,11539.0996059469,5199.65855318346,8174.81013400742,293075.143495878,99817.3104842011,25896.6121455759,11715.8495590291,5298.65046646013,8295.48899230719,292549.474343341,100163.117927102,26177.5514017968,11891.3606032159,5398.69840222335,8427.22513888654,291820.396761792,100483.508351575,26369.797824465,12016.3751579499,5473.8039713136,8536.9957011782,291105.454202505,100889.87914467,26600.9240526527,12145.861090587,5544.48031490639,8637.46291365652,290072.324339482,101217.87706794,26834.5791472912,12281.9645210631,5618.16708303875,8733.23818269099,288802.073292535,101499.432187129,27067.9735521867,12422.7234122822,5696.43186764172,8831.77770969597,287380.404438278,101727.461594077,27297.0555170731,12564.9912098881,5777.37697640655,8933.74472997855,285822.706900899,101909.312522592,27515.8179469951,12704.755550023,5858.65263366147,9037.2644331693,284140.960563444,102050.283079174,27726.0197417382,12841.5077083633,5939.30100923189,9140.88834403641
791,228966.499456351,144988.711485489,57694.5560204437,32511.6128088047,18246.428555247,31485.4729616808,190347.300492037,120815.59746445,48067.362505253,27181.5494255317,15293.9804012551,26621.3007952078,206608.028127631,136028.718799014,53657.3858611881,30636.1526162098,17478.148712883,30586.9281190817,193651.618638868,126301.714083388,50270.0242738538,28614.8570320382,16352.1434429057,29168.4858686666,199734.929258439,133482.289285984,53372.6829329733,30373.9016201588,17356.8819377981,31143.5400365903,193478.557863956,129329.364113994,52497.1666138677,30014.2147952953,17168.258641332,30855.1356938634,194997.949185309,132301.878738995,54122.6468554299,31108.3259574066,17888.8787855891,32193.8894887301,191438.719081252,130477.60812753,54008.4095424266,31209.1772141088,18030.8777395899,32583.8179202942,191577.379463335,131871.826702079,55025.7595122103,31962.0474251962,18567.2608801029,33723.2211335786,189392.88742535,131136.022102489,55216.6025855432,32223.8059939552,18807.2556194334,34375.5549101212,188475.98729506,131694.408024953,55899.2850628462,32765.0163309861,19210.996388739,35326.3964858766,186484.32118651,131243.143783821,56228.6602567557,33106.7593473161,19494.9103324042,36063.6093946187,184959.166386042,131259.74390051,56733.4943518059,33560.4950142575,19852.7874459429,36940.9165780715,183494.102042621,131038.40171356,57141.0986142821,33963.1321306848,20183.9066666369,37792.5867048723,181999.094709096,130925.970789629,57522.7206190544,34342.805161138,20503.7293884652,38648.9235595836,180159.188865041,130584.955939249,57852.1924994336,34681.4053168963,20792.472035677,39452.4783727874,178249.867470268,130199.253282447,58185.3452137796,35035.2181077796,21093.3444512539,40276.0123721019,176160.671635373,129632.583407696,58449.6562944573,35356.852485332,21381.4924963836,41087.6761156809,174589.67779469,129271.768197549,58777.3910027796,35723.7239070185,21703.0319137816,41989.9390716205,172785.412330818,128776.287667119,58979.8869834776,36003.4733613996,21971.9295120156,42824.4612371975,170886.634969869,128263.046781635,59198.4996467125,36280.5737775701,22231.7341228553,43647.1010363974,168713.956745982,127561.008848353,59360.3801285492,36531.2412835776,22475.4221785854,44433.4618629074,166435.873541809,126750.234393931,59493.141695815,36774.7773702016,22720.6009096227,45227.1371333833,164507.944634768,126037.620191507,59651.0133758576,37043.6190682878,22988.7663372385,46091.3040646188,162528.599504962,125296.684403032,59729.0535776224,37254.7865441953,23223.2735761623,46924.983339177,160258.001372839,124420.068706322,59757.3204857978,37419.8954184322,23421.8409101925,47698.7731786745,157886.599144662,123441.310029523,59780.5837676683,37589.7021216221,23622.0395275619,48470.1709235696,155608.60945967,122402.146459248,59773.5840724327,37753.6576144997,23825.896768714,49259.1995371226,154491.856467011,121886.712709084,59925.0959250603,38020.5163486844,24101.0631293156,50235.6131240847,153427.837136636,121476.118401813,59957.1905788671,38173.3378723733,24295.8567795193,51093.8075128396,152242.784313479,121072.257929726,60015.3665149234,38298.8260573823,24445.7575934437,51834.4151657421,150945.043990529,120608.920302463,60097.6296265427,38444.7425650326,24597.7422811989,52516.1261947009,149438.456668142,119989.8467782,60129.6192629249,38573.9526751893,24744.1571627104,53144.2043798883,147879.203453511,119319.595764517,60148.3591548467,38705.767076249,24900.2687936693,53785.6842574173,146245.758854301,118568.361902812,60125.2766516478,38816.5302630372,25048.9777736054,54426.8237513108,144561.511136278,117771.166841814,60072.4702663262,38909.2952804676,25189.1133307618,55071.4825845483
792,237787.444316334,130987.486487364,55227.2407283331,31883.1924680953,18311.1224088552,28107.027463691,211390.338948967,121449.288511162,51084.6232517302,29590.141995022,17059.893459588,26339.8865283589,213991.5567933,124264.145763886,52555.6797107165,30867.020392796,18011.8596092984,28098.9229890668,210368.690008453,123055.141179075,52205.8378691999,30625.5022875658,17994.1257374312,28683.3660391383,209714.660498487,124195.722944624,53115.2512204148,31192.879144417,18337.4932259783,29611.984624616,207478.77253028,123924.680266989,53578.0343030546,31596.6951433028,18618.4644191943,30269.8852030152,205945.329638905,124205.346274021,54222.857560514,32144.5040480673,19028.6513759018,31144.6189752649,203946.747573609,124038.514356253,54676.5956441924,32585.1458474744,19387.0680307594,31985.9738285424,202634.356222831,124178.289410587,55230.720964826,33084.1371654462,19786.2126235871,32945.4729599252,201072.719469273,124160.189561315,55661.043602181,33501.5522724348,20134.9573753321,33855.5780813229,199397.951029838,124134.328355066,56101.2790468162,33911.8125022288,20473.5497214085,34761.2595362439,197536.746365066,123976.181809901,56510.518950237,34310.7537277328,20804.6725572659,35655.1560130006,195539.524661124,123721.24573367,56884.5752758819,34697.1207906707,21133.5447604775,36554.913068522,193989.758915669,123550.779608233,57290.0285397354,35109.7219531104,21483.8825148921,37514.0406448959,192271.716214765,123344.362868384,57609.2512412983,35464.2144912734,21801.0853566355,38443.1772760462,190240.089042365,122992.869351875,57891.5629404689,35781.8502107101,22088.8631858204,39329.8113163449,188099.573952569,122564.285105067,58172.9193361073,36109.7539178147,22383.742588743,40228.8521634578,185788.696633755,121988.818406831,58392.6402222037,36411.0451954266,22669.2008506568,41124.0969560257,183996.790627904,121548.951638916,58659.8600346972,36748.3443262111,22983.4890963497,42100.6252749433,182055.521388022,121078.807011311,58834.4219061951,37019.3738764242,23257.8500724594,43037.2485613095,179897.252864941,120492.689182589,58979.1098733961,37254.4244297383,23500.9134032548,43925.7868413547,177586.976775319,119833.774613855,59113.9221988142,37491.5135885404,23744.3426469673,44811.4618066018,175052.692046217,118996.036841986,59181.980094318,37696.3131314963,23972.628278299,45675.6182843445,172916.0381402,118260.231561096,59290.4482662484,37936.504349738,24230.6280826873,46621.3577933387,170787.562514838,117533.140888656,59333.2802163685,38130.1562642331,24462.3554023236,47552.5902874985,168318.281542216,116655.971193182,59303.8353261712,38259.534024585,24645.6825306677,48406.8986084293,165739.079594801,115696.207369135,59277.1015972342,38394.9033048179,24829.5202191243,49259.5786038344,163231.102420461,114668.964555162,59222.8487633087,38526.674397281,25017.4969885615,50129.2688008864,161925.993063929,114061.276991802,59312.0299068622,38756.8348572578,25276.7148518929,51177.9923268978,160855.950520286,113708.702004319,59341.3978187115,38915.9145156693,25484.6472360751,52165.270259892,159499.313993733,113231.570349294,59323.1487729169,38990.8908328402,25608.1642254938,52958.0253988264,158133.97471184,112814.957445529,59386.776340003,39121.7243714509,25753.8043801274,53726.298511303,156491.366449455,112192.73911199,59380.5031426827,39222.501281213,25883.2505593274,54410.3354861283,154796.316220035,111528.437763788,59361.1119075087,39327.7965188067,26024.8217076345,55108.3621202658,153048.186913785,110805.127019753,59310.4613919079,39418.6096963348,26163.6114339783,55816.6540706904,151225.713859079,110017.129667923,59217.9386893665,39482.8654087371,26288.1967656731,56519.4160933356
793,283114.884955706,129908.625774136,46946.1023378472,24988.0736445287,13265.0428236899,28038.8729684591,253047.325995135,117538.954802681,41963.9907289445,22435.459265057,11958.2108150117,25784.8481863128,259827.42015313,122413.518862178,42500.9577948882,22930.6069564858,12373.4066109147,26806.908800036,255006.11290182,121719.195279464,42216.6690974822,22414.4760783159,12058.7047981974,26693.7269837328,255000.398192669,123387.276481634,43182.2763156659,22885.8164937037,12214.7990679938,27009.4910776658,252889.976844265,123666.832477768,43800.6716525025,23296.6826961656,12437.5779788723,27284.4122088776,251476.173300603,124297.091398301,44470.7945006106,23781.2752406613,12747.9114209396,27769.6352991521,249706.445614759,124657.337412754,45048.7553077914,24212.8023550644,13042.1726882595,28297.2694254521,248552.263822489,125167.784013428,45653.730092391,24661.0468162453,13348.2165645297,28897.1036658541,247093.56194676,125552.538670125,46173.0068017356,25055.8619650893,13624.9192627763,29471.8492638346,245524.541589393,125933.487579499,46708.936572068,25453.0265187952,13898.9283183459,30043.7206129461,243683.238317088,126171.081841194,47218.2586619901,25843.0621408557,14170.4939866675,30604.4600456163,241754.917641405,126347.53417436,47715.4548363216,26234.1000894406,14447.1266128938,31173.3552982053,240275.834301066,126573.774625523,48225.5348293759,26638.2603256309,14735.4246111867,31780.876168062,238498.291133047,126704.19888241,48649.398401166,26990.8806376051,14996.8578054345,32355.9046055654,236476.321724567,126779.304447734,49080.9407674274,27339.5251657925,15251.9580363473,32915.7444997128,234210.097904964,126710.392198722,49491.3742508353,27686.8657178572,15508.4806957465,33469.1750599782,231833.524298015,126559.669233177,49877.628014336,28030.1661505715,15768.719710225,34030.2884797975,229983.927864905,126489.069377975,50285.3275036697,28391.1713483313,16043.7718748268,34641.521247686,227878.422086387,126333.059450792,50598.5624268069,28693.3253313606,16286.9272752411,35215.3816900242,225639.03275783,126150.118438002,50925.0507861987,28991.7886225658,16522.3546241483,35774.1477179339,223069.499732165,125803.513756981,51213.6784160876,29277.1399353646,16751.20501813,36310.6479001177,220359.397561559,125367.842676724,51484.7311847005,29561.2700617869,16984.2844775123,36851.0369426427,218038.196764526,124969.463364563,51767.9707229666,29860.9307084602,17232.1206481656,37438.4316753355,215643.443098241,124535.014549279,51977.6055190211,30115.1035790853,17456.5457736862,38006.880569373,212923.024531478,124006.035653111,52157.2359465626,30339.5202443179,17658.7250760716,38536.2934366414,210015.232209802,123359.265345431,52330.4073768092,30566.3386200703,17861.579725689,39056.6404075999,207274.886708896,122681.300790509,52496.9092974643,30801.8702848624,18075.8251049205,39602.6382472661,205881.41082071,122359.928579544,52751.012687762,31092.8328762259,18328.4764596296,40269.9582317168,204590.982056096,122140.335434465,52887.8939002094,31289.1375370099,18521.0859798005,40869.7650091969,203218.420593825,121975.016312685,53056.9208617998,31464.7572428606,18680.0744795235,41391.0214401137,201620.524037727,121708.489343266,53231.8571063297,31647.7560517588,18834.8946665431,41861.2884415992,199812.963128577,121337.454636589,53382.9767762118,31829.5118545399,18993.2102520273,42304.6189305652,197888.272430775,120886.066487247,53516.0180389812,32009.2109543681,19156.6441192042,42752.7092845417,195881.660437399,120367.961939466,53618.8853769281,32177.1205195817,19318.0616162505,43204.4834963509,193796.701979479,119795.58133961,53695.7885376596,32330.6037328213,19473.5200030341,43657.7165469285
794,276078.192051108,134978.477345814,47395.9228992561,24832.4998522674,12958.0785126136,22117.3872086728,247441.315777728,124077.06513943,43637.9955180481,22986.8344916389,12039.4963859827,20659.6266470926,247785.961599127,125207.989503042,43303.2595813218,23241.8664562855,12407.3894591028,21444.8919734563,245900.376369367,126054.823859221,43326.8447295413,22945.3147038338,12267.0049544998,21720.8258766696,244420.33143409,126848.490379692,44093.739138103,23280.5510401539,12355.2532579498,21952.4779028894,242853.229370687,127401.921206643,44779.5790113441,23745.7304744315,12609.2281808685,22269.5483591018,241122.050874374,127794.944020745,45404.9045537699,24202.9280368327,12907.3947550608,22710.8219143071,239373.984302798,128135.336725966,45984.6152964222,24643.1641059544,13208.9694201915,23220.7283693585,238069.681818611,128518.380452039,46569.6020222169,25083.6294931056,13513.5354107049,23782.0585815464,236657.999276666,128884.119200424,47094.3230168461,25487.0706458299,13797.9408068442,24337.1144820501,235022.613505568,129172.682085295,47613.7717311116,25878.7709700409,14071.6593147406,24879.3583744557,233205.925833809,129357.369884428,48120.1101045098,26271.3995186517,14347.2236266791,25421.2883161609,231206.480201501,129438.632401018,48598.4833718658,26656.2442820866,14623.1388692615,25966.1908401954,229675.492327662,129574.88971371,49095.8089860387,27057.7587890721,14912.596770706,26548.1251835731,227962.161568546,129676.04300788,49521.0106814781,27416.0780739802,15180.2413526422,27112.0615227436,225935.151788226,129665.907329632,49935.1958513843,27758.5738489425,15434.5232215577,27654.2862386278,223714.631621615,129537.178565974,50337.7518686314,28105.2690574768,15693.1525456688,28198.6572324113,221321.343937311,129293.840127475,50704.5965271578,28441.6576468909,15952.0359325509,28747.687366577,219430.188750006,129124.689934958,51093.1994161538,28796.2479186538,16226.1086597175,29341.5287362374,217411.600167396,128937.878101709,51407.5840765787,29103.9383445167,16475.3843569074,29915.4988876231,215193.863170024,128666.0279647,51713.0177665434,29394.2793568272,16708.9713562386,30465.5815315749,212714.400251653,128272.51048516,51994.6670668135,29679.1096695357,16940.0293612526,31005.4036232511,210011.122703202,127736.541987448,52241.9306303635,29953.0069770875,17169.5376425449,31542.3315130781,207700.139988704,127249.625383424,52506.6835477175,30246.5034874718,17416.4342145861,32126.1438379938,205395.469438101,126766.833477801,52709.770508278,30501.5271174298,17644.3011002,32701.9796501734,202750.623156376,126166.602805962,52872.3726697171,30719.7222985809,17845.6115305845,33238.6712716655,199930.632803736,125447.881730506,53028.8610165478,30940.3271726673,18047.2972846477,33769.6256500813,197175.169176608,124667.071937341,53165.1050741244,31161.6266781943,18255.6101749302,34316.8244811126,195718.666581883,124236.39946734,53392.2264434826,31440.6984588168,18503.6212026789,34968.6011142747,194527.157495498,124031.055659283,53539.6971250892,31647.9428667547,18705.6559275157,35578.146826264,193142.041449224,123783.85812809,53683.6490620812,31810.8245351227,18859.2096166404,36087.6937400527,191638.096358648,123508.952251009,53860.5144989103,31997.5519423867,19018.0960174369,36565.5951281515,189862.816497172,123074.517039886,53992.8810541596,32170.1135955727,19172.5238456197,37006.8067023801,188010.349025766,122584.073744185,54117.512632823,32347.1588599939,19335.978135111,37461.5949480455,186059.861007215,122010.833329926,54205.4185326911,32508.5981897509,19495.2183676457,37918.6426530012,184053.894197989,121394.728840815,54271.0317660044,32657.9702123895,19649.9820141334,38382.4075908827
795,381386.479742785,79382.5050724715,16353.6767820821,6890.38709501666,3040.23267398329,11647.2161497704,367323.841279949,76927.4407294503,16113.8321798244,6889.0342274995,3056.03694135972,11672.0872032865,367602.869514195,76727.3745675504,14520.4172785697,6301.98570766604,2901.89639748338,11763.784311081,367772.086665361,77819.2905852147,14457.3753840425,5949.43594779561,2650.61943692245,11723.3513424931,367812.193082345,78607.0554279209,14675.054913086,5980.40242264876,2599.59843882217,11732.665765371,367525.08729598,79326.3965795353,14881.5776691796,6061.18099124253,2619.80342016574,11827.7455528898,367122.370883,79987.7937287632,15081.9438887833,6146.15658684292,2652.76444130848,11961.904809819,366652.355295184,80621.4619286493,15274.4278212321,6229.17483335167,2686.94998725734,12107.2628833776,366645.178552267,81233.8610762798,15460.3997882957,6309.70374955789,2720.39878780015,12258.3141657364,366426.402532475,81870.2661627436,15637.6007049583,6385.23886638905,2751.52776225853,12405.0157169415,365936.627318389,82473.1813275648,15824.6515303618,6464.45110661283,2783.52025805131,12547.1711921426,365176.478422575,83026.9845554344,16008.7303737709,6545.13868350701,2816.89502831396,12685.2706185451,364225.907519419,83540.5779599712,16189.1457145318,6625.44614152903,2850.72041958272,12819.7354963503,363749.74910963,84019.4928330551,16360.8345004363,6703.26867012819,2883.99045923679,12956.383193216,362956.520298962,84523.4550969049,16520.2837092192,6774.20424717866,2914.17767031685,13086.0044818428,361795.468479293,84981.4081499757,16691.6785374636,6849.48949286332,2945.30329857091,13209.3138876712,360343.613396803,85374.2339378377,16857.5901375774,6925.97948300108,2977.91668198187,13327.8107082815,358695.045317998,85721.9531866479,17017.5482626243,7001.06036150748,3010.6362665794,13442.0386094163,357590.812738238,86035.0316628248,17167.5429991481,7073.04296760498,3042.48702718271,13559.1057824635,356226.086974102,86384.1476676436,17303.7836445136,7136.98326830654,3070.64554227326,13668.9902118387,354593.942308799,86689.251207137,17452.0706322872,7205.04103027488,3099.46609571913,13772.7730805652,352583.829785945,86936.8467230182,17594.9613569606,7274.12249693734,3129.66680553775,13870.2131900946,350327.815233543,87124.8621099809,17734.146126123,7343.16810579063,3160.58243125001,13962.6134567439,348460.442907772,87272.0022695694,17862.406099373,7409.35559700037,3191.03929138689,14056.590682138,346509.599312854,87439.8922898455,17975.4056463022,7467.26373590326,3217.87596251888,14145.2322479072,344103.745337727,87577.0175405013,18095.7470437332,7526.5812501454,3244.2145040732,14224.5095124136,341427.822505017,87636.151472164,18215.8992307061,7589.27508714034,3272.67910988907,14298.148780425,338891.565565273,87657.7720301327,18328.3282849578,7651.00714214017,3301.96465059531,14370.8747635098,337928.007331944,87710.3985688053,18425.4518493517,7706.6478370213,3329.28131386275,14459.7853482801,337109.931465705,87934.8941221589,18502.4834507191,7745.98972492354,3348.11501803731,14543.9349434054,336134.261811932,88168.6645558159,18613.0648883609,7794.91199665478,3367.87496304621,14621.7064956231,334877.720121586,88358.3459113609,18727.0300317927,7850.90168301325,3392.08716400903,14695.2545514834,333321.098697491,88494.6711910828,18837.3315533734,7907.9865135352,3418.35153762071,14764.6625803199,331585.860942536,88577.9702016742,18941.2989109287,7964.13366696161,3445.1882683107,14830.426961167,329714.156754662,88623.4608246911,19036.6842205501,8017.39974721753,3471.34293602927,14892.0752352648,327709.070204404,88636.011021116,19125.5682306573,8067.99553435114,3496.46336022841,14949.0771023791
796,189053.767224184,126571.249988248,67120.4682709279,43693.9824401148,28252.6449130912,57598.2870687182,167501.394298073,114961.218964239,59390.6347266239,38711.710867777,25120.7652505825,51795.6109993624,165426.278283245,115107.722295905,59006.2934794699,38711.4705899717,25277.4656411168,52533.3181081883,166386.479661265,117335.060753315,60512.5334720361,39495.4832719321,25870.769563272,54688.0182441103,161756.1280442,114505.228418746,59608.4045181156,38990.0535318249,25515.6073537489,54475.8472210028,162360.199810791,116437.677730696,61090.374725945,40098.935201963,26308.40762457,56547.9585947115,159404.635855088,114768.391336911,60908.4237233997,40182.314615605,26457.8363043629,57257.8951100809,158222.854827613,114922.263583677,61411.073569143,40732.766494762,26959.683106688,58837.8098557447,156842.900805333,114488.407447713,61723.5868455916,41126.1338039495,27347.3035647002,60292.7129980805,155362.58426482,114104.982566201,61909.0026950265,41441.1017560371,27685.6520572335,61703.3627732376,153920.959956282,113797.087942865,62178.9598727486,41780.6416452394,28027.8086550998,63160.618499979,152202.013132765,113242.846125658,62340.3177359992,42058.9374545736,28324.9863165499,64516.9850000666,150446.847846428,112670.180609214,62491.1523671729,42337.9293066876,28628.5664806704,65899.8911612701,149065.53918964,112182.107167502,62681.4189043261,42650.0040042839,28959.7148627997,67379.0477532299,147577.352375041,111699.621725899,62791.2411536058,42899.9600010453,29251.2911251821,68810.5106031152,145771.862403806,111016.175810203,62822.899496812,43076.687027413,29482.9602387981,70118.1268969483,143939.744539155,110312.132822534,62874.7791791347,43278.1528361612,29730.2462992343,71458.6081877968,141964.670677969,109454.90298442,62848.4618064022,43437.9785982757,29956.2273722372,72763.0972642102,140398.898820096,108730.698780125,62870.2758404831,43637.518997963,30216.8210138552,74192.4789279651,138810.650893885,108069.269147706,62843.1632988936,43790.7512915656,30446.3446562105,75599.0349607906,136937.008719689,107198.390270552,62722.0141273655,43856.5347746801,30602.938336694,76842.3473539556,135010.963917465,106326.119369692,62621.6334437744,43943.5861457597,30770.8286637781,78103.4908276413,132904.54572188,105275.932911327,62443.3632449406,43986.3494800422,30912.3831992053,79300.9890223087,131095.227044801,104304.904488974,62291.8713375429,44059.1174104261,31083.2396323661,80604.1159325358,129388.093611345,103444.038736845,62128.4135819365,44115.1161269057,31245.7886416063,81940.4069787904,127324.217242102,102360.252181877,61838.5991947843,44059.4529378687,31319.1965695844,83070.8650412031,125190.144036123,101217.184316176,61552.1532654586,44009.0843626981,31390.5437838456,84187.589975801,123154.665355289,100055.379005466,61262.2548545859,43969.9925491388,31475.5823918338,85346.7869469909,122045.306828287,99270.944182128,61124.3302003683,44045.3569614396,31650.2411683283,86795.528649166,121242.510489925,98869.8066237977,61022.1455543658,44108.8558586884,31810.6034150128,88269.6495933515,120084.636362796,98230.827746416,60806.459461411,44030.0193634931,31832.6622194103,89331.9667926413,118924.058228213,97666.578411421,60682.6019451946,44019.7591618292,31885.0731060335,90360.6696810883,117649.872808849,97002.3582307663,60548.6535062894,44019.3545001691,31947.2431303061,91319.5877507036,116226.589904149,96189.9572018563,60329.7217334788,43976.1788502028,31990.10191185,92182.9432367629,114816.721808745,95386.384534763,60107.7903746544,43936.6990175234,32044.992886763,93092.861170783,113367.986589998,94534.2727794594,59851.9723334436,43872.4590790527,32085.3186066556,93994.1447529852
797,281830.294199313,136817.859855626,46913.386384153,24070.6575749321,12232.9378340765,15143.697421901,255567.70887447,124041.166223829,42231.0091424467,21781.9481357549,11104.5336699982,13885.5812739172,255668.784892105,124522.798366612,40626.3852542964,21400.2180101633,11159.379064512,14217.3107964678,253421.94039717,125708.822602303,40388.5816637017,20724.9216940327,10765.5318687529,14191.5788084177,252183.011247975,126748.807519075,41195.8486176346,20984.7886320911,10733.2093758409,14116.4578455868,250618.489206023,127378.373696204,41900.2950352813,21422.569108368,10937.5511392423,14212.7389728876,248996.893326131,127877.581883303,42534.5098749123,21866.1748759244,11209.7570530673,14492.4770334505,247298.651730731,128295.506297869,43114.3903068807,22285.7057936442,11485.5448046257,14866.4175206602,246037.195229624,128748.095374428,43694.8036155878,22703.2207702113,11762.8234219255,15291.6987820902,244700.756038623,129192.9382022,44222.5422643062,23088.9952294893,12023.4682038561,15720.3332230086,243154.563208542,129568.965423047,44745.4974748433,23464.3202616483,12274.8698082884,16143.4368409491,241394.038833055,129837.996129972,45256.1333795998,23840.0377152452,12527.7013118012,16568.9133291979,239453.514094359,130008.590725448,45744.5827909862,24211.3482292025,12782.358221928,17001.9917462957,237946.399994904,130213.231876711,46245.30079163,24594.9661757141,13047.5503978784,17459.8955613447,236299.622721841,130401.304805214,46684.3134985987,24943.344770997,13295.9200007297,17908.8094132715,234305.794498027,130474.898418637,47112.2675744333,25276.5259309469,13532.1155862325,18343.4940702869,232124.224743041,130432.027590052,47532.927654943,25616.5221835961,13774.1347599296,18785.0389207055,229756.116310764,130277.044767333,47919.9579114949,25947.0549478425,14016.6898699323,19234.5886299443,227887.893530391,130182.335758548,48324.8921913934,26293.0122291838,14271.9678684098,19715.8958103812,225895.525583052,130080.818657263,48661.1443318392,26596.9766956574,14505.868845883,20183.5120115168,223692.964881674,129889.625945188,48992.5960382451,26886.926991895,14726.7350776629,20635.389601625,221236.202831945,129583.155464107,49303.1640058045,27174.3610667914,14947.5021869463,21085.0177680426,218533.522934135,129135.092751286,49581.1195737155,27451.2593031149,15166.8939059036,21537.4755209396,216188.446175039,128713.082614891,49871.916912482,27743.982009811,15400.39988372,22023.1563742057,213895.625601681,128310.710345262,50109.6640186869,28005.7109970141,15619.7563897028,22507.0506062943,211256.047623544,127795.349479298,50309.281901748,28233.5012807736,15815.5958418761,22964.1783692388,208416.738760496,127157.099020353,50503.9062547322,28464.1200426757,16012.2225488397,23419.8898974105,205609.067117992,126447.156781186,50677.9437566093,28695.1033789948,16214.9086340717,23890.4275856832,204121.382234238,126058.393156311,50929.2069244031,28974.5782376277,16450.4544442936,24430.1207309939,202940.139717028,125912.514265281,51103.5648255482,29187.5126549927,16644.9029207036,24932.0367922613,201568.298173703,125729.525655341,51277.5729279153,29360.3193975413,16795.8880426183,25355.4970853627,200054.431036144,125505.179081861,51479.0901158114,29553.7149010606,16951.24164716,25752.4308476357,198280.734110612,125132.989223713,51642.6484676697,29736.9356741512,17104.7885162608,26129.5388221991,196412.053311288,124698.034341445,51796.8240463655,29922.8721235865,17265.6357762804,26519.9693099344,194442.053939024,124182.214644404,51917.4992962671,30095.2903490748,17423.152499594,26916.2470659363,192406.929871373,123619.244865989,52017.6204914909,30257.0447740879,17576.9323931232,27319.8481011685
798,354538.235948497,99752.5377970215,25061.7700091844,11220.2140541543,5036.98156444692,9014.73720441124,332200.781549604,91220.6835927648,22770.685146531,10332.7974339362,4673.00981480024,8542.22496543779,332524.705361188,92154.7880281313,21165.3641526572,9631.00948757435,4458.21250815922,8561.30894255889,333068.720628705,93962.7445436312,21253.9804523016,9277.94152627858,4173.85364625107,8423.32494748796,332731.595711111,95083.6229925698,21705.2479948514,9395.27147648578,4131.59456423098,8317.52939117333,331976.353981305,96025.8951989974,22126.5761280422,9599.33454273885,4206.29905629842,8343.66653987064,331158.550334751,96907.8107834124,22533.0137565504,9811.81562105431,4307.83448751585,8449.49273969425,330325.773152288,97753.3805400441,22928.5952233508,10022.0100822896,4413.37937754593,8586.2211985038,329995.445403191,98622.1631932961,23321.5779270325,10231.9475092938,4520.02124587707,8738.14345940177,329304.350531794,99438.2808927889,23687.1195394942,10427.3358886676,4620.06082973763,8884.20429814213,328379.253153574,100216.596479074,24061.7031811616,10626.602697872,4721.20652951818,9029.09111262912,327172.147444613,100932.792545542,24432.8434589052,10828.5011250156,4824.99875875425,9173.92448252769,325867.676244345,101608.549440581,24804.4599675385,11033.5970403152,4931.86539529304,9321.37905645211,325110.125041244,102312.274723021,25176.8806013728,11241.8243352852,5041.65809706469,9477.42247995895,323851.965630692,102938.818963277,25510.7477195467,11429.9523752115,5142.43508869253,9621.84129157336,322244.379003396,103516.207050394,25857.5299051506,11623.3191114082,5244.6217389095,9763.50588290724,320401.102507705,104024.030636084,26202.8448322238,11821.9346466791,5351.1472608169,9906.80016082418,318449.769225235,104483.018861025,26542.9538721025,12021.5833571634,5460.30641290205,10052.867653791,317117.971242315,104980.955874942,26885.3640246537,12224.7537651559,5572.56933888195,10209.1411065847,315333.216058293,105400.383288269,27182.6098687834,12403.7341729472,5673.62533952062,10351.9161643511,313334.653096059,105788.018704023,27494.4199010374,12587.8383167397,5775.59736485393,10492.3469470627,310934.694380803,106080.961022778,27795.7102286352,12772.3240512648,5879.43156299724,10630.0820009455,308405.190431604,106321.224197855,28098.1895742841,12961.3255848677,5987.49928231023,10771.7783515328,306357.872665635,106579.641964136,28400.4362208636,13154.1140086642,6099.49416525502,10923.8094252801,304059.866256481,106776.568740884,28660.0806093085,13324.3818765849,6201.36623878497,11065.8910360024,301307.700995737,106905.836029167,28917.8186111217,13490.813571378,6299.86183461108,11199.6369116621,298378.714612811,106969.395959957,29182.8240628749,13666.1645204391,6403.85356187504,11335.7533951925,295766.955863471,107026.435998603,29449.742138051,13847.7309481397,6513.72967438555,11481.501646027,294809.645387331,107279.021280246,29728.3786804526,14035.7363687637,6628.32572298178,11650.7992836849,293648.656621483,107509.198662222,29919.0172569756,14167.6930929526,6713.1241245521,11789.5172457303,292404.173845749,107781.557811445,30143.979823914,14303.9233478408,6792.76701976175,11915.2901206448,290846.457341657,107970.311032174,30367.9363496902,14445.554265344,6875.05923604394,12033.4939432481,289031.307204307,108094.743114998,30587.1949253094,14589.9730831696,6961.33734213196,12152.7120681637,287064.605037103,108163.071518953,30799.8712458281,14735.0877307945,7050.20081021974,12275.1564286134,284975.883535156,108182.097423622,31000.7501505796,14876.8457400549,7139.10676117593,12398.9981662213,282775.955935214,108158.289191491,31191.2294130482,15014.5984006356,7226.97128047938,12522.6113372835
799,348713.515230658,87859.2454912409,20879.3368418423,9106.07371563777,3984.7423444282,6054.27950357407,332860.727982953,84039.4740353926,20054.9132338031,8913.1907250045,3936.9285705156,5989.29461042725,331676.182919661,84890.9426362493,18572.452865987,8224.27352597285,3724.67107329643,5981.34128770091,331352.457870039,86033.0292890066,18773.0036549983,8008.14076535712,3502.07476999326,5832.39214473068,330932.490586032,86892.8906271159,19114.2610739639,8123.49774947067,3493.71719347999,5755.72622831336,330210.518926113,87659.8452358642,19424.1898959676,8272.54448084201,3552.40505895987,5780.47937061098,329398.297512376,88366.519533136,19721.3228919157,8421.40590390073,3621.8780465752,5852.32866416649,328575.625128427,89047.726985653,20010.6593756425,8567.69155334243,3692.22759697327,5939.90752540133,328193.114560766,89728.3638631366,20292.5515479646,8711.27948748306,3761.83930956876,6033.47539203063,327559.584655608,90418.0177123918,20563.4566012396,8847.51605932395,3827.85489480879,6124.13326821565,326682.743907591,91061.4829926999,20843.5886498362,8988.1941672764,3895.25502341096,6213.82432906932,325545.645055706,91650.3217336112,21118.3296360669,9130.20961722018,3964.60559442534,6303.90753925396,324303.241214274,92196.5522338059,21390.8833647621,9273.03534275701,4035.38038455817,6395.24386714629,323511.356007646,92737.3618088646,21654.0744009738,9413.64300375276,4106.10336798054,6489.34510923343,322364.522752173,93279.2676276501,21901.7592386087,9544.14381929547,4171.98751392883,6578.06127554128,320865.711559433,93756.8347772184,22159.5557567476,9679.57840726769,4239.30078161538,6664.79205634165,319114.950566278,94166.3707069732,22410.8192388461,9816.90964741414,4309.18892729684,6752.43589617625,317263.405534331,94529.7973146728,22656.1852713569,9953.5520993517,4380.11554202347,6841.40415953639,315937.350116636,94896.7987658209,22892.6819957211,10087.8506842828,4450.84986250281,6933.73323030179,314297.793668769,95267.0536278412,23110.0179236725,10209.6140224333,4515.42866562072,7019.49474841637,312403.309297026,95579.9220687268,23337.264940716,10335.7450701644,4580.89163835741,7102.93149939597,310156.994752222,95822.362010604,23556.5107794374,10462.60495085,4648.28157985411,7185.92785148919,307756.953274481,96002.6631915298,23771.5631447595,10590.301335531,4717.49487322903,7270.52948382639,305778.958934281,96178.2878707356,23977.66655443,10716.419525711,4787.33173908439,7359.15127314692,303625.173728041,96352.8380394465,24161.9975393238,10829.4187514877,4851.00012867438,7442.30773524676,301035.495438216,96462.8046395783,24349.9398620412,10942.5909934282,4913.49467885144,7520.52866138264,298239.660760752,96495.1969427516,24536.1041027359,11060.1855593865,4979.45058205491,7599.95539685883,295776.3478347,96511.2031945016,24718.8723122616,11179.3614551076,5048.13174360786,7684.46438521313,294832.10559588,96661.5227648188,24893.4668437204,11294.6850567557,5115.7987360978,7778.15933871106,293848.883967037,96915.9356196669,25033.0722147145,11380.3964276563,5166.54928256666,7855.83440070189,292694.115846395,97153.576743447,25202.8510318336,11474.1517228213,5216.1499329219,7925.26199459638,291263.3729785,97330.698659877,25371.6268566298,11574.1139684446,5270.17799659286,7993.85296586629,289566.70355639,97445.3588973215,25534.8331234249,11674.9892422086,5326.76688590597,8064.31607847215,287729.960945235,97507.7705102576,25690.4111847564,11775.1687229322,5384.58940406643,8136.9113938539,285767.501134517,97529.51970859,25835.3325362914,11871.6123810139,5441.66455519459,8209.66173936613,283695.682012356,97514.0017781375,25972.2483984187,11964.8119967252,5497.62677859382,8281.53989222988
800,130483.637397104,105559.980969425,69516.7289357846,51327.9658097322,37645.0594236451,107496.927929079,120916.331769538,102253.268833039,64217.8012167793,47428.3351015073,34892.5397096918,100764.883136832,105358.562852755,89040.5551031695,56269.6453284636,41361.5057783978,30341.4735639232,87940.2179078084,114645.987170133,100003.639112916,63528.8148914414,46628.7681895009,34250.5776886022,99831.8032735191,112363.531928102,96837.5231400975,62932.2686856807,46437.4005155975,34136.2893986215,100189.038134065,106362.293155919,92211.4060748793,59653.483753223,44358.8263058124,32815.8248349489,97108.4684911793,108673.70629633,95561.6280769938,62279.6136649165,46329.727059139,34389.3342903186,102937.199051286,107413.139612046,94329.1611087903,62255.9148105957,46537.9896490065,34641.858886892,104850.729938213,104428.238011595,91975.8515317217,60828.4495603909,45725.042086204,34210.3516546618,104782.958571965,104545.645512655,92807.746814034,61654.9591890627,46453.3317120639,34887.1234744258,108289.697132793,103662.496310304,92253.8202986056,61765.0786978539,46686.6254290599,35163.905575032,110574.85642365,101613.946440889,90775.5575589413,61039.1375341559,46319.7024110887,35012.4914149593,111494.620835375,100581.933236449,90394.1630028645,61104.5656347321,46504.9444306943,35269.1130970498,113750.178052582,99745.2626215059,89877.3811649592,61160.3164557224,46707.0552702757,35533.9485261727,116058.323159613,98415.7283788587,88977.739650173,60799.2278194592,46600.936780916,35578.2797567424,117692.492322726,97100.9861588536,88217.0729076011,60555.2764317155,46541.278303373,35644.6803331422,119437.202374841,95852.6263382282,87466.8167252726,60390.1899865559,46551.4411487158,35754.1770309256,121311.651181743,94386.3259465734,86475.886322338,60047.8029095429,46445.3438171833,35784.0565129398,122918.46885412,93144.2805362623,85567.8485889584,59726.9601467315,46356.887930208,35834.9574093574,124644.462243141,92082.5104265128,84906.6894548008,59505.2000002688,46330.1973096748,35932.4104083132,126601.296927029,90779.3256014247,84013.361872426,59152.0250062783,46178.7902084951,35919.3763135914,128195.733521594,89314.1094657696,83000.8771777174,58721.2267882335,45972.253769039,35857.8213263425,129592.422582446,87847.7473730612,81987.5741965007,58316.260802411,45791.1194857588,35818.0771063977,131055.557491889,86554.3586622093,80991.7101335791,57917.0314030766,45626.9067774548,35798.2412580986,132613.999919218,85342.9641355855,80111.5269136398,57515.2767168135,45454.4838207714,35777.0005899952,134229.432893526,83942.3055378787,79110.0178181125,57036.8912294792,45194.8634776663,35675.6455970031,135584.082596373,82404.9286191644,77961.8254315446,56489.8547090086,44882.5511613917,35523.8380048224,136727.21409284,80948.6086206093,76838.5386445576,55961.3603005248,44596.9692487997,35397.1968770485,137954.738039405,80093.2914768787,76009.9026453003,55587.6466549584,44438.3190286199,35377.2844387992,139637.543581919,79588.0392941821,75629.8525433107,55363.7851284155,44366.7882005449,35421.8592602364,141645.819159304,78862.533440958,75088.8106314982,55055.7468070953,44167.0990587103,35328.7523562662,143070.394106177,77941.4275564657,74407.5293140647,54687.8933111154,43920.2217209155,35174.9075283838,144066.38310886,77049.7749692449,73778.9313913115,54405.2077972027,43757.3173507906,35088.9484351151,145159.758399682,76146.8101508549,73106.693755497,54114.9744924475,43609.805095007,35027.0868740258,146253.127565253,75143.2806170255,72320.8421286015,53725.5527924062,43393.8197403836,34923.2804357905,147157.405303532,74112.4804192079,71511.4199821044,53305.2323007697,43150.3546030226,34802.4895360827,148024.160174041
801,219793.712534421,98939.7359185586,33164.2182163099,16977.617833309,8623.04706463041,9795.65140045085,197654.606059267,91912.1945698981,31082.2149174649,16024.2953288573,8172.0815942588,9296.00725992712,203959.968632909,97539.1260392885,32944.2983700654,17185.9051211931,8939.35980495638,10396.9955769566,198597.486926591,94832.106837211,32167.5839076373,16754.3348171714,8715.94265715443,10349.8046631742,200899.810195942,97943.9830188997,33600.9113040983,17491.0511099363,9103.06000280712,10889.5007014446,197775.481958674,96861.5205703725,33599.7700099699,17613.3902631959,9191.15929264201,11009.6861881891,198212.806760057,98553.3569417671,34554.0634471496,18193.5693070799,9550.55849399108,11512.1148309867,196069.927679294,98179.6015511974,34785.9343064788,18432.0160116175,9725.69926711835,11806.904722534,196120.983128685,99302.5470715826,35527.3967654854,18917.4370406856,10040.6119925595,12302.3321658947,194634.077598199,99308.0197994253,35840.7628243746,19185.951946942,10234.6116559487,12653.4863538473,194009.407741461,100068.613711448,36445.8422693052,19595.1560835,10504.9772455382,13107.2230618866,192446.595739394,100137.93408849,36820.0615279565,19895.8360653985,10716.3644615911,13485.2330857829,191358.528946762,100593.857155702,37344.9970140604,20277.4199953186,10977.2765106133,13935.9616814399,190237.323084327,100757.678944802,37755.5829448753,20607.3856915023,11212.4219358082,14363.4143236367,189143.341283589,101102.007426097,38188.7727162504,20940.3700248778,11450.9689897604,14807.7797793126,187601.153827411,101194.578105606,38565.7667995491,21240.3090223058,11667.2636283104,15224.0214742657,186076.964027951,101330.260267358,38979.9574966275,21569.7180124917,11903.5203942739,15669.275021431,184301.308971254,101270.959704277,39327.8951159823,21870.1603498855,12128.2602435841,16108.7523091338,183099.804259841,101385.751268164,39730.3405081227,22205.4861246638,12376.7093359445,16595.0796914879,181527.227928056,101334.83377621,40018.1832366558,22470.0515758773,12585.5605498276,17040.6460014789,179939.770245313,101335.535070271,40356.8375877539,22755.6440652666,12802.057643309,17498.9372364389,178006.59679033,101134.466650939,40634.9135329967,23016.185354132,13006.0192884298,17939.7123751034,176038.174943562,100917.625862381,40923.5121554541,23289.0852226704,13221.6769218113,18404.9345487137,174353.490190594,100693.828523848,41201.4897915394,23564.0389243365,13443.1971147553,18892.9633609807,172588.424095922,100462.482496863,41426.6285184013,23803.0309209473,13645.7870358766,19370.4956526131,170537.225797944,100128.889734097,41629.148389232,24020.4641139815,13831.5301391541,19828.7314820706,168363.811474603,99714.2643933612,41830.4223493614,24244.7745704659,14022.0727662449,20294.0206201142,166319.083942013,99249.1096177456,42014.0708471067,24468.5520417794,14217.8466793349,20776.4068341901,165465.725875267,99128.6587619402,42277.8874834753,24742.3801045372,14447.4750008863,21329.2013397306,164463.144963112,98995.6615354229,42401.4846917908,24906.0498753202,14606.5452674228,21791.1586729238,163483.326103602,98961.9529348879,42599.9330555893,25085.0830547101,14756.652195869,22221.0044361157,162250.555024036,98779.5756483579,42767.3308420367,25253.5755575575,14895.9655660548,22604.2955105829,160900.021440558,98564.0667355859,42937.9856501108,25432.7701233691,15045.9561671522,22992.1476456624,159431.219928026,98249.7212136963,43079.8591206798,25602.7252786135,15195.2309184529,23382.6014440499,157919.25463073,97907.8517379283,43207.0073534813,25768.0380398448,15345.9306947973,23787.2792630406,156323.049876776,97503.540765975,43306.8769047407,25918.1937116087,15489.3791298409,24193.4401058805
802,266595.64541785,129342.224733884,48721.6205225692,26442.0008709807,14226.3385993326,16571.9481858683,235363.818634909,115651.451606272,43688.5000712724,23845.6927972197,12879.5871131001,15093.7104328521,241648.034359382,121308.371466992,44734.4063595654,24727.5982963289,13586.5212989798,16266.1824223071,236938.001608291,120011.591012864,44419.5283210633,24265.1444239337,13309.8940120418,16326.9848999077,236677.212619543,121606.842287627,45409.1574435735,24797.1694859129,13542.6049034168,16689.4999942341,234552.469884617,121701.656777115,45992.80314297,25225.1695602581,13796.5102385746,17008.5687849325,233008.595489266,122180.654128287,46640.7389883771,25723.0356346833,14137.3019671007,17509.2698221661,231198.819528801,122397.743854594,47193.1108878099,26166.8568285447,14457.9291047167,18057.5266760663,229968.665176032,122779.14267575,47778.0909100471,26628.9231710887,14791.8338743697,18666.8093482264,228450.844618342,123037.182517151,48273.4037158836,27032.7123997654,15091.8902349008,19257.018012702,226811.3729558,123274.322891987,48782.0108940029,27437.2165635023,15388.0926089354,19849.3875067286,224942.440969229,123380.670151998,49261.7790142411,27833.2919465862,15681.0555876053,20441.1007950125,222974.584599272,123407.804120328,49721.7801956782,28225.4740839728,15976.5077309146,21046.3885530841,221513.065832536,123531.210238646,50208.1694591688,28639.2445230512,16288.8403945843,21689.9437804918,219698.787153846,123531.354349683,50592.8620431119,28988.4981461008,16565.5405394065,22301.596969613,217666.174215433,123473.547241586,50988.1346622098,29336.0655762941,16836.6098993639,22909.8356825983,215417.969496176,123276.465234272,51357.1966515787,29679.8265023715,17108.0091526701,23521.2509414627,213070.870709768,122988.127278439,51696.1676049878,30015.4646683728,17381.0563636073,24148.1773127919,211287.945980278,122825.843048245,52069.4995440688,30377.0411317591,17674.2244806949,24823.3018241868,209198.06884003,122549.606914467,52333.9963055971,30666.3755437178,17925.8565827585,25458.4646759494,206998.033970514,122251.293985228,52616.8535126075,30956.0971882922,18171.4777012187,26088.775382447,204494.896532461,121788.414713239,52854.989662828,31228.0594633503,18407.670227805,26705.3500980217,201854.803843256,121227.63013189,53069.0867152218,31494.9336825432,18646.1275948524,27334.7910088757,199643.950884856,120743.398942103,53307.671938136,31784.9517579937,18904.3390992385,28012.74586509,197323.381673168,120207.980505575,53462.6804656996,32019.9492228925,19132.2151862524,28667.8640343442,194681.78542456,119568.194927536,53584.5054928345,32222.1954889835,19334.7237111788,29293.2713356945,191905.480498347,118824.985782349,53701.781291512,32428.8776917294,19539.2185320152,29921.6345248967,189284.244153724,118038.477853563,53802.9254873763,32637.9618135021,19751.7785691925,30573.5969839845,188061.916211712,117702.028422646,54030.9678076244,32927.8032613749,20019.041138357,31335.3662601367,186783.764239893,117404.291430914,54115.3479946114,33097.9765839494,20207.1935881667,31991.6499819803,185452.643237756,117170.200301937,54249.6869579569,33259.8837820803,20366.7920587723,32577.9811313919,183908.023844918,116831.047411621,54382.8475613674,33425.8753794452,20520.236550283,33110.1058045875,182158.388429682,116381.849783947,54488.8272317091,33588.4922593645,20676.1759354276,33623.0177965059,180323.561921945,115863.364672112,54577.1509280587,33749.72652385,20838.0261702235,34147.5099314279,178409.10352953,115277.945814702,54632.0305184387,33896.0536520066,20996.0027222208,34680.8820259349,176427.821125215,114642.095376086,54659.9393663273,34026.5747842629,21146.7667608285,35220.4814699346
803,235192.424090955,143824.837880217,61498.8041505791,35445.1968022855,20243.7049095382,30202.5958243813,210048.445068232,128116.076670996,52781.2636953899,30445.1214645385,17436.530379741,26416.4748288342,211255.086206174,130949.895810751,51967.2102526869,30154.3881837992,17407.0227742518,26569.5576016905,208086.909993169,130946.700606854,52080.3974328597,29654.8428603619,17063.5182386147,26584.8883400523,206810.43465212,131724.866921036,52812.622646083,30019.9390168685,17117.1924018953,26642.5440913841,205175.490754202,132023.499497888,53688.8632722768,30606.9915704548,17449.7076334468,27030.6056909191,203355.908930456,132008.306961758,54212.9674590251,31107.029323602,17810.7684794438,27546.9290299124,201709.815832275,132128.65198598,54839.6128469791,31629.5087698421,18209.4412611954,28287.4301858928,200249.324756514,132117.793572184,55337.3895815527,32093.3524451945,18575.0415056355,29056.4745543798,198930.655928417,132270.652470831,55864.3925334508,32552.4890606227,18937.6857642209,29881.3741173947,197272.092501218,132206.547866782,56301.8251232929,32953.1376506943,19258.1885657971,30653.5583370972,195549.64861452,132128.85819756,56768.9769327205,33373.9659972957,19590.8118296935,31451.3020316025,193616.308787202,131866.991757925,57165.7547698721,33765.0739664676,19910.5481638853,32235.9661869712,192105.945536211,131719.985043126,57604.3591401006,34186.4122282604,20254.0367178262,33080.2815798269,190482.022234466,131537.492337947,57960.6402683988,34555.2064514379,20568.4214821166,33901.6161085594,188554.207029812,131217.33715403,58284.6325161714,34890.6397778683,20856.9747085606,34688.5931442367,186512.663226871,130798.988623806,58602.2106262514,35233.6410475434,21150.93593494,35483.9816674594,184263.235732162,130228.611782159,58857.7694156183,35550.1486822064,21435.998553027,36276.3235222589,182487.456608249,129767.281396309,59153.0222885108,35897.2729096464,21745.3613132656,37134.286300595,180673.235432046,129327.894454728,59375.9682165066,36194.1706712229,22026.6187387289,37974.4989704288,178613.218438668,128757.525090555,59558.8356999168,36448.9501221243,22273.8976129644,38764.9800894593,176389.176612105,128098.386044206,59733.3931882077,36705.9454808476,22521.2527671592,39551.3533112033,173923.208027814,127248.760550285,59842.1670817889,36933.6807048456,22756.1520629502,40320.9382263149,171797.233549273,126474.195820617,59979.7481157044,37189.5958167537,23015.8519477463,41156.6703774046,169739.935749653,125737.017979046,60063.5087777229,37408.7785921385,23256.7721037234,41992.1442336036,167370.466878285,124859.02041949,60079.7464737159,37568.3028804847,23453.9609625908,42765.0023368523,164869.270185879,123870.988071987,60090.3444118526,37727.986901255,23647.9464893036,43529.3567495702,162401.592379359,122816.149148537,60072.6154944762,37884.2537631803,23846.2469804698,44309.4449393525,160986.5189737,122121.182056057,60165.5751593706,38114.4848639837,24097.7395884317,45219.078901963,159973.949465596,121786.146772372,60241.1102144855,38305.6937231848,24320.6899735549,46113.7252240656,158671.683941156,121312.547948251,60255.2854444359,38405.3412396096,24457.9728187039,46828.2447200798,157359.552343195,120895.844354204,60349.7644847188,38557.0296229965,24614.231309197,47518.2908842856,155770.877583425,120263.701997141,60372.4263080767,38678.2125861063,24754.4248828516,48134.1767696245,154137.416746792,119595.891822921,60388.4096991852,38807.6159983881,24908.3945313923,48768.8176789253,152414.595365515,118838.553441728,60360.9114041274,38915.2520144948,25054.7845365665,49403.6644753699,150650.847585442,118036.982238307,60304.3217528294,39006.1179194217,25193.8272418096,50046.1608176912
804,275728.787001616,126521.022246487,45058.64293209,23695.233308764,12338.5140856258,14660.5216654898,239141.096346767,109260.415364055,38132.6694575296,20119.5125392934,10513.259823999,12656.2574507336,254474.91512147,118819.905802086,39818.4042132338,21126.5004850374,11150.3644102687,13567.3682491383,245375.116185937,115699.1275445,38887.3984715748,20221.1954811594,10608.3148231713,13171.4105556765,248374.88166223,119055.145114954,40267.3730060043,20908.5042642262,10865.9827841539,13412.111529341,245173.584418361,118638.435439216,40708.9662569421,21203.2838123713,11019.6798677907,13502.8127934106,244922.63364694,119903.862441108,41534.782741338,21768.5946585115,11366.4679551434,13903.6615347548,243007.232393342,120137.973719392,42076.6667792429,22167.4191872244,11637.6868556708,14299.3005994574,242402.555135693,120948.625238851,42758.517792514,22650.4619029248,11956.4493518706,14791.9430668438,241043.93162537,121351.59977239,43282.2472583181,23039.4989308197,12225.2575798213,15249.2186663337,239876.694582564,121934.892051008,43869.9923077255,23458.8252165033,12506.8845666335,15727.3850232869,238261.195347237,122269.557784183,44403.6164778017,23854.141903827,12776.9272429369,16194.6812551899,236639.293235956,122613.310633421,44946.3529412281,24262.5970931326,13058.2517131629,16682.4102673839,235401.228207974,122957.728542596,45491.5955574183,24678.1811897744,13347.6697608034,17193.3429846776,233853.236683725,123206.418180434,45949.702682682,25043.7690408441,13611.9164597082,17685.4731563482,232103.471721962,123422.377661059,46424.760396146,25410.3884322757,13872.8948222712,18176.4920404155,230079.976243142,123482.881954356,46875.2715257167,25773.8258884703,14134.408181388,18669.5484688751,227964.876440149,123477.978537267,47309.0375015746,26137.2234756509,14401.6336880508,19179.4476987341,226319.964724312,123531.110598099,47758.6200586481,26514.8745102883,14681.3429931804,19721.8316249721,224424.323618585,123484.995900154,48112.8139832731,26835.4837975184,14930.9931092629,20240.271423681,222429.335300941,123440.992560137,48486.1934554899,27155.8238945296,15175.4718099977,20755.0730095818,220055.617095103,123209.957595763,48816.9296212483,27459.8660727551,15411.5489862327,21258.0307752711,217573.00673734,122917.522577257,49142.3558568992,27769.8903638946,15655.7643902957,21778.1166797159,215427.884653284,122632.893210909,49472.0989215626,28091.0925575579,15912.1192801108,22330.9213615132,213219.37851396,122307.931625048,49726.9376096745,28367.9346586101,16146.3872635873,22872.2524570136,210698.641383311,121904.8506374,49957.4711612746,28618.1550386868,16360.7868365386,23392.9727156692,207981.590196985,121380.39205391,50182.2866381652,28871.3291989298,16576.1603752673,23914.1786484041,205403.538750517,120822.046722786,50399.863018318,29132.643853445,16802.4047040561,24459.3148955899,204124.908304517,120589.176496736,50695.7398426008,29443.3129015894,17062.6826997934,25075.6496129048,202904.740880568,120414.107754915,50858.0826948554,29653.5487618443,17261.0758666755,25622.1596278054,201669.632328144,120339.258610083,51064.4409344951,29850.1791637734,17431.1708174872,26110.2579107478,200161.147610233,120130.673176812,51265.8686185795,30046.8465579629,17592.8804156102,26552.0911006213,198486.302415551,119850.029537569,51454.7889221031,30248.7163083313,17761.49890013,26985.0666716735,196663.405097376,119471.046726603,51621.8728860431,30445.7341248354,17933.2174220199,27425.5497031921,194776.545556906,119037.380286108,51763.9427191482,30634.6285426542,18104.9494603299,27877.7912793362,192801.201637066,118542.933342871,51879.2219848147,30808.795743645,18270.7063625774,28336.031065691
805,144806.226086215,116079.113186839,73750.9481834373,53376.4850501497,38363.4642094083,97452.4779006187,131702.732358645,109721.346545426,68480.9203799931,49737.3989068315,35898.1946873759,92167.6823461615,119296.998445794,98734.6592376184,62398.160618416,45546.2751450014,32999.0216423466,85488.7981790175,127947.805369871,108380.593442546,68549.9233312328,50185.3888541939,36640.6942557348,96651.1530773258,123671.958498578,103733.232350656,66623.1494134069,48956.814419223,35838.3383735029,96313.2993397293,119305.563640963,100963.50877352,64593.3475134736,47687.4996831508,35073.1247584855,95831.5749543307,121521.001124801,103983.234035058,67150.9739721872,49601.5114426596,36561.9526790492,101495.271868645,119042.032607096,101759.949084952,66403.6908741767,49307.2946228393,36451.5809826571,102557.588743903,116709.647558216,100260.938098993,65575.6115658066,48925.3209234346,36342.6913382705,103669.378295514,116940.171114833,101111.840524187,66526.1792744795,49760.5287601284,37094.3892259624,107366.151707745,115358.1280204,99983.4228661359,66235.4037323713,49724.2056515203,37185.6991324308,109133.211508243,113440.268697979,98806.697526288,65735.7919400344,49528.2276876384,37172.6665602112,110583.305819143,112498.571161801,98538.7251036238,65959.6807708474,49845.7807547433,37532.1343736233,113170.901561897,111266.892958252,97705.7521637845,65826.2416869518,49930.1831968312,37720.8073012584,115258.001635041,109860.271787206,96840.8129025287,65511.6098286031,49871.5369360301,37813.5636415989,117103.973720833,108575.033434071,96176.5432387544,65384.2384207737,49913.2456958176,37965.4788079553,119173.413757192,107093.586908939,95271.3519926202,65150.1026601212,49889.1892207,38059.4298742697,121044.228305484,105454.395055936,94213.6302073643,64791.3809293898,49785.7244976817,38102.7248645033,122758.635633422,104141.833464023,93324.8856227373,64530.7934951358,49757.359372643,38209.3384959868,124725.871533684,102956.376815792,92586.5638328443,64298.2514235197,49741.5352216455,38325.9869502465,126792.27826517,101483.345247764,91611.5503829287,63910.6634613456,49580.2082029333,38318.2570144287,128478.271851685,99897.2809997694,90567.58998475,63494.5522053001,49397.4698627623,38285.2856406423,130059.686635428,98301.3099811961,89506.4590457894,63096.004082165,49236.8224273502,38271.2943193196,131692.8806454,96824.1913091773,88414.0793428197,62667.2485127125,49065.886128423,38257.1013797213,133348.031983095,95476.6872666467,87460.4784877593,62251.4743984872,48899.7233817896,38252.1150790585,135097.272186977,93953.8189392032,86412.5506369464,61769.3194490926,48653.6496887193,38173.7398958852,136631.729647874,92243.8899247765,85179.5733017937,61196.2087478745,48335.0360632134,38028.1353962414,137910.817629833,90640.4334327165,83978.1524545249,60648.7562985995,48050.0232296979,37912.4969530375,139286.588923934,89667.8970446191,83093.1835048454,60266.9470534448,47899.966182257,37910.0366024895,141117.508509889,89099.3999931878,82659.6060105864,60031.291017503,47834.3586733776,37969.5279302155,143245.785892941,88285.6324780626,82073.6616386456,59698.1356039212,47625.999339956,37880.3309810253,144780.616402196,87275.4996372828,81351.8059941864,59318.7703788015,47376.5401651508,37731.4676646954,145905.403232963,86297.2814775819,80689.2095388585,59032.6468075862,47218.6828122699,37655.1362643186,147125.284609476,85286.3343942382,79958.8094932425,58725.3040207216,47067.0472163892,37596.1210967965,148308.540465714,84169.2857738047,79110.9115595452,58314.7278782034,46845.5439695276,37495.4316903336,149311.431663573,83033.0164457156,78250.2934632505,57881.1548704052,46602.7298496818,37383.3255015706,150304.582488393
806,349829.068873055,95681.9257980503,23734.6581189789,10586.1566844617,4838.2680901604,17389.2407982595,325727.389883507,85310.2877163559,21421.1267836589,9720.53913314945,4484.98401600795,16632.7276081692,328306.186447918,84959.1775486058,19205.7596802697,8941.05775266438,4288.14958267782,16812.6676043952,329654.38619411,86972.6005762244,18777.4586910379,8228.12299721364,3855.84792393233,16748.9360949441,329962.342535789,88160.4965613517,19136.8703167907,8218.59102779519,3712.54238529512,16673.3690081837,329805.955343992,89133.1866418162,19501.8494586112,8367.94404603028,3741.37238350633,16753.368520405,329555.726763521,90034.0245321441,19852.4633763371,8536.45507157816,3812.1480316356,16933.7434232418,329256.229134129,90899.8102516418,20191.8316896801,8704.10439893999,3889.78094384604,17151.3917958548,329406.586329237,91769.9002583349,20528.4762796915,8871.38444957611,3968.73489705469,17388.9742319023,329240.795306534,92599.6483616424,20840.0738981513,9026.46051670047,4042.40019232815,17616.6376043736,328843.79605619,93406.4019159012,21162.4064162181,9185.18047353507,4116.85894834103,17838.9532174189,328190.86748328,94159.7734032735,21483.804585485,9347.19544811334,4193.79523051756,18055.6979738493,327400.656345668,94880.8160046715,21805.5994480816,9511.82033488186,4273.15837009943,18269.7410140813,327092.27072323,95600.2238006307,22126.4111078762,9678.26789094737,4354.50848466715,18493.1002909485,326341.766751999,96267.2852752678,22414.2671014003,9828.71264827885,4428.97169366854,18699.0523928271,325274.259422579,96905.1867277987,22717.4734617831,9984.36671331737,4504.60877416788,18896.9752483303,323956.806560572,97475.7505617367,23019.6048217547,10144.6331898433,4583.69907618336,19089.441599528,322484.50628378,98004.9942183184,23317.4969346163,10305.8246346958,4664.85900135691,19278.4000537444,321558.795383531,98534.9108120829,23614.21691392,10468.5261333796,4747.85762985544,19478.4843645652,320246.481293828,99018.247448885,23872.9967020179,10612.2851514372,4822.47922749635,19660.5500410859,318722.642328387,99480.1267265704,24147.9256020709,10760.7168435775,4897.64577643691,19835.4194782919,316830.483750595,99862.8599757002,24416.1899353776,10911.0249126878,4974.92272143766,20000.1468216729,314741.658717001,100196.511292583,24684.6204339806,11064.4289779822,5055.2245479102,20160.8011592474,313059.672340903,100512.692122608,24949.7029668963,11219.6640962115,5138.03133244034,20330.4719691944,311189.848708794,100791.139501684,25179.3740743078,11357.4876144294,5213.47927808862,20487.6761702787,308888.873184981,101028.723912132,25411.7195287671,11493.1921905183,5286.39918050514,20629.5969486714,306380.009907056,101196.922407366,25650.9348910388,11636.5556874053,5363.64886378611,20766.0094306353,304056.222368583,101346.49987373,25888.3710164135,11783.8103150257,5445.10816006033,20906.9518795648,303231.722655792,101586.284186237,26123.0374434435,11930.9699117015,5528.08466735056,21082.5950455994,302342.522845487,101869.782936286,26288.1201843393,12036.0792297034,5589.84776694538,21236.035297326,301373.213141147,102199.919346174,26488.8432561797,12145.8323713613,5647.61625023628,21377.2792633101,300118.353448698,102462.38854983,26692.7470803965,12263.2247571646,5709.30502017969,21507.0777351683,298589.942509615,102667.871706364,26893.4025083092,12383.4857618424,5774.74959820602,21630.9235775558,296912.143501441,102819.271828493,27089.3212892419,12504.934744319,5842.65553942949,21752.1107080343,295093.524742095,102921.545957205,27273.0633692545,12622.7972264846,5910.32574918444,21868.7715247293,293153.48066948,102986.528391779,27449.0903339509,12737.5825644711,5977.1516938563,21980.3402834042
807,253280.40996413,90298.9362637535,24255.1856222908,11267.8885130934,5311.07933099919,17729.9193431952,229995.150174746,82763.7228896798,22375.8608462675,10547.7329832907,5000.13608898002,16774.8578657055,231638.800643442,84517.315129725,21496.6186698576,10124.8585301186,4918.59475094886,17160.0643701351,231640.678292601,85759.5436912589,21815.5942398005,10011.2652273125,4750.04687820106,17201.148247799,231293.603891773,86643.1557773786,22259.7674118851,10188.67217562,4773.57111128079,17276.8478867161,230786.501691355,87442.723653308,22684.4428974372,10417.3827822986,4877.34615848537,17463.2122453846,230200.501455058,88171.5953225402,23091.2032945981,10646.7218918347,4996.68688956735,17707.2177699685,229620.276574613,88869.4929583978,23485.8988512862,10872.1494297314,5117.69897617446,17973.0434264719,229378.994908358,89589.3372716033,23875.8473756162,11096.048601958,5239.01221860593,18255.9625205409,228942.631098813,90296.8489456861,24247.5877783485,11307.9504487991,5354.17949517871,18527.2054760872,228353.060778725,90961.3008731501,24628.4196814737,11524.5331517155,5470.83168864941,18793.4484867341,227561.281485429,91568.7954741231,25004.2222800887,11743.258596833,5590.2592976936,19054.5213375,226688.135859943,92128.0339840425,25377.6186344115,11964.2669049488,5712.66613719578,19315.0607507634,226163.799520634,92704.4836232288,25747.76186672,12186.8718040845,5837.7708292363,19589.7408389931,225376.844707965,93256.0523481797,26090.8105145038,12392.8884642577,5954.83402800048,19847.1589780952,224330.379052391,93742.857132383,26443.8865516302,12603.4399570782,6072.95060884247,20094.8670450479,223102.657205371,94163.9100538412,26792.9153208901,12818.6833566943,6195.6551054099,20340.2488816333,221748.959375534,94518.4654129736,27133.0039366178,13033.2272525861,6320.45853919643,20582.3649963335,220861.771544714,94914.3208354392,27473.5073536476,13251.7102220556,6449.34785118111,20846.7969876817,219692.109876884,95273.2632323492,27775.2354848411,13445.7589722616,6565.9048480836,21086.7743758688,218362.584336857,95587.6340259051,28092.116834511,13646.066231082,6683.66478385056,21320.6622971205,216754.514797846,95815.7292098056,28396.7285100912,13846.3851062095,6803.51366780486,21544.1658239285,215034.139132579,95976.5648644242,28697.3773499296,14049.1902635111,6927.09985900237,21767.1144847727,213638.296502934,96153.6826624448,28993.6761103857,14254.3522169726,7054.55487929128,22007.6105855228,212115.29445174,96307.8091866112,29255.8659792889,14438.6327724889,7171.83395368675,22232.7726799388,210265.277058748,96389.0716117671,29516.0953395542,14618.9690717632,7285.21614026057,22439.2560929847,208247.810889846,96391.9773101976,29777.4119607538,14806.5179880237,7403.86545327721,22642.7527770195,206445.127051639,96358.8707276246,30032.4816184825,14996.7612366047,7527.37022758942,22855.7891213751,205811.31865395,96536.5583901279,30295.4463309217,15192.4664681774,7656.06559728422,23124.0082176097,205038.607405935,96733.4581557975,30484.761501729,15331.2588809774,7751.13739202502,23342.679634363,204224.220179882,96954.2627426272,30715.0786019383,15480.0599698627,7843.05285057468,23547.7578747598,203148.16646649,97084.5742480572,30934.5319448136,15630.4041959043,7936.31319562469,23731.8591827302,201919.494034653,97161.3003297087,31153.1566081065,15785.5530479327,8034.9544826047,23914.6322875453,200584.389551058,97180.78970384,31360.2284234966,15939.4515016021,8135.76372767961,24096.6251825415,199142.512045497,97154.5094180964,31554.129713925,16088.5373897331,8235.94046712474,24275.8317395798,197634.024907432,97089.8592935366,31739.2485085212,16234.4856797905,8335.5040670778,24453.1614541658
808,247960.476560669,135304.346060581,53427.5848992442,29640.5432668651,16293.1141450269,20544.1567425402,218183.101207719,121129.081193072,46285.8100901335,25659.9248889608,14119.7276384729,17896.4263017642,221691.255097366,125653.905369642,47028.6705697204,26233.4951212048,14579.2673669571,18707.0603905223,217956.741970992,124820.466443777,46716.788533002,25731.7469532987,14251.1129833593,18603.4247432496,217289.02024502,126155.279697762,47739.5039821481,26241.1070692691,14445.1232449744,18869.5664419536,215311.229322249,126186.500197113,48308.5791506217,26682.2479361452,14701.1258407855,19139.5274954185,213794.09687876,126554.528993591,48967.2791552907,27191.9316642535,15053.63142631,19643.8516798163,211995.976616858,126635.547112265,49486.4768923735,27633.016694241,15379.6517611306,20205.0318373653,210730.764986575,126887.985600229,50055.1784240472,28094.3961384506,15720.2634971614,20844.7529141449,209318.84871711,127068.910507785,50539.9124218671,28503.9300870738,16030.2407406556,21473.482896053,207729.49830309,127190.589384318,51022.8513335969,28901.5792553159,16328.6360475793,22097.1095216175,205963.941312457,127199.248261814,51484.2989057564,29295.4202006924,16625.6388668386,22721.6695015225,204052.205672705,127100.780722051,51914.5881073563,29679.0095258406,16921.6704212984,23354.8550623659,202594.424810751,127091.485381629,52370.1619106878,30084.0039894283,17234.780740955,24028.3897028455,200920.475504023,127023.012283895,52743.1721733923,30435.2538727187,17518.4782760615,24678.3591353425,198996.207575122,126846.52954207,53106.4756040714,30771.7692222425,17788.5120824389,25313.7663011061,196891.700021313,126547.877253798,53448.7318073873,31107.0257474504,18060.047156081,25953.0456552629,194638.027958487,126133.085953729,53750.6612396539,31428.5745724136,18329.8940931788,26602.3988761166,192890.200486689,125828.52007248,54085.053866166,31775.2379838755,18619.7355747514,27301.7092090146,190978.287190007,125490.174277054,54333.9496957447,32063.8128435988,18876.6222018198,27973.4621523665,188887.501371979,125060.257980995,54574.1780788978,32334.4351506087,19115.9105327179,28623.6691023874,186590.085159284,124520.731947245,54788.6700040387,32598.8784708746,19352.3057550863,29268.2483923231,184086.638515059,123826.198404455,54957.0085879273,32844.2555057215,19582.3645505282,29911.805138534,181984.377619182,123218.032897232,55154.4392698401,33116.5224977497,19834.7765175108,30609.0514132886,179846.403796002,122604.953368496,55282.6121774343,33342.155213039,20061.9683517231,31291.4547538417,177398.524824217,121861.061892549,55366.4828572098,33526.5984607985,20258.0468449835,31934.5255749324,174811.235241783,121008.494841749,55442.2044535248,33713.273384068,20454.5081998686,32577.0681759648,172302.413755851,120094.478143142,55493.198039147,33897.4019265617,20656.0144875404,33238.0962589009,171023.795655132,119599.788278089,55663.5887646066,34158.214981388,20910.2542800357,34010.4504304625,169910.495643043,119304.518236232,55750.6933439439,34336.61476582,21108.250779138,34713.746576077,168619.739540232,118961.841380846,55839.5454098758,34473.2070065664,21255.6304564038,35310.0663910313,167225.501798036,118594.170329044,55961.612379434,34635.3613187129,21409.2548112698,35868.4751094013,165590.21795243,118061.746391769,56034.7336014023,34780.5574468046,21556.7337083218,36389.8125068624,163904.359906373,117482.671832091,56097.6388967549,34929.7588313906,21713.9154328852,36927.8559572514,162123.219301119,116823.329682218,56120.4805162878,35059.4283064141,21864.3393428583,37469.6891107427,160288.947184595,116115.361519479,56117.9396318616,35174.26638988,22008.0818937613,38018.5100189093
809,193482.063097134,128794.326269791,68593.4701429462,44876.5946623572,29145.1112663585,59420.1078893704,169990.051759134,112755.940474817,58231.3824111388,38137.8351356015,24865.0368581116,51569.6825643855,171188.74054101,116604.56683988,58584.1341192769,38381.9121130111,25092.5806193898,52217.8749295041,170959.038882009,117813.584265901,60065.1330575057,38929.0653608657,25421.9624130084,53716.9673327129,166402.535377198,115245.948477177,59173.5973862181,38519.7193464255,25079.7281378252,53110.7955837705,167527.152586389,117616.075254856,61002.9663262491,39797.6302340731,25980.2961825044,55228.3435258314,163989.554102899,115510.222525265,60611.879862929,39788.2675692187,26065.6189807685,55632.7835421741,163277.745391241,116133.130460821,61345.7408974165,40482.2089105935,26668.6821547565,57336.0859140564,161661.874919203,115519.195018899,61601.1996973216,40839.6003313557,27030.2355618909,58677.2779651558,160260.310031249,115264.212727273,61843.1293339867,41196.4152335223,27397.6194647392,60100.827875995,158832.210349513,115008.307831586,62159.3542574058,41563.1966204664,27756.9641631997,61562.7950758852,157067.258133736,114461.898481863,62330.0770228945,41850.5543721686,28059.4029521386,62897.8467089167,155368.592749561,113982.392006564,62538.2856244175,42166.724263918,28387.4019715242,64307.7306428478,153960.416703362,113522.790490631,62751.4525186272,42493.8086756171,28727.0773226637,65776.5805476203,152441.820838611,113059.499164025,62883.8744976683,42759.0224736492,29027.8416227125,67200.3422267418,150642.076594177,112432.501664518,62956.0478858006,42964.9718966753,29279.1151156703,68526.8447907837,148789.956494137,111758.105921811,63033.9830485301,43184.7927882493,29538.6072540029,69870.8504605645,146811.460068412,110948.537680966,63043.4006212166,43369.5992856995,29781.2693750368,71191.2719922559,145219.96834552,110262.886611396,63096.127159429,43590.3826447133,30055.4838861433,72626.1399176663,143594.075930298,109608.388660791,63089.5300572878,43758.9721520413,30294.9463095128,74030.1222473374,141706.982665635,108779.893661392,63001.4993911294,43850.7362255727,30470.2422688544,75295.4125494274,139737.696229581,107925.987954471,62923.4749860535,43954.4610450492,30650.008795357,76564.2529385086,137608.803480171,106905.880791746,62776.2288709465,44020.6645511257,30808.1437227815,77782.728291987,135776.036201514,105971.912492139,62656.4886846834,44117.3516642037,30995.9189401939,79106.1355743531,134016.937901561,105112.625315836,62509.1147120871,44186.2603928235,31167.5358882582,80443.0437741518,131918.957383432,104053.130852113,62246.2729751093,44152.8697981524,31257.6025023342,81597.0210894107,129746.295454678,102934.159064617,61987.0421381251,44124.0777469178,31345.1290337831,82737.6614358758,127697.384999529,101799.864238124,61728.2899019801,44109.4232089819,31448.1973455485,83926.2266780918,126559.083803724,101043.412980773,61614.548773693,44203.7351145893,31636.6655422081,85387.7444257848,125719.802612167,100624.179664042,61519.341167647,44274.1750111129,31802.0574519949,86851.4912949781,124540.471186264,100005.352476236,61321.4444869354,44212.7698702577,31838.7309039447,87936.5831604509,123353.73130665,99447.7143765615,61211.9842155476,44214.4608510553,31901.0166197847,88978.5026933471,122049.763526099,98791.1002301879,61090.4017137071,44225.2116550746,31972.3157961641,89951.1160239614,120601.047729572,97993.9644095888,60889.8643749743,44196.9886114466,32026.7930207763,90836.7850901981,119160.530405865,97200.8106138416,60684.3214479546,44171.0169213567,32091.9877174872,91764.002188541,117674.826716623,96354.7350881767,60442.9476750999,44119.3392084333,32142.0768038599,92680.6432765323
810,348254.579377888,94273.6385872761,24410.2507344453,11339.0631800573,5517.14603538731,34011.2833431787,334513.231226083,89062.5996003057,22953.6472185529,10832.9424073241,5310.1462257144,33389.6872108923,333091.347537715,89429.6453643878,20890.8596696508,9930.68844921516,5028.80444603241,33498.617610561,332530.053498598,90719.620440083,20909.9002644372,9519.08678335508,4692.95617097698,33562.1636165008,331908.720630033,91637.5234318408,21275.8974769135,9602.564074207,4635.45958547251,33710.8328036413,330995.17984643,92426.4616678211,21620.0306791795,9763.26873749652,4688.4258706119,33988.7238050997,329986.357206916,93140.8569760765,21947.269784192,9929.13293665711,4763.52259895612,34332.8949442895,328954.247717166,93822.9243781422,22262.78733182,10091.7448258293,4841.21096997448,34696.8142875664,328373.756749836,94503.008944177,22571.75699152,10252.1788405692,4918.97544606029,35083.6847179807,327568.01434993,95194.1541859808,22866.3272534995,10403.4824681414,4992.20972794836,35454.1798288338,326528.84055557,95838.3715641373,23170.3321228495,10558.7632548414,5066.26217473614,35808.899310215,325202.446221599,96423.3813945523,23468.8051069701,10715.5535614488,5142.29370329198,36146.1074023125,323767.619369311,96961.2416793805,23765.1437435011,10873.7870468643,5220.31040176283,36473.0581083893,322789.94927,97492.5947313834,24053.343817885,11030.9952404132,5299.43472292923,36817.78547177,321487.711822181,98026.5318972981,24321.666724972,11175.7769122576,5372.55317234835,37137.5338266239,319828.000826996,98494.8901170345,24600.5538593111,11324.7946323928,5446.28257542467,37433.6903585539,317890.852529578,98887.6344933971,24872.8707843196,11476.2270493817,5522.81120734244,37712.4124121763,315841.147544218,99229.5047145166,25138.8688509033,11627.3790147379,5600.89108925566,37979.7161731641,314342.205053104,99574.2960581606,25397.2880936333,11777.4898422065,5680.01838480445,38271.3184315478,312549.65041937,99926.9582577013,25631.3907932131,11912.0170703275,5751.3687399297,38535.8954564154,310503.771327751,100219.605736749,25877.1176973295,12050.675052465,5822.87665566157,38780.0997338057,308090.432656733,100435.150006722,26112.8818296825,12189.7962891656,5896.14723742568,38999.6075426969,305510.905822257,100583.594455124,26344.626609557,12330.1379732665,5971.64892851841,39204.8344504549,303354.273771619,100724.688147561,26568.3187530771,12470.1927346132,6049.01584266074,39429.2639989042,301066.981702288,100869.011593316,26766.8894710847,12595.2159028401,6119.3245215477,39635.559201685,298338.766286273,100947.142069261,26966.9271503508,12718.2217655289,6186.78885644443,39807.0047676696,295388.315637222,100940.610500803,27166.360048834,12846.4358840748,6257.91411142753,39961.3713997027,292728.983233648,100912.615910623,27361.7120827413,12977.0520772051,6332.76888217459,40123.5617979977,291623.301351738,101026.793585151,27554.2789059848,13107.626384416,6409.6596815558,40372.6451089694,290537.884929032,101261.920259246,27704.3650767097,13203.4339858207,6466.73636795772,40596.1898972676,289292.494427348,101482.930259314,27885.662673977,13305.4785207811,6520.46400631303,40795.3145510935,287762.652880197,101640.246732284,28066.7664721994,13414.5386997394,6578.70709502065,40970.520912241,285965.396779416,101729.503419084,28241.8023901298,13525.2923588329,6640.41565588044,41127.306240113,284021.781210417,101762.548484585,28408.5703030515,13635.5979953369,6704.11038826669,41273.3696894189,281958.758957253,101752.258577893,28563.5463048995,13741.9258645606,6767.33249808203,41408.3253062943,279783.356039245,101702.357599887,28709.3047046765,13844.3041380073,6829.21967344394,41531.139671996
811,254726.92741248,134445.73052624,52792.6927660158,29259.9808929542,16068.0727826872,20347.6726240952,223790.374101501,117898.592222451,44880.9423724731,24879.3368734806,13674.6751037746,17412.1025779396,230708.04932466,125146.180088031,46107.8479744018,25646.9140845499,14250.3310906052,18414.9344987489,225216.276003141,123162.917571297,45499.5254015028,24923.8429338729,13747.0856359379,18041.8935531479,225447.790934163,125249.089979544,46738.0022975263,25545.8688291424,13993.5424777492,18319.3657838353,223080.453249979,125047.980179837,47256.8102175493,25954.0792952902,14224.7656736094,18519.3395971524,221743.857006154,125632.644149532,47970.2185823072,26493.0347137963,14592.1052871552,19020.694931387,219878.398605811,125719.391831884,48497.6091362686,26932.495087299,14913.7091763343,19561.1445676516,218729.750259662,126100.277248574,49099.4547020759,27409.5170201679,15260.3110674918,20195.2809428664,217248.150986678,126305.250973883,49589.3395193508,27815.4950488826,15564.6799275491,20803.7416500547,215681.50472938,126510.518418223,50101.8363728971,28226.4281660405,15867.3182817053,21419.2697720237,213875.770916329,126568.768042924,50578.3579094394,28625.4033463091,16164.5888619607,22031.1274290893,211956.672817983,126539.036459367,51033.7556260046,29019.4384134121,16463.8156601323,22655.9405866744,210535.970939246,126613.333938631,51516.4337159502,29436.5333559204,16781.0751919602,23322.3559627718,208808.338265574,126581.682719326,51901.0329020252,29789.9977186659,17063.0723789209,23956.8387711679,206848.455292808,126470.163118685,52290.26830063,30138.2219827401,17337.0384732922,24583.9433623879,204686.377446682,126220.941613233,52653.3259211272,30483.0503456465,17611.7122147182,25213.9548910299,202429.974213331,125874.727241661,52984.300475954,30818.7968920337,17887.6240427268,25858.8443564084,200690.877771773,125653.875713581,53345.8431777018,31178.2695597167,18182.5600964394,26552.407537512,198707.353542697,125343.047518076,53608.6816103442,31470.438069293,18438.4339289105,27208.4605126893,196592.876980292,124988.440541236,53881.2485402873,31758.2926597764,18685.4780072447,27855.1358734035,194185.433722593,124470.206410047,54109.2011839742,32028.2260650328,18922.9884579401,28486.8004255141,191648.661356216,123844.052020274,54311.6007721727,32292.6639715947,19162.6174887498,29130.7578766024,189527.801743249,123302.294339236,54536.3474764262,32579.5114148736,19422.0251447201,29825.2616793592,187325.866506229,122730.712505678,54683.7422519798,32813.3878698074,19651.8780510713,30498.0746206941,184785.875274326,122027.165071315,54791.0676898371,33009.7935734502,19852.8875119681,31133.8918985453,182127.082305927,121223.517996437,54895.1158925381,33212.9017635611,20057.6040526621,31774.3181949669,179589.711353926,120364.360100112,54975.7224939197,33413.9956135787,20268.0984236881,32435.5539969775,178388.590322286,119972.561621734,55186.6934229967,33697.6417542376,20534.518863176,33213.6336580194,177198.394515821,119671.677587132,55271.8971006957,33870.6920660518,20726.5886324842,33892.6644695331,175899.324221215,119386.639294501,55391.927228414,34025.1373562904,20882.844272222,34487.8090914004,174446.579628143,119029.853450295,55523.9381085519,34193.2536402875,21039.0392794373,35036.0965790002,172751.182217427,118528.631955533,55614.6395338571,34348.8106751386,21192.2523390133,35555.0410675099,171004.917789691,117974.299218173,55695.4300236241,34508.5532367362,21354.9842444137,36091.2307761859,169181.107681469,117348.96585873,55738.5920000793,34650.679585504,21512.413199374,36634.3231356917,167280.607523772,116668.101177303,55752.1601283348,34774.6898298651,21660.9601605165,37180.8552353602
812,228315.104970862,150355.229261001,65724.0638471014,38724.2891401777,22690.7368396437,41200.927396027,198278.15877509,129055.33033994,54653.235719777,32226.6220995682,18937.7779367182,35149.2312169208,205119.959526771,137776.146135357,56498.8228998484,33384.7922945268,19747.1635744934,36874.0237660909,198691.583645335,134147.596530256,55573.2538628226,32391.9945806117,19076.772795651,36209.4643741324,199202.698559845,136627.29571311,56976.5899820499,33221.0081274249,19466.3566595224,36927.5647398617,196506.08330238,135759.582762937,57437.0149922377,33607.5407766919,19705.4912143372,37267.1857126904,195175.050898769,136163.438840777,58149.8175545596,34235.8155036117,20166.7549625781,38089.6195167747,193177.157941993,135844.325803411,58627.5949583711,34696.8142399159,20544.7713811282,38919.9980827298,191904.321538101,135924.342831271,59188.3415128006,35216.1858796353,20961.5723504898,39910.2918206677,190401.854366463,135842.955046662,59638.1686588799,35649.9754025454,21324.3880016379,40867.9252041017,188766.581978461,135721.983994009,60079.487561594,36069.2939496018,21670.7099876321,41810.1838306561,186976.600981449,135478.086362112,60498.6258634487,36481.161386557,22012.4102883026,42747.1189651705,185033.412604848,135105.080982657,60868.3730658043,36873.3159957578,22347.5389943102,43678.8995011591,183529.745118706,134858.144953689,61280.7834251907,37298.0587609946,22708.2167550483,44683.7905298975,181863.441305521,134550.587730241,61597.4787108567,37658.0030772411,23031.5042193894,45649.3626180789,179929.155462636,134106.986532387,61883.291647322,37985.682654365,23328.1990480732,46570.4766519378,177868.952383724,133557.548552323,62155.7244013392,38316.442853161,23627.8339558498,47494.2577825238,175645.067563353,132855.795528677,62366.1412953185,38620.36472258,23918.1432311536,48409.8907977618,173899.793861141,132308.4650461,62626.0245676504,38961.8988578217,24238.2452124901,49414.4240171255,172053.928247158,131735.338205724,62795.8315944109,39237.8403510196,24519.0268291176,50379.617526878,169994.827547509,131042.659373813,62932.0641368018,39476.0256447844,24767.323335438,51288.0774263884,167771.183703094,130246.239989016,63049.6557349974,39710.4719708171,25012.2175530426,52183.2653774665,165359.245875892,129275.133768946,63104.0941946118,39916.4866480045,25245.0295890625,53056.9479105033,163306.909554306,128412.901288747,63194.2129388084,40154.7985276505,25505.8291570819,54014.2978861709,161264.276629453,127564.786582669,63219.7275549258,40345.5179184639,25739.4348399751,54956.311322615,158918.177836452,126557.841540086,63174.8116040619,40474.0688768919,25925.7678017462,55815.0550839215,156450.833526895,125446.075844979,63122.2717048463,40603.1253331444,26109.6843503211,56662.843136863,154052.866991529,124269.566473695,63041.5209998411,40728.3943012428,26298.0567607183,57528.0980319428,152768.779530919,123569.574124108,63112.094891137,40955.392663256,26559.2982811356,58593.5235883267,151732.107158403,123144.25857653,63132.3889206705,41113.2745908245,26769.3038601455,59604.8806939601,150461.196876246,122614.235383125,63114.6831106416,41195.2785577972,26899.8672547634,60420.5707717511,149143.220360498,122103.232621694,63161.5492955755,41320.9415873091,27044.6069116423,61194.3972268809,147593.291763506,121402.484643109,63146.3013713066,41423.0976635109,27178.0298877005,61888.0948621821,145970.504050361,120635.510484665,63108.0058115546,41523.0241410309,27319.1808065795,62584.4631403558,144315.668528111,119816.951006764,63041.5820275016,41611.117481641,27459.5599848487,63294.4594505969,142582.384948369,118928.371752677,62929.55329254,41669.9991821078,27584.1246412813,63993.4509443321
813,379435.452647221,74437.9127226012,15275.4390176999,6407.95071154498,2768.71457458673,7128.38797613418,364338.711983891,73016.1240176565,15165.2437833125,6466.96726781511,2814.72822170795,7165.52003643447,364332.795349513,73705.8892095835,14112.4400782045,6035.95698960491,2694.61128908547,7213.72592323611,364376.03217616,74643.3861702426,14295.2585328629,5882.66246396359,2541.98087106061,7163.099715774,364259.422335199,75320.1537551978,14522.0440107941,5961.56896265226,2538.59052057217,7163.813570211,363804.690762483,75950.6893297499,14715.1780481677,6046.72593748531,2570.39679092669,7224.12010691855,363237.944442119,76531.3743322512,14900.7692324016,6129.0579080665,2605.19302619722,7306.60315602761,362643.897911288,77091.4807440136,15079.7586658373,6208.76235130398,2639.39962095993,7394.50436230076,362519.633863952,77643.4185532238,15253.1934700004,6286.10447521036,2672.6042340877,7485.19637528056,362130.060087581,78211.8364451641,15418.4645213888,6358.47293981916,2703.38374404241,7571.9133318867,361482.700023367,78744.1899004928,15592.3716098421,6434.35167007099,2735.07234922006,7656.15463653689,360535.353725416,79230.0364098671,15762.4249664507,6511.13198649148,2767.94359716911,7738.42156631004,359456.842219587,79679.132249567,15929.8513331727,6587.87807353553,2801.38289724522,7819.64864263117,358861.291045304,80109.3240337189,16088.8212503351,6662.04167482233,2834.19095335239,7902.61559784845,357912.439051475,80554.4218959231,16235.9471578973,6729.15696207457,2863.71716765868,7980.13552341178,356576.073691799,80951.0456366504,16392.875660248,6800.0596766527,2894.06647339356,8053.92604708257,354948.114881839,81287.0557689521,16545.222366646,6872.27750202127,2925.96109955627,8125.81193187825,353199.000198907,81583.1959766121,16691.4665994427,6943.11467531356,2958.02348946486,8196.45534996468,351990.079719075,81863.0339631321,16828.5281562778,7010.65668935912,2989.02768638384,8268.98856288052,350466.936671193,82164.5481215792,16952.4469726389,7070.17876840122,3016.19122593008,8335.5853097712,348706.557487649,82422.8671522031,17087.2284948314,7133.74130513843,3044.14790083854,8399.01416966536,346534.444515748,82625.2821388621,17215.1535916216,7197.45618964181,3073.14855454876,8459.07907614126,344177.699413188,82774.7176335736,17340.9674484525,7261.62600872566,3103.02250701006,8517.71763572834,342222.505948638,82897.1429095498,17455.8803635538,7322.7382519735,3132.31932532154,8577.84582602216,340137.027324092,83033.1324151148,17556.3521088475,7375.50223748094,3157.80258789034,8633.36274817418,337604.965260626,83131.9189703195,17662.3730449087,7429.35223361082,3182.76709148168,8683.22897271128,334829.094982098,83162.1340683919,17767.9093175078,7486.16185564043,3209.7216905465,8731.0074583508,332303.415203459,83171.2860630531,17868.3147648934,7542.81440811481,3237.74746260628,8780.3870559216,331341.562999152,83235.6287337551,17956.4334291565,7594.0792413276,3263.85811879039,8838.91435997291,330442.222610725,83437.5176095539,18024.7175028257,7629.1670121531,3281.32628005176,8890.22450975111,329378.700801979,83644.2112604558,18124.7230540851,7673.89544430007,3300.01081811754,8937.27965304431,328029.757294404,83806.3474539996,18227.3705424772,7725.30133414788,3323.01810387215,8983.19703341677,326398.422094867,83918.006303414,18326.2778759639,7777.56881430607,3347.91902305852,9028.39559888638,324602.28955348,83982.2655156045,18418.4792070323,7828.54234308757,3373.15478565719,9072.51127129342,322667.19297667,84011.6606617184,18502.2753726937,7876.43095802068,3397.50330472657,9114.47890875135,320606.587276674,84009.739196583,18579.90560183,7921.68836176944,3420.77945291394,9153.77867196543
814,379997.866023278,74783.2352067593,16122.4140917465,6858.93506773257,2981.92016908999,6774.70976259921,365610.944637253,69532.7400144573,15297.7186220344,6699.80962769132,2954.17194200303,6747.82868264682,365665.594788375,69921.6293367229,13392.2618342642,5885.49524638902,2700.91999143119,6731.53229497175,365911.085830572,70870.0686568601,13354.2951902906,5541.5006171158,2431.86904812427,6585.78406284477,365969.562366267,71547.7266274454,13536.2341562224,5563.03505871789,2379.26050288771,6515.43930529844,365711.906262806,72157.1328769767,13708.6894284264,5630.50112042417,2395.20512560485,6538.40756708216,365333.728224559,72713.9299788051,13872.7656590774,5700.88320400266,2422.83483332923,6602.2202075624,364955.419473687,73250.9302588999,14031.1411661984,5769.53114675908,2451.51975930847,6678.91875169525,364992.691933551,73780.5648562193,14182.2730998663,5835.27960657452,2479.20281403687,6760.00340425714,364790.102108657,74328.280382482,14329.1346074475,5897.53092262206,2505.0398676295,6838.60838303603,364305.456127589,74841.9480955618,14483.0453337604,5962.9728583172,2531.78936144784,6915.21135345323,363528.644749138,75310.4916080918,14633.4465866345,6029.10331072489,2559.53234741111,6990.25042468116,362658.98463947,75744.7153135149,14780.8122612199,6094.8416196901,2587.61470840231,7064.53126083869,362243.301125917,76164.4679687595,14918.1841292026,6157.09076890033,2614.57844615182,7139.76957751962,361434.535729968,76600.0641400683,15048.269822678,6213.98986556011,2638.83422747485,7210.0170883764,360245.512073152,76985.2218659859,15187.2206558012,6274.87373374703,2664.17675045408,7277.27773825597,358782.538286244,77313.2239441571,15320.0152447129,6336.04367676119,2690.59255881968,7342.93119475998,357224.760620189,77605.7088772405,15447.0843852528,6395.46259870431,2716.81417801707,7407.41955600927,356184.473835343,77885.70917183,15563.8126055614,6450.95539874872,2741.59171528028,7472.98021716725,354817.174143908,78187.6472593572,15671.9333616536,6500.20263822251,2763.17896330333,7533.20813883534,353171.614614861,78444.6485741012,15789.2371461882,6553.34594205684,2785.68835529637,7590.53657270996,351137.42818181,78647.0449703229,15900.2811708794,6606.55925512996,2809.13625620186,7645.19589604597,348941.473895143,78799.9359439512,16007.7626027023,6659.35934799172,2832.99522040279,7698.52307879084,347162.201144492,78932.6243676054,16104.0307532743,6708.49284953087,2855.81636219732,7752.84386514586,345204.399554409,79079.4722907639,16188.8597072692,6750.42053941682,2875.17688806249,7802.52772382278,342781.798777742,79185.7721810383,16280.0223099476,6794.23606363781,2894.48837403365,7847.2972105995,340116.32817864,79224.9706841518,16368.9442949604,6840.19709922625,2915.47886542202,7890.33160407675,337805.606289905,79246.0507398884,16452.6043793854,6885.38568872097,2937.07674221698,7935.13284954951,337039.606870826,79331.9657240788,16520.8624732521,6923.53635614207,2955.90100227765,7986.88741829619,336247.054483927,79546.9578965535,16579.6007859245,6949.92839190451,2967.82866258652,8031.56040523884,335274.727954768,79752.7813148995,16666.9659482124,6986.85219795646,2982.08557208648,8073.12862846724,333995.185000211,79915.7130436597,16755.655828719,7029.32680183635,3000.27661289828,8114.04233119997,332445.591789117,80029.7411959968,16840.7656508137,7072.4290718344,3020.05007482567,8154.48510900333,330733.047973834,80100.214009436,16918.6990692153,7113.75551452859,3039.81364744876,8193.81599435498,328881.598845664,80138.4609175813,16988.9479181253,7152.02121825638,3058.54796985474,8230.99392779984,326901.312058467,80146.9148491196,17053.3301657277,7187.7530070367,3076.19367218501,8265.6148103909
815,156238.522998513,114935.384725207,66506.1692961405,45779.5011630392,31320.4025778756,70677.0581687599,139014.126191952,105997.061657102,60613.1049873378,41819.9579308621,28729.1070674844,65592.7590040095,133900.695071359,102518.919027929,59124.3483625453,41053.9526847723,28324.5843229089,65102.3523199274,139330.29591601,108205.68519911,62884.0639077411,43750.3207374598,30408.2273585759,71169.4224205993,132784.5906572,102574.187971079,60150.9940645277,42063.6630957488,29322.0601013722,69751.6718506462,133372.379871801,104600.206285166,61398.6471236195,43049.0412399318,30133.9145080136,72741.8496614029,132347.513445854,104166.917832843,61945.4156814609,43560.7937632924,30565.8618675514,74770.9522579983,129668.440216934,102522.529367817,61313.7735947678,43369.7680502157,30566.38609887,75656.1502691435,129467.287996239,103079.949016186,62044.5582397603,44046.9099731572,31182.7511098721,78190.7828411168,128061.284289395,102317.324612679,62034.835606335,44222.0051997597,31428.770687554,79844.578142768,126505.597786387,101652.445306265,61947.9146962196,44330.9141297417,31632.2017508505,81401.5416588375,125412.556755317,101382.828554732,62200.8756779333,44661.0687502699,31980.9526254335,83351.8146801296,123787.98592609,100552.653442817,62125.3779868392,44783.0978948328,32184.2473364878,84921.1490557417,122537.556542521,99965.9517303765,62140.9092289597,44973.5525670401,32446.900913743,86679.5300919158,121411.448197818,99522.6270663514,62206.664060329,45185.8945810175,32723.8644579469,88532.222363622,119836.395685094,98723.6154685791,62065.7167508844,45235.1930012683,32873.6976404728,90059.2194966008,118265.058927265,97960.7007230211,61967.2091418518,45319.5035789536,33046.3336999361,91644.7088734714,116683.854041015,97141.6276668985,61856.613747738,45405.6940703324,33225.1065462526,93262.2530315287,115283.301620691,96316.9615173052,61711.2092621151,45475.4495471078,33399.6273885489,94908.653183235,113973.406451885,95638.640171796,61576.1063974856,45539.8513231567,33571.7007526997,96608.9250113734,112429.536235291,94778.6848322759,61348.6276212827,45511.9907024176,33662.9173433108,98102.1981640421,110779.366884424,93855.055342199,61097.8579680148,45472.0059643244,33739.4705293377,99538.9690076247,109058.207793653,92855.4622848266,60822.0733731713,45421.6770340316,33811.8368564379,100962.303831082,107506.595330362,91864.6253788516,60538.8040781192,45377.109875722,33895.7831072743,102448.013689097,106077.714539605,90998.8358797116,60262.4384818678,45331.0704563351,33982.8856366715,104001.092881375,104403.873817121,89979.616196002,59886.5491683194,45186.9599902808,33986.6498588741,105335.30247131,102591.099576354,88837.7062371923,59464.0295511423,45007.7888355169,33956.1522408494,106554.130533212,100912.547540399,87732.8524693194,59074.7602476361,44865.8033023755,33957.5933707453,107872.586452998,99914.9797735746,86926.2253688119,58818.3134889355,44829.9905775491,34046.3231973235,109510.08146799,99271.6299212309,86511.9498177478,58646.786266019,44826.0694883458,34154.4929018047,111275.057578587,98345.124377233,85922.9620536164,58372.3087320867,44682.4732686367,34122.2166131008,112554.980659841,97312.62275034,85296.7325341585,58122.7009840692,44555.2029251758,34078.9165029332,113653.870743603,96282.6330093532,84687.2600384441,57934.2391912284,44491.7952951184,34085.3213653615,114783.420637468,95130.9829095704,83936.1497773395,57666.8341232782,44388.7350940571,34073.1787809228,115782.614684962,93922.8406004761,83127.9090708104,57345.3351755861,44252.8665457531,34047.3339142475,116734.429941077,92728.8915988604,82331.676408984,57026.2107522342,44116.8687039251,34025.563555819,117735.322766103
816,371116.64910394,73297.1529674346,15706.0975202264,6858.2588116144,3173.98298954226,17476.0304117207,353812.249116471,66107.9627753628,14554.6169474487,6589.33290111745,3100.50417570146,17225.2956406632,353251.998761187,66562.9770888334,12516.317932605,5662.34440736256,2794.1036273317,17288.77769945,353176.178733782,67391.0789311024,12436.2808670012,5307.32966215555,2515.66113091714,17275.8394632514,353027.662334827,67987.5017407138,12577.98668106,5308.0853512978,2454.81584951365,17353.0233919987,352564.371701057,68517.6510917731,12716.983501578,5357.32441687294,2461.65832713765,17519.5578479163,352036.427776206,69000.7424034397,12849.4434252201,5410.73674948702,2480.64885436855,17724.994601351,351506.231587792,69462.6229608981,12975.7246388253,5462.26146242678,2500.63860897847,17940.8583879252,351422.533219199,69930.0120058798,13096.3588951695,5511.49858989987,2519.91955266035,18165.0773108916,351104.098322428,70415.0232400766,13216.118812284,5558.62232512015,2537.79681730488,18382.1790917865,350521.109449426,70865.9859738074,13341.5416932824,5608.65928543664,2556.52487342166,18592.4415048903,349676.842789753,71274.983139776,13463.4552650915,5659.0265076454,2575.96503396485,18796.2159162698,348746.417690351,71647.3194780834,13581.43661744,5708.40956209775,2595.38954291093,18995.1987258426,348292.839362398,72020.6915450784,13690.605243364,5754.73693960919,2613.91803332545,19199.9523200721,347434.725201895,72406.6960100982,13796.858977135,5797.38229495857,2630.24493569479,19392.1167713651,346241.346206997,72740.5395304261,13909.3838396267,5843.432343717,2647.52525318895,19575.5175553545,344805.714353814,73025.7926315383,14015.5747573032,5889.01805352935,2665.36473960322,19752.1311502907,343284.599384238,73272.1916537969,14116.3049274576,5932.67477791432,2682.72681152701,19923.345693102,342308.077399163,73525.2918292407,14207.9851938915,5972.9906544308,2698.96429740466,20101.8164462185,340989.147698456,73794.0474721274,14295.5639162106,6008.81895912745,2712.54426119099,20267.0982843063,339425.061987102,74018.752177328,14389.9601060495,6048.13016453483,2727.02134110282,20424.3814253137,337483.448968208,74193.2033597568,14478.752824497,6087.12943935279,2742.03593487824,20571.2249821889,335416.966721575,74317.4792384021,14563.44734446,6125.37037319221,2757.17131186206,20711.9892257896,333785.68405799,74439.0910244156,14638.2220712935,6160.25604230224,2771.38698915199,20858.2123534336,331977.211568565,74574.0111236203,14705.8794712762,6189.71611786801,2782.72570744246,20994.1397691862,329705.785996108,74663.1845238605,14778.4846280971,6220.91562463515,2794.01312331223,21115.4242654428,327228.104198291,74692.7693675117,14848.4421282181,6253.68853966595,2806.60406407994,21229.6868603782,325165.22568848,74704.047605064,14912.932232267,6285.28189798581,2819.48583347801,21347.8931265358,324614.682029877,74816.7919881596,14965.9911720297,6311.5479880603,2830.52571294217,21495.1829166481,323950.050937894,75027.6010256101,15016.0797514165,6329.5595561525,2836.12120407428,21626.8596457626,323102.548256893,75223.26846417,15089.9583600097,6357.58562980464,2844.49439320344,21750.183398116,321956.200820496,75377.2039786369,15164.385542171,6390.18832264201,2856.27450104405,21864.915326075,320565.782243034,75486.1418161285,15235.5134142787,6423.34781197015,2869.51043881471,21972.6830489232,319013.856467643,75556.1287947761,15300.2905779268,6454.90587613766,2882.79358209427,22074.3025074375,317358.620146425,75597.7843186892,15358.5451996448,6483.89762939391,2895.26313760457,22170.2717312777,315575.122544048,75613.7539100893,15411.3900110592,6510.42151111502,2906.64509835404,22259.2437300498
817,355556.923882859,96135.9348729973,22925.4992599191,10367.9626200499,4988.30419474751,33906.1479995431,335970.983958851,88780.9624959213,21854.2067817596,10062.56788882,4874.31934964574,33361.9633865101,335639.36915066,87931.4816896199,19270.9183575567,9130.70514113931,4631.30996725603,33557.3429303852,335495.604862052,89322.4100898092,18975.4692882041,8499.78231094064,4211.54815187577,33634.3540139244,335244.600599043,90246.6604677477,19265.3376165097,8505.13547344527,4099.20363161888,33785.3152842783,334706.76450171,91042.0570677919,19553.0048678924,8621.73813420757,4122.23520665928,34080.8391466,334073.584835816,91761.0953224742,19826.6083397626,8748.87374049696,4173.36128363119,34449.6519587016,333360.590086705,92445.9165177418,20088.8400363476,8873.41178064646,4227.99049681979,34838.2150149587,333107.53156444,93121.2776843048,20345.5009033074,8996.201090126,4282.82706233694,35246.4060156871,332648.153493608,93811.3572502023,20587.6686554934,9110.66344939302,4333.72697073111,35640.6293134669,331943.446945992,94462.106965243,20840.9237495002,9229.14669389454,4385.31685724961,36019.5439653376,330980.27011968,95054.7646167815,21089.7497074962,9349.3763248154,4438.6792783798,36382.4148050746,329844.297732798,95600.7064913544,21334.6265961555,9469.61166807374,4493.02552883017,36731.7039984875,329167.407201002,96127.7214217322,21571.9069451305,9588.49204468185,4547.85535410431,37092.8708600233,328186.638605614,96665.9207685109,21790.7134954598,9696.63223643873,4597.6825987354,37432.5944270227,326848.009446697,97146.9205001838,22021.8129443003,9809.16826510648,4648.09965699277,37750.323263199,325250.31527346,97553.4054169859,22246.8797609608,9923.75110926695,4700.72474169373,38050.7573987123,323469.551616839,97907.6245667697,22463.8340728908,10036.58111,4753.76185853056,38335.6899095255,322212.318455731,98246.4084119103,22672.857129018,10147.5786187875,4806.95450528416,38635.8416630785,320714.301189784,98605.5484072706,22860.6159022823,10245.9294826436,4854.10489174668,38915.2933462997,318957.176364482,98914.7112599038,23061.1831465179,10348.2918449456,4901.36669617622,39174.9730186001,316846.584954714,99150.1846817001,23253.9196915283,10451.5934713143,4950.19661861753,39411.238521327,314506.793685821,99317.2995303585,23441.3993630637,10554.8553842339,5000.20536975415,39629.0170213301,312556.434073005,99457.9655767947,23619.3758134709,10656.5363898975,5050.91331237198,39856.9162447933,310526.243207982,99612.1352889155,23775.4566280961,10745.8873724882,5096.06936743648,40071.0134054759,308061.477471848,99717.2436285989,23936.1368595923,10834.5689545391,5139.16189343625,40254.3000054104,305356.287218004,99735.4452689906,24096.8596836151,10927.7771969849,5185.09424499198,40417.791007214,302793.168201263,99716.6644906064,24248.9437298919,11020.6444813766,5232.85298329199,40577.9009420561,301747.745421777,99790.08315822,24393.4952089755,11111.0061846631,5281.01061261803,40805.4293347657,300805.098756072,100021.210228918,24504.5531444761,11175.2534019036,5315.10046652488,41023.7629605878,299748.666584288,100256.616474496,24653.0005415098,11248.876436108,5348.34369804197,41225.2460628694,298398.289431028,100434.29893032,24802.1956045916,11329.910630985,5386.38589833851,41404.8190690794,296777.831521306,100545.569587599,24947.4581019814,11412.976635308,5427.64376034939,41565.8174222521,294996.20657019,100597.885944844,25083.5094956919,11494.8615852978,5470.19969703689,41713.1472593091,293097.002500968,100607.967459843,25208.7998987429,11572.9013877003,5512.04260739061,41848.0883624775,291066.34164415,100579.348000643,25325.4459121947,11647.1403588641,5552.42849888847,41968.7443411241
818,287358.398639927,103185.426694158,30377.0837341352,14519.4262269921,6927.91899669936,13046.7323078408,265768.121034638,96199.4518523657,28036.0673329577,13500.4967548644,6460.6354741433,12245.7127404468,266370.58394188,98314.2449494506,27314.4469420353,13240.8089752027,6486.69219646777,12587.6006953864,264707.58752086,98975.3105967989,27475.9078928635,13016.7439778581,6271.26493130828,12501.28381958,263729.002340677,99942.7012630952,28061.0856430157,13254.5531623284,6314.02180580947,12510.3751585319,262288.034937722,100532.939693648,28546.5017856421,13548.4277433371,6456.805994885,12620.3157897254,260868.407588892,101121.634378907,29020.5101402881,13843.9915107302,6625.61606118247,12824.9005924624,259337.703521952,101629.321240828,29465.7908934421,14129.3956170999,6794.26966747739,13061.1465719899,258330.8651769,102191.286054112,29921.207952844,14420.2397216373,6967.28954164186,13325.7870129693,257125.418282283,102728.482461354,30335.0949739913,14687.661111449,7128.91208491943,13581.6880531027,255712.25043439,103212.299120774,30758.0384314159,14956.2002093281,7289.23616180945,13833.5817312422,254095.279431521,103625.758309556,31173.2691747173,15227.7013974658,7453.04196046981,14086.1284494828,252299.294147798,103962.482734606,31577.0701000574,15497.6107466915,7618.80515246237,14340.3071078243,251045.930808586,104354.524956559,31995.645479898,15779.7179069989,7793.33837055069,14617.2683170592,249477.588592967,104694.303885308,32359.0274311716,16030.6048278286,7952.99237203242,14876.8879812833,247607.309229154,104966.26192567,32734.2058397561,16283.7576563547,8111.53344553616,15130.5650536077,245541.072075186,105147.415097058,33101.9738575728,16542.1171184848,8275.32113638626,15386.5749679654,243301.247589478,105247.315821513,33451.2898798426,16796.3455164542,8440.72787270006,15645.2947381272,241670.70061816,105423.482068929,33820.4028714275,17065.0824876184,8616.28843289122,15932.030521099,239726.040090828,105535.165511615,34122.5699210092,17294.7040251002,8772.32678568657,16195.6606214919,237636.209209297,105614.807200061,34445.4945461514,17530.003285189,8928.22935394919,16456.9607664177,235227.719570482,105579.066228096,34744.3670379992,17760.7045057134,9083.863163612,16711.1355345993,232631.319242058,105457.660208369,35034.1271917359,17991.529558494,9242.77981330151,16969.2408076932,230492.352651969,105379.312331695,35335.7827653054,18235.4187572318,9412.15372179748,17253.9262767224,228234.9945116,105265.733708074,35582.1378095794,18446.977951901,9566.01877918373,17524.9493664428,225633.742474364,105077.568047415,35820.3735577246,18647.6779707121,9711.20785658371,17781.0517356605,222825.768626448,104788.705917312,36055.3738837619,18853.7282221687,9860.3177993119,18036.5139627709,220179.629634702,104460.097482681,36282.9244242722,19063.8351233922,10016.0853759276,18305.4953071687,219069.074837365,104440.433254216,36568.1999095919,19307.6725456767,10193.2238804561,18637.9425376187,217852.064387102,104440.739511858,36734.1393374772,19466.5545524871,10320.8793610111,18911.2101920848,216601.189471513,104503.456627178,36955.1685866637,19632.203674164,10438.958405166,19161.1412955003,215067.322220044,104443.262607609,37158.1563785943,19796.4092410525,10554.4568243942,19384.2714749337,213347.607117579,104331.892218799,37359.3090053228,19966.0476212788,10676.5178482995,19609.0533789215,211490.503525383,104135.778433843,37543.2196507073,20132.5023683989,10800.3490488547,19836.1560882713,209567.02273264,103905.091963661,37714.3708583813,20295.6127144546,10925.3659367125,20070.4462433271,207546.87636402,103618.698693068,37866.4004606526,20449.5075570169,11046.7940777142,20304.0812431641
819,269226.318725001,66881.2134956632,14936.3215233247,6385.33463274968,2788.92023210215,7071.38582267129,251812.218156269,61074.1499535508,13877.6295408165,6106.75648769632,2702.58620829565,6894.53430192226,251317.615574893,61892.4875289319,12426.5770159703,5358.11585450713,2448.43054254524,6894.3642735085,251380.749621697,62700.3374556397,12544.5853511463,5158.43371513321,2241.18157585697,6780.50282224327,251276.931365458,63333.0818015961,12767.5233525856,5221.0633508475,2219.64254207461,6745.69501353433,250954.535097513,63912.2107853245,12980.2418931277,5315.18960900715,2251.78171043521,6795.37611956407,250605.580344632,64459.6698646433,13187.9922966836,5412.37550192604,2293.64917888406,6882.45580058268,250291.126906336,64995.8121834282,13393.0686056313,5509.17489050351,2336.91736087621,6981.5885942489,250345.854225067,65546.9228544207,13594.1113426961,5604.90005538022,2380.1299568329,7086.72705219904,250223.582227646,66118.6588293539,13793.939206344,5698.15195157863,2421.92325086734,7189.2243139749,249940.372689885,66664.2517913728,14002.1283858572,5795.99175332332,2465.49457929239,7290.67679781544,249495.062797091,67183.9079648558,14210.0514314258,5896.10086041636,2510.94387099904,7391.86773309473,249016.083138604,67676.8659687412,14418.4712171707,5997.71243552868,2557.68691477266,7493.19583535364,248889.986147646,68178.6245309376,14620.3701836755,6097.92739570978,2604.48089348617,7597.66692111023,248485.812144788,68690.7912308081,14818.1032030837,6193.86300649422,2649.00798725358,7696.80041113353,247842.442296413,69163.8393732817,15025.3479448283,6295.13402674405,2695.58682987382,7793.92135915502,247032.946747554,69601.2125223569,15231.2807668115,6399.02743424032,2744.48807322027,7891.05352845631,246195.73463318,70007.983141122,15435.7205495267,6503.65148069395,2794.5163020641,7988.27476406973,245744.545637024,70424.5483007848,15632.0881359957,6606.10587756958,2844.25480891105,8089.06925977746,245024.621954446,70848.1752172062,15821.0006260578,6702.20112027621,2890.6519199329,8183.01049568404,244133.509358971,71236.7871281314,16019.2898278473,6803.48996288826,2938.92244659415,8275.13941678461,242991.838673541,71587.1888650066,16215.528098524,6906.77338252977,2989.21743444221,8365.71032761051,241763.832029331,71896.0611633096,16411.9674506032,7012.19662318358,3041.38440944022,8456.41992742497,240854.014685453,72204.4217369654,16600.3510564961,7116.07117890805,3093.87139508802,8550.87611396762,239765.727101674,72514.5127399656,16777.007065076,7212.16976662008,3142.62608445777,8639.29004180671,238360.649047024,72783.8738072872,16960.3955812675,7311.16455276874,3192.04205843342,8722.8553884262,236821.524320267,73007.4433462407,17145.4861057699,7414.8373001229,3244.72503841669,8806.85249674884,235578.382933516,73207.0079319623,17326.5389664704,7518.96946558555,3298.96978486784,8894.15384368747,235401.252151029,73492.0900567617,17489.7037046048,7615.10674297206,3350.29491156703,8991.83483168811,235047.088847937,73821.8237991525,17628.3129590836,7689.7092637254,3389.32443744577,9072.85519978777,234575.686022753,74141.8363683876,17788.5550861063,7772.17580474388,3429.34142107283,9149.11647342747,233889.049874143,74423.5468434162,17949.7013912962,7859.33608542028,3472.8074910498,9223.60105606703,233009.728677297,74666.0885834481,18110.0601770609,7948.72509802135,3518.70163697677,9298.05752431634,232038.641363489,74876.2801577423,18267.4234238897,8038.94780601817,3566.09397450917,9373.24927580422,230974.440668304,75059.9249654053,18418.6769321558,8127.37266487615,3613.38150791291,9447.39219920296,229818.219440146,75218.2843497823,18565.7753922101,8214.39713102684,3660.3404063312,9519.82981310348
820,324990.65070992,107602.985471994,25418.3262846463,10993.9159002404,4802.79285407856,9231.02948447798,302377.847144864,101844.191265256,24557.8935555628,10704.0882314428,4690.09490024521,9022.95195460729,300854.148456501,100367.181133252,22641.5332580588,10153.8242070715,4612.07543892674,9117.4146371872,299874.363993317,101597.587312493,22454.639950487,9635.2053438133,4281.98930177354,8994.51039517385,299027.081575062,102414.919123768,22845.5848965684,9714.3236532029,4213.33995906246,8876.72215091943,297973.547054669,103106.143728178,23212.9225702608,9892.86750344621,4274.25576989932,8891.90270760532,296849.964026298,103716.965925964,23563.0443187242,10078.692036555,4362.17277520123,8985.45081370489,295607.708345507,104289.583425191,23898.5349647236,10261.0590443565,4453.62064043107,9107.82671151686,294795.310748543,104858.104124098,24234.4108400551,10444.4721263332,4546.6213897409,9243.87646245727,293944.804480693,105466.689710725,24551.5390417602,10618.3418802776,4635.77898315603,9380.10856140707,292849.256147464,106030.663669707,24879.132749376,10794.2871658027,4724.599075041,9512.50848209227,291540.815243825,106526.087894816,25202.9273300877,10973.8940996037,4816.56615085916,9644.72455706719,290003.726199588,106961.392373316,25520.8787204539,11153.6581585451,4910.30785378179,9776.73122999942,288893.611642168,107380.399658853,25838.9262278136,11336.5471320664,5006.90489949679,9915.34551876354,287653.606352852,107834.718666219,26132.7216229184,11507.0339085204,5098.54335291121,10050.3981327775,286064.871086901,108218.319115849,26435.41078976,11678.7461182943,5189.19895792099,10179.1933217001,284236.393455793,108512.589804736,26734.7536287061,11855.2076474579,5283.82776024591,10307.7825594996,282156.18887925,108737.432563643,27022.9379614556,12030.6177597761,5380.279709107,10436.5238373668,280591.972773188,108954.0830223,27312.6212729782,12209.5323671438,5479.87585415169,10573.9635299594,278946.410468265,109218.881846904,27572.6834974571,12372.5569368433,5572.72821924468,10707.0312007719,277012.491350507,109416.789354272,27841.5779682922,12535.3277400265,5663.24057619502,10832.355919472,274798.627097207,109529.659258089,28104.6916693857,12701.8197841177,5757.1719367456,10956.4671047542,272319.463187638,109556.667112334,28358.1087518589,12867.7376836944,5853.11493076858,11080.3281083467,270172.680943315,109558.540846408,28609.6746637822,13036.7582595668,5952.53638295604,11212.0863080885,268071.335401468,109596.022030701,28835.6158306512,13192.7704785844,6046.88040549655,11342.548659388,265597.060369907,109570.264986982,29056.8341468734,13341.9077469428,6136.15336688339,11462.8007758292,262881.778829557,109443.337073451,29278.9911589259,13496.5822599805,6228.99002565444,11581.6104773752,260142.595231803,109258.828772701,29490.7768806809,13652.0785740455,6325.17292212454,11703.7956620779,258788.927358554,109207.454151754,29714.8919769538,13815.6601897106,6427.10855514115,11849.2332166605,257786.694843473,109377.72468835,29889.7796830901,13943.5928555598,6510.21183267822,11984.856207643,256627.022138391,109531.980605797,30085.7915924557,14064.7524647602,6581.72313893949,12098.9811403726,255235.670928086,109629.322945017,30287.7264879873,14195.297193426,6657.60376794618,12207.5596223289,253604.628198072,109645.450535072,30481.6260479068,14327.2168396434,6736.79683058787,12315.4565185713,251800.000927155,109594.769145908,30666.5365456812,14458.6954376105,6818.10114383201,12425.2642609086,249897.44944851,109494.561822013,30840.6719970548,14587.7668929481,6899.96143406117,12536.7933836544,247894.805386463,109348.226466528,31003.4988200618,14712.3247500398,6980.61332823075,12647.4487227857
821,343500.135860732,81015.734065877,18405.6865801512,7886.02143414117,3415.25969250587,6081.53981821416,330298.389097477,78516.1669926801,17778.1458417026,7734.35760326731,3373.76113699768,6038.68464047606,329023.563389381,78976.6172367188,16374.1665456936,7122.50316244413,3192.37574800935,6036.17765317382,328323.900250093,79887.0509376516,16489.904388959,6884.21488663756,2976.41533886708,5906.57283945185,327638.420220356,80565.048074371,16758.7109750182,6965.35953237571,2956.6113348097,5839.57745286125,326674.25946676,81180.0624805033,17004.093202799,7079.21106268975,2998.18715552696,5861.84930271533,325615.577349727,81738.9877402121,17241.3846258038,7194.41361306632,3049.79950920395,5924.45536842971,324552.072692307,82275.4957730886,17471.6359388862,7307.75524012298,3102.44968938976,6000.25394025491,323951.957733079,82810.3506635057,17696.0832490778,7419.00186037021,3154.57636336109,6081.46063698046,323154.827591975,83373.8049679743,17913.0308850108,7524.92699402919,3204.10802732037,6160.46423045559,322144.016060734,83897.42073731,18139.8595808696,7635.28021957528,3254.98136739417,6238.2595134077,320888.942294966,84375.05939098,18362.389066544,7747.00424456817,3307.60335425393,6315.8146694711,319496.146395045,84812.9417270444,18582.7347070663,7859.26339268213,3361.29689315755,6393.5935014388,318562.939278633,85237.5494257025,18796.3573785874,7970.28391256716,3415.20910339905,6474.01097163327,317365.07085771,85686.3158406419,18997.3973302956,8073.50418570621,3465.57347663819,6550.40110682194,315807.847885559,86081.0656227568,19208.9747400777,8181.04712508809,3516.99924092886,6624.14999902514,314006.636095825,86411.5119716887,19416.042488712,8290.92047260382,3570.8488947871,6697.98761640203,312077.796847134,86699.9682129645,19617.4386324798,8400.10522650955,3625.56462071128,6772.18756058533,310682.904374876,86980.5339713274,19811.1063934392,8507.34969417204,3680.13323370829,6849.51281822848,309041.036919318,87291.8716262433,19990.15164995,8604.96873887047,3730.10820111645,6921.83060914566,307160.505674103,87551.9847411795,20180.3338913583,8707.00732365924,3780.95976298676,6991.60099314083,304934.417955245,87752.3759681296,20363.9038836703,8810.06104655014,3833.64924288885,7060.26386087179,302531.710251576,87894.1000801617,20544.7270085195,8914.13067488333,3887.94012534862,7129.38624370194,300528.269689169,88019.325082858,20716.4621698139,9016.60753813553,3942.70208205697,7201.8045616402,298429.596668215,88164.3928745561,20871.9769924565,9109.21622618494,3992.96905039656,7270.4105465789,295916.958348397,88262.3288819605,21032.3485500209,9202.46319544493,4042.38337445936,7334.16090759389,293197.869244276,88286.1841982976,21192.5264352397,9299.95789464827,4094.81917772854,7398.03982835128,290696.165996604,88284.3717689706,21346.8211972731,9397.74867220657,4149.11274175717,7464.9430315415,289680.587016381,88372.3760717445,21492.0113693984,9491.74092073427,4202.41041363406,7541.26514756816,288745.718723284,88606.0515439484,21610.3630913847,9562.63796978985,4242.89128946425,7606.95247057436,287651.42710769,88827.3084243004,21757.7309589934,9640.76200640008,4282.35136952369,7665.44453495349,286294.431069811,88998.7373272698,21905.8365810163,9725.15131811377,4326.04697634987,7723.02384481286,284679.756029785,89114.384298967,22049.7190421289,9810.75800458721,4372.13203156156,7781.63724672464,282918.778766313,89180.907166693,22187.1094218628,9895.79796386504,4419.26581142957,7841.32972359242,281036.473608529,89211.499060331,22315.8290952305,9978.03412146017,4465.94931231607,7900.71133491978,279048.578675861,89209.2090119072,22437.9978277461,10057.7451820949,4511.82330864637,7958.94963563723
822,376466.068098974,66323.0505524776,13197.8077021008,5538.2818405091,2406.49905427126,6820.99407600747,364286.124062254,63009.9863804446,12607.9262490692,5434.48385072807,2393.85358525948,6809.25943086278,364580.821310602,64106.5937380958,11467.3538463089,4885.66181073815,2210.63885409617,6823.91847722258,364908.779821206,64903.2320260864,11612.173600236,4743.47206127888,2061.28498544013,6767.44457061127,365052.683827394,65508.3245666497,11778.0788419094,4793.62430098937,2050.17127956775,6773.34448744909,364880.33031461,66070.3859488987,11923.3251371902,4852.81533116009,2069.90029383498,6833.66440076996,364607.916160132,66593.4881785637,12062.1433458366,4910.41106558795,2092.84411995492,6914.01105297108,364334.041884384,67097.744644963,12196.1017852406,4965.9305158233,2115.37459510529,6999.3063729713,364506.708204586,67602.973304395,12324.2519602883,5019.04111200722,2136.90297096936,7087.20247549693,364396.731241301,68123.0328065421,12450.1025367689,5069.63841587434,2156.96828648746,7171.55829301839,364030.257016931,68610.5133303882,12582.2853585413,5123.32369215219,2178.00179008456,7253.8167886296,363382.74426117,69059.7557707661,12710.9246222216,5177.30121187908,2199.76065804351,7334.17572013994,362650.047713031,69475.9328549514,12836.7617929028,5230.69745280703,2221.62585201771,7413.38703501885,362372.908725174,69887.4376551852,12954.3267251164,5281.19837232205,2242.55576342302,7494.0486562226,361697.225339008,70307.9793078949,13066.8326400459,5327.6236824535,2261.33367131271,7569.38286857313,360665.878701541,70683.6941374869,13186.3758008673,5377.39980501459,2281.07559535686,7641.71456963668,359342.776176319,71010.5080842803,13300.6061450206,5427.17424022684,2301.55296792891,7711.91886883887,357962.041520149,71302.1086372107,13410.5321032423,5475.66213513145,2321.87912553329,7780.93359764971,357108.634390875,71593.6332797014,13510.6951305901,5520.45857657184,2340.87224707125,7851.61942502589,355893.192180304,71897.5737460758,13605.2241112563,5560.4453457178,2357.24809649736,7916.38100785602,354412.07294308,72160.410865791,13707.0162761066,5603.90530415284,2374.5693548199,7978.29934925971,352536.490900483,72374.5342657667,13803.5377630999,5647.24615545861,2392.56351074645,8036.97534818945,350535.364356479,72543.3113694344,13896.9225655543,5690.19258901643,2410.83298387775,8094.20186337395,348961.313797999,72704.1149979443,13980.785323552,5729.88981969095,2428.13651715885,8152.88471196459,347167.596944395,72871.5085287624,14055.7486188378,5763.80283966202,2442.57461476478,8206.41580972996,344911.572499511,72996.8014880849,14135.7586927958,5799.46166496031,2457.10194521022,8254.70099991858,342435.383107834,73066.0093099199,14213.5881591413,5836.74185233783,2472.95643559517,8301.13710712007,340362.761845481,73120.3569145638,14287.1091406222,5873.23931265155,2489.17240118305,8349.50264736314,339844.997213917,73254.9353956507,14348.6782434897,5904.18986890034,2503.23091853217,8406.74094241607,339202.090142656,73480.4470638005,14401.8822240197,5925.30854800145,2511.53014621089,8455.58174950097,338360.699252117,73694.2884461262,14478.8668448129,5955.69850897873,2522.20518696715,8501.31529864077,337214.090446864,73867.7088195989,14556.8421381359,5990.70278151513,2536.1858116151,8545.65346170311,335796.671231674,73997.6586747125,14631.5768148045,6026.11963939631,2551.42577897084,8588.77371011612,334226.34342011,74090.4296663432,14700.9498563688,6060.26928626471,2566.71469353822,8630.56109683024,332526.049039421,74154.015715591,14763.4434646053,6091.74481797145,2581.10028992415,8670.00262534691,330686.579775792,74190.9659660956,14820.866403149,6120.96246833048,2594.4936309267,8706.65271355851
823,313036.042742716,95623.1681993447,18670.5052449056,7448.39522294114,3043.32764983944,2661.81830295318,266124.542367103,79642.0153080746,15818.9943641913,6435.88009403234,2662.35299757323,2373.15671644271,277016.481540653,81332.9000601783,14676.6605638693,6107.03476374752,2620.07290741066,2452.42040872849,280937.481982269,83706.3947274396,14192.3531390263,5473.42121637923,2273.19194271064,2271.55110215278,283032.998629801,85053.9594516826,14397.2820821719,5410.07447552952,2139.68286046414,2082.13364831303,284413.93643394,86134.9924900393,14624.3646049983,5476.05695683315,2135.63366633346,2006.75136837583,285691.324172884,87141.531298628,14847.7545553931,5560.81964823536,2163.1307907429,2000.3529044151,286829.227662817,88082.9379326473,15057.6608574765,5643.67264871747,2194.87966447006,2019.3290075263,288356.22678017,89032.1549512212,15266.6342619889,5726.2942510975,2227.24904365599,2046.68311402516,289465.199688466,89878.6338496249,15447.5912457348,5797.65269483349,2255.18826448924,2072.82868306419,290309.497494848,90680.2140635119,15635.1663357307,5870.7719199621,2283.25758649468,2099.00836079069,290899.583577298,91405.2992959981,15817.2400022785,5944.25251859694,2312.08044784931,2125.62432744974,291279.299003871,92066.5190166398,15992.2824050792,6016.10303663282,2340.80275977994,2152.5495823714,292041.131663134,92724.9815778038,16165.7134710836,6087.96534477589,2369.79019442132,2180.16583330557,292338.092359237,93286.3218846465,16307.3282349155,6146.79420756004,2393.58660989825,2203.90876880363,292291.778467258,93807.0208908624,16460.8598150464,6208.69655290515,2417.73232625123,2227.05501832141,291996.828786588,94243.8457505571,16610.1197494978,6272.26945154197,2443.30358602157,2250.88635621592,291473.073974511,94615.2117406932,16749.6141855444,6333.23229136195,2468.53422447952,2274.95648510416,291382.338303361,94984.4833826272,16887.9147003459,6394.08218194149,2493.87547476879,2299.61765622102,290968.771006649,95307.8199878558,16997.0425074402,6442.58027722001,2514.22738450932,2320.53997253991,290307.875687869,95611.7531467519,17122.3545243587,6495.20250792611,2535.09917048597,2340.84079741877,289348.255550094,95843.2067383536,17244.2869774204,6549.91428084268,2557.58059217401,2361.79560569223,288161.79248402,96017.8045550115,17362.3852459797,6604.57067601375,2580.76480305291,2383.6956703605,287298.603521154,96179.490309405,17477.9257475208,6659.30697932159,2604.41746005031,2406.51300486279,286341.494446831,96325.8763351731,17569.9792306615,6704.07490462171,2624.13918725873,2426.62533638589,285059.829318473,96463.6447820901,17672.7899450309,6750.60267968518,2643.4897250783,2445.54685386911,283558.621923148,96541.9621976874,17780.6317866715,6802.14300707971,2665.34743932863,2465.60172806615,282110.128601737,96597.5433332587,17886.0789961463,6854.97368238629,2688.74980620422,2487.34603293688,281851.802647638,96714.363097951,17985.2116445099,6905.60852284519,2711.67339979049,2509.82200862102,281706.12393415,96930.0368217074,18043.8077152993,6935.29336624141,2725.32203077002,2525.48234617184,281442.361381798,97227.1774090227,18145.2500508994,6975.07417427381,2739.94363900396,2539.43585234406,280988.441635118,97480.3701969052,18255.9257765446,7024.24944072457,2759.48470523118,2555.67558631904,280314.088550797,97693.7063189487,18366.4233117104,7075.83818878232,2781.49289312166,2574.71683675085,279531.193573943,97858.574176498,18473.1205972361,7127.66889254078,2804.38484552907,2595.35721085495,278649.361268051,97991.1877454961,18572.239419035,7177.19544723488,2826.77415279441,2616.18460635576,277689.558794452,98093.9950720101,18665.9272683857,7224.69553413584,2848.37079620534,2636.47886320749
824,331224.16711393,80578.2879029194,18363.6822386784,7912.83062041337,3476.43970497907,8654.80044873602,310566.706621385,72366.2428236533,16815.8839531973,7444.96550600872,3315.92377161891,8336.38585864223,310751.121611929,72641.4497702665,14935.6438272316,6619.78601439376,3054.67308104751,8345.48952854397,311397.223209273,73915.2676400557,14831.3830668034,6210.63585674295,2754.39556077235,8213.93310843664,311559.852381052,74755.0455669342,15076.2118651476,6232.16524707092,2682.98827010866,8136.26990676154,311341.501965473,75463.2978715176,15315.1714906972,6328.35253762438,2705.43793965919,8166.76522217779,311046.065094177,76118.9928459296,15544.5085930295,6432.55737677109,2747.86405498312,8254.08029361657,310793.426309122,76757.3855290942,15768.7875486884,6536.21067088975,2793.30161945789,8361.75975375165,311005.474149468,77424.1399477156,15991.7469160585,6639.59371470914,2839.19344430352,8479.58217609878,310891.553692759,78065.4570255159,16201.8745323885,6735.95337417206,2881.77778543513,8591.35555809795,310551.445302046,78677.1991848147,16420.7510608583,6836.40235231018,2925.7449165006,8701.26037273214,309977.409236735,79245.4228738375,16637.425539324,6938.70730848785,2971.40972054014,8809.70837429631,309357.937588179,79788.4480452376,16854.4696200295,7042.55092577638,3018.47776904584,8918.51487034066,309199.823295803,80357.7299814735,17069.6364070653,7146.69180465617,3066.25906319881,9032.41787753069,308601.279327009,80885.3527197224,17267.3452933327,7241.39935072529,3109.66159786435,9136.44851289677,307712.479239507,81371.445926851,17473.8282533144,7340.30437118968,3154.40939630894,9237.33244174286,306610.076087957,81811.5444793029,17677.9661900142,7441.44398894675,3201.18843289106,9337.1409913313,305461.310111978,82224.3065598967,17880.8623161402,7543.47584275194,3249.18847960076,9437.07561796457,304865.522404103,82672.7365578644,18082.9331240026,7646.16537298944,3298.03631281402,9543.35512898474,303833.866873622,83072.3759706927,18261.5526120074,7736.29941916608,3341.03929155777,9637.8900875218,302579.694287198,83440.1204043866,18450.4502397685,7830.76942542574,3385.2076879363,9729.51249674392,301002.314899448,83749.6263152574,18634.9186418156,7926.56931153659,3430.99784167627,9817.89817182494,299320.618143434,84022.7484589466,18819.5619415442,8024.46062721287,3478.68292295479,9906.40228033925,298089.341590801,84319.3102430739,19003.6813276489,8123.72788233318,3527.82869543393,10000.9044794128,296594.154763894,84574.1595691904,19163.2726361688,8210.46596312977,3571.37883601508,10086.0705858896,294650.110398314,84773.5550942629,19324.2086286248,8296.64656608507,3613.82271579635,10163.3823082924,292560.622865452,84930.1067366837,19490.7583968101,8388.90752376,3659.81049356595,10240.9199140447,290846.313043475,85099.0951862345,19660.8858466334,8485.32538047225,3709.05113747313,10324.4781984478,290615.670668281,85409.5910358649,19831.8351203994,8581.78179293388,3758.88166456442,10424.9815386063,290044.129679166,85691.1091176927,19949.7586433653,8646.39109936451,3792.65586875539,10503.3572576636,289323.027672288,85985.0865002898,20094.6491453276,8718.09494448975,3826.31994146943,10575.8984037268,288332.450011375,86226.9790056532,20242.0332710071,8796.02593643003,3863.86745838396,10645.6102972474,287107.021791334,86423.6690876709,20387.5142532917,8876.12017354711,3904.08584012642,10714.8811392776,285760.267619956,86582.6044652367,20528.9896230501,8956.58113257192,3945.63440302339,10784.2496941616,284302.940569547,86709.2278981851,20663.1913923284,9034.7603120428,3986.86447349811,10852.0126699942,282727.320357989,86803.614470931,20790.9361261022,9110.44922597044,4027.2508230937,10917.1243773812
825,259758.264155871,109699.61751856,29052.2269113175,13395.8906865435,6211.38216905224,15391.8167193877,236782.568056621,99390.9631181347,26527.0990459704,12457.4239553951,5817.79138443154,14473.294259059,240309.96733453,101697.731067495,25283.2845651881,11881.0582372103,5712.2347037418,14898.0610187271,240613.779808449,103427.022626873,25511.471578879,11598.3159260005,5429.53734847538,14828.5103755601,240571.401924831,104643.85842119,26074.6928672023,11784.0576852638,5416.88957274045,14795.8470228771,240353.355557496,105705.928755878,26622.4746847539,12069.5018900797,5536.34697983757,14923.7870459478,240034.230156171,106664.046811028,27136.9394667718,12357.5910972441,5684.11268902058,15145.3098152513,239661.005097075,107566.268965796,27632.1570112773,12638.612755023,5834.48326166896,15402.9287264193,239622.695127343,108492.502635487,28120.7586002641,12917.8223969207,5985.52849979233,15682.2750019901,239362.576043209,109382.8284782,28583.4319065985,13180.8585185628,6128.55839409512,15951.7373481628,238917.777807878,110215.928492893,29054.672382255,13448.4917867023,6273.02250617504,16217.859918347,238265.495270359,110976.059492103,29519.8473262202,13718.6732364967,6420.79361413555,16482.1394505069,237499.127629827,111663.655419188,29979.8054495381,13990.3131027722,6571.5115323813,16746.553376871,237117.404667944,112391.204976518,30437.1588669598,14264.870015213,6725.99860562404,17026.7157500358,236379.656305942,113051.483389165,30856.1143764937,14516.0498257018,6869.02069634457,17286.5269349436,235421.431425148,113641.94212879,31290.499190021,14775.5113784452,7014.99163643759,17542.7648660785,234220.43163302,114137.679733085,31714.0664016494,15037.1965619791,7164.94101150587,17796.6182387498,232937.504916126,114558.89460097,32130.2491480465,15299.8847788512,7318.21064801226,18052.7639265072,232083.823397937,115036.871300159,32543.7164933101,15565.1642525081,7475.27690863624,18327.6172755289,230909.881249643,115438.923915541,32910.3085936177,15801.1927262303,7617.42305187255,18578.1691070058,229602.079524008,115799.911635409,33294.6368841991,16045.7406913585,7762.1098574922,18827.1403621755,227962.702017117,116035.957075091,33658.840607776,16286.6342269729,7907.38643183753,19065.8988415285,226220.426222812,116197.533254077,34020.8903535714,16532.055356376,8057.81842950901,19308.9353718067,224789.585303551,116381.70362154,34377.1406635492,16779.7619178716,8212.57007863108,19568.3780435614,223214.815826445,116525.324726976,34691.2655389919,17002.1421255855,8355.00818157114,19812.9726124833,221300.162993341,116571.651494781,35000.6466596725,17219.0863114246,8492.71157162509,20041.6250573055,219211.383658308,116521.429057822,35309.7588641021,17443.627232705,8636.25811591362,20270.0859047573,217333.914688983,116435.959651541,35610.5910131484,17670.8009909559,8785.17909998308,20509.7404299467,216667.577231509,116635.029583662,35928.9447162898,17907.5876688376,8941.40929625381,20798.1362375704,215854.706867194,116824.463911139,36153.1580356115,18074.5524452314,9056.76697327021,21032.8136140171,215007.153575775,117054.475894566,36424.9649793704,18252.8317775388,9168.41349427425,21252.7174404611,213892.749266241,117167.297951664,36681.4901666626,18430.9808354066,9280.37675373544,21452.7362577656,212596.448252556,117212.840019715,36935.1157588871,18613.4472193404,9397.77373736254,21652.6199214774,211185.003636322,117186.985325053,37176.7261963709,18795.3144257931,9518.01237596294,21854.5393758732,209684.450009042,117109.219069441,37402.8883153055,18972.0467506127,9637.96521167039,22057.3503517121,208090.358428303,116979.417679935,37614.9598030165,19142.7410577128,9755.97847540404,22257.9837668969
826,131846.419230195,107275.507586056,68822.4477436575,50319.5271543607,36584.4040662577,97813.8691129195,116697.010550695,99038.8428523589,62746.916121507,45991.3982100065,33556.7997132117,90633.5845886476,108386.806600012,91813.1716655596,58960.4172618589,43500.3245454712,31863.8354876241,86852.2573402943,114985.078716968,99097.6149973875,63912.6071186434,47319.8361887554,34918.6411893527,96802.0750851873,111588.472561776,95388.4772423392,62282.7608182595,46327.2419028284,34312.0749200027,96871.1751331508,107700.293056541,92839.3002280589,60438.0189962461,45147.6108617114,33599.4581078469,96506.5416408427,109125.198166909,95029.5579032937,62388.8596847491,46633.7756446124,34782.0608922387,101527.33448054,107452.768056059,93567.8598946823,62044.0641559507,46596.2838941457,34850.8498483269,103142.884504891,105163.84271492,91925.6859308275,61122.5599147223,46121.9376945579,34652.019933454,103987.99805826,105037.047235045,92416.1371375604,61755.0004010348,46715.9877279071,35221.8172638616,107239.021051928,103958.473064596,91726.1447947988,61715.9839612455,46839.1882886739,35419.9060158976,109343.951598907,102125.813438477,90488.909720312,61157.919055936,46585.3921679616,35349.1744484291,110598.892363669,101041.0062512,90021.480744508,61176.9967394396,46739.0771568087,35580.3744475832,112821.271216867,100116.361318616,89434.2165441008,61160.5122934249,46888.1604807325,35807.7366233274,115051.136610809,98841.1479149125,88608.4300541541,60846.3460415338,46811.7763617756,35873.7291343473,116808.480715721,97522.250216454,87835.2810729049,60596.2756267972,46747.3694597824,35935.4764812249,118584.550391888,96224.7183751138,87046.5224754467,60392.006531154,46727.6533727815,36023.088799663,120430.644713676,94766.7945849812,86074.4323760459,60056.037182633,46623.2295051995,36053.840422151,122090.108371143,93532.1543132995,85179.4468801206,59739.4973811801,46536.7484073906,36105.6838079054,123866.505315423,92448.1640098391,84498.4534498654,59498.0319802626,46493.5583189051,36190.4194258941,125821.768745022,91134.007426068,83607.0391686691,59138.2630575287,46334.9379414615,36171.3542475627,127440.829952197,89656.5367092702,82593.0837821671,58702.7600975465,46122.4668136659,36104.2334975357,128865.852245334,88182.8750663911,81574.397979024,58287.9863579236,45932.6558969934,36057.3281122442,130351.156403372,86881.4501116562,80585.0957920272,57883.6262381838,45762.437791434,36032.6137459288,131940.715933963,85657.0262014058,79697.5440412489,57473.8129727216,45580.9833825352,36003.3297788793,133573.401448712,84249.1659807357,78695.441347268,56988.3165996234,45314.4080159968,35895.7651528409,134952.806472865,82702.7361238684,77550.6713832861,56435.5289357455,44995.108072068,35737.6032465424,136123.928598988,81248.9874924709,76428.8794290981,55901.9496146192,44702.7993168028,35604.4762922037,137378.425288156,80401.9074905983,75617.6749790208,55529.9325318998,44543.3135062324,35583.1562909673,139101.691961943,79895.1864498604,75238.3398579559,55304.3958152124,44467.2447480734,35622.8143068761,141126.956321565,79158.5480660698,74693.1807291232,54990.2545616161,44261.0478351362,35523.1229644936,142558.714204554,78227.4334747334,74006.6826455948,54615.6465555191,44007.3762497793,35362.7784782891,143563.553538126,77327.283098086,73377.0463632123,54327.4209869574,43838.8572122791,35271.7785148296,144671.328673937,76421.9654678059,72706.4650548844,54034.8596703346,43687.9385220916,35206.5226213087,145785.981385769,75418.9721207193,71926.282657631,53643.9797546109,43469.2312090782,35099.7753435423,146715.181060253,74377.4960665063,71115.9225513612,53217.4794511495,43218.5045451874,34972.145134786,147591.385629678
827,310039.68512891,103694.43785129,29088.0375888198,13818.3524564739,6724.1428408289,30629.2660854757,284772.72737775,92032.0552339507,26158.5500492669,12708.294592501,6242.44584290056,28699.1072635896,288082.249140556,94610.1131797686,24480.6889883232,11894.7373072252,6024.91932717923,29317.3295654944,288889.00592701,96554.6499514649,24725.7935750232,11542.8571307274,5687.75518452811,29397.9504722469,288713.63332312,97721.7599444861,25260.6938475357,11703.366574555,5648.9975885781,29481.0704246814,288357.031731259,98756.4284794872,25772.3653069935,11965.2659298259,5752.25815027226,29743.9894697767,287901.58782957,99702.8355610192,26256.4425221403,12232.464765206,5886.36509669881,30104.7192268679,287418.606830075,100593.665375101,26722.3395277698,12493.5801845635,6023.82609982557,30499.3302398894,287342.782928431,101514.949541944,27183.0560922223,12753.5419705122,6162.48653558402,30927.6897327385,286924.675659447,102374.223263294,27612.5402497549,12994.8931892219,6291.74139542174,31326.7698535143,286306.55839563,103194.563255499,28053.2669438767,13241.8392160159,6422.80510150758,31716.6453058477,285425.47613323,103944.077967299,28487.7783350194,13491.0543992238,6556.79532736701,32093.306708859,284477.16767493,104641.469755573,28920.5694747264,13743.2131874502,6694.35991994017,32465.9331477995,283967.802900947,105377.229618985,29352.9576967698,13998.9740802852,6835.99505262719,32866.0651210315,282983.121253169,106019.522900683,29740.8330022714,14229.177567184,6965.05148456611,33221.666287566,281733.053440397,106616.010408253,30145.3031298255,14467.3295327101,7096.77317019249,33565.3415338251,280233.123538302,107129.581443073,30543.0678504011,14709.3689849647,7232.80794146822,33897.0383340343,278658.309287352,107581.049982375,30933.7692058259,14952.2083038618,7371.96601338651,34223.7288467521,277618.231906073,108095.023961578,31327.802001874,15200.3721156279,7516.16929060211,34587.1493625783,276117.646712672,108498.809015461,31665.6314421112,15415.5635275628,7643.66337869036,34898.8214188514,274471.153353252,108886.345931704,32024.6035209618,15640.0064489247,7773.9230361572,35205.58295938,272437.214463536,109156.433801083,32365.594786503,15861.7856549805,7904.8364148875,35485.250878599,270309.907602029,109368.290994362,32706.6458535892,16088.6841825663,8041.05998053447,35762.9302547502,268594.627538246,109613.454685507,33047.8911389408,16320.7144092172,8182.92333159749,36070.6789207334,266613.797617167,109778.087633572,33337.5459052038,16523.207567978,8310.39598290602,36342.4858302295,264251.192908695,109872.129510921,33625.6627658955,16721.6517989781,8433.78290642191,36585.1287114817,261721.947044395,109892.167143958,33918.6115403234,16929.4041579259,8563.4360262938,36820.8011811026,259518.854286968,109893.209220335,34210.3030294207,17143.0171071003,8699.8799467784,37073.7677572465,258802.621958131,110166.200035457,34525.945450187,17370.3248068312,8846.15073741734,37430.4937880124,257742.311544085,110342.20617361,34726.689540691,17519.6708860432,8948.14203579572,37698.771714543,256702.034776788,110610.718276531,34983.5315821315,17684.26344776,9048.8693237158,37962.2536550966,255312.750960758,110749.835652843,35225.9391404334,17848.6925129187,9149.42284118076,38186.1045747989,253723.37209197,110836.805934416,35466.8152916264,18018.7060494217,9256.28725786175,38401.8700800406,252006.866643862,110860.512455364,35698.0916100287,18188.9381179493,9366.40015073401,38612.6030009977,250175.107018573,110831.650149473,35913.3930978508,18353.7364576751,9476.04767248421,38816.1486224753,248244.116904077,110758.061308721,36116.586768913,18513.3990454119,9584.17556808319,39011.9545142512
828,365998.83988816,84177.8561450908,19969.3831163579,8934.96317526306,4189.59159509543,22723.312979907,350067.560763346,77270.4891653529,18712.8298111864,8609.36955410768,4087.1295385924,22349.330819209,349428.57931087,77705.0815066606,16487.4464373795,7627.55013410983,3774.74279067398,22431.6271762618,349392.971254541,78872.9263743941,16426.9722113487,7199.74066569946,3439.04629153043,22417.434298106,349213.706048959,79692.8789750922,16680.3557543774,7231.93350919961,3369.4252909153,22493.7383976795,348701.052377737,80407.3005213654,16922.3937143784,7331.86631162006,3394.3382179558,22686.6344203578,348100.790926411,81059.5323855316,17152.5600753506,7437.11709353222,3437.20611083786,22934.7927763363,347503.942813928,81687.5827654693,17374.776992559,7540.16252457972,3482.03653025025,23199.3427192045,347348.763051529,82316.6652733575,17589.9653240875,7640.54876669651,3526.27762940872,23477.2788223818,346925.649697912,82954.4614039735,17797.6387233831,7735.42238913031,3567.59107282877,23743.4751314662,346236.944852054,83551.4870645835,18013.6168821448,7834.25025481304,3610.01378993232,23999.5434309768,345251.195314712,84097.0468942694,18224.6917345652,7933.92507464172,3653.75318347199,24245.1435413113,344203.43238944,84605.2871204098,18433.8926036203,8034.10524497607,3698.48766453166,24485.6277885576,343613.434373124,85111.6355749798,18633.2160005412,8131.3829306974,3742.76606214097,24735.2238544047,342623.683723112,85618.169638594,18821.4495702865,8220.7619067937,3782.95173815858,24966.1903576281,341279.052404176,86067.7029958081,19018.8285717159,8314.60011489917,3824.30377441914,25183.5030771568,339648.769407135,86455.564854825,19209.5433534521,8409.21487327355,3867.20210217006,25390.1398538955,337945.215396258,86802.937026085,19395.600947645,8503.05260493996,3910.62522409749,25590.6175461051,336787.334779913,87154.8336582001,19572.3896807018,8594.01080397812,3953.5051172187,25803.4604753853,335274.892685202,87510.1928476375,19734.5932040637,8674.98547662725,3991.22108602231,25996.2924304373,333506.200090908,87815.1523237203,19906.5859630202,8760.30347054606,4029.82797498116,26177.3267960133,331339.258356098,88055.9348359832,20070.8125017485,8845.61052674369,4069.52408211593,26342.4914825848,329040.495626176,88242.5063190946,20232.3736518484,8931.66632901918,4110.49313120897,26499.9949056468,327171.653538601,88424.55436249,20384.3206227134,9015.33148005804,4151.47666886478,26667.0353341233,325117.755375554,88606.3052873625,20519.513094224,9088.66696544615,4187.4448643171,26819.3418916831,322594.615670385,88732.0265934724,20658.039088205,9162.28987566185,4222.32961870091,26949.9766522333,319859.225048166,88789.8258332676,20796.390971668,9239.78301002649,4259.85933646935,27070.9683806007,317499.562991774,88834.293090359,20931.0413481085,9318.19003124977,4299.34679574647,27198.4378672605,316700.864182193,88994.9163280532,21056.5313745321,9392.40544282778,4337.88811290225,27373.1278656329,315820.463974657,89247.1716161536,21157.0588233831,9445.05712309433,4364.17896528305,27526.4011044925,314748.877990144,89486.0083910685,21286.0380373426,9506.94127247238,4391.20532372845,27666.080854975,313385.80608074,89671.7215865516,21415.9846482567,9575.22313234498,4422.67955819608,27793.2689387307,311751.663539288,89802.2824143488,21541.4536239161,9644.62599806854,4456.56351476659,27909.8795868254,309970.11273016,89886.730404683,21659.9941994934,9713.04664063713,4491.32131598782,28019.4030973962,308054.180197477,89934.4875577207,21769.3370171646,9778.06119850426,4525.25120958648,28120.4568079909,306023.828668338,89949.3540214945,21871.9121606871,9840.18966729716,4558.06552613268,28213.1088498468
829,163766.162962053,126970.962099902,69191.8907926324,45840.0035935279,30152.9336020583,59906.5024882874,133221.864325571,105448.284960026,57954.1784960796,38528.2277441397,25435.6157473383,50959.7364952999,137731.297801982,111156.152153622,61010.5562029031,41275.8321684307,27623.8337673182,56122.712436624,136373.744073405,109845.395727497,60898.7333347954,41215.2683189645,27839.3471145889,58190.28708365,132450.462011352,107401.332631634,59531.0254554228,40412.9054896232,27384.2453091685,58578.2362060371,133549.33207382,109598.483416905,61278.0446205098,41631.3947704374,28257.6109899666,61486.958845965,130734.420226549,107481.842937848,60740.3021163076,41469.600129885,28224.8699419867,62193.9295471825,129654.133680282,107515.156304692,61094.8279934722,41917.1497071869,28665.618993037,63945.2290867803,128740.769036244,107214.57906778,61459.7808106078,42338.8406041229,29075.2218406651,65695.3390130251,127268.232703069,106509.533715936,61412.4974922463,42498.9669358133,29314.0232013513,67090.7766409531,126144.315534399,106232.856519834,61643.6716069469,42810.7644973331,29646.2664516892,68730.1279791647,124700.143716972,105593.547077549,61718.2510375436,43026.5596598159,29905.3527520744,70193.8056523016,123163.057172144,104883.725957079,61732.8246660804,43212.0805703259,30151.5056945599,71634.6946281979,122038.092945516,104376.983263854,61854.4525210652,43475.0870324385,30456.5204748719,73250.3510432129,120777.133500701,103811.947619556,61871.0701450003,43655.5326034084,30704.7741651703,74772.0394832003,119243.175756724,103061.397649842,61804.8782553403,43759.3898305011,30889.342159463,76153.9707624371,117720.518976946,102308.061855284,61770.5567061138,43895.4298192708,31094.7661153218,77583.7010068929,116069.590952053,101408.040109224,61652.9657355895,43984.1197397185,31273.8278727924,78964.0941792833,114744.359571743,100628.144365516,61574.6392871153,44106.6361199339,31483.6044886586,80463.6908490694,113431.722407094,99944.5800658389,61476.3271537872,44199.4261891487,31672.1726477677,81961.3519314305,111865.784676662,99041.705835444,61273.9135078002,44197.2493422233,31779.7980138279,83264.6757113242,110247.25830054,98128.1592683164,61082.2346416524,44209.4688772811,31894.4101882694,84574.3534699445,108514.344800128,97079.9156357258,60833.1261822057,44189.3936115334,31990.0063050652,85837.0723769577,106989.599897415,96077.9382680545,60588.061694272,44183.2652876875,32103.537294468,87178.695172581,105574.443753353,95210.9186346363,60353.686598724,44174.3938532633,32217.8323906323,88575.7583504371,103878.079284296,94142.590710514,60004.2935450947,44060.0320465509,32244.4664899389,89757.8861389066,102084.515504017,92980.2413647624,59629.6254171459,43930.7671664326,32254.4630878972,90884.2450534747,100406.817452615,91829.2582501838,59268.9174364408,43823.9533333594,32286.2244638341,92077.0367091224,99482.7639192133,91049.8603101569,59058.3149332685,43832.9681167848,32410.3718067646,93577.398000159,98820.7965589142,90641.7331768111,58909.1731537316,43845.5043115381,32529.3824222499,95118.1591165907,97874.2418133587,90018.8600055824,58659.2589324155,43727.7901054624,32515.8513223392,96229.0121147385,96875.3610284917,89412.1315934911,58465.2027184377,43655.0774435043,32517.5441803118,97254.2051588078,95837.12933538,88767.5627884092,58294.7438202986,43617.5762273585,32548.611594488,98260.6705114556,94669.6013433759,87973.1067170172,58033.9589844635,43531.269404535,32555.2082258683,99149.2361063564,93487.3762172285,87164.406725229,57750.9595550395,43433.9868540633,32563.1006638342,100052.591026813,92298.0725533353,86340.2534290092,57455.4830030976,43325.8098906751,32565.8265288452,100973.981022354
830,343345.874039741,101633.230336602,25274.5048617444,11261.2788390359,5190.92238403593,22633.6687312886,333856.019770191,99537.5496002962,24221.8545200782,10867.7609757956,5024.76899905647,22446.7055410725,333335.747388694,99432.5274330283,22234.7030045213,10054.2382539195,4793.02184066917,22511.3964932678,332959.347287513,100700.540777574,22220.1595500313,9605.64557417585,4449.81496663418,22465.9439466304,332651.769339034,101630.844105594,22618.7874763401,9701.66551526958,4393.51226036107,22494.2240650273,332064.787511669,102446.64466076,22997.2022627898,9880.39950915583,4453.91618042248,22657.090661409,331325.235177666,103178.297738191,23359.8495817171,10065.911191806,4538.11825165749,22888.2831970748,330431.78399426,103860.657126484,23710.6253374675,10249.0695292962,4625.7228452615,23138.3034504705,330016.448148776,104527.069180005,24056.3257979806,10431.9616530283,4714.65581380224,23407.5801869819,329441.632251273,105235.950784959,24384.9962502053,10604.8039155087,4799.20540693891,23670.1086533381,328588.039948478,105889.527806451,24725.0691598289,10781.3788992874,4884.17693765047,23919.5876933977,327483.595543886,106476.610135835,25061.5008081974,10961.5673621188,4972.38036243092,24160.1889374865,326138.67764811,107000.526701599,25391.6917436825,11141.9488491713,5062.30206601006,24390.6108005059,325272.575765228,107506.054597794,25718.7633102334,11324.2200323377,5154.72124573515,24635.344756996,324136.533364543,108042.90902681,26022.9623494311,11493.4848017161,5241.5163132058,24866.26411051,322613.753108816,108499.439854387,26338.5520156877,11666.563511758,5328.60722394764,25079.2208848876,320812.634850505,108870.785081325,26649.2097485059,11843.9791489173,5419.73537934543,25282.6951160125,318781.803540914,109171.983205855,26949.7358930459,12020.3520020829,5512.46155995251,25476.0230107527,317321.506634239,109468.50995538,27248.1139996058,12198.8966040002,5607.91293558916,25689.0288233836,315624.259849279,109800.784518704,27517.4380329654,12360.4136894872,5695.6016348779,25886.3553268272,313670.050944682,110062.936952467,27799.3791376632,12525.3186469741,5782.90373961669,26068.6168028987,311340.353761725,110243.045982002,28072.0530901982,12691.9042672827,5872.84517992765,26236.0210725241,308741.126159477,110332.454064657,28338.3141315442,12859.5307572446,5965.28068023416,26391.7258385244,306579.074320717,110407.600265572,28600.8834318991,13030.1266323347,6061.51403253571,26564.9026620056,304339.452742976,110509.268042793,28834.3942131202,13184.4824668745,6150.75863412757,26728.773383423,301648.786729289,110537.814033224,29067.9578826516,13335.0243186367,6236.20264390212,26867.2712172743,298697.908402847,110464.928447889,29302.4258680203,13492.14681484,6326.13889077842,26994.6739963424,295824.861831108,110338.173747893,29525.9447284753,13649.8974514439,6419.4568709831,27122.0747467395,294594.35539903,110368.368153727,29759.9272153834,13814.6340391938,6518.34015880556,27318.3703493262,293520.336029103,110582.219447907,29935.4853574058,13936.6458806287,6594.24980535739,27497.7730335048,292283.411378929,110778.827893232,30143.1976515758,14059.664854177,6662.62357197897,27651.9227454003,290767.88465101,110912.364259814,30352.4586353154,14191.2086245841,6735.86203300069,27790.7376132969,288965.77826583,110966.399586332,30554.8541067399,14324.6149849498,6812.80176310764,27918.2457849116,286999.980661225,110954.536771532,30749.4634577707,14458.523086886,6892.42763451318,28040.9205430681,284917.42841132,110895.020183788,30931.9518976244,14589.1680110257,6972.28327930379,28158.8203865035,282708.869482348,110791.266575391,31103.6749149187,14715.4939131108,7050.91216653502,28269.4326835261
831,146639.84190045,110016.939069979,65420.7570047385,45846.7948940577,31945.0997938734,74641.0589855045,127093.426627762,99712.8251282646,58840.558630365,41272.0793908287,28856.8798638387,68064.9940825389,125957.12041961,99420.542695601,59562.7749002756,42152.4022468877,29620.5480961237,70529.0569300019,128736.274502557,102289.12529464,61785.8922054819,43935.211056374,31129.8534721683,75489.2984760512,123610.577289464,98030.0974080837,59525.6375033287,42534.7247950243,30281.5064881766,74845.1945412889,123532.55553968,99244.5987622984,60390.1469911675,43250.6660719044,30908.4021920746,77737.0066686933,122787.712309863,99035.2830579662,60950.1947309704,43775.1614364738,31357.182062703,80043.3780075806,120244.979320863,97361.8900275822,60280.0414281831,43524.3052631538,31305.4940241621,80983.666101317,119710.637778454,97539.7822815624,60728.4132054742,44011.2230567865,31790.4634582189,83384.0821492879,118675.338364296,97083.7184037066,60853.8277363862,44263.9534918313,32091.2274545567,85339.7871073271,117003.482518265,96170.9053783933,60603.9339877871,44247.2906750603,32198.5913509298,86782.8517522913,115847.952689324,95790.4904081,60724.7572482332,44482.5276935818,32482.4032841701,88708.6127317006,114426.687563248,95061.8037817159,60678.4279936786,44610.8069738109,32687.9829877463,90423.4256531397,113143.947253567,94330.3116566384,60566.3024956026,44704.136956975,32878.6514328596,92125.6940253031,112028.791673467,93852.6580333739,60554.2573670455,44850.908472777,33108.2688685035,93991.6019403223,110566.09843327,93069.5345846274,60392.2554508433,44870.9145649132,33231.7565447063,95572.9484081325,109002.587164251,92215.7642072034,60192.9524732645,44874.2079979085,33342.0503871702,97107.3766316136,107476.738868128,91367.1902972922,60011.8899506772,44898.0273004193,33472.8727600325,98717.0647368555,106198.362560816,90563.5398678454,59833.9764059414,44932.3890709595,33617.9357040077,100411.788599143,104919.520961634,89846.9989739496,59626.8950773458,44930.6098365144,33737.0102308017,102087.688970446,103444.53507461,88972.1251672412,59346.2267924432,44849.5333940993,33782.494186942,103561.57602767,101867.495106166,88037.4890991544,59043.9253400516,44758.4124848456,33815.2137651768,104978.451280523,100219.700616877,87016.2566212707,58707.2680923541,44650.2391673288,33838.832484743,106363.504783568,98774.1767086671,86036.2159770303,58378.8544620648,44559.1083028375,33882.9567735982,107842.574791419,97427.5760977543,85183.7607655214,58060.5342209148,44466.2149332178,33928.9711590256,109385.992754537,95823.8263410997,84157.5747468602,57637.0034689381,44269.4590030744,33884.4619195742,110668.604776171,94099.4137907123,83011.6610314989,57165.1816424187,44038.7963910341,33806.9622619194,111829.34944254,92526.2716388047,81918.0888131418,56731.3737943687,43848.8943560547,33765.4052320938,113108.327389648,91659.2808828151,81165.1516116416,56458.0007761871,43786.4828454038,33828.2476546043,114780.952896035,91052.0974875958,80769.5689867362,56260.010115517,43744.5445686149,33899.992390117,116542.698106662,90170.9152066567,80178.4391714699,55963.3449616535,43569.3249066395,33832.7921284079,117781.716617992,89179.6232165319,79545.6080887691,55681.3722622585,43408.0839241734,33756.2754119185,118831.078209096,88201.5615064736,78935.2740438197,55463.4729569303,43313.484743729,33733.7156468241,119930.437319682,87133.1608758594,78206.3548367879,55177.8589078421,43186.6449619048,33698.2021617397,120915.419542066,85996.546077416,77410.7470520002,54827.6391224907,43017.2123836989,33640.7991195593,121823.277396158,84867.3966216601,76624.4572274451,54477.8901717144,42845.0500605374,33584.7195802699,122771.341259223
832,321929.330630146,121418.877429991,33259.2742609128,15234.8486435904,6944.85038685467,9869.48154363469,308453.938383467,114393.456250148,30692.3263028941,14122.0677597647,6440.74619530793,9364.16222861595,306622.103025914,113617.449322954,27738.3215033226,12981.3587664083,6123.19187692982,9298.83339755214,305613.241571905,115232.658789445,27546.8984831959,12258.7077927535,5617.4884239186,9016.52050632593,304826.932352994,116309.295110067,28102.3736658423,12368.7993622883,5509.40433259222,8771.47369202763,303761.982567432,117163.026655858,28621.2980474042,12632.5361510669,5601.56160498774,8737.75543801072,302604.68676898,117898.77302759,29105.5700521323,12907.0827903542,5739.30735978469,8838.56596216667,301321.177151054,118575.934778492,29564.4515424442,13174.0271301873,5882.54959512442,8993.62777387731,300516.692003111,119255.748846375,30020.917157659,13440.7677431787,6027.54846340943,9172.95588315435,299591.703008034,119967.106548306,30450.4363635529,13692.2240401524,6165.78824861367,9352.95015233259,298411.606275287,120607.528305021,30887.3216233785,13944.6915141638,6302.96190229894,9530.34689987368,296975.333736694,121167.998652541,31318.1621149671,14200.4890618018,6443.72141812847,9709.59644985509,295321.812441448,121644.786893236,31740.2443326899,14456.3747297781,6586.93946026969,9891.53881284695,294144.543964106,122124.266982517,32163.0603405726,14716.8931712512,6734.62603112582,10084.0462895389,292758.565997094,122624.933012677,32551.3946270523,14958.3909031334,6874.05394479406,10270.8569921449,290974.84766003,123017.157895389,32945.9947848021,15199.7136741924,7011.46395833601,10451.2618742601,288975.686819159,123314.843573221,33336.3422421042,15447.7023384559,7154.76384089092,10635.7869897117,286700.978590504,123518.952344409,33708.2977283027,15691.7062450205,7299.34883345847,10822.5317769518,285050.037504426,123745.884111109,34088.5378359611,15943.8738433621,7450.10951893644,11023.992254895,283156.751927291,123995.247156769,34421.4031960608,16169.2406322177,7588.66111583169,11215.8805140528,281031.997900027,124151.702793137,34766.9607506807,16396.1291432595,7725.04224554936,11401.9050626353,278582.354134344,124213.989188765,35097.7195149543,16623.8409225265,7864.39349523972,11588.0437388518,275836.616278115,124155.310142469,35415.2786831258,16849.8189000837,8005.69130586535,11776.2091052801,273536.445292126,124104.609893427,35736.4347310494,17083.9869681429,8154.24161924844,11979.9314044808,271223.410039296,124078.708289486,36017.5346138258,17295.8216333384,8293.13255541132,12179.2951082156,268471.731235177,123951.851915426,36288.0491458269,17496.1770401778,8423.66280651905,12366.1487854276,265482.173532662,123708.333802012,36559.4561899155,17704.2233939659,8559.40703984875,12554.9557991636,262527.2622854,123398.100206371,36815.1957068026,17912.3870669219,8699.48945886951,12751.6621095943,261166.876719513,123328.816917872,37103.0246263646,18138.8289959527,8851.29607066048,12980.8756722519,260001.839403478,123459.209356478,37313.518603593,18308.2689107435,8971.32011769241,13183.2882494114,258680.52870874,123562.771491322,37552.0446913211,18470.1478710749,9075.80466479853,13357.0456901821,257089.287889056,123590.293728401,37791.9715308508,18640.6083672301,9183.97468423644,13521.1271920289,255263.306669418,123519.81823175,38021.5985968636,18812.806235975,9296.39766385013,13686.2720725059,253285.77364421,123377.971576508,38238.4895197521,18983.8646193122,9411.55748863849,13856.9084394867,251187.313655027,123177.271671069,38439.7189019446,19150.0471576335,9526.4856195263,14031.0559820353,248992.832253772,122920.457214992,38627.3518999501,19310.7925824459,9639.96255019807,14206.5861934595
833,255799.410016065,129933.366711487,52812.4356320424,29800.1472150671,16664.998307824,21667.6291098856,226212.844856984,115997.92812024,46177.8178011937,26083.864476183,14617.2844289554,19126.5976401441,232667.616853556,122385.371433601,47461.6324347143,26961.5251071518,15266.8526026595,20256.9133855568,227280.858012613,120547.340335925,47006.4444456848,26369.5312308842,14868.7514955229,20059.8041624202,227374.371107171,122416.43327022,48157.7812333805,27011.5139546394,15160.1678217653,20473.946773229,224925.156147212,122194.170989094,48671.6351091679,27419.7710343178,15409.5660335102,20779.095234892,223485.193184006,122693.218362598,49353.0995579765,27961.9868131907,15791.5164813659,21365.3800272274,221554.216252037,122739.316685342,49867.927795891,28405.1582457844,16127.1185013099,21984.5025151869,220316.344408757,123054.358240476,50448.0529060068,28885.3352376871,16487.4766086761,22696.5162717968,218769.266557143,123209.012115787,50921.0281936779,29293.9194276769,16804.499713266,23380.9067518558,217098.236435465,123353.243219241,51407.1254919393,29701.9879647402,17116.2044237866,24067.8791421937,215208.586785865,123359.07624388,51863.7439429826,30100.5805421236,17423.2964774183,24751.9751606698,213237.358271433,123288.321023665,52297.118674125,30494.2913814526,17732.8114358047,25450.7055673277,211742.832806441,123314.030339903,52756.7654123733,30909.4328301822,18059.7251882062,26193.2788565176,209926.801446826,123227.152363074,53115.1481998197,31258.0381560874,18348.705742587,26899.4106377455,207905.49188746,123074.854858413,53478.8635792882,31601.526762423,18629.5518639114,27598.715569772,205668.396860535,122784.84637962,53813.0121113529,31938.3696049372,18908.7466473281,28298.1149247044,203331.821485865,122396.863580249,54114.1698644008,32265.3829343484,19188.5343633214,29012.1179870741,201549.833280686,122142.353982927,54453.5387359701,32621.8584908947,19491.5123601897,29784.3327963274,199477.021645675,121783.034819948,54681.2850932936,32901.7390725911,19749.3185117045,30509.9889265387,197289.316600658,121387.782356011,54922.4771796307,33178.0611226959,19997.9059800974,31226.2182763668,194844.506552937,120849.097344276,55122.6347846783,33438.4560698605,20237.6791888965,31927.9618377517,192229.539676457,120187.790973367,55286.079560564,33685.2934712541,20474.4662858768,32634.6024693656,190061.963302566,119625.383749441,55484.632039472,33962.8972148003,20736.294201005,33402.5877421093,187773.918271402,119007.725275885,55593.7612692217,34179.7650404998,20963.6386042691,34141.0147071926,185185.699803833,118284.615024649,55667.0893240251,34360.8628963186,21162.6276521855,34843.2897326626,182471.318127498,117461.589171693,55734.0882413974,34545.0576230057,21362.4976544996,35546.6444631596,179911.854030387,116593.996016737,55783.7706711695,34730.6621542025,21569.8695631841,36274.1021799582,178704.883400729,116190.399105467,55972.0938414302,35006.6517260915,21839.5448913589,37135.1344839829,177469.080017886,115856.276996419,56026.8766753299,35164.5125512694,22028.6647656796,37882.5833809098,176126.373067668,115545.313557726,56117.2431178482,35303.1319937644,22180.1215934086,38538.1194221502,174631.69411002,115168.844301597,56224.6039415718,35457.7056266932,22331.9294319969,39142.0310267983,172911.47037988,114654.378418763,56290.7041917663,35600.4721149798,22481.0778624162,39711.7781147105,171129.817388331,114088.14024376,56343.5626459696,35745.0783754835,22638.7800426667,40296.4155163667,169263.865887883,113447.782535742,56358.7671891678,35871.3142390718,22790.4263002767,40886.4060658906,167337.130639761,112759.854737169,56345.9329505169,35980.8275411479,22934.1913230972,41482.3578639171
834,314987.438753154,102310.212196062,29470.4402869362,14190.65511659,7054.36786411219,38563.289888671,296530.64961786,94002.393324395,27435.2319472279,13423.0959438322,6711.19561970209,37108.6902014481,294522.504990235,94014.2572063175,24858.5360789356,12372.6815353205,6425.01501053733,37188.5150297184,293837.277597375,95585.3991895317,24825.9730302696,11820.6426896159,5998.18808687714,37216.561335775,292988.86678171,96556.194349893,25305.2879715369,11925.0160366448,5912.56803121409,37289.2940465913,291846.414001082,97330.4734816129,25745.664415363,12149.3211451997,5991.55910002404,37538.5333160094,290654.425911642,98012.8549814294,26155.8082590912,12380.4567595471,6106.81966540671,37899.0662941861,289418.568800019,98652.5560900947,26545.2913111096,12604.1812378956,6225.56441468698,38296.1230287031,288654.11085453,99304.1250450206,26931.1103945939,12826.9946210127,6345.50680032149,38732.9914604627,287690.497060277,99960.0944893601,27292.9232158739,13035.0463168782,6458.11904675661,39151.1337985356,286490.683858315,100560.983687432,27664.02668638,13246.000001198,6570.55409987114,39549.3882504893,285066.163988544,101095.938497531,28028.9807177382,13459.5875126165,6685.98887466449,39931.4011644373,283490.113867035,101572.773861421,28387.5682391397,13673.3851839294,6803.55536579854,40298.9308525995,282402.194964522,102062.019721938,28745.4422865668,13890.7701769257,6925.15078922792,40698.690153128,281013.153816343,102541.19453038,29071.5319967562,14088.9290401044,7037.49629935702,41065.7615984635,279285.552190217,102943.944848739,29406.9090687984,14289.896240285,7149.29606678701,41404.219534547,277323.652303118,103266.130812861,29735.7017163163,14494.8119046519,7265.23031551477,41726.3188362568,275227.927832029,103523.491926903,30054.0021336442,14698.4935395438,7383.15839241014,42034.3241876855,273683.773292624,103807.787005612,30372.3604034353,14905.9370915068,7505.31894641247,42382.0944717058,271870.558258528,104081.918200308,30652.8301482349,15089.7344125332,7615.59353043774,42693.8198671494,269838.950967595,104294.496431025,30944.658712647,15276.3896232,7724.7978141147,42983.3084525516,267471.091635729,104418.568446765,31222.9209412422,15462.6525465516,7835.62092498144,43244.3609002563,264937.004134679,104463.339806061,31494.7721133385,15650.0608495009,7949.4508382348,43489.7113590302,262821.967125919,104518.486297847,31763.9527299353,15841.3514463904,8068.26777645861,43767.5395858846,260582.167315803,104565.991016349,31997.2757904986,16011.0632682708,8176.78760854983,44021.8923855229,257945.3393409,104533.020075768,32226.7995840287,16174.5473976672,8279.63174394834,44234.1500874825,255123.061804486,104412.579766957,32455.4460506214,16344.3630100197,8387.04929810844,44430.1578357115,252509.597887499,104260.772785237,32676.9044146456,16516.4761316523,8499.2128625273,44634.0040770796,251401.06319479,104316.953987802,32918.5038495857,16701.0765147918,8620.73307443446,44961.0199164906,250276.558680009,104469.618982295,33090.2556602913,16832.1888301058,8711.26206622049,45241.4017749504,249035.014834412,104620.282068867,33298.0467580108,16966.6964113613,8793.86166533,45490.8794481185,247534.140034852,104696.402209533,33502.486676968,17107.5849615156,8879.85002788443,45707.3558021125,245791.813906525,104697.165419394,33698.779528766,17250.0113179885,8969.88521095378,45902.6097031591,243924.208319502,104637.609990417,33885.2608414561,17392.3729065978,9062.95470344519,46088.8236034242,241950.142712271,104530.026423148,34056.6633727593,17529.5331497902,9155.56490979098,46264.734377923,239873.825671485,104378.205492067,34215.8071533352,17661.1937881785,9246.33251592098,46428.5051021903
835,389058.851778048,72451.0461600943,15080.2572054319,6472.10403222756,2919.7760892866,13284.8953654339,376484.432464801,68836.4936329187,14498.8928450179,6380.1224296573,2912.32661013447,13278.1903565872,376664.790861311,69543.2136561873,13088.5560045943,5756.13113512102,2714.78725253773,13363.6615562125,376937.002144161,70457.0479483498,13157.9035250076,5528.53516199605,2516.96419886213,13362.3975473036,377029.316738537,71136.0699789081,13346.6566294758,5572.12387146455,2489.38183812479,13425.391855254,376758.169078694,71757.7937255445,13518.1582865569,5641.32240864651,2509.71815011914,13556.2673934012,376383.398444305,72331.6518862553,13683.0619059133,5711.23959251064,2537.23201061598,13714.8673196283,376007.254042688,72888.4731308229,13842.4934392807,5779.30113628562,2565.08493847214,13880.8164065988,376086.059768736,73438.7462068843,13995.2970848419,5844.66537674128,2591.94252390827,14052.0379834174,375859.15451533,74003.3378875619,14143.0007372,5906.17743419248,2616.73696564171,14216.2093426626,375371.454601839,74532.9165623618,14298.4856218924,5971.18094802898,2642.51188626644,14375.2450465514,374569.139345453,75019.0933162222,14449.7241738512,6036.57557568777,2669.14227964729,14528.640278627,373694.096119666,75473.9654639255,14599.1449971917,6101.97577471928,2696.23288301754,14679.3676864049,373274.681545229,75915.6016747401,14738.9395287685,6164.14210380479,2722.3874175323,14833.1659270763,372447.070482207,76366.8887096387,14870.8493965553,6220.77507370732,2745.72692379191,14977.056497848,371233.068272303,76770.6995579522,15011.2908682963,6281.14317858546,2770.00230266906,15113.5069175673,369727.687715812,77118.7229883078,15146.1806868928,6341.92273767348,2795.30086439375,15244.3596693615,368134.367506531,77433.7204561108,15276.4549469826,6401.44866943522,2820.60219673364,15371.7362617023,367076.97037635,77736.9463498031,15396.7480117229,6457.33965046774,2844.67575639228,15503.2495931061,365671.538365712,78056.5853975479,15507.5995188914,6506.65117950985,2865.38360135201,15624.5169730899,363969.983863102,78331.9581514994,15627.1155160145,6559.55886850118,2886.82880091953,15738.7511422683,361873.072500665,78553.3246098488,15741.0668027446,6612.70352321327,2909.17385766034,15845.1233764391,359637.575188291,78729.3969264038,15852.0520088323,6665.73552783726,2932.05336177032,15947.2927363989,357818.463079379,78887.7779041649,15952.5447724732,6715.36732174488,2954.04151287699,16052.2840207181,355802.412431062,79053.7680845661,16041.2926657042,6757.79580223575,2972.55843902565,16148.8756884586,353305.632915833,79178.4835615787,16135.471614106,6801.71833160743,2990.83215364534,16234.3656252888,350567.562851869,79239.6515941473,16228.1755652673,6847.92810946478,3010.74869127244,16314.0762607297,348226.794630179,79289.4830460005,16317.3594213496,6894.16046775762,3031.62459558442,16397.2201515023,347471.642151863,79404.2100481524,16391.9964490235,6933.95676343933,3050.18871904958,16500.3674253047,346656.287566868,79631.7124132851,16453.8478520094,6960.95498230495,3061.49858639963,16593.2094587744,345657.966949646,79851.4136521312,16543.4382253899,6997.90183026765,3074.87549618997,16679.6619003601,344343.177845473,80028.2298713136,16634.3029720818,7040.34492813215,3092.08389769841,16760.3616443808,342735.508214217,80157.2814966482,16722.2131261852,7083.68903516775,3111.02311373872,16835.8466110865,340971.741709229,80242.9561825988,16803.5841551389,7125.68390398365,3130.22798488428,16907.2298387395,339063.813889389,80297.3177777519,16877.1708525715,7164.59691113435,3148.46822375051,16973.513355726,337023.354749241,80322.1124650989,16945.2752931071,7201.08605451521,3165.65459215999,17034.4178052988
836,191953.980886817,130747.836842799,65898.8179090532,41981.7400816913,26553.9911976803,46006.8584973207,162960.715762689,113456.191151146,55968.4203573668,35633.527303156,22606.1366772064,39541.3518500163,169102.874370755,120984.317717464,59328.3729173671,37843.7869955458,24062.425069606,42306.5393136924,165049.407180454,118050.708356949,59003.5096905219,37547.2742563194,23931.8281260427,42663.2948685339,163565.989446429,118288.431058887,59170.8872722347,37879.6251106027,24190.8149264497,43489.8733654085,162981.54178786,118897.408905725,60248.4204928547,38632.923116226,24745.9967068091,44926.2735047666,160340.332805594,117647.228943625,60126.0124863499,38802.1616422636,24954.0073976659,45686.8142805141,159511.48398935,118065.830616793,60848.6177236803,39445.6950219326,25499.9730386708,47202.9136376943,157790.174063275,117346.905513379,61009.9159978461,39750.9045255359,25818.2793026018,48362.3585698075,156682.789150592,117330.019393998,61396.7955950185,40184.7305412899,26226.906269252,49752.3507279318,155121.506065137,116896.565573789,61637.6206254899,40502.1931539868,26544.8209060722,50996.3606102205,153527.629924428,116480.942086239,61878.2992321517,40831.9009452741,26871.0192590566,52257.9352569821,151850.843756351,115963.205572879,62091.0285581164,41147.0141584526,27191.6943929347,53526.1153838806,150477.347162046,115514.095146405,62315.1590177683,41479.5973196314,27529.8086482986,54856.5701747936,149035.813285143,115077.397506861,62478.7804151765,41761.9121978889,27836.5422439975,56161.7954245836,147293.559212905,114454.315626139,62568.8893696479,41979.4482598478,28091.3330572499,57376.0873582959,145501.7335189,113789.899801551,62669.2935537439,42213.3863569905,28356.4037492866,58612.3267645057,143582.676108304,112980.750415746,62699.0625862115,42411.8291452987,28604.7341891412,59831.3324286656,142042.543217458,112304.464262419,62772.9509827445,42646.2914541655,28884.2336794809,61152.2993775615,140464.041960144,111650.887737225,62783.977510365,42826.4145501456,29127.7897190665,62440.4399047239,138644.956273667,110836.776708256,62724.1724947003,42938.5920975288,29314.4094587376,63620.6749138924,136743.72550759,109986.714916379,62670.7742645296,43061.0422482169,29504.7742225382,64803.4898022131,134675.783060333,108965.248556437,62543.6628362738,43143.7677747204,29672.9142863283,65944.3369335187,132891.753225871,108032.584433261,62445.9410951219,43256.9688544653,29869.8920895968,67179.1422140564,131179.827479021,107168.714410038,62317.8891761138,43341.2892588958,30050.0167619753,68421.7381937502,129149.261406821,106114.324960389,62082.2141104259,43330.8154879842,30155.4556064446,69516.8948554194,127043.476248956,104995.033627189,61849.4168558313,43325.0027080773,30258.8592229995,70603.6297450209,125046.605834091,103849.369583935,61608.399788175,43327.376889397,30373.8625915859,71726.6012690058,123924.795330371,103092.0155657,61509.4991841807,43433.9194492923,30569.2494391298,73079.0765483964,123093.529271818,102662.6115389,61425.236803636,43512.954296146,30738.4037373844,74413.9273531845,121964.654320128,102061.386993586,61255.6352804624,43476.1458642528,30792.7147901539,75436.547755749,120821.226299332,101510.159648469,61168.8121483641,43497.9676916055,30870.0246622947,76413.9188000186,119544.04642584,100840.819050674,61055.7698344094,43519.1352480461,30949.9427808043,77317.7400851468,118142.602711998,100048.725927102,60875.7028752721,43509.1137306341,31018.5556121934,78165.0857185577,116740.89755713,99252.3838223231,60687.78843985,43499.2817111969,31095.6841683084,79048.4880839314,115280.616854526,98389.6860252329,60456.3513576046,43458.9234606921,31154.5053116681,79916.024884899
837,360524.053620452,98808.4980587998,22150.3275460096,9379.43729610834,4019.21122194238,6393.30046497541,351376.649569046,92517.6561537287,20790.3155170323,8902.26745541787,3834.85763827333,6271.7690937425,351105.18386316,90845.5656447598,17866.693161304,7875.59142684009,3560.86699273468,6237.18419906141,350473.996135052,92130.611762623,17259.6080516406,7043.61468636077,3059.25659751924,5960.49926770428,349928.809548772,92974.8289714453,17483.1331070867,6977.85039191785,2895.99938310585,5727.70836741197,349158.363996121,93700.6983394747,17737.7228567062,7068.51063739896,2899.48425853496,5661.39467460168,348289.324739885,94347.8056461881,17983.9408247995,7178.58061811092,2940.77346734546,5687.70320101585,347329.838818673,94955.3549284362,18218.4452221247,7287.6551334745,2987.84005694395,5747.71739711123,346835.915361103,95546.1077526189,18447.8437485626,7395.17518798053,3035.3064162186,5819.54763068108,346225.377534645,96169.1715694687,18665.8835235179,7496.66025700148,3080.27520288656,5891.85362479,345333.803073813,96753.2200957712,18894.0263935936,7601.71582210518,3126.04542697593,5962.97757874793,344196.954637865,97274.5703698966,19119.4436440174,7709.02368874787,3173.76361765794,6033.87549297404,342827.018888326,97743.1550123818,19339.40201685,7815.87990725538,3222.23226985902,6104.26000137806,341938.514017706,98182.3937266722,19553.2663744711,7921.80704285006,3270.97151689647,6176.61695597174,340838.967031006,98655.7232498131,19751.8845925787,8019.52093029264,3316.25069379322,6245.63640596474,339347.222490857,99071.8550435093,19962.2976563922,8121.30590496161,3362.29514801411,6311.77766947553,337585.762988407,99406.7923063584,20167.9018473115,8225.50207059122,3410.66831240621,6377.51996840473,335566.545328584,99682.1215751133,20365.4458914717,8328.25890738145,3459.57860808684,6442.53693153974,334116.709869944,99930.8209602573,20556.1210287129,8429.83119123152,3508.67718527824,6510.13092333719,332500.69573787,100227.6146505,20729.3598784908,8521.39755740574,3553.40088848834,6573.88494960395,330592.648695246,100472.150010902,20914.5968418151,8616.67911395171,3598.45951841591,6634.50051580107,328341.51553827,100641.706877351,21094.758207195,8713.94748672877,3645.62976222988,6693.98818305092,325806.639988597,100736.50608627,21268.2022401142,8810.90795867181,3693.9044445053,6752.87748109102,323666.957642773,100796.429151608,21434.1805358047,8906.91849529859,3742.79557987835,6814.22374134957,321515.278235841,100889.555481773,21582.3346291131,8993.49410734224,3787.76621888144,6872.93037748594,318921.222952267,100938.646444539,21735.1891163696,9079.91023839151,3831.47004756238,6926.7767037034,316050.264215636,100892.764085201,21888.5239442588,9170.65304151613,3877.97546871348,6979.78333758545,313236.882330358,100796.810198758,22032.6053617905,9260.92328774655,3926.05576281977,7034.24403182852,311986.441811234,100783.35499036,22169.7717446837,9348.79756827814,3973.89520615731,7097.44397648334,311006.830475247,100979.7638505,22279.7352883563,9415.01540756196,4010.4227820019,7154.01689677556,309872.836938047,101180.005825308,22421.7945031393,9487.61743472987,4045.3232537089,7203.64233317502,308476.987059842,101324.919829017,22565.6020184095,9567.01949740401,4084.4990920083,7252.5672237726,306788.864945899,101403.560942092,22705.0700471543,9647.55068125063,4125.94968553012,7302.08567003713,304903.627783626,101419.138886746,22837.1150385875,9727.48327954352,4168.42329381954,7352.08144102936,302912.999237561,101390.114730774,22960.4342713461,9804.9682907721,4210.67309410621,7401.88759525911,300794.649200079,101325.208012742,23075.8237869728,9879.35378866207,4251.91427241779,7450.20596501686
838,316164.188636628,107395.71398363,31633.0211467139,15484.1615361251,7855.28334716819,47176.581631693,297411.460508476,101449.152930328,29706.1686207074,14673.1302719123,7469.2544811356,45480.4469521606,295507.26211408,101637.657668885,27826.3833393755,13925.6808646964,7281.90182519313,45695.1719220322,294830.78824437,103149.246166702,27935.381377221,13531.3699315596,6959.75802410849,45885.4597933127,293864.619059457,104088.642663785,28447.4275279764,13683.6628564701,6919.36220026294,46090.9402718906,292645.27630719,104855.353105329,28918.2347162908,13935.9568965715,7021.117206367,46447.7326623213,291361.060437844,105531.275265428,29357.9924223749,14191.0176225707,7153.21420362578,46897.9811572871,290010.611040886,106158.33217727,29775.9886516349,14437.6074795231,7287.40989403408,47375.2204636834,289134.267495764,106798.336888192,30191.5763764098,14684.1520487514,7423.28751169737,47896.877751461,288077.564536063,107442.862666513,30579.1433967273,14913.6669419623,7550.68446222846,48395.7018705376,286786.926659514,108028.541448414,30975.4787880473,15145.133808941,7677.09851780551,48868.6639354983,285258.508899401,108538.981486128,31363.8201047476,15378.781837805,7806.34383415052,49318.8049193549,283563.192284846,108982.632574763,31743.592074868,15612.0555286209,7937.73629698423,49749.4542280106,282350.381453727,109438.266944371,32124.0549287699,15850.0100710473,8074.09776832232,50218.2877042321,280869.9227615,109885.472355676,32467.517699459,16066.1676357104,8200.04759643043,50651.4409959259,279043.350442929,110249.828504287,32819.4833240704,16283.4124374554,8324.12380718958,51046.550826216,276983.119549998,110522.712834001,33163.2309382764,16504.672351952,8452.45655081129,51419.5535423425,274752.5402663,110721.638039337,33492.372276572,16723.1734245407,8582.42563561227,51771.3907300418,273089.953063674,110949.884749868,33825.1118887207,16947.5682021522,8718.07606165316,52173.65018849,271182.926734596,111171.868005711,34113.9185343518,17145.0170492718,8840.24273405238,52535.1462435481,269043.832434083,111325.63387518,34413.3978890195,17343.6591649683,8959.91810825493,52866.3491821698,266576.671783471,111381.047010334,34697.6992051845,17541.7138923885,9081.09723315095,53161.6962650492,263908.555515549,111345.794359806,34971.1514001976,17739.2675706356,9204.83647245032,53433.1093878788,261679.322577792,111323.180739436,35244.9023376242,17942.7206426643,9335.03516245935,53746.1777868446,259355.434941313,111299.070294424,35478.0201988166,18121.9465774855,9453.73633920524,54034.4512270181,256633.646167695,111188.941154666,35704.5711973245,18291.9997433929,9564.60914875853,54269.3299646066,253708.467588499,110979.624475123,35929.0508906316,18468.0997417923,9679.75573233981,54480.2241244528,250940.475068623,110729.421748606,36143.7620368161,18646.1527164905,9799.96981827794,54695.381640811,249701.469612385,110709.635761823,36388.4103759395,18842.6972736779,9933.45721422255,55066.8224339941,248524.206052467,110816.58953438,36559.3694838791,18982.1223140302,10033.6909031481,55396.0426646382,247209.925842187,110920.630316462,36766.3344059266,19121.4678516524,10122.4530918708,55682.4331873198,245648.023503794,110945.508690505,36972.1764883898,19268.8753022116,10214.8563269484,55928.6595329965,243843.016775449,110887.213041699,37166.843680089,19417.2659126999,10311.5289071872,56146.4006650264,241905.163800829,110761.412142095,37349.6271811035,19564.8331688719,10411.2707558167,56350.3453993991,239860.827026888,110584.073153715,37515.3882746837,19706.559929277,10510.5349131677,56541.5954798896,237720.531595146,110359.186280051,37667.0865345085,19841.7181287935,10607.5196975029,56717.8606609507
839,272601.231400374,126654.903216649,45735.9116539346,24234.836463983,12773.7557496106,22138.883788146,242087.603147594,114019.868795992,41103.1123045694,21913.3473050718,11605.5412875385,20399.5913363078,250144.734958003,118981.850735447,41729.4950987948,22594.2773505935,12161.9505970593,21474.463333724,244395.423628219,117833.972285739,41193.1926426954,21935.9667998525,11809.6819893262,21417.4017533988,245588.491433618,120108.019051085,42325.4744015791,22482.6904413485,11999.6015797258,21775.2172433785,243080.857839499,120117.296618744,42885.6277837868,22854.4043714755,12198.1725011334,21998.7212295217,242306.683905049,121053.854829099,43647.0761796847,23396.5107750835,12540.5093286235,22492.5268096386,240509.412059979,121349.686347338,44217.6680538584,23824.4935995924,12835.8246972388,22993.3653378402,239683.938827533,122005.333361524,44871.4241751271,24305.0478780551,13162.3737615299,23589.1360233417,238321.608428114,122396.977859757,45401.1134389889,24708.4550195514,13447.0915602147,24149.4725109881,237035.578407655,122884.956945728,45973.4844266795,25129.7793783542,13737.4259984218,24722.0216333544,235363.915862532,123168.382915714,46501.2294177509,25532.3726606936,14018.8290134113,25279.2699116349,233652.580651312,123430.105261001,47028.7273988774,25943.2212083563,14309.0566173496,25851.9581606498,232321.676013666,123701.244013299,47561.7451404252,26363.0685695823,14608.8631551816,26456.1016994295,230729.615506795,123893.572299627,48009.9933796999,26733.7961394055,14883.6505707941,27036.3926140568,228904.033692046,124034.537377433,48466.1880779347,27099.1935655489,15151.2741943227,27605.5227089854,226832.573743611,124031.891718003,48902.1563619886,27463.7116016898,15420.3030033421,28172.5479344,224639.30012684,123947.424595079,49313.3503185094,27824.2204426815,15693.1364266836,28750.3703730978,222925.467941247,123922.85994128,49742.9452520295,28200.668870617,15979.9137573582,29371.5057100894,220998.679733095,123824.428613217,50080.827044335,28521.2459229855,16236.8935464035,29964.6088899857,218929.866691143,123699.282533395,50427.3733121151,28834.2566733758,16483.9564435789,30543.1070457953,216538.832787046,123414.742784237,50740.4000301973,29136.0125889465,16725.0108592868,31105.9720307519,213991.497643048,123038.262117635,51033.6526899808,29435.8468325585,16969.9553030444,31675.154258642,211807.087360372,122685.725611238,51338.5305368026,29750.9866090886,17229.7484369785,32288.0604491582,209569.9276444,122301.798621018,51569.0256467618,30021.4683087216,17467.0317227996,32887.0872772082,207021.090312649,121831.347441499,51769.486528,30260.7990810385,17681.1670122149,33452.6696342819,204285.976412444,121243.995977455,51964.1213668533,30502.4723643549,17895.5328750241,34012.8540600351,201657.8630009,120611.957325268,52147.1836002387,30749.9817774847,18119.5010201753,34594.7048546264,200317.254882152,120302.291102297,52414.1404172929,31051.7616464376,18381.4943167603,35279.7975377645,199124.024682875,120112.061862757,52565.5052721365,31262.0499458118,18586.1863965256,35903.7148573972,197830.601328668,119968.449383396,52739.5729459152,31443.10996497,18751.6756721399,36443.6495425648,196331.69788618,119738.80841056,52929.1023342826,31636.0391359577,18914.5737652631,36938.27425294,194625.200830992,119399.229940358,53091.75880851,31826.473746799,19079.9392492705,37406.178555331,192806.157760725,118985.908130829,53239.1602308603,32016.450939026,19251.6103141577,37883.4559784922,190902.344258568,118501.501722195,53354.5941879708,32193.6734621624,19420.6266901075,38365.117058558,188918.196997638,117964.70415587,53444.8827864298,32357.075634383,19584.209819563,38852.0840812772
840,390333.71588193,74766.3943885096,16318.8320107843,7747.2509945051,4240.44958050627,57040.452832366,377294.117832059,72738.3860008477,15907.461644425,7677.9620605411,4219.84649710375,56963.1513007483,376738.033391922,73699.1859192513,14752.0922574172,7134.89377452857,4043.31299138712,57521.0828248043,376558.666788059,74526.6719504573,14938.9942584073,6993.89250952722,3883.78937629395,58098.785979822,376283.386113068,75171.6825406517,15138.3846439152,7058.14733373393,3873.61098235837,58743.7432035636,375677.06616143,75772.835081589,15311.9049556894,7128.50310689899,3894.85900599683,59424.1735706123,374980.559539461,76323.3660312495,15477.9327531558,7196.41207035256,3918.71476245332,60110.5283395648,374232.674805388,76853.7137907574,15637.13594826,7261.38010492743,3941.67940781722,60787.0972607733,373953.131931241,77371.354296731,15790.7155605053,7324.33530684163,3964.05576944156,61480.7135349146,373430.656402564,77913.7208627949,15938.7700539789,7382.94943934515,3983.88318503498,62148.7298821268,372641.709035121,78418.4335574328,16094.8011980713,7444.78142246903,4004.11744247506,62788.0102369451,371552.01465333,78876.3608936898,16246.6275936152,7507.19618627465,4025.11428443527,63396.0862185133,370326.97518483,79294.9024379659,16395.2786346767,7569.22582392803,4046.48574336809,63980.75315272,369590.752852582,79692.8103959565,16534.0942236666,7628.60013582073,4067.71180193428,64583.504178573,368482.891061585,80115.0202297993,16664.7518866228,7681.60434222197,4085.48290638732,65150.6164951933,366987.769192175,80483.1112429191,16804.571245172,7738.19342960953,4103.53584202537,65678.8037542796,365214.376585936,80790.2658902103,16937.8159705191,7795.03515471773,4122.41044830108,66174.6317636999,363289.39873564,81056.9027815582,17064.498369431,7849.76887369974,4140.90904924351,66643.8505593243,361941.094182105,81305.2983587748,17181.7674311353,7901.63782389061,4158.97117353896,67138.3740357594,360271.492360638,81586.5896194844,17288.9541757408,7945.94120617382,4172.90353890816,67597.4846933758,358333.329326867,81818.0070838758,17406.1081513481,7993.97207423725,4187.03998777749,68023.3721583589,355989.646409955,81994.4776992594,17516.66385325,8041.92465493417,4201.68484660256,68405.6458271951,353471.340885183,82114.372443722,17623.013372112,8089.36548752412,4216.6680927154,68757.5703935211,351382.606593395,82211.9512046018,17718.3141249192,8133.70890571392,4231.36707827929,69124.9539265165,349145.477498736,82331.2216267018,17802.0918359964,8170.38274906999,4242.21699442935,69467.3233320901,346432.629098587,82407.9030305296,17891.6287167687,8208.01972672494,4251.90299623622,69758.1436560157,343474.72577417,82413.3536951744,17979.5056053148,8248.06809429853,4263.05873117553,70013.5270826295,340831.158773813,82393.4746756015,18060.7310514147,8287.37647650563,4275.20258933827,70269.8662116769,339812.405443707,82441.803630049,18129.2627513199,8322.26595429965,4287.2008740372,70638.5804366725,338835.005335786,82641.7626221565,18187.5283470234,8344.27577435914,4291.68277776939,70998.0661854864,337688.887276439,82833.4258936746,18276.5667412532,8377.12183649891,4297.96676731077,71330.4238495687,336236.294530847,82981.9289913911,18367.622665025,8416.70692250612,4308.80015150289,71625.408929457,334486.017385019,83077.7347740123,18454.9633399382,8457.67825088754,4322.18632821224,71883.6049098799,332572.771223003,83126.6224793166,18535.3604020894,8497.53464085837,4336.55249448339,72115.6942135129,330529.940249553,83142.4707434485,18607.1511385281,8534.09812423869,4350.21182266605,72324.4310758227,328351.86157493,83128.6120462431,18672.7960107975,8567.67214012308,4362.57254603751,72508.8966289512
841,239660.08783939,138541.810657553,62632.3507093765,37221.6114086765,22003.3002368287,48585.3168380556,211798.247636249,121925.743099604,54504.5571247781,32557.1933313415,19338.0704435678,43720.4658166459,214035.811838533,124434.489834353,53743.0889399252,32579.2954377802,19624.7729806055,44494.6037410849,210149.911038893,124303.062296042,53536.8656000021,31917.8703687396,19271.260501921,44947.3180797329,209045.06431957,125017.03436154,54253.8246967005,32255.1287581853,19303.9211170507,45203.9271144837,207267.825986507,125359.628326441,55148.6461146634,32859.0986573986,19656.7640924807,45954.1928565227,205268.015977322,125138.570258587,55585.3196133699,33333.4928561329,20010.1933900548,46568.4479405762,203663.723025044,125348.257193437,56236.5890363511,33889.1468947361,20451.3195342925,47623.6205475486,202044.277347423,125174.049848905,56652.1591229329,34324.5119681088,20815.3068014134,48559.1232526777,200691.062222569,125342.855023678,57171.4610218047,34794.5228373923,21203.635389548,49664.7322396545,198874.59311957,125152.308498005,57540.0136358905,35168.8651696411,21521.8340846857,50611.2582475197,197121.130078938,125075.586398836,57983.8630511227,35589.6994924877,21870.2489128389,51641.3552442069,195061.411346969,124734.791475078,58320.6711691469,35957.0038468283,22188.7099846375,52596.7470484894,193543.123351117,124585.598276864,58735.0597879917,36377.5676490745,22547.0140137101,53673.0587818656,191798.616713621,124326.262491573,59032.9226921526,36722.4648924015,22860.4509801112,54682.9036544586,189792.29226315,123974.775671934,59310.1669556468,37039.0850941996,23150.0068255647,55646.0077286762,187635.570593637,123511.152391672,59574.2383927088,37357.905917133,23440.808279718,56603.8123525798,185343.610430015,122922.975223781,59785.5878506859,37656.0522764411,23726.0266318448,57552.8694080437,183527.591577268,122452.007589228,60036.2061454354,37985.3756824237,24037.5442467785,58597.0449181062,181588.743036677,121958.250193446,60198.8237813623,38251.3402362495,24310.8492797776,59598.5933348901,179433.161809171,121350.53828087,60327.5538013309,38477.8473255229,24550.3043323331,60529.6023881129,177127.4063785,120669.265092971,60447.2464975081,38706.2770869618,24789.5727453147,61451.9466294621,174608.722489629,119814.746582499,60500.8925324714,38902.806514715,25013.6449068352,62334.3909084316,172461.556913175,119052.766198115,60591.5318737298,39132.5462664464,25266.3594600522,63311.6552376137,170327.173204144,118298.912825142,60617.9510595973,39316.9864261278,25493.5759377046,64274.7151806186,167867.076042083,117402.17811959,60571.5114999806,39436.366306929,25671.6649577176,65137.1676414047,165286.110228935,116415.212033342,60524.1974092521,39558.2238493277,25847.5902163696,65985.2282016257,162801.774463929,115378.66762747,60457.7449720052,39682.6136186659,26031.5511730743,66856.7133339538,161447.241156273,114732.083665386,60522.978594063,39897.9818689561,26282.6908560962,67948.8230136186,160384.616053883,114363.017659565,60544.9474768146,40054.2117806207,26490.4676341805,69013.4386503037,159032.267433652,113872.603759248,60511.3618392724,40119.5990264391,26608.9035372799,69841.1020458818,157662.984694385,113438.733350118,60560.6837658655,40240.103122322,26747.9936058156,70644.699162188,156034.774574161,112808.487761347,60545.6859205896,40334.4969075737,26872.9667566771,71343.7507046139,154342.047835391,112129.337779901,60512.5324434834,40430.7530483746,27008.7439653066,72046.6529589055,152594.787998898,111390.110829722,60448.5015031876,40512.5485403564,27141.9451547925,72755.0545824265,150775.003903908,110586.948671837,60342.5130630372,40567.99575161,27261.1884582488,73450.9987013974
842,378816.670954217,73134.6501164533,14711.6899013334,6217.62632524664,2760.76100224334,10844.6763147627,362914.73185343,69697.6105964507,14050.9134178723,6043.2456938825,2709.30719294219,10764.4561086689,363939.569829009,69696.432243787,12888.7594828674,5579.83425321157,2570.9017977087,10866.6970981998,364581.536371104,70713.8609529553,12813.6416379215,5295.98416310942,2378.24419594064,10875.9125965928,364815.26752108,71399.3777547594,12977.3382105608,5311.92244073464,2334.69343672937,10917.0865993593,364711.114503022,72008.5986002629,13129.4819942878,5367.4551653988,2346.52243493347,11020.8477934939,364470.607152311,72572.1679055934,13275.0779466396,5425.60274030729,2368.05776577323,11153.7398988259,364256.982239625,73118.9059429319,13416.4977561359,5482.7025803769,2390.61161318361,11295.999693776,364548.864785162,73678.6273648525,13555.2715245109,5538.72317038302,2412.91780395567,11444.6919909583,364491.5444797,74220.0259420702,13682.8469933532,5588.90755378825,2432.42822366463,11585.6735794457,364141.58364862,74731.6467138894,13817.7001339329,5641.80424960749,2452.5381545777,11722.4788519988,363539.093785718,75196.8527320631,13949.4816087616,5695.58198434934,2473.57362211868,11855.8870915274,362870.780726432,75638.0417179155,14078.6698014225,5749.01517075977,2494.9350962147,11987.7827803062,362702.928893784,76085.5462349717,14204.4435934603,5801.42544416408,2516.12652716923,12123.459441085,362068.393504828,76503.573198422,14314.6401043852,5846.05769733623,2533.74591811995,12248.5407882802,361081.469475891,76885.7629709085,14433.4262309298,5893.69196056616,2551.95486417179,12368.5148289847,359804.927144062,77208.7550481822,14547.0712273449,5941.76139871701,2570.98820113002,12484.1697660926,358485.642582652,77509.048489869,14657.8084437495,5989.28829974203,2590.29324311928,12598.5103359204,357756.289847508,77814.5324404917,14763.3401264442,6035.02022907152,2609.07191355555,12717.09593794,356600.822023141,78101.9976143672,14851.9716015069,6071.92166026895,2623.71599531098,12824.5996462949,355173.049044044,78354.331606908,14950.1274009577,6111.98711728042,2638.83815019137,12926.9529475391,353358.331232039,78548.0109017554,15042.6226623875,6152.29170521483,2654.71286107336,13023.2767843248,351426.429294937,78705.6593434029,15133.3228072884,6192.83518125694,2671.21225382715,13117.3002617306,349938.134164033,78855.5459638127,15217.8863964485,6231.66921310213,2687.42118593072,13214.1129872486,348229.540965024,78989.9138198651,15285.6396647869,6262.04319730883,2699.82585501652,13302.4068660224,346029.69239672,79082.7932832711,15356.5989371397,6292.46759355077,2711.37002478824,13381.4234854124,343616.273513272,79120.1107769965,15429.0607616764,6325.93366231511,2724.61373414235,13456.7275105318,341589.543510359,79164.0369488725,15501.1338789391,6360.88112944576,2739.34736448942,13535.8073187836,341136.076849407,79280.899528254,15566.9282477432,6392.90310236387,2753.18081134901,13629.6449888936,340547.440491818,79463.7183476846,15607.2949583463,6409.18123141546,2759.19921854876,13711.137581865,339749.571595967,79661.9565004522,15676.6530047774,6434.16248373037,2766.67430026092,13787.1898905805,338656.422108978,79815.2206577169,15750.4433827209,6465.92612768016,2778.16770819191,13859.4310773392,337280.58867701,79923.4539684169,15821.3245219455,6498.75145566473,2791.47993557947,13928.3444963102,335757.404868701,79989.1305383551,15886.8291265488,6530.60709727261,2805.13333810504,13994.4013743067,334104.022239494,80020.9579046888,15944.2066409467,6559.43629386591,2817.85273596963,14056.460101361,332322.186862761,80023.4767537476,15995.7457648063,6585.64330777383,2829.42805798774,14114.0560547462
843,197129.9381885,131954.510680213,61884.8726544143,37790.8002897094,22914.6482083201,41145.4630191184,169326.031350702,112525.313980556,50152.8291316445,30534.5781414542,18529.5722623196,33770.9126619702,178522.906112915,123748.798807222,53760.7045496265,32637.770298533,19883.7391219962,36514.1669848936,169106.143026925,116886.088124806,51307.267059106,30821.0253999887,18662.158163267,34640.894054989,173057.291801174,122364.90792111,54131.0552279236,32497.4943605724,19606.365587202,36373.6260866214,167831.725676673,118758.410766442,53340.3417722956,32189.4840532622,19431.7921239829,35942.6641904374,168812.34718631,121165.449283808,54870.5188365604,33302.9244798837,20214.2482041784,37419.8361969247,165563.019711219,119287.041757684,54645.1889261574,33354.2168629437,20345.8249117669,37852.2445076538,165513.943041459,120386.825056448,55574.8120923376,34099.5480382322,20918.5022981381,39207.0363804151,163469.511415785,119513.882577746,55659.5696645285,34313.0738675825,21149.1303844767,39988.7088090357,162501.959822042,119834.408734101,56231.0049442381,34816.669744221,21559.0019959743,41127.2118202488,160627.962237882,119236.503575385,56456.7773951346,35110.5690625362,21833.0249380492,42015.092447532,159111.371252581,119034.395553846,56836.9139370169,35511.5733007125,22182.4043480951,43057.1864549517,157734.240225208,118667.506921531,57145.8525299597,35872.8812039075,22510.2261937771,44085.7129114879,156311.338987619,118391.690641476,57417.0771896835,36202.8477167045,22821.0035751975,45111.8616135338,154577.73419314,117900.632196845,57629.8348065381,36482.5911669505,23091.9591951612,46068.6700928168,152811.268814174,117380.227267641,57852.1730211268,36780.905215134,23376.5227283533,47050.8912232643,150863.823688571,116684.253456378,57995.8506089142,37038.6576150829,23642.040956963,48009.6577919278,149379.315148628,116173.241548905,58205.0417624913,37344.6327662215,23944.378070533,49074.1554497424,147734.388975144,115592.584747777,58310.5759537747,37572.9764127992,24197.5490724682,50075.3770484405,145953.763101387,114929.305057835,58398.3647199161,37775.321485311,24425.3592007134,51034.3948689023,144031.962726279,114181.121038613,58465.2247938501,37971.1145352506,24648.0276540402,51978.9424388176,141903.594815367,113249.881798676,58460.3447588374,38129.6370332644,24851.3095326505,52888.6557678518,140141.882937544,112447.875499233,58507.7245068264,38332.3595477225,25090.6171844667,53900.6523381184,138369.616120728,111652.268346873,58486.175707839,38483.3262267978,25299.2643661949,54888.0807730831,136304.381728672,110693.29110766,58389.3058988159,38566.8692424051,25455.5697453088,55780.434127833,134173.412210664,109672.174230164,58300.2175854048,38661.0153445734,25615.83691151,56677.2783918219,132100.578035009,108573.605748438,58173.686213523,38743.4020211412,25774.7674907746,57580.8148712801,131078.571134585,107974.545243719,58219.0472052,38944.1496624242,26019.4149775893,58717.456932829,130183.943334621,107573.726898343,58197.297746007,39060.4017398616,26199.7288933971,59757.69858411,129044.071430035,107048.120638707,58135.2523119985,39101.9068411556,26299.6788486263,60586.5174484275,127901.560994849,106575.727638846,58154.3744767972,39202.211759812,26425.938510626,61395.9243470415,126548.116803716,105911.465317698,58103.5301410413,39272.46221963,26536.6590279162,62113.7813680679,125152.328187861,105206.469918095,58033.9327352063,39342.4635525042,26656.637869069,62840.0233112045,123704.843180478,104449.834247061,57935.2155702228,39397.1979540826,26772.484811468,63572.9166387488,122197.430787872,103625.515120664,57794.9150544226,39425.0790687198,26873.0283987667,64294.2193287026
844,279226.018459474,111350.297380238,32634.5134110366,15712.5934085959,7569.51872281351,16145.5460025056,243160.221531502,96414.0799121221,28467.7271816924,13865.0575034605,6720.44881970556,14511.3237480034,255310.681432561,103687.041309403,29320.6167846588,14367.7503677347,7097.73095770724,15548.4943491153,251558.316284043,103234.935574774,29223.4561967472,14019.4471468127,6844.16959762276,15385.2927998424,252187.341168982,104955.460046219,29980.8874062203,14356.4363046972,6938.56592939773,15529.6418471646,251244.189172736,105733.254864229,30559.1881512521,14689.0342852144,7099.6441434827,15697.4329262537,250617.533860341,106658.907238931,31149.636857863,15050.8318092987,7303.37101314662,15980.3159152078,249803.304819531,107442.605644999,31700.9418157688,15394.3970479489,7504.52382175387,16292.849651158,249489.714458043,108328.0287913,32267.3415133838,15746.9584348059,7712.09246511934,16640.7578544372,248747.723964831,109050.350846952,32763.8307190649,16061.3863713182,7900.78287190333,16965.4635128683,247943.890502812,109799.280641544,33286.9180110294,16387.1009952512,8093.65092041866,17295.4913201457,246854.669193257,110427.415501061,33792.4558236715,16710.2723975041,8287.24327086282,17619.9479845597,245685.359983138,111009.438531198,34296.2572657269,17037.7397290919,8486.0959131233,17951.1622927707,244987.17591674,111666.926797068,34815.9498224056,17377.921462353,8694.29660925225,18307.6907188924,243771.156451491,112134.11395066,35248.9687946088,17671.1987812393,8879.65641930834,18631.1273312462,242443.394012016,112631.409942394,35717.553637509,17979.7073659695,9070.85357154359,18959.9774249304,240817.589243379,112983.597031799,36166.2636837718,18286.5778182005,9263.79578938031,19283.4984941483,239117.552057114,113284.836742501,36608.2690490776,18596.4275928981,9462.3428165388,19615.8110541897,237951.067906454,113679.056700424,37069.6861258953,18920.7134618211,9671.49017111644,19978.7608507959,236309.837901357,113879.37601542,37432.3449031513,19189.7854297702,9852.80942998998,20303.6396225428,234677.002042269,114150.464160749,37839.3190354987,19476.8902077616,10040.5723753467,20637.1392031489,232597.704344071,114215.764648094,38202.5647498342,19748.5642309059,10222.1756536899,20951.0628049132,230472.942307243,114264.643048783,38576.4777531646,20032.3370030293,10413.8338835147,21279.3754445703,228709.819108655,114338.261716746,38955.6111645713,20325.3474455184,10614.3329360453,21632.9267937181,226712.440268186,114297.137517354,39257.1223133933,20575.0157795953,10793.7150600045,21963.2854644587,224451.388464369,114218.735838484,39559.5885907494,20818.6099791272,10967.0461224038,22281.9920633916,221992.302068844,114033.002816222,39859.6002607628,21067.6926012555,11144.2880694025,22598.822743294,219759.215631514,113836.460072656,40161.7179190783,21326.7779530554,11331.7295013749,22935.8897219373,218907.65431117,113973.414714883,40521.4929219558,21619.1897549934,11540.6872180849,23342.2736463037,217734.71703305,113942.698828846,40709.4958609001,21798.8295189738,11685.003865851,23665.5832904009,216754.339812525,114138.387558178,40988.5560857702,22003.616614043,11829.3454632851,23981.7156416256,215330.484718102,114093.776273546,41222.9066448949,22189.9352898311,11960.5894248061,24250.2068566067,213841.481110294,114069.155451989,41475.4908679602,22394.7525496352,12105.7015288529,24528.8330863266,212147.022965541,113914.467636953,41699.5263482959,22589.9749042968,12249.5152124697,24803.1532218014,210419.400648305,113741.308787516,41915.5700411754,22785.4949039572,12396.8792811856,25088.0048499478,208563.550687474,113490.477722897,42105.3499097914,22967.9232462705,12538.8669684759,25369.3377257245
845,234018.142230593,130464.927782019,54312.5205909066,31077.9715303515,17700.4980760265,29367.8165056553,200808.453159878,119803.634221905,50978.2185154838,29329.6151725755,16775.3419580193,27737.1318232764,204603.941439594,122463.879321078,53313.9372647141,31448.7579104675,18327.5988972795,30522.5259865598,200457.125622173,120365.666268644,52350.5987781249,31028.5796796721,18350.5622193083,31402.0319421199,200366.660953737,121911.912968431,53355.0284076256,31636.4908737131,18766.5427600388,32788.0198986809,197865.033396684,121248.43826699,53608.1359691176,31908.4863082142,18967.7173426804,33490.0994675747,196667.706002587,121735.539893935,54322.7419477338,32487.3724096481,19396.5400840217,34522.2022676555,194559.76729421,121356.617894712,54668.4809666109,32864.1169066492,19713.8230679649,35352.8727302641,193419.070368079,121574.503107582,55244.0877604309,33374.2176142364,20121.3283533151,36382.8494194867,191848.762927936,121447.31197813,55615.7036523693,33757.9049068452,20450.0094518034,37295.7707988371,190305.852282243,121447.187759024,56051.9169567778,34165.3363501658,20788.6664787819,38238.5731852919,188486.872865541,121226.37887037,56421.1893429893,34540.1591006884,21105.7438192994,39138.0123798087,186611.776176088,120973.838007854,56780.8997735648,34917.9474241739,21430.7194908121,40059.8701490486,185086.402759975,120750.925881048,57148.7940757405,35307.7302744825,21768.2294831541,41026.9263515498,183469.783249955,120539.024239385,57452.7150729448,35652.8905292375,22080.8519946496,41977.4394114535,181518.632932048,120159.142489527,57705.8437189122,35952.0112726626,22358.0704152308,42870.1759046202,179486.205022459,119721.200875182,57966.0122606567,36266.1499271916,22645.1728863099,43779.8534059436,177273.507977362,119129.163878799,58159.2110282588,36549.9035679183,22920.2634250185,44677.7296148725,175530.143714959,118657.916728007,58396.0532564738,36867.1672379222,23222.6655304054,45657.7582323894,173703.644904039,118187.104356069,58555.1398913454,37128.1410905951,23491.3729484834,46607.9836903645,171636.481708813,117585.08688128,58671.9200686038,37343.9318080938,23722.7730576372,47495.3709004866,169435.314070939,116924.602472252,58786.6093125773,37566.241330409,23956.7788492563,48382.6175374291,167005.185873396,116076.927267053,58830.2284313455,37753.3516437568,24173.5720914452,49239.4626319475,164954.820328307,115327.815491931,58913.4835647909,37975.9676941573,24420.5292721469,50182.2669419213,162933.256639816,114600.469692664,58936.7503310464,38155.4020967011,24643.3235720067,51114.7105444669,160578.667999942,113726.776623708,58886.2761771014,38268.5095765803,24815.8685524391,51961.6498867685,158108.124205653,112763.33282893,58836.7555546746,38385.8714897714,24987.3190577862,52801.3716398656,155708.741397941,111741.055417926,58762.782615938,38502.3809076683,25164.8046023678,53660.5836281358,154407.116110496,111095.402728456,58817.5171690321,38707.8976729988,25407.8630969982,54697.9494777719,153404.016235494,110748.799222732,58838.8619335403,38860.8733427764,25611.891455704,55701.7285347095,152100.615773604,110262.490006902,58801.2668503831,38920.9148740915,25725.366038251,56491.15317542,150801.722357286,109845.199154196,58851.0874449823,39040.6056777308,25863.1077751779,57260.7736267816,149252.166487057,109234.309964691,58834.9181851287,39132.6189560069,25986.0448551565,57943.1254816308,147628.711179434,108569.341679056,58797.8549027071,39223.6231672743,26117.4127022049,58629.5084321871,145967.145844257,107854.898378286,58735.6027724308,39304.1204175547,26248.4895464893,59329.85398785,144226.405673194,107071.980103423,58628.5935311351,39356.1060969346,26364.1081863274,60019.8963586352
846,162996.655151946,119848.60193709,69918.1906442914,48361.7970000549,33253.9978374876,78659.52607023,147069.366949743,111272.328998311,63848.4956419511,44249.067281528,30546.8806600529,73137.2505828722,139986.818559273,106482.812124155,61242.2558900665,42670.3929276193,29577.6930204098,71320.7193345086,145779.547122356,112828.253255949,65295.1081429583,45460.3274515355,31675.161127617,77584.0416613587,139550.85496824,107501.758980714,62957.3588973897,44020.375614327,30718.809548016,76258.681893841,139082.693811002,108606.025598147,63674.720603472,44690.9885417241,31314.5417389412,78629.750469392,138599.391432176,108799.719357951,64571.1608214901,45447.9138384596,31932.49887743,81101.0094205333,135634.370589693,106868.885840504,63858.9883584478,45208.2376509437,31902.3037291956,81893.8595912698,135083.013833576,107166.930135966,64405.5044604044,45775.7138574401,32452.2000297067,84305.514836534,133881.027027501,106654.034715442,64561.7873725441,46063.266108162,32782.9130593572,86230.6969157952,132055.712206593,105749.371163461,64366.6935721691,46103.4642613153,32939.3077146775,87707.8945705331,130808.27711874,105400.492677381,64563.7416294358,46402.0063981784,33271.4728368437,89668.4156999465,129178.099819303,104602.840261845,64531.0445720976,46555.4014385498,33500.2003306194,91356.323251926,127771.441958463,103883.948700168,64481.0507602408,46706.4101558964,33737.8836271244,93098.1710725757,126533.368284911,103396.881269889,64519.9925316516,46903.3748345966,34007.9910404614,94987.6295662408,124869.027639295,102549.406835641,64372.5854610194,46950.3133689385,34158.2019678248,96561.4478157787,123164.849267511,101694.418651999,64229.5325943401,47009.6623329534,34316.4237512893,98150.716944961,121467.359909076,100805.873452517,64085.8710364689,47076.1042196543,34484.8939432084,99786.3611325377,120008.752341192,99943.1307645974,63927.6380907453,47141.1223723326,34659.3121232416,101482.320605688,118581.80289722,99199.1425402662,63757.5487659018,47182.8270429293,34817.8117523324,103194.412221075,116924.605663991,98264.3384700947,63498.2596197142,47134.7694793082,34896.2529608117,104692.556312226,115170.044349399,97280.3583579959,63221.4072953312,47080.6260549323,34965.5144808477,106147.596417001,113333.983776241,96201.0433689678,62908.3785859813,47007.5533947465,35024.4361909733,107570.752917781,111699.654186032,95151.1009263804,62595.7644800463,46946.0112101817,35099.4532803092,109073.305545931,110186.476364836,94238.5089529549,62294.9286199264,46884.7129526142,35178.2500331813,110648.6503243,108398.256814327,93144.0109969627,61883.0144209803,46716.0610731753,35165.6367730189,111971.534235392,106479.135244198,91929.5623664483,61425.5616750541,46515.1122148688,35121.3439663294,113180.82883297,104711.099228786,90760.5199042484,61004.3171978791,46353.4320119879,35111.1451245737,114499.499317686,103678.13780226,89920.0597438981,60729.5194575269,46307.6660555793,35195.5336168904,116172.160920469,102994.535081944,89487.9943178665,60544.7612462148,46294.3460826377,35298.7302249937,117976.694222509,102012.519937274,88861.5933567403,60253.2395283931,46138.0331521942,35257.101011578,119266.582592563,100916.016011151,88194.2413537274,59982.9081509072,45997.1774776512,35204.4374717196,120366.191203948,99821.1309797764,87542.1294233283,59774.0739607697,45920.7170475516,35202.4070475792,121498.276219068,98611.0892679119,86750.3505196596,59487.4985941452,45806.0697604598,35183.38222018,122502.06374376,97339.8756203286,85899.8839555057,59143.7453833826,45656.0443299606,35148.9216025926,123452.282210448,96080.7091867677,85057.2629825832,58800.2199186586,45503.6949833899,35116.5673969716,124445.891619583
847,372502.659449363,98049.7011147727,23127.8329997739,10555.6162232407,5172.19187479029,39866.8551673437,353209.487990887,88702.6093055815,21329.5749943652,9982.86938931671,4950.45794308903,38970.0043406557,352190.575229151,88275.1071233225,18542.7127510376,8833.08573854835,4595.12353610678,39110.7811568809,351951.060470128,89653.9184288741,18268.7262951052,8214.71141604292,4159.24660039918,39213.7597156761,351630.722068114,90607.7077510433,18542.2756629536,8211.65148095153,4043.80654246648,39422.5532851005,350994.332577829,91416.7016540083,18818.3849300363,8318.92434282491,4061.2784161843,39776.2566430431,350255.169245243,92149.9069798064,19080.589999761,8437.21474881274,4106.72672793869,40202.2161585787,349476.079462212,92849.1808389977,19332.8654015556,8553.48371804415,4155.85933446957,40647.7826267136,349176.003189859,93550.0765033779,19578.0020946684,8667.43813630574,4205.05067226562,41117.0632845992,348603.12178337,94257.0684544586,19812.6529497654,8774.28952937428,4250.5587215249,41566.0406975419,347789.89315934,94916.5682751169,20056.3896035778,8885.32178696754,4297.07625868654,41997.4578508722,346697.389887745,95520.1730489443,20294.4047153882,8997.03887208395,4344.8681487718,42409.027638916,345458.736413801,96077.0732480994,20529.334037393,9108.83200358601,4393.48324297314,42805.4376099612,344717.511465075,96632.119600487,20756.9151945154,9219.29395781146,4442.62030859382,43219.6469657575,343612.949022219,97185.729700347,20968.6689730223,9319.83139857608,4486.85707344522,43604.6508816868,342132.819555839,97674.4686181755,21190.4560244307,9424.5770715499,4531.8048599576,43963.5927826105,340365.08875215,98091.4761650691,21405.9679652585,9530.70471297377,4578.55413788832,44300.99768493,338468.064433956,98456.9307869977,21614.8872833871,9635.61786527789,4625.79971131496,44622.8608566188,337146.715267345,98829.7457736044,21815.2061755028,9738.25231131406,4673.06282827223,44967.4015430921,335496.613202427,99205.9002386733,21997.7894388621,9829.17095195643,4714.29858619915,45281.3434998998,333580.352845348,99523.5795517794,22191.0710246658,9924.46472961121,4756.12757761393,45572.764330619,331274.83590339,99766.7069068329,22375.7149284697,10019.7916386723,4799.06736163245,45834.9021220051,328797.307088159,99944.4115005768,22556.1776787659,10115.4139023186,4843.18069294531,46078.4913262006,326756.251807895,100117.871063854,22727.4448262858,10209.1934032083,4887.81920681545,46338.2086393857,324568.535370125,100293.008718908,22879.4573414711,10291.3689350753,4926.88972741229,46576.8105041186,321923.842225889,100404.281610268,23035.105712737,10373.4596766348,4964.37126579454,46778.1784956369,319023.595501702,100433.127330398,23189.1477349718,10459.1877737212,5004.3740235714,46956.6292912973,316408.383463912,100437.919519262,23338.1242165855,10545.6669155595,5046.4922134447,47138.7392535903,315415.382792802,100582.066520439,23480.6337889084,10629.892926685,5089.21609867597,47409.3503697234,314417.133099421,100840.477316991,23593.7421108848,10689.5379370276,5118.19765424093,47657.1546072724,313268.882436777,101085.51318915,23738.3701576121,10758.7237145932,5147.38054250953,47884.791428323,311815.964731204,101269.952444246,23882.2850171028,10834.0625488319,5180.93614219578,48086.1303552343,310085.261259518,101389.401217999,24021.8867318593,10910.9599950888,5217.3224046751,48264.9910167978,308188.946927509,101454.018657123,24153.3439984293,10986.8143567493,5254.90832275756,48427.6746338981,306183.220637569,101478.041363072,24275.4653775667,11059.4013685017,5291.95693189493,48576.3290881234,304049.684167229,101464.520883391,24388.6408868227,11128.110035366,5327.51988540417,48708.9777146998
848,377478.277465896,75471.0764341916,16732.0069218375,7511.28530976463,3653.01311676591,28477.5426469099,361468.45478108,68410.1937712583,15654.9245345056,7260.09348781398,3577.31708886361,28179.7448311142,359838.187831922,68520.0775258536,13218.3883954428,6192.34222681561,3234.40147160021,28248.7416693587,359107.595308719,69243.9040835787,13096.6970729047,5767.44170215415,2904.3599954279,28284.7094184109,358461.049251915,69756.4778480493,13230.3695805842,5757.34845859306,2828.82574313778,28440.0487116585,357557.787090814,70205.8867399085,13362.110007832,5802.7250733299,2831.27412575651,28699.1015090851,356555.899116952,70602.8775297256,13486.2118489268,5852.55816062769,2847.40352513227,28999.2660399605,355533.366128443,70974.950066052,13603.3825541437,5900.33774011281,2864.69176379794,29308.4304290443,354990.521798987,71345.5268038765,13714.850731278,5945.99429051522,2881.48539008279,29630.2584940358,354223.595897371,71745.8138139342,13824.2827349018,5988.93366671007,2896.62700952662,29941.9740521265,353191.6843138,72106.2094235507,13940.2585617994,6034.90558734251,2912.45943698131,30240.5458003098,351885.749119139,72421.3373573223,14051.5427589133,6080.96193519596,2928.93735940365,30525.5260885968,350455.356690914,72694.8522372134,14158.0865880829,6125.74162832204,2945.3028733567,30799.5449081258,349514.902338451,72960.1351685044,14255.842916385,6167.73493914256,2961.04452916853,31082.6822745152,348236.083798137,73253.7137205708,14349.8266064186,6205.60912743066,2974.45175193544,31350.2232984225,346580.574418748,73491.6252825281,14450.7253773939,6246.6996042269,2988.46280621736,31599.59681221,344653.959215946,73671.3848418892,14544.609252479,6287.39622109574,3003.06883288526,31834.4656441839,342597.801435089,73807.6983417525,14631.5208066194,6325.64599531296,3017.06048137016,32056.9498235187,341121.740201405,73939.617929447,14709.0093541738,6360.66794803757,3030.12857639323,32292.0533681023,339353.207482345,74109.8656548805,14782.3846579101,6390.86775631604,3040.39252123298,32511.4118667536,337331.6312905,74230.8018662254,14863.5742773579,6424.68163238673,3051.33307924143,32715.6666954838,334932.230076756,74301.2157168679,14938.4766087333,6458.09907963928,3062.78846916181,32900.9840171509,332356.765142132,74313.7564089853,15008.2260447776,6490.35381872705,3074.19754606796,33071.8454851454,330227.259629766,74313.4129516694,15067.4511304255,6519.31880263316,3084.88299562498,33250.9398095376,327970.477732552,74343.9975359806,15119.9077655891,6542.83165313035,3092.73014607894,33419.0963283984,325267.679337234,74332.7829557128,15178.4525723363,6568.19050046706,3100.32194461202,33563.8435361368,322334.444240289,74253.921439125,15233.4566516215,6594.91217553994,3109.09331462867,33692.8530785212,319723.338379013,74147.4098190028,15280.8628615728,6619.76926150751,3117.98544315286,33822.4952722328,318693.674257237,74128.3739111627,15317.5782994639,6640.13641985232,3125.75389000415,34004.1049992009,317702.905706429,74264.191946489,15355.0647932786,6653.28482578775,3128.60653494093,34180.1867991077,316557.141785636,74388.212489843,15419.5647342876,6677.23781954434,3134.15562414755,34344.0948925662,315123.100933013,74473.5453170917,15484.9354557288,6706.26630883851,3143.43237907688,34492.575021788,313415.68964716,74509.3641586684,15546.372313603,6735.78904669195,3154.30107235771,34625.6328785296,311558.932398534,74502.6133359616,15600.8425205551,6763.66151772288,3165.38070227139,34747.3874938266,309577.910587192,74467.0598077733,15648.0493450297,6788.60236022457,3175.57791098766,34858.3803144421,307479.555316781,74404.9247046936,15690.2811181722,6811.23671350579,3184.74437647012,34958.410961336
849,340257.376571667,108398.002504328,31076.8948550252,14767.4192582701,7023.89909135892,15419.5283863526,323602.697131506,101060.331123496,28178.5425805297,13489.6433605494,6439.51752338434,14607.158028049,322078.450601827,101909.831810077,26208.954962918,12568.5515801231,6127.84572175805,14558.9840561846,321609.864053654,103671.604300343,26349.5256905131,12165.8434550585,5779.77559453285,14394.3865184567,320677.908545188,104765.628515909,26893.5877064945,12323.320156253,5736.49964250091,14283.1216334706,319415.565241164,105657.747434942,27394.090867954,12586.6592296833,5842.20742983548,14346.1182542172,318082.228958883,106462.45432996,27866.3715616607,12856.0296496691,5981.7463210439,14518.340057355,316723.87477592,107217.862706568,28319.5011335726,13119.0163734902,6125.10463639982,14734.1093082849,315871.029873419,107988.720681094,28766.4680003861,13380.05776816,6269.14033227786,14974.4779508823,314748.870233787,108737.209068968,29184.3725025092,13623.6834561279,6404.68699667897,15207.3224207992,313378.377532689,109427.938271307,29610.5516418657,13870.3663896285,6540.43646351607,15435.7130302435,311745.21777813,110044.094340081,30029.5017993846,14119.1780646871,6679.12955680864,15662.0819077956,310003.904363553,110603.481387992,30444.2932714328,14369.7127519599,6820.88178506776,15890.1715446909,308766.703934734,111180.663474178,30856.5489055088,14622.7518069852,6965.969346979,16132.1647385327,307159.159424109,111717.572330542,31231.4088049656,14854.0269601802,7100.73320226573,16359.036868869,305193.110515907,112176.875274061,31615.3995494779,15088.5706582063,7235.56653990545,16578.032562941,302970.890908022,112547.824442811,31992.2186703292,15327.0857607656,7374.79903450753,16796.2766236845,300624.332550139,112852.654580637,32359.5598713306,15565.3316379251,7516.786145186,17016.3690234298,298891.977050304,113195.207852832,32728.1922286658,15807.9446915067,7663.17272635304,17255.0494479125,296821.62718382,113497.443765307,33050.3634681738,16022.8143423916,7795.93961106647,17475.3806590501,294513.248532579,113738.898386175,33384.0929721192,16240.7536643376,7927.90332879662,17688.4938392285,291830.226585613,113876.618765265,33702.5941380063,16457.8819608289,8061.55585110647,17894.8173145566,288983.423208273,113934.70882826,34015.5886228694,16677.2244958594,8199.11074905171,18103.1650240765,286629.465331905,114014.898346411,34328.430290324,16901.8111509018,8342.31056932728,18330.1020029027,284094.179939788,114062.969894104,34596.3178972354,17100.2401102028,8473.11967653475,18543.8033387288,281132.577711382,114024.636924247,34859.464290636,17292.0102587667,8598.19189343836,18741.8074641378,277965.150517691,113893.548106882,35121.9850054824,17490.5659926321,8728.25385155147,18938.9972431643,275082.086829408,113741.515498774,35382.3361901154,17694.4422410598,8864.80375095083,19148.7479356621,273859.537662293,113834.619413124,35666.0902822902,17911.9901401005,9010.80412021587,19406.654068658,272561.271635496,113984.115378047,35864.3355205195,18066.7497315696,9120.79105765288,19623.9606386666,271138.875004784,114143.240746125,36097.9753994566,18223.6089879958,9221.63706196507,19817.6865238748,269440.524517181,114216.694336646,36328.1406869472,18386.1383640694,9325.06809317228,19996.4032077257,267472.65519756,114208.935052275,36547.7784830833,18549.3406762007,9432.11375798885,20171.485961256,265362.369210977,114135.482586827,36758.489113727,18712.8617629814,9542.27451163133,20349.3974337949,263155.223590019,114010.576078537,36953.6275112055,18871.6822135911,9652.41268629753,20529.1470733771,260820.750776242,113834.707151227,37133.3096371359,19023.3886048123,9760.05984186644,20706.566831561
850,308190.378693774,141058.829540008,37354.3663256136,17053.3519770524,7749.34816695376,11140.6766198766,271438.772948904,121580.257592206,31746.7224716603,14580.6388193814,6654.5555004444,9985.7416114117,283382.653202684,126530.590699896,30903.620166527,14478.1519843507,6760.74717570137,10346.0599661574,281829.380034904,127603.779880218,30375.9593539583,13618.9869302886,6265.29124879094,10118.7946254406,281596.835325312,129006.283955776,30992.3199182564,13730.3083989103,6147.77420937444,9914.81434200252,281217.796276945,130180.778639165,31619.0139652523,14036.5885454017,6250.74788919573,9900.90731786435,280658.533707578,131197.211569962,32204.9721262951,14361.6890644399,6411.37658348441,10029.0599241571,279970.438246563,132124.181598759,32758.5694177959,14678.3736620407,6579.94629566632,10219.5018219629,279674.39432325,133082.615167153,33315.3093140578,14996.6796366848,6751.57130601969,10438.2287172973,279163.455805355,133964.711309625,33822.331669367,15291.3705339707,6913.15878264205,10655.6247140283,278498.945853517,134836.861498307,34343.7662261288,15588.5336279769,7074.19863366522,10872.4253650424,277594.374547568,135596.500392337,34857.7623204624,15888.2945747571,7238.07861325926,11089.7832465954,276459.403894319,136277.184850936,35362.7988311276,16188.5595175699,7404.90955051167,11310.1273912719,275701.068004994,136958.782417897,35874.7195129421,16496.5823807172,7577.71253758855,11541.3651696779,274696.678933333,137570.694805154,36329.5776514233,16777.5600507114,7739.51661661271,11765.0521763542,273443.005020921,138150.12574745,36800.0048273885,17060.535187125,7900.02939582698,11984.5751784114,271900.96569815,138589.181645576,37263.6540148888,17348.4492496807,8064.98206359783,12205.0410806215,270152.543458969,138934.532661325,37711.9546303254,17635.6634199643,8233.35869499823,12430.1718579301,268821.034317669,139291.566015704,38165.046166823,17929.0497570393,8407.2642268838,12667.7533459831,267322.110922461,139601.831861859,38558.3110864761,18192.5588330865,8568.28612043228,12897.1663390022,265654.71263897,139892.11383037,38966.3017008222,18455.7509616142,8726.06008145465,13120.3683329684,263636.726842732,140029.17537524,39358.998609783,18719.1034573248,8885.56606467877,13340.9518040672,261374.426151393,140064.591561051,39740.3490548002,18983.3764826926,9048.99805631368,13565.5673549669,259413.915237217,140075.378764876,40122.1136104743,19253.863547894,9218.8375567512,13803.4367595344,257428.74274148,140067.706067441,40451.8999203058,19498.8786428514,9378.4345876002,14037.8845518449,255124.82304961,140002.328407691,40773.8604826513,19731.9947614805,9529.32558154212,14260.7840659706,252559.73457008,139794.727646397,41096.5923498378,19971.6382187232,9684.12073147835,14482.8786095705,249961.982692553,139509.11087543,41403.2373598535,20212.8209920865,9844.36708528125,14713.2509471588,248603.242192914,139417.047406702,41734.4197181887,20468.8866737556,10015.0623811055,14971.5433584738,247575.110746906,139507.680803573,41977.9465847827,20667.7585816142,10155.7555579741,15211.1819566983,246510.409251937,139684.64763101,42249.5677269787,20852.3890647591,10276.3057943085,15418.1965548565,245168.29349418,139735.020842429,42527.9756274761,21045.5371976954,10398.0538906929,15610.3564417997,243597.599112395,139699.518229456,42793.8457138502,21241.3208024875,10524.8736308588,15801.6901279449,241860.996994209,139562.05343254,43048.3291612051,21436.7977123643,10655.0626798761,15998.4385375692,240016.445601083,139358.234065167,43283.2060537592,21627.1236233783,10785.6903572733,16199.8091859238,238063.385129607,139091.50329288,43501.0232511908,21810.133556484,10914.1630746046,16402.5084739285
851,192350.262865123,127030.483614333,65944.0906749606,42715.6429575586,27513.2056218351,59441.5943059059,168166.197440002,113865.372973706,57916.14317716,37518.569271441,24246.0843755599,53162.3360556062,170227.536611296,117443.453325635,59461.8617212137,38647.8657874026,25053.8567194383,55001.6529298378,168884.71899375,117341.752796078,60177.1358761586,39003.6007274577,25360.6680637909,56456.5969784022,165499.426375517,115729.551845467,59661.6957421946,38849.3693881006,25282.399092828,56639.510023556,165730.737786912,117227.760726213,61009.5263959066,39821.6346347003,25993.9753913588,58637.7440175531,162750.258733364,115637.45458003,60808.1437965723,39910.0977470053,26145.2185104179,59327.6823145673,161774.759256468,115967.772581656,61415.3384680659,40508.2114513128,26671.9214271304,60973.8734951255,160220.965575012,115421.78953431,61670.0054455559,40862.5918740501,27027.3444021978,62340.7254586141,158832.913049581,115159.302897207,61916.7223791467,41214.2158428466,27385.9067408477,63768.6828310047,157350.395703296,114840.968012115,62192.0746542857,41554.0492147824,27724.2122228788,65191.7362733286,155626.240005918,114318.931334822,62370.1648503063,41843.1592753053,28026.0366183242,66525.634339912,153908.677384832,113799.003809813,62554.3411185401,42141.5215788436,28339.7841874289,67901.2787312222,152504.586468119,113333.51431158,62755.89131392,42458.8329450947,28671.1726146058,69350.8404643197,150995.429995228,112862.156720962,62880.1015768831,42715.6283719455,28963.9931030939,70753.4057343617,149192.933678241,112218.941307751,62939.1190573634,42910.6501587796,29205.7679762545,72046.9252643174,147338.868703882,111530.25525517,63005.4537057151,43120.9485152548,29456.9112481901,73358.7672647865,145366.790658288,110705.563342341,63003.4879218762,43296.4491843428,29691.5955077147,74644.3528573733,143785.437787257,110012.227554181,63046.0681524592,43508.9425152493,29958.624584194,76050.8057323339,142159.93655038,109346.313642063,63027.519952607,43666.9421516561,30188.9975706781,77420.9324485947,140285.204896914,108512.209368233,62933.4083026748,43752.4713591336,30358.0239274472,78651.2102684791,138324.476879452,107649.051444758,62846.4018440045,43848.7458753177,30530.9854305877,79881.7214307167,136201.788252454,106616.785605571,62688.1354592739,43905.8605530452,30681.3677613495,81055.1115064902,134383.223432135,105677.774268346,62561.0967949664,43996.1024354608,30863.1593841909,82340.8268515505,132624.146897997,104807.879556213,62403.1038465196,44055.7596608119,31026.7274582796,83635.503378839,130535.864071147,103740.901424773,62133.9364812533,44016.5088336367,31111.0939308267,84744.549787382,128379.6962498,102616.67100817,61868.9229812887,43983.0433009947,31194.1457216062,85841.1612412334,126354.559998961,101478.119862257,61602.797204157,43962.3129554567,31291.9117930429,86984.8039338809,125229.58895125,100724.727996229,61483.1465133423,44050.5416632454,31474.6316180962,88412.5755597957,124384.318550845,100297.413057656,61380.1639717407,44112.3919626461,31631.703002642,89839.7719859711,123221.135571359,99684.044045416,61185.5228106223,44052.1077401844,31667.3663492453,90896.7076770455,122043.019505391,99124.4284386268,61074.1487913535,44052.2788714894,31727.5880978045,91908.4087906988,120737.112465243,98457.155675478,60944.5122659773,44056.9481602338,31793.9496839646,92842.9038536367,119301.592115843,97659.5788676365,60742.2568717293,44027.1843171497,31846.8106888515,93697.8560968068,117873.71524675,96864.6315914114,60533.2436215271,43998.3503648595,31909.4009177771,94592.9808572436,116395.150087377,96013.2957272628,60285.6044375934,43941.4018733256,31954.9957078242,95471.0061721362
852,291855.622011719,73711.888253602,16399.6056688713,7120.62184810907,3269.04695782126,17306.4216178407,275220.582388128,67793.3384589026,15249.7346307617,6799.57396521406,3160.06804518676,16762.0627380524,277234.918960622,68978.6231276635,14050.9043469777,6178.41454812019,2951.31095814499,17032.9780254589,278619.976311893,70210.2340241035,14142.6910117504,5954.44369803945,2750.71231935174,17150.7199984837,279508.048514012,71104.1735460269,14403.2161567228,6016.42217953161,2722.68858314679,17305.8966744374,280046.920153961,71903.4527732552,14652.0326073135,6119.86687832247,2755.1087072854,17531.6734869506,280543.507478674,72668.8144215946,14896.5919513843,6228.55256517451,2799.96185726628,17796.1846735017,281057.439016319,73412.6064256587,15136.6793314914,6336.4393595323,2846.40367658615,18071.3842455368,281933.204847701,74185.0472541595,15374.7985596532,6443.94378094892,2893.14506019687,18359.1427049335,282500.200209269,74932.2553723843,15603.8379219124,6545.83300101522,2936.91419237819,18630.0529159492,282890.641042033,75653.1986654152,15841.3339370503,6652.20284301969,2982.33627763197,18895.7650580738,283047.376177676,76336.9982777875,16077.3622174423,6760.42493796181,3029.33755435311,19154.9718907362,283215.149438888,76998.6970629712,16316.0889866701,6871.29271631544,3078.15852932536,19414.5057820917,283798.877386331,77694.8574890598,16552.056466191,6982.21904550313,3127.7471723103,19686.0728969351,283887.58483066,78334.5295845319,16770.0579037109,7083.06121512801,3172.32916761831,19930.3190203859,283733.707773893,78942.415351057,17000.2322642098,7190.05878173336,3219.15221025081,20168.7223193212,283396.462260592,79510.6945447337,17229.745724626,7300.1570918949,3268.40690167381,20403.0359816901,283053.313995512,80051.1300613571,17458.3080113992,7411.34756999585,3318.96507657017,20635.932110084,283165.48245226,80634.6282952827,17685.2389539861,7522.80290767328,3370.28473491881,20882.8510830407,282785.235066753,81145.053811336,17887.9301385636,7621.14362066824,3415.1701862207,21098.7363344701,282263.709647687,81640.5122624279,18104.3385029604,7725.97894714294,3462.34031100478,21311.6924050748,281413.222616548,82074.0141224757,18314.9044388625,7831.37809971069,3510.72018242994,21512.1694387216,280493.726567776,82476.9014865846,18528.5144913549,7940.11545834451,3561.4625822938,21710.9784361472,279979.885423646,82912.975160361,18742.5637475523,8050.93170481284,3614.12415109668,21923.6551138138,279132.484010403,83285.0293556133,18929.1176328937,8147.77714806255,3660.38324945971,22111.249796627,277876.965538913,83601.8115917925,19118.0968794194,8244.84795874398,3705.87069145546,22281.0166050137,276491.543646499,83886.7862555556,19314.7962359931,8349.03805121266,3755.39605853441,22449.247652445,275525.307476418,84189.6922961667,19517.8152015046,8458.73650469082,3808.8262640978,22630.5595394058,275863.262096595,84647.9664907463,19720.3641200516,8568.03119782982,3862.97721745013,22853.3070182472,275640.870539002,84992.2610954575,19856.5162910547,8639.27516261543,3897.96092947041,23019.3743369879,275331.572922307,85371.4496884381,20023.3291284219,8719.99606026032,3934.22504241946,23181.0455595299,274746.225596626,85691.6838070374,20191.5772704864,8806.35249020932,3974.13632529246,23330.8355727176,273960.692266662,85972.6228152316,20359.4822782171,8895.82042539621,4017.22687575092,23475.2085741642,273071.823934098,86223.3585525622,20525.364888584,8986.63778929524,4062.20924281514,23616.7570622643,272068.141431675,86440.14952943,20684.1324545323,9075.42033583095,4107.06709588239,23752.1626337039,270950.852920074,86626.2728308152,20837.2088670842,9162.12797296575,4151.31368399842,23880.6684592787
853,186057.940905921,128917.748724465,69053.4771698186,45360.4125707597,29628.7470958244,58848.4204375431,168724.813374623,122821.712339677,64046.0236073823,42149.1245007523,27651.2176493242,55487.9105060892,162159.504090499,118197.070402984,62341.1895280075,41188.9985819768,27092.9386153329,54725.7906749167,167071.266261563,123905.965113693,65740.1413213643,43487.3773532085,28783.5595511666,59028.3270504864,160052.281106544,118380.358541514,63440.2749957769,42139.2233126463,27943.2187768715,58030.3053046442,161716.598717284,121491.706691284,65410.7782231061,43592.0783749998,29023.3784542087,60969.7173998231,158604.565716786,119430.921542229,65108.6948424305,43582.1601590751,29108.1254857082,61786.0857925108,157125.847447877,119318.118983349,65432.861461877,44038.5443256143,29563.1052533491,63434.0191769803,156057.263900666,119132.978585175,65910.7982857661,44547.9031584916,30039.7835771362,65235.4393317748,154352.170568989,118438.577629191,65949.2414201877,44783.2864439661,30335.8841985297,66689.7246762867,153012.821027454,118197.87333985,66248.0462080649,45155.755874548,30715.6977292217,68368.1690390935,151290.470637053,117554.575756998,66383.2094511445,45426.0606466127,31017.5809522736,69872.3979404532,149498.678208084,116891.174659486,66486.649978303,45687.2137660104,31321.2564100509,71390.349452607,148089.618083522,116335.019258457,66654.5096986798,45995.9450556734,31662.4371924117,73029.1545438208,146635.128344301,115805.01463,66748.1417897388,46249.6267511638,31969.055983849,74634.2049786339,144828.363477729,115047.658218308,66736.5397638347,46406.7049020234,32198.8837847994,76082.0921866983,143014.56463585,114285.702714443,66758.4391318543,46596.3833728811,32448.0641108139,77572.7285491161,141036.082415533,113361.900158151,66696.7982869978,46740.7954480267,32672.882469076,79019.8091539987,139400.136855508,112517.680282326,66660.0952185683,46910.0161773065,32922.6728146847,80568.1527335979,137866.217618039,111834.062733717,66622.8886536593,47068.9049981663,33167.6130690912,82161.4777392064,135986.917461813,110876.363985524,66447.9539596365,47104.2828533303,33312.7229615288,83530.9322075326,134081.060284904,109944.686794826,66306.5435924013,47169.3600762609,33473.6674578036,84930.1007486508,131989.105134687,108836.932519433,66091.0595998882,47190.9761426919,33607.6275102688,86262.9152387588,130119.956960732,107747.206319399,65872.6479658235,47223.4286891333,33757.6602077746,87665.366898457,128445.523534012,106840.827259818,65681.4608172948,47269.3635283081,33922.3587707875,89162.5200951906,126422.816582136,105707.2624572,65351.3977808209,47190.7414121588,33987.5886644437,90432.3716233845,124269.275798455,104467.306346742,64996.1060608808,47093.8886610435,34032.015142985,91640.1233454665,122216.303299135,103237.321401447,64658.9667013884,47024.7056632726,34101.2304925853,92917.4328034756,120997.525661579,102314.128493769,64446.855936354,47053.403420973,34249.6774022041,94453.7637975791,120245.970060774,101906.156230517,64337.6975264987,47123.5916430083,34424.7778445687,96129.1119554281,119107.536550799,101232.874333643,64085.6307026727,47019.7119684397,34435.3654047988,97321.2105088563,117920.006354252,100595.882003525,63906.4104103042,46968.2925294476,34460.6641506087,98424.9105430087,116684.149522186,99921.0753509874,63760.1734483864,46959.0740736976,34518.3898580389,99507.5254274934,115276.62817146,99063.5245002414,63509.4788394843,46894.3486134247,34547.7873809449,100457.421340453,113859.422607086,98199.8610213023,63242.083483919,46824.4517017605,34584.1311142456,101436.104261616,112425.988779546,97309.1359164525,62956.1148877643,46740.1545089925,34613.624943567,102429.641608686
854,349679.300272405,101617.37686342,24459.0963671197,10965.040178894,5189.7228235246,31316.4240316751,334793.828590493,95695.930188576,23231.2252994684,10523.7139831235,5007.63028396432,30987.6320574145,334886.321969373,94476.2554693466,20749.5802280621,9681.8449829278,4799.83541119065,31184.685919882,334541.15828736,95906.1565116263,20325.0994592143,8963.81379035048,4354.76674827099,31217.7909477065,334173.268135469,96845.9296884794,20627.962790421,8954.08582887853,4222.97047555604,31312.0988774555,333552.00191697,97660.4033615324,20938.8805515501,9079.41358584924,4245.4321101273,31561.0496027908,332842.96874882,98392.2362248553,21236.8104924953,9219.24736017453,4301.68617013972,31892.0587454233,332027.668518187,99084.7010020241,21521.4078851636,9356.64070910276,4362.56669122779,32246.2634147765,331665.313554761,99759.1452820732,21801.1428963496,9492.74709827246,4424.04488653857,32619.0039220437,331156.352129915,100459.892552043,22064.9052864868,9620.33137143387,4481.77691530696,32982.782064603,330404.440758648,101122.988475388,22341.2908350678,9752.03395509793,4540.11643462325,33331.9023648106,329401.727189623,101722.749261694,22614.0798841387,9886.3298878777,4600.68229035064,33666.1578487195,328173.261343952,102268.281825409,22881.8854744541,10020.670530124,4662.42870738706,33985.7868860508,327408.299357744,102783.805525259,23144.089024068,10154.9316524663,4725.33750497128,34315.5387927727,326408.177854342,103325.150361469,23384.9961344712,10277.8779434978,4783.37998857283,34629.857983568,325044.287086186,103809.797710895,23640.1674905719,10405.1574062791,4841.75964481319,34922.3251005278,323416.368368695,104210.07111353,23890.0467442628,10535.5817729402,4902.95556603041,35198.1100243001,321554.453852034,104549.987881389,24130.6041084469,10664.3805387327,4964.90968508243,35457.6634810073,320211.477056803,104863.490508426,24365.3177992302,10792.7322740198,5027.80448714211,35730.5998506958,318692.855738793,105214.025977809,24576.0032563153,10907.8480670505,5084.80090059317,35989.1794250761,316928.927663682,105514.257471914,24800.7431045091,11026.5005969385,5141.45826075121,36228.2787422227,314798.775890476,105736.595803318,25018.061518995,11146.8069362531,5200.09218917285,36444.9625682617,312405.600435937,105878.938627071,25230.0367257466,11267.725231009,5260.43821506973,36642.9223466617,310378.96583767,105985.102128159,25433.3468531242,11388.1390301054,5322.27695993549,36849.6167455558,308323.203316981,106116.603854086,25613.6773973883,11496.259058986,5378.93249214787,37047.7293027972,305862.19149201,106201.450236551,25797.7558983132,11602.6982750902,5432.99350527688,37217.4130577558,303131.494260267,106189.576226893,25982.5729015081,11714.049870551,5490.05157295148,37366.2350360739,300439.997644849,106126.926098345,26157.6068503628,11825.5481794055,5549.45514411204,37508.143834861,299247.905879546,106148.173378171,26328.9806114354,11937.0213131977,5610.69897654296,37714.0621542609,298302.479970307,106371.725865958,26461.1612859675,12019.7873848378,5657.07622113569,37922.9662423406,297218.170166699,106602.628401696,26629.4535250387,12107.7845058853,5699.60087666972,38108.8710422653,295878.438214059,106772.164242335,26800.5655104878,12204.5485798243,5747.23995960069,38275.9933650997,294241.492841927,106871.725139729,26966.0635762198,12302.9622183978,5798.13892273111,38424.3022297448,292441.796064099,106904.503772672,27124.1362881077,12401.4337652599,5851.03080562581,38560.4948276962,290518.412023653,106891.51881823,27270.3119184549,12496.2862238917,5903.66118305225,38685.7637120396,288466.173710169,106836.780229507,27407.7603023345,12587.4434074849,5955.04431668156,38798.1631725811
855,320610.468645601,90112.6263344501,22707.8638023856,10615.8536643862,5313.07022031309,42604.3079668491,301693.306367374,86351.8297706915,21921.006918996,10391.1314409064,5218.27157685089,41573.3342787422,300290.031465683,87299.5401109049,20799.9891918789,9863.35010270377,5072.24526685867,41926.0394244973,299833.311589506,88343.424700378,21135.4484141275,9764.2842879619,4912.1218225473,42245.3862394531,299140.833554943,89111.2680838256,21501.9917241399,9916.14819594577,4932.3636224175,42598.7421005867,298149.002629803,89794.2131418298,21829.8360660283,10083.7237679778,5004.02715261307,43019.0326808645,297084.631775279,90421.2250111501,22147.6003363668,10250.1303617912,5083.39094913405,43470.5179738158,296004.236265996,91021.1875041307,22456.4602607155,10413.615114211,5163.14191325194,43925.7178582551,295372.129916206,91633.627128439,22762.1810013167,10576.6751785701,5243.59266973636,44407.7484911092,294553.740434591,92262.2671835873,23054.7509064713,10730.8367920743,5319.46026502739,44868.1069442442,293514.061884668,92843.961906344,23356.5396003345,10888.9421264224,5396.06153169028,45306.2313141469,292239.196712481,93370.5663805929,23653.7842426739,11049.2143280779,5475.02994169479,45723.1941264106,290837.885113076,93847.7200301025,23947.5893489201,11210.3946287035,5555.84574540188,46123.4116777032,289912.216068378,94332.5130690367,24237.5513609615,11372.8605056856,5639.09749559974,46553.0586323845,288679.518865814,94822.5153991048,24506.5233902415,11521.9656250402,5715.80915035653,46949.1886091393,287120.827465183,95243.7082573581,24786.3055666788,11675.3968976775,5793.02620439444,47314.0310065235,285328.222640698,95595.1966408382,25060.1586309703,11831.8683193396,5873.49561225109,47657.5915948313,283417.111909556,95892.7539764752,25326.3587192259,11987.5075669114,5955.37108913949,47983.5051768014,282049.403496639,96209.3636141287,25589.2626963861,12144.3610300561,6039.61349185937,48347.1906447893,280400.869141286,96530.6202186428,25826.4638048833,12284.4424723823,6115.31822321398,48673.5721551313,278524.235080113,96791.866242888,26075.2942660948,12428.7689761793,6191.1464233169,48974.0989244472,276331.30962944,96980.2188568151,26314.6623754299,12573.878302355,6268.95088521066,49243.485345859,273965.228186649,97099.1065460898,26548.4870002884,12719.6310379567,6348.82957159764,49491.1020376181,272013.974366929,97221.8316357982,26778.0031586168,12867.1538343834,6431.81144331318,49768.3121858718,269946.976173936,97348.5330958927,26981.5344696145,12998.9166336037,6507.32701571217,50021.838277404,267464.617178574,97405.5232206685,27185.0156126029,13127.6766305097,6579.3139331775,50228.4745759158,264796.020653754,97382.054099536,27389.2471266613,13262.5402956891,6655.469348682,50414.147399675,262365.222644587,97330.6666751972,27586.6745495244,13398.8881441245,6735.19744651628,50605.7287378964,261400.820550307,97447.1700990729,27789.3321435105,13539.3662848656,6819.44462717928,50922.1679296459,260416.892118913,97665.6116762493,27943.4658793637,13640.8013805061,6881.20740818465,51198.9577437651,259291.251172559,97870.1189927741,28129.0507010945,13748.2324333018,6939.05144564518,51446.4105818394,257906.174564477,98011.6928890243,28313.5758142058,13862.5028467896,7001.30145637287,51661.716469183,256274.097417626,98085.7786610576,28492.1137129171,13978.5805821103,7067.22461523344,51851.2969210244,254519.22611482,98106.5784369461,28663.0258815749,14094.8544388202,7135.70282769351,52027.5491261231,252659.81516553,98086.5041584981,28821.9147553153,14207.0674427792,7203.8373254066,52189.4843388058,250698.057702194,98028.0641063492,28971.4588932167,14315.1641324401,7270.57496455696,52335.6795007855
856,248836.1062365,130573.447006629,51813.162520889,28999.1478352275,16140.8468080511,22626.0512670002,220948.971290947,121354.771645754,48621.7132768696,27341.9361329381,15281.981754367,21517.0098334202,223817.784882454,124136.626214351,50040.0403981364,28603.9708638923,16223.7361238866,23137.0356336027,220610.070752418,123337.950217188,49909.3731580866,28503.4113878808,16286.6746987128,23789.3861882362,219654.754943353,124247.068418298,50689.4398894822,28996.3953129923,16583.4178721058,24553.5105561005,217720.061531196,124313.679391836,51255.6134216065,29444.324972509,16885.9800381724,25186.611546159,216015.108206326,124531.786698387,51851.0481752929,29941.7092416658,17251.1492040726,25916.7375190515,214164.234071974,124583.260336009,52374.0347312664,30401.4411678013,17605.3961765645,26671.288370266,212810.542055009,124758.577426173,52925.4679848982,30878.4125074662,17973.8424990574,27484.7871701379,211281.666833948,124866.749395311,53394.5044044067,31299.8421631162,18309.4513755475,28274.5664065812,209604.858746348,124922.978197264,53861.2700743918,31709.6328493037,18632.7494299269,29053.2819308997,207738.784239212,124866.979506446,54303.1625108009,32112.2872175565,18952.4611555263,29827.6852084122,205741.081503287,124709.600432466,54713.687891536,32504.4821526134,19270.8713532521,30609.203265526,204202.968154768,124641.426768365,55153.3575990707,32921.2369643806,19609.2127724303,31441.9206025112,202441.592822181,124504.023406804,55500.4036323007,33277.1606305283,19913.3094290847,32243.0422512644,200404.363319267,124259.281118143,55830.5116946057,33611.1149465284,20198.3414099365,33020.2556853577,198227.046807985,123910.751352695,56148.4952003901,33948.8795164782,20487.0930991272,33804.3074424554,195889.694140309,123436.457907296,56415.6924010555,34266.4679671051,20770.4983323439,34592.5307971638,194068.440610812,123082.215525413,56723.6616959449,34614.9305466116,21078.3092211956,35446.4081814072,192075.383619159,122678.554867584,56936.7902420214,34898.1782600788,21347.9528717606,36263.8237382589,189897.607203746,122193.452032789,57136.0050369731,35157.8398064711,21595.52732322,37051.3979287847,187515.303856779,121599.26690376,57311.3650217139,35410.7486298811,21838.5148130217,37828.7912436365,184930.810772986,120855.655488793,57436.5847726046,35642.5299721755,22073.7276515481,38600.0635882714,182752.636653425,120198.90972776,57595.2068899901,35904.4577376146,22334.4181236263,39438.4280375824,180547.481923577,119532.809108246,57680.9790782184,36116.6427220591,22567.4928070686,40259.0909620348,178005.485654773,118733.438028186,57709.5422764729,36276.6740097177,22761.2507853947,41023.2477502561,175347.522004077,117840.751663033,57737.9144224138,36442.0306774116,22955.9991145419,41787.1779717167,172792.06041381,116893.499545943,57743.515268217,36606.8243392478,23157.1338913649,42572.616978716,171483.039702257,116364.941916949,57881.4624571903,36859.6117063386,23420.5901275701,43504.9637754573,170339.142388032,116027.939210409,57933.6896023827,37026.1949871564,23623.8696452021,44359.568824872,168984.71642201,115634.95210381,57974.4008370978,37137.4848167099,23764.7004104694,45073.8684903426,167555.747950632,115242.567027113,58065.9641996445,37284.2479896169,23915.805205729,45747.8635384321,165867.586743934,114675.307529123,58101.3155506564,37410.1183496897,24057.5620838631,46364.3662892688,164116.517361064,114058.397122682,58123.7857707704,37539.2054470516,24209.5680541165,46994.89869397,162300.231226261,113373.689446406,58111.6088714934,37652.3661702842,24357.5881727878,47633.6101944223,160417.095227731,112634.250962965,58064.5927050423,37744.0867105512,24494.9678725951,48273.9835000824
857,336135.640275919,94829.2912436737,24761.49736753,11804.5023710023,6026.47239409378,51113.4830412252,317545.454188115,87030.2487537715,22676.9268014602,11022.0151344084,5680.10895054844,49433.7671291264,316653.307263664,87781.3070629755,20526.4210258984,9998.19660968056,5335.50105565784,49725.2301602041,316716.306831121,89248.9069944728,20589.1470400846,9602.3298706467,4991.45010489087,50043.4322169364,316489.483577173,90270.217759922,20970.5696698249,9689.08802912669,4933.03115358799,50428.7243619093,315884.360091376,91138.6462403186,21326.064983594,9851.51607536615,4984.5732824051,50929.9162053245,315201.389240622,91935.1295139097,21666.0128351879,10020.2292566285,5059.01867016189,51497.3208232523,314515.427094663,92698.467772379,21994.9072154605,10186.0014707674,5136.27701988062,52081.2065848099,314255.470140185,93472.1164811996,22317.3619319277,10349.8855132918,5213.93936835346,52697.5815076842,313743.671203207,94242.214039461,22627.2964115977,10505.0148322801,5286.87584770593,53282.4688436106,312988.096030264,94964.532255768,22945.307233986,10664.2477734502,5360.80135636542,53841.5164490749,311996.85929013,95632.9006636724,23259.8215952493,10825.7731517523,5437.02838630763,54376.6774405226,310901.231725301,96253.4180872907,23571.4255401207,10988.2716968484,5514.98837899937,54892.6858036872,310266.331211073,96885.7455533652,23876.993971494,11150.8643359904,5594.75789810232,55440.6707555722,309257.167257803,97500.8201188408,24163.0557259068,11300.6393653751,5667.94284214579,55941.5425732201,307906.140806326,98048.8872227483,24459.1116197706,11455.2045940098,5742.10392304481,56406.9568611192,306296.277477154,98528.5699531933,24749.5989020746,11612.4487923605,5819.15700257331,56845.802428267,304611.570269467,98956.5260689055,25034.9264441164,11769.8434334994,5897.87827592725,57266.9822149355,303459.595858704,99408.8130164392,25313.601310569,11926.8198448462,5978.19995130486,57729.2376364529,301940.000450914,99837.5218020635,25567.3187037259,12067.1674538886,6049.71329213232,58137.1702939277,300208.152848272,100211.40468676,25832.5361762982,12212.8081183332,6122.20694874548,58519.1662919153,298113.780612941,100509.590654413,26087.3355801334,12358.1923573542,6196.00461172777,58860.6220508393,295870.195003801,100741.277134004,26339.8559622836,12505.4922665735,6272.21316750457,59178.4019723083,294055.908203001,100983.176676684,26586.2960399978,12653.8246777933,6351.18194067689,59530.228795669,292053.684520482,101206.847279651,26805.8098223175,12785.7378963308,6422.1499273171,59844.4910948558,289616.91959854,101356.141432649,27025.4756148426,12915.5975407524,6490.23621892506,60104.125821486,286980.347831426,101431.302646372,27246.0011099054,13051.3600064143,6562.35493695939,60339.4563007718,284663.989768378,101483.682811314,27463.6859523347,13190.0650334345,6638.49227634179,60586.5477219787,283878.640086867,101718.178920312,27681.846039603,13330.8191568939,6718.34004329039,60979.0802314672,282952.58436204,102000.181313585,27847.1733226794,13430.8075507842,6774.84844424135,61307.3833710273,281869.361792894,102271.872529954,28043.0031785474,13538.2815335382,6829.03814724027,61606.3025144014,280507.529172796,102476.725157065,28238.5395154007,13652.6499520821,6887.77578033153,61866.8766214322,278896.388331943,102616.155814537,28428.6097195645,13769.1741760044,6950.35080366374,62097.5139431445,277148.295397067,102703.943561967,28611.4437706479,13885.7849287775,7015.31996981638,62310.1462823418,275291.033558146,102749.489010189,28783.3844529812,13998.8596421335,7080.10285667856,62505.0894206716,273317.650145655,102753.930168846,28945.7354835132,14107.7867355129,7143.47603355417,62679.3123717318
858,269136.399019894,97497.9894418129,28965.3594466107,13687.8577331862,6397.46077480165,7480.4024428116,252520.050039294,88863.5562690332,26162.0984078322,12471.9006964766,5839.50491547857,6901.87039015684,250841.694633742,88841.5951838203,23735.3928711596,11499.4706565089,5588.29171854181,6911.50186603108,249705.835922628,90127.0977329125,23606.2139111166,10900.4185953513,5149.60794216477,6653.95677592536,248723.308894637,90978.3046032638,24104.7464574007,11008.7043817176,5061.36994703945,6422.74928696801,247501.145061378,91588.3249987318,24551.8062961065,11251.8290232876,5152.9822947314,6381.19420610998,246247.111451659,92118.8314190709,24964.5760567354,11501.0079351807,5285.84186567668,6468.83273626448,244930.534648704,92599.1644879194,25352.3540597515,11741.1780588985,5422.5132153234,6610.18090951147,244063.273492207,93112.0847384594,25742.8576261219,11982.8856296094,5561.46800789325,6776.40131045552,243047.469894992,93622.9156924445,26103.6873138219,12207.3985050659,5692.25604522917,6942.30601158752,241822.974396847,94082.3275889307,26471.5702790694,12433.0619982346,5822.19939926914,7107.8724687601,240400.375317868,94479.3407245014,26834.5259492211,12661.9864627951,5955.52675451787,7276.92428551359,238829.064193746,94813.1071672028,27189.5588298583,12890.8443856788,6091.16347035171,7450.64209010393,237721.837944616,95181.7359551948,27552.5163326424,13127.3031656149,6232.59547440474,7636.09783559037,236363.342208015,95527.9127953652,27875.3868833024,13341.1513773783,6363.55026212568,7813.78873786882,234723.338609566,95807.0848634167,28207.8010318812,13557.1186313046,6493.83116117551,7989.42278405888,232882.564378632,96007.5366718101,28534.2847300933,13777.5908625662,6628.67170191149,8169.4422533732,230881.523321377,96138.7035192212,28847.7977414292,13996.2155613243,6765.61401692443,8354.95505237762,229405.941481056,96317.0937136761,29172.8092044163,14224.2021771955,6909.42265740353,8554.95733862843,227709.423784629,96472.544357436,29449.1896627685,14424.1409021988,7039.74855657136,8744.52823009187,225842.365847992,96582.3980385365,29738.9053594457,14626.4686087715,7168.76840258444,8931.65799939648,223687.249367991,96599.5953417858,30013.0091206656,14827.5382086985,7299.03461342522,9118.69402779589,221338.294252165,96535.9513442637,30278.8589174513,15029.0889981883,7432.3187239847,9311.58048611372,219397.048144018,96499.2216988946,30552.5463708704,15240.2701635949,7573.49400891568,9520.40574523772,217380.789783453,96450.1991128745,30782.9927514568,15426.7011517296,7703.24895222508,9722.71384259518,215020.85483503,96329.3192898262,31006.3288350704,15603.9100112222,7825.84563689719,9916.59868360324,212483.710896662,96120.7669094781,31230.4046405019,15787.8564246472,7953.04275178324,10114.1246215899,210055.903396482,95870.6907693107,31444.4209982441,15973.6066527877,8085.06690568151,10321.6135160772,209017.068028002,95865.0206651353,31699.8053479744,16182.7855139164,8231.65902839586,10559.6536679803,207956.250132697,95919.8520113547,31861.870766296,16325.9413601908,8340.64136078594,10759.9299027246,206831.445807549,96006.9764963313,32066.0787863525,16471.8953552737,8440.21621149216,10939.4953541273,205466.286988336,96002.5988644376,32260.1542143524,16619.9849527139,8539.94466611621,11106.1522457123,203909.026070642,95939.7063645249,32450.0286497797,16771.2065291374,8644.3469092262,11275.9753723832,202232.274289227,95810.2220380458,32628.0313685019,16921.4646576526,8751.16584473982,11451.7142454074,200476.102362827,95641.164929431,32793.2151091869,17067.876946837,8858.33664256831,11633.1954671101,198639.319647159,95428.1229198417,32944.8201740795,17208.2649919399,8963.52117801721,11816.90895805
859,339070.030701219,112503.611198955,31713.2028546025,15049.4328595585,7286.68765282901,29783.7275605539,324155.70065502,104601.705358399,29069.8465984687,13922.32705485,6773.30401803025,28774.9383553084,322915.504251397,104502.675040776,26483.5711059616,12891.0465012409,6469.59451073667,28790.8888595968,322102.645535507,106264.693364388,26289.0447989845,12217.4928165082,5997.44208992911,28688.4074942798,321202.253954192,107395.542099587,26807.7737697996,12305.5204481452,5885.69400007825,28646.779548816,320055.354885832,108310.074027216,27301.5596188949,12549.4252740064,5966.30440858511,28802.945637878,318849.887885449,109119.832293611,27760.8234275465,12803.4772443181,6090.95501881218,29083.469267607,317534.65337361,109874.081950966,28195.5511626126,13049.3229388999,6220.1918421911,29407.5963442447,316713.327767303,110629.522201319,28627.3103326993,13294.5599170054,6350.90723716233,29766.0215817821,315696.807345227,111383.714533564,29030.3942055744,13523.9389986938,6474.31934061172,30113.3938455526,314450.877646046,112084.867226042,29442.969725497,13755.7125556075,6597.33462691743,30447.936334025,312927.826930676,112709.181971414,29848.2289786442,13989.4113677004,6722.8829175595,30769.4009278919,311227.269463298,113267.297475453,30247.7915168025,14224.1072276534,6850.98522564433,31082.0667893122,310008.655366022,113824.891385109,30645.0414734464,14461.667778121,6982.72231371433,31415.4743222067,308518.692005369,114372.135796223,31007.8435122478,14680.0218741705,7105.75227070802,31728.8102566555,306651.590642497,114841.481064449,31379.8846507918,14900.1777350006,7227.731499554,32019.9069356865,304525.336884016,115215.153022095,31745.1333888013,15124.5782384767,7353.90557485793,32299.4268408005,302219.864635932,115517.516770379,32098.4148670019,15347.5246195688,7482.17121732751,32569.7291882927,300469.566484471,115832.453956786,32451.4053061604,15573.9213590583,7614.35204105567,32866.4964455432,298516.830423399,116145.486356625,32765.1356704618,15777.590795238,7735.78047403847,33142.7313921597,296276.299214946,116390.490630522,33086.576834916,15981.109241248,7854.59924431804,33397.9418605128,293683.566493113,116533.626808808,33396.7722830904,16185.6575281567,7975.58537198785,33634.2034099723,290873.16027561,116587.227280826,33698.6168087528,16391.0272428098,8099.68737195138,33858.8841682045,288503.717100943,116640.453795735,33996.9384157595,16600.1640724421,8228.71602429707,34107.8389694404,286048.26734056,116692.662054148,34257.9866316689,16787.7751388179,8347.94038750925,34342.7357888073,283165.162582665,116660.624280298,34513.1888937357,16967.712538309,8460.83000131375,34545.6016658306,280056.037118948,116526.232314574,34767.4620591337,17153.6458353144,8577.92387384481,34735.4410087047,277079.046573863,116347.193287804,35012.5671748852,17341.5674013918,8699.68362485249,34929.2624754777,275734.841516513,116374.530291343,35278.8099752636,17542.7526338685,8831.05505751002,35213.14206503,274500.967351307,116541.077326637,35472.9758812309,17690.7985629917,8932.68008062186,35469.4700111724,273123.883936958,116703.219092933,35699.4234654056,17837.2965384629,9023.18221770109,35692.6949073776,271475.612587425,116786.313386209,35924.8600176061,17991.0098832382,9116.9437964939,35891.0696430769,269561.730069509,116785.430087556,36141.1821642725,18146.176729157,9214.69117578983,36074.2458829,267485.880202458,116713.151005153,36346.3145909173,18300.7754726277,9315.22271566584,36250.9456839925,265304.732745309,116587.33523807,36537.0510319003,18451.0466299528,9415.86541798205,36422.5833054079,263012.317070829,116412.216719824,36713.5131519393,18595.2040064148,9514.59010158168,36585.9762052464
860,372153.306104369,92328.1119891167,19361.8287606262,8378.31177744192,3866.40824612534,22163.0771769755,357716.640798253,84059.5281750227,18065.6602213305,8001.81532457494,3736.66899938479,22083.6565909884,355799.014577308,82069.0190590831,14694.8931512522,6735.93130727073,3367.1560976568,22074.6045776352,354793.388352673,82920.1368288746,14142.0186095488,5974.85416952785,2882.9227956849,21952.5237204086,354019.255529648,83501.072332792,14240.9227759798,5884.99287847024,2733.36479408975,21944.4667660904,353019.952668107,83991.8527025563,14372.2052857566,5917.37009699293,2717.42271124381,22085.4604578432,351907.665082281,84408.8929915537,14498.0643319306,5964.63355807117,2729.58213673336,22295.4529581069,350696.779114425,84786.5810528384,14614.3567342945,6010.52826529317,2745.44108289864,22524.7807648686,349998.863757905,85157.0828041777,14724.4312019162,6054.30361217051,2761.15832701784,22766.9917328853,349151.85157416,85567.0482566202,14830.5322992872,6094.64795655054,2775.12262056305,23004.7339093476,348041.820557172,85927.7751616204,14943.8852548191,6137.99440959199,2789.67248155803,23232.6299845863,346677.410937678,86231.0297070926,15051.1711003651,6181.17508053659,2804.81507118719,23450.4976466659,345086.840691164,86477.9707163697,15151.9687672855,6222.37651199463,2819.53652097033,23657.7805764751,344011.722792713,86706.7855368904,15244.5813615189,6261.18952209328,2833.73192773616,23870.1988972729,342668.803022319,86975.3383126598,15330.5924584606,6295.06139179663,2845.49681208211,24073.0469609519,340956.004298642,87172.9122925983,15424.3344059309,6332.06491245898,2857.72400207938,24261.9990203547,338968.457227087,87296.2461497505,15509.2908990561,6368.26566517137,2870.4285117127,24439.0686462835,336771.938467938,87359.9996994207,15584.9368030652,6401.2310857562,2882.21172998166,24604.6802629724,335151.485277079,87412.9085204787,15651.5694190817,6431.16511458906,2893.06992299534,24777.0360762705,333320.929184444,87516.9351360718,15712.3734631634,6455.9384905813,2901.21922804368,24940.4405767757,331240.651272296,87560.3642147818,15781.6573508091,6484.18990301186,2909.91312933676,25091.7309557462,328786.689941433,87539.2582003607,15842.6730134825,6511.57555608172,2918.99573015434,25228.5625622957,326092.025861289,87440.3327137308,15896.7461070852,6537.10542434805,2927.72969844583,25352.3956403693,323812.062803435,87317.7441253981,15939.8974559717,6559.27905843431,2935.65096404474,25479.1310097141,321499.283005023,87238.4242629938,15974.9321569166,6575.86110919677,2940.88503752865,25600.3472090478,318738.081198566,87110.3589789723,16016.150782095,6593.94467433329,2945.69876184566,25703.9211541827,315737.961843049,86893.1833565603,16052.2041497898,6612.97773721861,2951.51145978201,25794.3267825785,312858.749711726,86632.7549617453,16078.1574028824,6629.08858877685,2956.93715456762,25879.3124536487,311576.099248181,86469.3810834485,16095.9963734116,6641.9477708837,2961.60240514351,25999.5251349895,310502.393074971,86528.428849886,16115.7288031203,6648.26886998003,2962.0280742491,26124.6203320774,309302.347740854,86581.8174419271,16167.4088227675,6666.28805389927,2965.22929001637,26241.6766120818,307837.131935508,86591.1438897701,16219.535552656,6689.48357827034,2972.19390049437,26348.4313561825,306080.158775908,86537.2090991738,16266.7033452471,6712.69787343924,2980.47068636994,26442.96590591,304157.589014164,86426.1587837144,16305.4581017616,6733.83467036115,2988.72186029495,26527.8464121633,302131.85594771,86277.9912013307,16335.7436508191,6751.68421103857,2995.95564586935,26604.493453633,299967.89015354,86098.339533842,16359.97604374,6766.77630641233,3001.9708265285,26671.836485307
861,282352.1569417,106548.475053814,32410.4395867982,15891.3938012456,7838.41717969351,22053.1889393537,258309.941875113,101132.892797011,30786.0387976587,15201.5670403241,7520.32094614927,20970.7300029015,258682.480896593,102957.650559994,30554.6744870599,15231.8619745945,7685.16865924713,21599.2339618863,257924.239259293,103969.632111959,30951.218029983,15216.9418572618,7611.48065241589,21769.189240811,256809.898073178,104764.244797676,31504.4626449226,15479.5472068565,7694.57808199486,21933.9528917243,255621.249351536,105479.343822321,32041.1108437357,15809.5822044741,7868.19380713529,22197.9291757095,254320.015886993,106085.093453128,32540.5178211805,16129.5736578917,8056.5791332724,22521.7791187892,252969.404043647,106646.685681083,33019.3821517179,16441.0699315909,8245.16154195334,22872.6543750991,252069.024349449,107240.66180462,33500.5605057373,16754.9396334891,8436.35357572313,23253.1188323985,250976.611466943,107813.634449165,33942.6869792659,17044.9463184813,8615.36870163915,23617.9595625182,249682.923716044,108327.870938385,34392.0408181636,17335.7593174304,8792.67421018096,23973.1666639302,248184.871939645,108762.443810632,34831.0225190341,17628.1075623294,8972.84371875207,24323.1083674337,246530.72444319,109121.003643683,35257.2758969262,17918.5619739608,9155.03864000623,24670.4657536815,245358.597154176,109518.721575998,35691.8566637365,18218.2768944041,9344.96828015604,25046.8481653213,243884.775012535,109873.976746824,36073.2054490046,18486.388746071,9519.29341177317,25397.8693609692,242119.331801256,110146.721567797,36463.7053363267,18755.4640407934,9691.45455099952,25734.8185649174,240156.374674259,110325.616385349,36843.2886389878,19028.4561400092,9868.48323062685,26068.8591193851,238044.015570656,110421.552248617,37203.3779392952,19296.6898777281,10046.9610217789,26400.9579760165,236479.262753495,110577.831263853,37575.9570969249,19576.0879796932,10234.3675708877,26769.1331002013,234643.823557979,110690.984750569,37886.7232698039,19817.3709703735,10402.089283395,27107.0569871523,232630.036645798,110747.533878192,38211.1311157867,20060.4060239183,10567.1289303142,27433.8750154143,230315.503177037,110691.351081793,38512.9103656213,20299.6742748454,10732.2946130588,27746.2364861763,227833.757355698,110542.362809491,38801.3580384316,20537.6803115156,10900.3925721069,28057.0232825479,225770.580023135,110428.327676605,39096.0261167282,20785.7427146056,11077.8867299854,28400.8737608671,223598.771899772,110291.2102804,39337.960492105,21001.3462789295,11239.2217044622,28726.2213674592,221065.322502346,110061.540793902,39567.0777046376,21203.0492636108,11389.5827930682,29023.3943819832,218376.618748441,109735.878420179,39794.7485252604,21411.825398857,11544.9517747467,29317.1899194503,215826.849627869,109364.525825438,40008.2067473787,21621.1588536811,11705.5584246472,29621.7694956681,214708.23704238,109292.389094603,40277.106303482,21863.3889854614,11887.6974654209,30019.8725472539,213556.642141784,109291.920994985,40444.1114762121,22027.1054805953,12022.4126856079,30356.4883994147,212325.97235508,109318.416733184,40656.1085506724,22191.7369045267,12143.1786505315,30657.6026756125,210856.320328016,109248.098162023,40860.1881825532,22360.455891414,12264.0679050976,30926.7026220801,209179.575099923,109097.009599554,41052.3589038471,22530.2606716453,12389.55589303,31186.4911781043,207382.309877808,108874.007008801,41229.3441434218,22698.1789553051,12518.0744783329,31447.13687546,205498.225818241,108597.843320229,41386.9108503512,22859.0328765555,12645.8674086722,31709.0593599228,203535.016293121,108274.093040656,41526.8464848358,23011.3425555337,12770.5222878876,31969.020561936
862,292315.640113428,126806.353719341,42132.7416765059,21413.3460731412,10854.9397877509,22265.5632269565,263308.440968166,114388.246766532,38537.0943209012,19804.2587874225,10087.2776704422,20710.6143471212,263154.244903214,115711.076470917,37092.9178935298,19430.6139402958,10177.8813831895,21286.1236115354,262223.93896389,117331.861035159,37254.5088373643,19035.6124452773,9886.89319408822,21370.8577073867,260631.85482429,118116.442929631,37927.7503835656,19268.7231784613,9874.66071466385,21363.5289720591,259214.052891984,118858.766318512,38588.5100663339,19679.7272322741,10074.4183175627,21553.048759673,257635.365322006,119408.906375882,39169.8249256665,20075.3395224964,10314.7744401021,21875.8138837178,256025.445929733,119904.447975154,39712.6248010318,20453.5418447176,10557.2974152563,22269.7290839153,254889.100711523,120450.081660684,40258.4433288406,20832.372575117,10801.9524832341,22710.4457543365,253538.89038752,120947.929851448,40750.1644366304,21177.8438261205,11028.7631057437,23139.5375482353,252001.294036928,121387.386433595,41248.4501755138,21522.3374751604,11252.16992763,23562.5033186918,250247.243075604,121727.397666745,41730.2829036343,21865.783089796,11477.1048784521,23981.8839479485,248354.322358813,121983.919514357,42196.5826738776,22206.5414269456,11704.2409386278,24403.6829863217,246960.207116333,122298.506972095,42674.878390507,22559.4627050403,11941.4287920023,24856.85958656,245260.811264261,122546.74063494,43086.1671355774,22871.7577576637,12157.9013648456,25284.2559830006,243256.979929525,122704.779791577,43502.280605887,23181.624736059,12369.7622032931,25698.1093826941,241065.310551092,122752.805292862,43905.897658207,23495.3512634148,12586.5916893175,26112.2202046552,238726.576161301,122706.506009618,44282.6122005768,23801.7721020323,12804.5086589055,26529.0512539996,236947.170817326,122743.015322284,44678.0611472654,24123.1332700929,13034.1726405481,26984.656977926,234901.355216858,122716.673619267,44998.8511316884,24397.6704920067,13238.9555317723,27409.9560811174,232675.415495405,122631.525792652,45329.3947046793,24670.539953282,13438.4560443063,27823.2595134601,230142.116332607,122411.356818347,45631.6694913822,24936.5135944484,13636.0893241125,28223.1826754139,227452.118315799,122089.27488081,45915.7113012481,25199.9689990565,13836.753389582,28626.2662936865,225193.60964403,121817.804570396,46209.63373837,25476.3389088812,14049.3926307582,29066.3587307161,222847.164424147,121519.451549012,46442.7145550083,25714.1658914038,14242.2524560075,29489.109270481,220117.853115567,121110.251641692,46651.5971020309,25929.6319123462,14418.3775004066,29880.4010799311,217221.32882546,120590.229056688,46857.5897002417,26151.5459454732,14598.812642301,30269.3348318631,214505.181375565,120031.804458338,47051.7425343583,26377.3622380767,14787.4192005347,30677.0346625205,213225.052063387,119834.893685435,47318.6653125604,26646.9544395746,15005.1886159932,31179.6786265725,211961.322634446,119724.411802696,47478.1959508409,26828.8741115633,15167.9392361254,31615.7224900033,210615.857866445,119645.816226213,47678.5123865978,27004.9693756539,15309.7031105707,32001.3677425009,209028.299816119,119462.314334264,47872.7872540987,27184.6332555782,15449.2364093641,32348.2241621321,207225.914703185,119181.680192776,48049.9322724968,27364.4273888162,15593.1701646855,32683.1767547417,205313.974115165,118822.751036462,48209.42026538,27541.9184281296,15740.9122660236,33022.5751683217,203317.215379091,118406.078383284,48343.7710619166,27709.6567525564,15887.1102401278,33366.5005546622,201240.849637704,117934.405655052,48456.3321655391,27865.6572862512,16028.396657289,33710.0370228371
863,133854.102824676,103180.378893067,66001.6280856334,47990.7018316544,34625.7680331133,92842.6018845061,118796.967411078,93838.5247025531,57775.5521723445,41964.6352074528,30365.3409210849,82328.4761674297,110987.349065133,88990.6068978468,54455.2528421687,39519.070740726,28606.9377967462,78060.2376557422,117773.809944597,96517.0678392291,59689.0096240402,43139.8440080581,31240.9211943875,86092.0901305666,112721.920319664,91520.5821901056,57525.585975135,41798.1620413486,30283.3559260841,84101.3472380105,110443.236545156,90804.6802904391,56979.836674221,41631.7861884895,30316.4337808996,84900.7809079717,111715.133591422,92617.9364079587,58786.012018329,43033.0867030576,31430.1388845369,88946.5453792168,109028.228104553,90378.6997543528,57873.619808672,42613.295006855,31248.2573258727,89376.6343576007,107726.661875046,89868.068731863,57720.5940800931,42690.7648978197,31460.9578506262,91093.1424358093,107594.992276497,90250.0993435645,58355.2833719208,43283.3894433857,32012.5141799558,93923.064071021,105909.429285599,89096.6662782527,57968.4847343105,43160.4154289324,32031.2339111749,95194.6682817979,104499.273411212,88422.7465296104,57802.1948642832,43185.9429114434,32165.4456600742,96819.0029302906,103529.535881627,88054.8967185038,57947.4714730492,43433.4201570112,32455.1297771149,98933.1065813301,102333.837380595,87266.3997907102,57779.2219102225,43475.5459134728,32600.4231191639,100630.000880301,101151.962051557,86653.3039350148,57614.8301995735,43502.2112686343,32739.3455024177,102363.289266211,99933.6508949679,86025.9746567914,57508.8964259008,43546.5678943118,32875.2714103688,104111.6928348,98512.2965381973,85184.2494532735,57283.0996348312,43517.1544235161,32953.6183405863,105662.941051902,97054.2358982783,84303.3129553797,57020.6236101402,43468.8038128248,33025.4273727626,107205.724379077,95922.6544083068,83571.1343083425,56840.0059235661,43484.830009515,33150.7881388926,108969.464166704,94775.9348352956,82891.4301603237,56621.4655569724,43460.1788375508,33245.1811224617,110691.724834159,93403.5153500616,82024.22047518,56297.2936304474,43332.9728333511,33248.5785917478,112132.201982555,91959.3285889258,81127.2899808412,55970.0548055393,43207.2641944829,33247.5440251945,113538.3284538,90481.9548522842,80169.5822465484,55626.8507114742,43078.0656014752,33246.7820167145,114938.309205832,89166.5399651726,79236.0648323189,55277.2123815828,42954.8789611142,33258.2657134428,116408.74814935,87934.6916595944,78415.2484290218,54935.9803343543,42827.5587904789,33269.2777053332,117937.167249788,86487.4240722695,77455.6018216363,54509.9214135028,42612.355657556,33200.8538439764,119214.999931486,84913.3962308802,76361.7967333352,54024.1850031543,42353.4469909756,33091.4502833747,120328.538323942,83481.5649452954,75320.5932572793,53573.501066448,42133.4500508095,33017.0633486341,121565.230793029,82715.1141113589,74623.8840316711,53294.628040831,42050.7713694449,33055.9511518546,123264.413061203,82176.9023522677,74259.4434985834,53093.0921615742,41991.8715366109,33106.2545918854,125069.213607102,81376.4043008313,73696.2769764942,52789.5358208591,41799.2617977123,33016.6428082159,126298.496544505,80457.4968418603,73079.7708855616,52487.2386061896,41610.9985250508,32911.4319453568,127300.823390878,79567.7969030284,72502.7683959086,52260.3407946387,41498.1616423156,32867.8848922457,128390.360039669,78611.72247739,71827.9335303443,51979.7680308202,41363.2290088157,32818.7276194818,129381.157433457,77575.2850769402,71070.9682645155,51621.6750155175,41174.9720017192,32738.8420538386,130248.442973075,76540.5257956995,70321.609554715,51261.0061511019,40981.1196861161,32658.0206345742,131147.19701528
864,345164.753113241,80529.432282498,16710.4695540936,6977.24131123165,3015.13529219388,7346.04618330169,318080.939999195,67853.0787666569,14545.6662353217,6357.98256944935,2817.51674878401,6976.03497190343,320395.859116952,66974.0357449752,12013.030938257,5305.58555550817,2485.84309083955,6990.6417975472,322203.38800497,68413.9195529435,11440.0075839923,4608.51574308812,2064.25087961781,6808.61398126345,323048.290693247,69276.6676001463,11550.5991617849,4506.78186443685,1912.68532080365,6667.85809278366,323294.987566551,69930.9380224907,11696.4693203203,4538.96949945868,1894.67913504267,6655.20882885965,323409.808310141,70518.6641582171,11838.0334176942,4590.18860898564,1908.61187948297,6715.74650972948,323532.416179762,71082.507409135,11974.5849142702,4642.29946334926,1927.83032930789,6803.53672577816,324126.521167396,71685.8708965579,12111.8796762212,4694.81442410145,1947.97170763039,6903.20624726151,324335.946262058,72240.4419800942,12237.0708649769,4741.70349122803,1965.61505408491,6998.49716196867,324317.62063503,72768.7415409046,12368.2537271221,4791.15789798706,1984.03353752356,7093.06140462826,324072.396101046,73257.9897368996,12497.0808913608,4841.27124587591,2003.17862690029,7186.74445809008,323812.357480849,73737.5305612049,12626.9317481748,4892.32590058589,2023.02410699148,7281.26446403456,324144.874476665,74273.0204868958,12759.9347806179,4944.86440234077,2043.67250743119,7380.65069697915,323934.964536798,74736.7455024733,12873.8811523974,4988.78825029719,2060.52695470143,7470.73637111417,323427.444973164,75171.5320935211,12996.4048111883,5035.9555312561,2078.23570782075,7558.93948062707,322753.090713233,75572.1463177119,13118.1537423019,5084.89237332327,2097.22381179102,7646.92457030625,322086.172072779,75966.6676952929,13239.6575846407,5134.28588005437,2116.78706385019,7735.53874040144,322102.19102928,76422.8584707696,13364.9762460548,5185.25656979179,2137.11180606495,7829.20871477708,321598.442209966,76805.3894056088,13467.5349689157,5225.98875910445,2152.94240298006,7912.60886722521,320887.676242341,77170.2154756863,13580.31045188,5270.22075817029,2169.57509666456,7994.09795496297,319876.745931132,77484.4959965415,13689.8849592334,5315.36913277028,2187.12129286244,8073.29559743091,318818.589332892,77785.5818054252,13801.1649565647,5362.06146324291,2205.73723914673,8152.93877578604,318312.272642284,78124.9524636929,13914.3374668786,5410.09611062412,2225.20790039837,8236.59058647103,317476.839027532,78404.2283836863,14005.0573969203,5448.21754218773,2240.46995258459,8311.84456629514,316185.471063318,78637.8040386032,14098.2163639783,5486.26105808773,2254.99460596001,8381.55443088077,314782.78566011,78843.4605086143,14197.2362589487,5528.76905046068,2271.71461214543,8451.35875052281,313763.9610184,79077.5108209345,14299.6304556572,5574.01934331334,2290.26133869001,8524.73666335129,314334.227180306,79437.2672609404,14404.893941471,5619.98139045148,2309.31012424973,8607.98577028626,314373.107266357,79727.0434012323,14463.5459340206,5643.50618506313,2318.3127575416,8673.53953454388,314196.489113486,80037.0928061283,14548.8346279251,5674.35329147646,2328.40614769098,8735.37989212597,313725.380989085,80297.8964793873,14638.1730108236,5711.13275814316,2341.8994795226,8795.52500975702,313037.817813979,80523.530429564,14727.2962375609,5749.83829667851,2357.34223794494,8855.51268163483,312239.091802521,80716.1079292059,14812.8896176442,5788.30049616468,2373.32443434451,8914.95228764615,311333.698133133,80877.2297540004,14892.0230439396,5824.53623982216,2388.66246792845,8972.46647652515,310306.600454085,81008.9554400035,14965.7831493232,5858.56758983604,2403.08222252837,9027.35281291592
865,343651.244723298,98958.319212484,23562.1117744925,10431.3530725461,4877.20071946137,28173.4833490884,328811.215005236,99633.2995981122,23553.7080065895,10463.6343459242,4892.95070421144,28129.077385723,329681.39782174,99326.8557580862,22816.3894686951,10311.7186782733,4914.01779042389,28498.6813291241,330037.22367705,100787.368614806,22943.1484395242,10069.0146681933,4743.16614515389,28744.8244904172,330329.614640875,101851.993565526,23394.4115295722,10225.9964205924,4746.62686971678,28997.6590645318,330314.421190947,102836.474658802,23804.7452842171,10426.3926509158,4826.98139151198,29326.7628942329,330160.135279194,103750.496351056,24205.683399563,10628.6908275888,4920.75324026602,29693.0824906087,329847.726135708,104617.783421989,24593.6909981678,10827.9871749843,5015.93983126124,30065.4320166531,329923.2018948,105456.55533523,24977.5247650547,11026.3458063103,5111.59929860392,30448.7109852502,329837.861717841,106312.919317321,25338.4529666501,11213.6238331291,5202.60210009877,30822.2376814299,329516.026053085,107142.958943063,25713.8022317101,11404.5779237126,5293.79381218657,31180.9745344879,328922.904117297,107903.305496175,26087.1948061625,11599.8686522845,5388.21956309475,31526.1183329453,328072.903067507,108606.875740968,26455.918380053,11796.3782181327,5484.92813721118,31858.1658475448,327626.268667446,109264.887124505,26819.8033076414,11994.0160130153,5583.82355199838,32199.4770410844,326956.151517033,109942.191970222,27154.0861314071,12177.2445759424,5676.93054342871,32527.9325597383,325932.050925209,110574.08526822,27503.6601472063,12363.6464617508,5769.54536532282,32834.7211529285,324613.131303055,111113.429535516,27851.0880565698,12555.8044073606,5866.41193093181,33126.5293603587,323014.423598137,111586.122648917,28188.5019456337,12747.6288385532,5965.4380467261,33403.8455078115,321880.137414915,112014.317044903,28520.6987174099,12940.241168216,6066.59708564164,33694.4488459248,320584.272848825,112473.658245052,28818.9193480145,13115.5728084937,6160.49525153144,33973.4130200938,319037.785860854,112888.942190778,29131.0026737579,13292.2264500952,6252.5330731833,34231.2720481933,317130.720377357,113219.138936747,29437.0360400527,13472.359469828,6347.58682011309,34470.4735404991,314911.121694022,113465.834021399,29737.00748033,13653.7628336153,6445.33827488527,34691.7971026177,313010.282782454,113659.263539204,30030.2303876213,13836.9482340184,6546.34593688063,34923.2833038482,311100.809340351,113870.809635482,30291.4784295723,14004.510793803,6641.30700996976,35149.5960940037,308782.496560917,114039.26223479,30552.5304421749,14166.3913601999,6731.37786524305,35346.120480699,306169.511241649,114103.92027403,30817.4070205446,14335.2751339828,6825.4246687621,35523.834695722,303523.412874713,114104.935006993,31071.1720531492,14505.639571809,6923.37074323146,35695.7736896637,302289.773741456,114169.13190333,31323.1864897231,14677.9274558711,7024.84466635573,35929.1345069995,301400.688379325,114434.771461937,31516.4993981307,14811.4444012098,7106.62872534811,36168.1928454426,300381.327994415,114722.625908221,31738.9172441968,14939.8258760148,7177.19921740848,36373.6537182073,299093.714417913,114948.809198711,31971.1766550515,15080.1295593643,7253.14496423804,36561.4559007983,297510.90844881,115098.183521727,32196.6896865457,15223.2251819791,7333.49795480195,36731.3110403582,295740.642702329,115174.997219619,32414.9497709378,15367.4564330519,7417.11152173732,36892.1668391682,293837.711231197,115198.454375444,32619.5063057352,15508.2651589951,7501.18741099558,37044.9556340777,291814.512641686,115175.339720213,32813.0278631354,15644.5375903617,7584.03147235682,37187.6316122989
866,360852.459914341,67629.7938438162,13738.1950608182,5929.11744417651,2739.21899083792,16137.7416325583,342563.696416917,61998.5121087015,12964.1232923285,5789.64199361438,2709.87004537754,15900.300478792,340443.986246792,62947.9222160279,11398.4134153055,5009.50055943171,2444.11552216008,15923.1456476479,339397.528047299,63463.8205574798,11516.9010390468,4828.76504645295,2252.05229609217,15909.4698039821,338394.685984048,63836.5904185864,11640.8666044346,4859.93344233185,2228.46054503755,15988.1331231038,337112.40953999,64165.6254837823,11745.0537893184,4901.08335990023,2239.17617593488,16129.5432995267,335777.393417332,64453.0142221139,11841.8441042237,4940.54162118539,2253.47504766086,16292.5878856233,334437.060128122,64721.1900095116,11933.2007212347,4977.56826031939,2267.24843963809,16459.2012070542,333600.859866567,64999.7189596171,12020.6098899577,5013.13381155265,2280.50522627366,16633.4809709911,332556.144938681,65306.6607488623,12108.1290751388,5047.02872558722,2292.60883020825,16802.0931268684,331279.608332347,65577.3010037203,12201.2106480505,5083.79358251787,2305.54854631972,16964.1068475431,329745.131934825,65808.7983931127,12289.8458393986,5120.45204911252,2319.02810993488,17119.4301212357,328094.50887157,65999.8871851565,12374.4864310983,5155.96576415505,2332.35171680738,17268.9505163193,326970.161197611,66194.4395092902,12452.0195280433,5189.33207845064,2345.20241816833,17425.1625209726,325519.265663721,66418.0231016217,12528.0263384037,5219.72780559674,2356.28527143375,17572.6932724216,323719.549536252,66587.3551950335,12609.9056858506,5253.17807297323,2368.13318844717,17710.6560034768,321699.363657331,66708.10353834,12685.283625122,5286.13885686974,2380.52456577594,17842.207607795,319566.738337363,66790.0016080842,12754.8672872432,5316.93793672748,2392.31947587027,17967.3257590032,318018.289224792,66880.270105575,12817.1799737259,5345.34674562788,2403.41367928986,18100.6238740798,316196.624000323,67004.4737131652,12877.9550653324,5370.40046890053,2412.45453250186,18224.9129123486,314154.419490356,67085.6275218603,12945.1914336795,5398.81617971063,2422.36336462474,18341.7915489458,311760.313423697,67122.5604565268,13007.3605051872,5426.95264168544,2432.79816954149,18449.1324263385,309238.83663292,67107.5653101957,13064.9873577527,5454.14005447512,2443.23313659174,18549.8469970107,307154.643260423,67091.7920641977,13113.961283746,5478.53298266895,2452.98306858861,18655.8734118254,304953.726194692,67105.4464320051,13159.0681844934,5499.05089204944,2460.60794765985,18755.6346473707,302339.537758091,67079.5498035787,13209.7524386599,5521.62240155036,2468.38889614942,18842.8862549178,299545.950469421,66996.8022444121,13257.0766005524,5545.35023739134,2477.28862576382,18923.3559545485,297097.212807814,66889.8420038973,13298.0071584892,5567.29906973191,2486.12293047836,19004.8926974824,296164.846532393,66882.2033140359,13329.8690201902,5585.28109215267,2493.72618425037,19115.3779142833,295228.628085471,67007.7168846948,13365.8810871505,5598.18302486703,2497.45300569435,19219.319774827,294147.136766163,67118.9712848935,13424.2359105667,5620.69473818023,2503.90472618773,19316.5466322217,292788.306432956,67195.7544086416,13482.9555654089,5647.16386057401,2513.40654881968,19406.2974689445,291192.911330363,67228.8103655736,13538.4134104334,5674.01661236908,2524.13463838649,19489.1771486489,289463.310860511,67226.0473188975,13587.9496368632,5699.38107741768,2534.89398826817,19566.5945016349,287632.575942795,67199.7372857416,13631.8025063508,5722.48178170844,2544.9315386616,19638.7604232052,285702.011560354,67150.7625695466,13671.6994689496,5743.813481292,2554.18284564338,19705.2011327326
867,353362.171740848,96100.5294452464,23482.9285146489,10618.9701903163,5015.27532815816,27154.8114690058,335729.405521393,89918.9414406199,22206.3965104868,10212.3276520808,4856.67883393849,26586.194880375,333972.134715103,89879.8278488346,19993.1383811085,9299.70708601733,4589.87944926185,26654.4419060458,333272.103631462,91110.3338587912,19952.2669800091,8853.67906385898,4242.39028496328,26643.5429826781,332584.460687748,91990.0371725926,20291.7171169998,8920.19815372014,4176.54342977427,26714.8134556333,331611.269589117,92744.747185705,20612.9182371251,9066.46712097762,4221.79422218676,26916.7410033669,330552.117579977,93425.6987743466,20918.594195959,9218.51518698453,4289.14967421257,27185.2809973304,329441.44678515,94072.7059834554,21213.0061249621,9367.52477284612,4359.07920918202,27473.1923434121,328807.049414409,94719.5432403693,21501.986017843,9514.99573726438,4429.30692292903,27780.7988086841,327982.502092108,95384.2594376076,21777.637607638,9654.14944987895,4495.55360596942,28077.7540775404,326886.801413204,96000.7346887997,22062.5076932564,9796.97388401741,4562.48696182558,28360.8968004799,325553.443607942,96557.6866176614,22343.1234419337,9941.96403761246,4631.66411782377,28632.8158227558,324052.292288525,97064.9824467526,22619.0790735114,10086.9608518979,4702.07655031394,28894.4689371654,323044.184149101,97567.3148417772,22889.5027641582,10231.8707703046,4773.73340032575,29171.1056674672,321730.338128029,98079.3046961495,23141.2335631641,10365.4050189095,4840.07236578233,29429.3628606518,320040.799559373,98522.9902218171,23403.4306423301,10503.0755027183,4907.04185744264,29668.2530365644,318106.897321006,98892.0324295405,23659.3769509004,10643.2494496283,4976.81033693886,29895.515566107,316005.758198221,99206.6517565608,23907.4945225126,10782.0318703714,5047.43297083847,30111.6504845324,314472.132437908,99524.8191430369,24150.3068530109,10920.7092614839,5119.26730401872,30347.0182974313,312676.650078614,99858.5732151237,24370.6966444954,11045.3978118251,5184.35172718888,30563.0820949953,310640.260213324,100132.765772651,24602.3381463396,11173.9925078077,5249.6306021233,30763.4033596844,308223.689728304,100331.127582065,24824.1109599148,11302.7897095255,5316.45959493889,30944.3904109696,305600.617930612,100455.530990365,25041.987481873,11432.6622046356,5385.23888475355,31112.682626681,303433.511146216,100574.508642841,25252.5265108565,11562.6951638783,5455.97740599324,31297.5576416499,301159.665432949,100706.563426114,25440.0720617126,11678.8571092269,5520.31348409887,31469.272197312,298438.583262624,100771.410516598,25629.3671418753,11793.3796210842,5582.12504555017,31613.4359697324,295488.506105355,100749.671436498,25818.1380268371,11912.8377788564,5647.40170446625,31744.1462090972,292761.815121594,100696.401370961,26000.4528874432,12033.3739801755,5715.53954981577,31877.8319469596,291640.123187867,100792.986647593,26182.1599063613,12154.7749400876,5785.8398650396,32081.4420213421,290557.975181533,101023.599971617,26324.6910578874,12244.0645407733,5838.11512130531,32265.2098624132,289321.030714859,101236.242928021,26498.2627932474,12339.9777748828,5887.68851638469,32428.7411811048,287806.21271462,101387.08442038,26670.6088856311,12442.2445019946,5941.57447082842,32574.5832571154,286018.240411451,101469.794866498,26837.1973576278,12545.7845602479,5998.4201909531,32706.4037887376,284096.72688838,101497.096181006,26996.3315026539,12649.093614992,6057.09690753042,32830.9179015206,282047.293612262,101482.400373112,27143.9385353272,12748.4615536381,6115.18369986516,32946.4471310122,279874.06487704,101426.821517258,27283.150181233,12844.3416076328,6172.08483829333,33052.0247680275
868,325332.864897245,107302.161012222,27072.6994982824,12014.3601108728,5433.33630043849,16484.362065612,306468.196037238,106246.025344739,26832.4429896042,11962.2165016695,5421.22081539938,16340.1322459588,309225.351112645,105984.396777888,26235.7646014391,11988.2508751011,5552.32227608994,16688.7908988818,309555.609309798,107748.082729479,26264.134673778,11668.5976966378,5370.75381529957,16809.2761736665,310138.422881193,109107.461579404,26868.0480565374,11873.873156467,5376.47941360388,16896.7585631852,310318.674745205,110312.27610632,27426.6996289247,12159.0448949315,5495.51080570594,17080.428620604,310374.404044935,111441.586408717,27971.9921210202,12452.2057316205,5640.44996393612,17331.9027581293,310258.088470841,112504.386351431,28499.4058406943,12741.580562574,5789.11202412154,17607.9324259639,310497.095910188,113543.439049033,29022.2488572937,13030.2450878534,5939.10959807619,17898.9211614799,310516.545926057,114558.635460927,29509.0970006358,13301.8637304806,6082.0486066481,18183.6466430213,310345.64294815,115557.489953274,30010.180405859,13576.284231137,6224.73499800359,18461.7239393124,309894.55592081,116475.655611136,30510.4902953282,13856.276822537,6371.58990472012,18735.5214769983,309202.865104181,117330.472568469,31005.4013590022,14138.8102297264,6522.22639769554,19007.4073987315,308866.333751636,118147.305920632,31499.6545926331,14425.016111459,6676.86155675362,19288.9510943384,308264.989198562,118934.107296573,31948.6037963783,14690.4860385523,6823.36611600971,19561.6879160323,307361.535433812,119695.48552744,32413.6019357181,14957.922435504,6968.70135532525,19822.8562162309,306162.055354889,120343.535267184,32879.1715774473,15233.8459164116,7120.02902494228,20080.8182015926,304706.882516155,120923.725149483,33331.9063775894,15510.099449512,7275.07969466069,20337.0897098627,303666.369546699,121463.570940876,33784.0023034169,15789.6913116271,7434.09669788724,20605.9646935582,302433.276588688,121994.495814873,34186.1431729226,16045.3438915836,7583.28389048863,20866.49116642,300994.4473555,122492.681971966,34600.507263814,16299.4352065095,7728.88086458548,21113.9590508507,299178.476104986,122885.289353218,35009.0255621666,16557.9840701202,7878.19453476042,21354.3685801399,297101.367166347,123191.839892419,35410.1291344671,16819.1135837048,8031.92057187266,21591.7603891436,295287.261962465,123446.651686077,35807.0397685486,17084.0414282218,8190.78239760131,21841.1836969171,293440.312525659,123689.863996306,36160.0486588057,17328.5487323067,8341.89190745167,22087.9470772544,291240.052418157,123887.440889663,36506.0479874453,17562.0391292628,8485.26172759788,22315.6377997987,288731.445947983,123973.620966151,36857.7762604942,17803.8583783014,8633.32456946434,22536.7880705679,286185.75722389,123990.865382115,37198.8707562737,18049.6620548741,8787.60454055334,22762.4503822042,284966.075573533,124087.68952462,37545.5772754023,18301.8757770886,8948.48519634291,23028.6731965036,284067.152111859,124357.154752124,37805.9885909839,18500.1908966894,9081.76800844579,23286.2798291382,283089.163855097,124666.470440062,38087.1083544439,18680.6521845915,9194.09332618687,23503.8887914246,281814.158937541,124904.198757674,38385.0671114717,18875.8335748965,9311.39070417542,23709.2298002862,280292.564981748,125056.941632532,38671.5769169456,19073.5709114953,9433.48226251006,23905.4701065139,278568.39553418,125131.802957617,38951.8300100845,19273.4125112505,9560.19128816321,24104.4879440788,276723.960661877,125142.132972235,39214.7307061577,19469.2858990102,9687.70535618011,24303.0804847884,274761.234586829,125101.082049584,39464.1914684618,19659.7953099786,9814.19029831341,24500.6645370809
869,162290.528925999,118705.757521352,71296.6103969488,49884.4498500665,34674.0506600843,86519.721350275,149933.827044004,113562.118286374,65698.1972331144,46021.8419867172,32117.516506163,81176.9297624674,138170.055118554,104826.123551913,60684.039955745,42546.625527806,29729.0827805622,75604.7766097831,146196.359843566,113866.889735935,66119.7294912588,46218.3141148356,32391.4692070371,83338.9850140765,139736.596247367,107973.009322344,63790.5089402224,44741.0307686826,31344.0414094202,81405.4492008235,138376.671992868,108381.871364997,64018.4197668385,45139.8337266403,31764.5613881467,83137.1429443243,138740.583689891,109408.817579867,65419.9973894226,46246.1339824929,32641.154024317,86239.8748122017,135388.580859659,107014.575339012,64488.8107519384,45860.464579902,32509.9184480853,86712.1402481228,134729.204274016,107261.276701415,64959.8379124437,46390.6449236677,33046.0958080674,89125.6106079565,133790.485842638,106977.354200278,65267.8524051034,46780.796573013,33452.9745567573,91311.270838309,131792.514833746,105870.759034119,64955.499324206,46741.7527250476,33554.1819639226,92678.5214103997,130545.281014891,105542.799742731,65144.9246940428,47037.3849735196,33888.4160272268,94706.603209764,128959.972279348,104780.12508999,65142.4491849882,47210.2490480404,34131.5234319448,96489.8023597978,127484.789481055,103970.436968049,65038.474153907,47326.4597811743,34346.0503937172,98220.489385192,126286.871005202,103512.275101797,65082.442069867,47529.5878598424,34624.0945612025,100197.319980026,124632.330653688,102665.21549777,64931.3111863259,47571.785287342,34771.63104825,101820.370231024,122891.625388281,101762.629620058,64755.4613783997,47607.2063786518,34912.796790333,103412.307572915,121182.51051219,100871.587241237,64603.6516901185,47668.3274682152,35078.513244393,105091.714335142,119713.052080419,99977.6057199815,64430.4126087234,47722.8611367348,35246.3765473082,106822.735498664,118305.307178444,99234.4717575019,64250.9217853535,47760.613286065,35404.3743134224,108591.662774274,116654.851730184,98295.7358629556,63979.5747732677,47701.7062464165,35475.8562652723,110124.286405329,114896.597185269,97296.2719716476,63686.4249729017,47633.6254748285,35534.453508288,111597.337204053,113050.371256632,96206.6811885713,63359.9729490266,47549.4319386303,35584.8774724604,113039.359465428,111404.765664886,95133.6508441444,63031.3403536231,47475.4861913992,35650.7946034493,114559.296913492,109904.246896677,94217.9606197204,62721.8357133483,47408.8049283505,35726.7468290217,116175.974308038,108119.589978026,93119.981592188,62298.170330414,47230.0424949619,35707.1151465362,117521.953184663,106186.156613375,91882.609122938,61819.6441436433,47011.0568999549,35648.7729957631,118726.431246814,104390.581641309,90692.8755395763,61378.2553948631,46833.2346699734,35626.1862252347,120046.265450956,103362.196808461,89833.88661466,61092.7448927754,46779.5051364303,35705.1456212778,121756.140479403,102693.293704803,89413.7727096212,60905.1577462427,46765.4953481393,35809.5526517985,123630.726287888,101707.494081745,88774.359575219,60600.2068648471,46595.9215756878,35757.4542361421,124938.388740921,100605.832692723,88096.3153438723,60316.0436070489,46442.7011576844,35694.3459816304,126046.30231889,99517.4171149711,87445.5300352671,60103.6857278504,46361.9253757749,35688.1632043878,127205.614284531,98307.6335490432,86648.3539173033,59809.5176875202,46240.3529858371,35663.1341877981,128222.096577214,97032.2662475087,85785.2940197592,59452.649509479,46079.4072242277,35619.9630543584,129171.444276233,95775.9406253481,84940.5078511624,59101.3529239946,45920.2375524985,35582.2927004269,130177.669752038
870,224653.858933326,71774.8405365669,17847.0367921074,7939.8501699982,3571.73475852383,8618.63647334934,213772.334220607,70179.6651002151,17907.5134258256,8120.76374107154,3684.14426205445,8634.19263704324,215813.475952592,72255.8822348123,17975.865078711,8117.93978124766,3751.25393640833,8951.23359219938,215946.322706382,73128.3962941152,18422.6891132511,8249.0382844405,3751.95927021212,9024.83673486602,216320.205321104,74148.2430708027,18880.1935899144,8481.23097896132,3849.36447811407,9153.31058540808,216418.075938007,75057.9507572367,19308.871256634,8717.70384627547,3969.15749760671,9322.78518804928,216459.431090873,75941.8573350732,19732.8714415991,8951.84320556691,4092.24305628722,9516.6695480023,216487.665737177,76796.4500838065,20152.1039886223,9185.45053231859,4216.12960999921,9718.21478980887,216752.901361076,77641.9127211608,20561.7016931732,9416.26843531845,4339.7591338421,9926.01620789602,216817.485895538,78481.4824403088,20956.6778028307,9637.38261063645,4458.63794508697,10127.0014694896,216727.282712284,79288.2445025112,21363.649285885,9864.85030811486,4580.08295541326,10327.4389323994,216451.698246576,80049.7756627608,21768.3985891098,10096.0420027438,4705.17336094715,10528.7884752749,216128.123743201,80772.4207647438,22173.9271417359,10330.727755434,4833.79596647492,10733.6466797673,216052.340509992,81483.5189035379,22568.2929380415,10563.6175963703,4963.5070340724,10945.8274101425,215692.638343654,82175.9989427426,22940.9701632819,10782.4957171466,5086.43409398131,11147.8253720799,215118.055450929,82825.0441712406,23330.0018578085,11009.872512856,5212.75194866463,11349.1827251562,214364.265115477,83414.4672518098,23714.9531896628,11241.9562424064,5343.85589145479,11552.9301743046,213546.853164124,83957.8242619359,24096.2356782513,11475.5799748635,5478.07691710038,11760.3821432629,213036.529563059,84497.9211186022,24467.1205539833,11707.8646525608,5613.71407303287,11978.0241856675,212264.139705065,85010.1402185386,24807.166479815,11920.3512678246,5739.44313083038,12181.9521151185,211338.715472404,85489.4124413316,25163.8292388472,12140.6019654548,5867.7285463272,12385.6121077541,210144.084585317,85894.5841187815,25510.7941795939,12361.9417207377,5998.69374979123,12586.8464588112,208875.72862006,86248.7756245169,25859.1993259623,12588.3023340612,6134.64220661492,12794.0326886338,207844.36501204,86589.2179391162,26195.0691852823,12813.2947383615,6272.6490439324,13011.5396781108,206642.290307389,86901.0904279585,26498.8265651504,13018.458116828,6401.04916210565,13218.3920975955,205157.614289174,87163.1618137299,26808.841012291,13224.7517199452,6528.55033665967,13418.8740942952,203531.852765409,87355.4979715842,27119.6373913332,13438.4116567393,6661.74924042259,13622.6463195107,202146.854969975,87514.6961884764,27423.7425325241,13653.8057459751,6799.16342515453,13836.1339076634,201741.238306997,87795.2341863273,27713.8269838405,13863.7984652523,6936.04358319225,14074.0585913955,201171.18313086,88081.7225016498,27929.7186243146,14017.0892476146,7039.47403811732,14269.3151265054,200559.548566152,88407.369244336,28190.8316782366,14183.2181403268,7141.75461476279,14455.451119462,199698.710115878,88639.5143304861,28438.3510318672,14349.4523780942,7244.63350696458,14627.3220883967,198692.100294374,88842.1207320325,28691.0587273315,14522.7653211576,7353.9388281838,14804.4874409135,197569.056646089,88980.6390498405,28932.1307086841,14694.9734027465,7465.23422324883,14983.7571075843,196362.596054467,89087.6392194573,29164.1730635679,14864.742112025,7577.30027501395,15166.6040023938,195070.648938238,89151.6721945136,29385.4688083394,15030.3337053154,7688.24512473396,15349.3736373092
871,147581.863774589,114699.037591768,69229.7094624357,48741.6206818163,34119.1954192166,81354.3497354795,124613.832838553,102698.366543217,62300.3089874951,44033.5808962453,30955.2612657072,74491.4108509874,121510.21035254,99331.1106772276,61801.800113248,44406.8221106144,31510.4262399589,76713.1446565881,126056.633263129,103929.73500175,64696.6731799385,46871.5869270415,33738.6261523291,84350.3027843189,120610.556621215,98973.8365085825,61866.8258448573,44963.2237055142,32549.0805708817,83720.4361399621,119748.887610019,99502.9814601445,62168.2858226569,45234.1070562919,32847.5117569944,86489.4709490902,119918.127570438,100170.244774657,63278.5644809055,46116.2603901861,33531.7536888726,89905.9362799957,117111.420462752,98045.5119106703,62346.3950244751,45671.0686567867,33319.3079866148,90657.1876626648,116229.785866884,97912.1429928884,62543.7099540362,45985.7281566829,33687.2405476763,92989.8476063648,115647.771842193,97843.4182852054,62918.4486208158,46414.8495992571,34119.3220977245,95529.4939373587,113868.007026214,96703.7082258309,62523.8674638042,46295.3255742362,34151.9738485164,96932.7716728873,112585.776897068,96168.1613470145,62505.7519596054,46432.6535546472,34371.0466391749,98862.4224686023,111366.955215244,95588.3017451989,62546.2257140796,46620.102673968,34622.6144275428,100887.232773355,110013.481758182,94709.1872979316,62339.8718683016,46646.0563989338,34765.5152798448,102614.305437379,108880.351564978,94160.6240146469,62255.4565260637,46744.5740015152,34965.6955965075,104566.717625308,107534.896951847,93431.1655533085,62110.5010687311,46773.4759523503,35098.9003820015,106343.353516588,105972.937827329,92498.3476360382,61845.7452465138,46726.4609826796,35172.7028573212,107924.565723107,104439.541193889,91593.0285485929,61602.3162316515,46703.0525221436,35270.6799490386,109590.866917015,103175.741329996,90751.8836764789,61390.5980532204,46709.8152301093,35397.0393849605,111388.64134946,101943.783768309,90012.9533951191,61153.373975876,46687.6042285555,35503.7398250894,113186.95767731,100496.525379979,89101.3431727787,60824.5268612237,46567.4857951827,35522.1272562849,114731.315685942,98954.4580184234,88133.2507420984,60477.3461993977,46438.3873712025,35526.4541079625,116209.765897154,97350.1086645243,87093.2476125483,60105.6714375446,46299.4407945755,35526.5272151544,117665.533210361,95901.6076205916,86055.8231552774,59722.0807759724,46162.6995033663,35535.8786337506,119177.759558359,94587.7377055232,85171.4635194143,59364.4183667656,46038.7029899516,35559.2470831025,120796.995508053,93061.3566953283,84152.928754628,58920.2272155097,45822.4672161105,35500.3820977549,122174.578583107,91366.7106504754,82969.1150009626,58397.1590029345,45545.7405030835,35386.0804795631,123346.365730589,89783.1813980233,81825.6980637331,57905.555537064,45305.8036701579,35304.2861022865,124623.791979366,88863.7408907177,80992.9085994107,57572.3115501277,45193.9339099277,35328.7375612168,126316.577120093,88295.9257080874,80594.778760676,57362.0281637366,45145.8928739271,35398.3634292293,128236.744828852,87467.5500299723,80014.436074962,57052.2099408525,44956.6532481317,35321.5337645002,129592.686725959,86480.5676106923,79339.4761561756,56720.9307972243,44750.6402602564,35207.9775252698,130645.410843118,85523.8025822866,78715.3229680418,56474.3375354055,44627.8278026645,35160.7538876733,131783.25458172,84505.0467006009,77995.2448222741,56182.0420991391,44490.5425820732,35114.1395529701,132838.033732796,83393.6254497007,77178.2060761516,55802.0750826616,44294.3801526191,35033.7527616003,133757.727183572,82280.457832467,76364.1492244538,55414.7488023182,44089.2722394768,34950.7657061044,134702.716031333
872,203594.083058119,135594.090884853,66300.1373576055,41330.2620419164,25598.1258724714,45206.7373284151,176711.682930421,121617.122742881,58598.1193572464,36590.2562679047,22743.005562147,40535.6299482875,177533.453359384,123745.292132798,59528.6042177322,37566.9115749954,23552.8200077396,42354.7894846943,176117.14977125,123825.666158694,59935.9577911131,37712.3185253864,23777.3604432092,43645.0391853598,173252.690202102,122766.733713199,59823.2673541398,37718.7702464856,23785.5797006159,44230.5542229655,172876.399868468,123803.420043462,60937.9250555542,38540.8374755172,24359.4793971215,45693.6138904484,170222.659464819,122603.657446907,60958.1204831015,38763.3593211718,24595.591239836,46490.8881813197,169091.118091835,122870.298061605,61594.5726118934,39366.5985621308,25106.1655153942,47899.2671771058,167417.510324654,122285.10370449,61851.1577081676,39725.7287454289,25457.0404859539,49079.2211944253,166187.354092452,122233.514545829,62244.9888544053,40164.1042747541,25862.8818346563,50422.2892389603,164531.65165147,121811.834842081,62507.4587417497,40495.6999443052,26186.8303970088,51629.7426764241,162884.801927882,121435.860693729,62795.245595606,40854.3754484739,26528.0877703546,52872.072042475,161041.206996909,120882.965322683,63013.279507078,41173.7256844537,26847.9673253106,54084.7936083226,159592.693419361,120439.602135522,63271.4167409025,41528.4340455789,27197.1707273396,55383.8085567482,158080.859704463,120025.195094883,63467.6065281411,41834.7533295848,27517.3523413969,56662.5840944455,156217.785862491,119383.04238458,63575.3475138887,42065.0005776037,27778.5289103732,57834.4011046753,154331.550926857,118730.77449969,63709.5877050447,42323.4014677952,28057.7370874115,59042.7081032561,152263.315556573,117890.729414674,63755.4133171008,42535.0137725031,28313.0428473057,60216.1059154248,150639.304204283,117204.826222905,63856.0159650833,42790.4226216093,28604.8269498076,61503.6267677148,148976.247224589,116562.10572508,63895.7412141985,42993.3677893188,28862.7354681647,62764.0604539594,147039.984743874,115723.150754576,63854.3977513673,43120.8839855378,29058.7156795586,63904.1742490079,145054.464688196,114879.734486725,63834.4039704004,43270.0867270206,29266.5906371987,65063.4559693312,142837.087901202,113826.606862327,63721.9038591717,43367.0219106101,29444.120686681,66161.0166139426,140926.508184112,112857.349069569,63642.1885403611,43496.7114293115,29651.6899641515,67354.4630775509,139131.890116389,111991.629123751,63543.8847165161,43607.8747563569,29850.599872425,68575.6292597912,136987.432486475,110914.694487961,63327.0858000106,43616.4306435856,29970.4157050064,69640.3354109919,134748.844507284,109766.492695428,63112.7243853323,43628.666985875,30087.1709219232,70693.2622914356,132575.367938576,108564.895203619,62879.0166292768,43642.437216917,30210.8253480989,71769.1153550939,131391.151243426,107771.182864439,62797.546250833,43768.0517245497,30420.1581883509,73090.5910555834,130530.951632138,107365.925866609,62738.1312033309,43871.0159823681,30608.0150082066,74415.4548461396,129324.744514665,106735.490391574,62574.7890466556,43841.8799349122,30668.8425823776,75402.8049343733,128127.748516856,106192.359666652,62512.4123102881,43884.9171534991,30761.9056703295,76367.7740767009,126762.419613509,105494.628879981,62408.9715178863,43917.1682678307,30850.5153814705,77242.1870001932,125284.419198707,104686.723911097,62244.4503509156,43923.764944375,30932.4916711475,78072.6748847484,123808.664880612,103874.855297649,62073.3102769818,43930.7972526301,31023.0155728512,78940.4648191764,122260.647377992,102985.787865823,61851.9791094955,43903.1987369015,31092.4325935482,79784.8063421281
873,337484.076839029,100997.337800688,25780.3697331792,11840.8132855085,5634.80964290127,28051.1482697284,316668.502464022,96275.9633778104,25070.0871208167,11673.5004031614,5578.84477839339,27391.975429933,314826.692841896,96488.3392610816,23570.6362981412,11120.5040507698,5469.89159557002,27603.5815486003,314261.425772056,97840.0391259361,23764.6683193218,10867.4252623733,5240.81700067792,27718.9263174599,313526.142606059,98777.1902285904,24209.5999466438,11021.2306785838,5234.94515516016,27855.8349083891,312459.205097247,99578.3647107434,24612.5975124378,11228.7440236532,5320.80300672351,28096.6994117346,311294.66139973,100303.740666018,24998.6037535456,11437.8037079274,5424.26509467648,28396.6146234847,310104.682461193,100991.37292225,25371.1309867298,11642.7176106565,5529.45432275649,28715.2883833238,309347.125585848,101683.573087198,25738.2637035278,11845.9152114419,5634.91881152704,29054.5949919286,308424.2598124,102380.780932955,26085.9933760466,12037.4942048765,5734.75007915607,29381.7357748442,307251.444836371,103028.835031415,26442.0905856854,12231.8054037722,5834.64956440116,29694.258163772,305826.265834469,103607.594278989,26792.308260942,12428.3212668725,5937.07982628087,29994.7157641955,304256.608597263,104131.591896776,27138.1853479544,12625.7409575435,6041.70539280824,30286.6792736747,303160.724455721,104656.156917393,27479.6314704199,12824.4446790429,6148.80666525802,30597.4331303143,301763.224527765,105175.750838968,27793.2918651698,13006.7960612778,6248.25776156624,30886.6842023135,300009.808066755,105620.956478967,28117.2376092339,13192.5702650633,6347.70349104121,31155.5892648538,297997.492748503,105981.325803859,28434.0221028929,13381.6227066044,6450.7698547989,31412.3815844084,295857.605391636,106281.326797627,28742.0419024529,13569.9842195063,6555.7877435741,31660.9486671473,294263.725120269,106595.530898009,29045.8230647358,13759.3755931491,6663.18825707953,31933.6121035982,292413.783695254,106909.842899701,29317.5284159962,13928.9507695513,6760.84800820431,32183.2580053273,290318.97275422,107159.856551383,29600.5177969558,14101.5828980278,6857.81330032785,32415.1814827196,287879.522665801,107321.214568716,29871.0747941253,14274.3921280485,6956.68364536213,32628.0864654638,285239.360476267,107403.989973143,30135.2169800998,14447.886115569,7058.04492457048,32829.6144483652,283019.015690001,107484.283313127,30395.1269124819,14623.8054655124,7163.06231087883,33051.3144456633,280709.568192289,107566.234861234,30622.7721684642,14781.1961246114,7259.62417232221,33259.3605157496,277980.731614372,107573.339445487,30848.3786150708,14933.3963004358,7351.38643324378,33436.786600891,275040.227993368,107487.400439251,31073.0286190749,15091.423544618,7447.23957989782,33601.5828143453,272293.714677948,107369.505488495,31290.6882889193,15251.4555906656,7547.26559300763,33772.0456439942,271087.862113617,107431.69148424,31519.6254461321,15418.6859355521,7653.17413318707,34022.6792376308,269949.614251651,107619.732572174,31690.5055497353,15541.4456293069,7733.91121660583,34246.909011302,268672.189471887,107799.761757361,31893.8208535789,15666.8177780086,7807.50214884655,34444.3976439533,267121.51831733,107907.154815582,32095.4954049411,15798.9727716454,7884.88173659789,34619.5074131293,265310.731065341,107937.93339205,32289.5471774833,15932.657381885,7965.99483106722,34780.3676115659,263366.109575674,107906.936322156,32474.2455413187,16066.1033715999,8049.66110949769,34935.2965048224,261308.396009187,107828.155321616,32644.7887346854,16194.758244802,8132.82122512277,35083.0540368981,259142.853018694,107705.195760555,32804.0861187063,16318.5118593671,8214.34295106305,35222.0149001163
874,169199.634310682,111698.6189158,58825.2525123243,38334.7951835419,24785.6020294941,51710.3774748512,138498.805330046,92346.1807904497,46858.8104987485,30371.5523644525,19645.3112210395,41507.2011100086,150977.169021346,105739.877504672,52839.5392805874,34233.1131975827,22187.3257344947,46990.6098863123,141081.801518858,97352.3890780141,49740.8468420969,32066.3085286426,20734.6709104256,44346.9713265185,144490.328186089,102212.744170098,52125.0430412365,33753.7435270713,21860.4860709647,46886.8449499586,140993.984433469,99726.8839307494,51756.38089478,33595.4420799274,21788.3724747137,46933.6398761189,140367.604137626,100403.314429921,52384.9658153614,34236.0303004879,22317.1150865687,48278.1750627371,138945.201027025,99972.6761002229,52711.8674863899,34596.725482523,22659.7064577555,49403.8881734091,137721.617334956,99663.372011733,52933.82953532,34929.4418262828,22991.7722057231,50580.2023371604,136776.077736921,99649.7817273843,53290.2621377312,35312.574212083,23352.602127943,51901.0474339719,135319.269674045,99201.0083798145,53444.1279606094,35557.1420585099,23610.4865495719,53014.9271653881,134030.344592894,98947.5639822903,53700.8070949758,35875.4238214838,23918.3449031267,54244.6503139218,132523.778845102,98447.0082089057,53851.9132729007,36129.0076608803,24185.9203495581,55398.8281812654,131425.456768113,98141.0853160978,54071.3571131266,36436.9757223318,24496.2871004007,56679.7748656039,130123.386656142,97741.7746016252,54190.2172120371,36664.3035137221,24752.3955304664,57875.0640420893,128610.59490813,97220.9854695009,54269.9679730769,36854.2010266852,24975.3146650235,59002.286259198,127064.296315091,96670.6825015803,54360.1277234707,37060.6954985986,25209.927756202,60155.6298373634,125390.860558787,95972.892790961,54373.9457440989,37225.167818059,25422.4175338564,61271.9396123786,124121.157224703,95447.5165572838,54453.7533075362,37440.1493383814,25675.4855363235,62522.902303206,122706.773533206,94869.7673732488,54440.8644163428,37578.2150262996,25875.5122753445,63689.980958499,121129.480918444,94187.5492002048,54391.1698941959,37675.642882388,26037.680334868,64775.3799383347,119465.829248138,93467.3659861444,54341.1802531994,37779.133583764,26202.1267032419,65859.1796198866,117657.605806898,92587.2124350986,54220.0873633975,37842.7496196394,26343.5510759671,66890.2150264126,116163.692559304,91833.6617138132,54147.1868559582,37949.3120862163,26522.1978006366,68045.4300372323,114659.102184312,91095.2747593683,54021.8022938132,38009.1768620933,26670.0393839674,69169.6607592637,112859.449123118,90184.817406841,53804.7106291862,37987.2446516111,26751.5716672909,70141.6366305226,111037.213227062,89244.1228345417,53606.9545827948,37983.7423634817,26842.2227366295,71129.7827219654,109331.659188875,88275.0328537939,53393.4693250104,37981.6326054047,26939.9557751911,72146.1051837663,108480.305799834,87710.0634338209,53334.3983729254,38091.8797921288,27123.8027650712,73439.3211859184,107726.005836288,87333.7690895675,53237.3886506107,38135.4752415649,27251.7191230176,74635.0005609009,106730.981062623,86816.6757141527,53086.7770345306,38095.410763894,27289.2441593902,75548.3469339237,105740.760007127,86363.3204278336,53018.864850346,38118.7619269048,27358.297823059,76448.7867824445,104601.310965848,85772.9723411297,52907.697321202,38127.0946185587,27420.4354625589,77254.1302406962,103380.753145666,85101.1984276449,52748.2907290615,38115.8051063221,27478.7345124424,78021.9244922499,102164.117047153,84428.5192633682,52583.0364477919,38104.0852244654,27543.9725784514,78824.3880628154,100892.914403347,83695.1540426577,52376.3039647165,38062.5225087416,27590.2698783723,79601.928927393
875,344627.475689739,108643.454392534,27659.5035450176,12396.0457921016,5542.44927964075,7516.63700097916,318520.840917726,98887.8785900272,25476.6263624409,11610.8650441931,5234.64470176029,7156.86288176243,318120.131748418,99295.9721057855,23493.3517565037,10833.675765444,5035.17921122841,7200.42641054233,318227.299664784,101137.526320583,23496.8107534714,10373.0700428289,4690.13933514165,7013.93881821942,317707.014608052,102238.686557493,23967.5262259267,10482.6040874397,4627.17033062671,6850.20886755429,316787.238234648,103134.402462866,24398.5376707357,10694.086819196,4702.98512754979,6840.1305691141,315802.175798351,103955.604974977,24809.0871033071,10913.4000201156,4809.4729997357,6923.79630828854,314768.575849031,104729.932477954,25203.6124272484,11128.0875001899,4919.60330546936,7043.78086393618,314220.391810024,105528.52455259,25595.8172622123,11342.3252857433,5030.70525142113,7179.4566891107,313393.415091096,106289.625388227,25960.4451910721,11541.5279123418,5134.87573981324,7311.80168415098,312340.330385607,107006.176493338,26334.5368883452,11744.3832772518,5239.8277270859,7443.65452563764,311015.705470212,107649.088335618,26701.8842255864,11948.8630240215,5347.11042648456,7576.43544103565,309552.994056618,108238.410297834,27065.9913611985,12154.792139923,5456.76421817582,7712.06447601106,308614.959708356,108855.394251929,27431.3274269672,12364.1045998082,5569.46496360181,7854.90232638802,307285.946113059,109416.110189757,27758.8358291177,12553.2193729385,5673.03094044555,7989.09275500951,305616.907524292,109915.487270859,28098.3966817457,12746.6814084309,5777.34323031204,8121.08102302772,303699.913920046,110330.75119699,28432.3600629347,12944.0199881869,5885.51165465258,8255.22920891372,301630.199306366,110683.125085852,28757.562310906,13140.7258374893,5995.6483930138,8392.47106376124,300153.632393343,111074.043459391,29085.2813152996,13341.2536913607,6109.0825671514,8538.31855684988,298327.349338229,111412.450396042,29369.7076686484,13517.8291305245,6211.31500600211,8673.76742197135,296289.695183763,111705.357064562,29667.837463139,13698.7005052192,6313.77974460538,8806.82521638326,293898.407107132,111900.767925369,29953.3630006206,13879.4175217091,6417.99369611961,8939.13249758419,291324.013175364,112024.300117129,30234.6892797436,14061.9701444777,6525.24070063199,9075.0920937823,289176.380107518,112159.17963266,30513.8468420055,14247.5776362628,6636.09717878308,9219.64653482328,286898.442013366,112264.568078012,30756.7536215683,14413.111538547,6737.87497587279,9357.62237340767,284172.970794524,112287.933287351,30993.5922603412,14572.5989932473,6835.06100617702,9487.94578083281,281248.399958553,112228.341355869,31234.0290017899,14739.4559790341,6937.02765184688,9620.76818190642,278550.436510618,112146.654996788,31471.6666559186,14910.4575378103,7044.03670767776,9761.73805562822,277427.534841651,112278.488809109,31724.7407096558,15089.75047905,7156.65430646874,9921.13243907715,276271.663264957,112459.758785507,31902.626720831,15217.5527259062,7241.18220238457,10054.4622169506,275014.087015236,112666.48807263,32115.2702451095,15349.09604366,7319.6265103753,10173.2334969393,273486.984339345,112791.965994461,32327.1584492267,15486.9569852497,7401.32169946808,10286.4292112354,271686.779279468,112838.945297716,32530.3417153343,15625.7712110154,7486.28626626774,10401.334176418,269752.234792384,112824.932093919,32725.5217752279,15764.7780443111,7573.67940676081,10520.680884026,267697.327640742,112759.70561387,32907.1621153183,15899.3903653259,7660.63495676893,10642.0729715385,265529.831792176,112646.407746584,33076.9703052873,16029.2450538588,7746.11305288216,10763.6504129032
876,168952.070997262,127746.668452075,73736.1257373345,50837.8166024306,34764.3651950686,76732.6217989819,141066.475067062,106391.221840031,59375.7692911724,40774.0068511362,27924.472506233,62313.031059715,145801.575520398,114956.865706568,63128.6205187167,43098.6966449324,29448.0315556692,65756.2430267949,146484.913170547,115256.172795939,65034.2461064026,44225.5656178911,30159.1057780643,67812.9632170137,140149.958982218,110544.014674548,62523.6055733828,42892.6979335382,29321.3082548445,66126.7246641879,142746.517486218,114417.808466389,65189.3533186866,44788.3189351029,30737.7494973296,69846.7801121843,139256.16011814,111540.019884177,64407.6752246586,44488.153569538,30630.5006712485,70180.0352107239,137980.987002747,111533.531442366,64654.1686734304,44916.3257061732,31095.8420504482,71950.3583719286,137511.032869067,111682.795364025,65339.0608893083,45557.1165818312,31677.3113321341,74193.6814390012,135541.808815724,110513.462779003,65048.8369489893,45573.8554004889,31828.2452933246,75478.0164530818,134519.716096661,110434.961409996,65375.8455094758,45966.197356273,32234.3351775541,77426.5543078331,133048.325585447,109786.246390064,65486.0420495931,46213.976250275,32525.11400121,79111.9896384747,131347.813282925,108960.692449888,65428.29724902,46366.0536285391,32759.6817754497,80667.6768727471,130259.191094455,108554.190848197,65612.5324969272,46681.7319181024,33113.9884818211,82566.5121825809,128881.211983325,107904.12596518,65599.8919577115,46851.3048957382,33363.6164293006,84251.1054843094,127264.728595478,107127.544201106,65514.6330665879,46953.0895289864,33557.0146162172,85810.4124611266,125668.181762309,106372.624875048,65486.270301323,47100.4716246583,33779.719856244,87445.9308644583,123939.088709696,105428.845886707,65353.1072700919,47187.7619767249,33966.3027265174,89004.8834885578,122545.376997729,104644.768116401,65270.2921246169,47317.3574418594,34191.5625416997,90712.3367830593,121150.144508685,103916.328187474,65153.8006893509,47404.9127295302,34385.3202374358,92395.3403977664,119491.292182412,102980.581398619,64928.7946543483,47393.776991943,34494.6765881717,93868.9683634506,117761.371121237,102023.473351481,64712.5926856512,47394.1639769184,34607.9503260236,95341.0706026418,115947.453149172,100942.90211276,64447.7896964841,47369.5795975958,34707.4143250906,96778.3981244414,114348.714564368,99923.2878464089,64189.2899655923,47361.5224775287,34827.7192345861,98308.4360908743,112829.8950398,99003.936265342,63923.3051757054,47335.5794923125,34937.2137893867,99867.1953910484,111018.591868512,97884.5498717798,63539.3048154978,47200.5319645064,34955.0013588282,101192.146701758,109116.316446023,96676.8010605873,63134.7487632945,47053.7807050821,34957.8739824024,102463.920517246,107397.224179283,95513.8252627504,62763.2951438155,46944.756555961,34994.4054502262,103841.475328101,106424.810414833,94732.6892341021,62544.6986066679,46953.1430777822,35125.5538639585,105549.450950778,105702.558683557,94269.9884151546,62364.7568454638,46946.9700336455,35236.5377328761,107254.540303967,104700.985051359,93629.1980372131,62092.0293655507,46814.3269118087,35216.266692083,108513.63379917,103640.985004676,92994.9485171145,61877.2044743154,46725.8510379557,35208.3698246088,109667.000015807,102536.026545383,92324.8437903425,61687.7661491508,46675.5840023329,35232.1092196449,110796.609529989,101292.716310941,91498.2628741071,61406.7340607342,46576.2139420299,35231.3368121225,111794.724740411,100037.053637924,90654.2501419931,61099.7262585385,46464.6470324287,35232.1384843739,112805.917753397,98777.73592623,89803.8664981487,60782.8615906291,46343.639484105,35229.510979203,113844.149143249
877,274346.04376083,141066.079910598,55125.455119143,30255.0122598733,16462.9521029628,23746.2671174149,253213.774920633,132763.649565571,49764.1352846124,27294.9968960159,14876.083445154,21705.3313634897,253157.387135844,134801.150084084,49445.8287181514,27273.1551970236,15006.9983169169,22134.2042902166,250171.946253809,134974.496458873,49413.5787631257,26868.2097537322,14729.0557589649,22103.9387482132,249580.381475134,136536.00151217,50623.4825804764,27466.5574775412,14950.5960733046,22420.7422970214,247079.541303921,136369.67406277,51149.5430556903,27897.5999002862,15201.4161948188,22663.3983506285,245894.751833682,137251.016452547,52066.2688257046,28554.6947311401,15638.0010340918,23299.9879602736,243482.282043959,137052.580071009,52526.6244170671,28979.2212345906,15957.8908440848,23853.2427999677,242540.1340286,137752.804777611,53328.855689033,29578.2997535832,16380.5165408018,24632.3063955831,240662.279317749,137734.449979129,53773.2397392437,29981.4106039771,16690.8409565978,25272.2921556704,239244.590197894,138215.019315485,54447.8039411671,30492.5323642972,17057.8797294635,26014.782917777,237063.441965815,138091.525028309,54904.3260753663,30897.4056070805,17364.4081462988,26660.9745215695,235141.517216645,138256.263209396,55492.5621591423,31379.5007915285,17721.4800143582,27396.6144278534,233365.653098651,138157.126646797,55971.9376181013,31812.8858602707,18055.1390651023,28111.6269738711,231692.090067272,138300.4048329,56473.5170360666,32250.3245804079,18394.8410294397,28861.2976994027,229408.759474878,138064.458159237,56861.2647227628,32612.4758614565,18684.300707368,29535.7824993422,227209.253789245,137932.307045562,57327.0837622268,33030.5024828612,19009.0534595925,30266.3167433035,224552.351643518,137460.406749681,57659.6887247869,33384.3358735178,19303.1627768474,30957.8075478134,222689.251580168,137269.7295518,58106.1316982835,33809.7991617249,19645.4180042699,31751.369777483,220484.485649618,136904.298884604,58389.7748215844,34135.9528953401,19931.5275652262,32480.0471314252,218195.833223573,136553.94188154,58713.7813172608,34467.3125192359,20213.3093731416,33209.8486753414,215565.000189629,135995.150546363,58975.4359080535,34773.5771634071,20480.3304322804,33910.7462477707,212756.80873032,135336.179513597,59215.7389422932,35076.3455719712,20751.3774795576,34625.501853566,210326.134012302,134694.897563355,59464.8561668317,35395.2852974074,21038.8094543489,35388.5517825453,207961.236506649,134109.635732814,59658.3906065357,35678.1959876411,21308.9464686417,36152.9433024675,205168.81059911,133341.234292804,59778.3279090018,35899.0920263102,21535.0988350889,36855.8172788229,202244.767142257,132487.20779593,59912.0265462549,36134.2699824512,21767.8406136696,37566.3231272138,199296.499023075,131510.601098712,59997.259691399,36356.0853815502,21999.8299055038,38283.5251959078,197852.791977229,131004.122172567,60234.5349016427,36676.2540624018,22299.1378121109,39152.5510210186,196593.934714085,130705.233838314,60347.9261579359,36890.8422985956,22529.9284127202,39940.0767297619,195128.455420846,130356.845557339,60462.3143707613,37051.4806251503,22699.3707281596,40602.243355974,193577.47729046,130014.554809423,60630.6246687482,37250.6860911466,22880.4459556734,41229.63430801,191702.95010022,129454.478679682,60729.1587109837,37421.9155739494,23048.8231728324,41799.8211630168,189782.673137897,128874.769845234,60834.3587337936,37608.4077223326,23234.6545784694,42398.7408562802,187744.670756663,128172.471206062,60884.5993046514,37768.4715167119,23410.2726201867,42993.9799584953,185669.171938509,127451.769292947,60916.9893523186,37918.9382751219,23583.6466146078,43606.4399728855
878,276667.978937287,111344.164315159,33931.2825288819,16643.6284328376,8159.10860038517,18849.3961853774,238661.606458008,93744.9551678948,28162.357991136,13918.4376207747,6846.87250345672,16341.1454434739,251629.624674658,101831.670581279,28878.7272558592,14242.1180336693,7121.39245706347,17464.3328331625,247663.851972678,101237.656509273,28720.8966379107,13803.1184051658,6776.50840193688,17133.27017406,248403.031969663,103028.167176457,29486.3049080483,14124.3627274762,6847.04147299989,17246.6264033108,247450.137314803,103762.79308852,30051.2700847562,14446.7415300557,6996.62881794132,17389.5675307229,246849.934312388,104669.775076071,30627.2094876436,14799.1014676026,7193.63421051518,17671.839751961,246075.128940594,105429.540375623,31162.7511156788,15132.2689275699,7387.89032714138,17987.2844521748,245773.509627613,106286.423455202,31709.0168494328,15472.1570758055,7587.52039524466,18341.3092009044,245064.848372836,106997.049401055,32192.4332526884,15776.6372239506,7769.27415014981,18670.7355042787,244268.364867859,107718.765753926,32699.5478213575,16091.7747719475,7955.04613198045,19004.5663117447,243220.406598224,108333.438260994,33191.5207809709,16405.6763388827,8142.35053345438,19332.9665578113,242069.371671526,108888.818970525,33677.4664216164,16721.3463968962,8333.55283378026,19664.9499150146,241402.547148698,109532.180376531,34181.4193418725,17050.778623265,8534.54160805252,20025.8299584237,240209.366858783,109987.855818822,34601.2377626316,17333.8592782634,8712.67848258063,20348.5501735453,238909.624558761,110468.891880735,35057.2171351967,17633.3457843333,8897.40143209065,20677.532400177,237311.225553341,110805.899557724,35490.8284318945,17929.9874118153,9083.43139501709,20998.5640244104,235664.198019379,111098.407532854,35919.7893006367,18230.1202747504,9275.13909231347,21328.3630683436,234524.759712325,111480.537306226,36364.624935704,18542.7887230814,9476.35889186305,21689.5628673719,232924.096029485,111680.501824614,36717.3210884137,18802.8373650817,9650.71706014787,22009.3240834938,231307.376616436,111936.476857202,37111.1312492071,19080.3545947789,9831.46529150189,22337.4839900865,229266.591105386,111999.100294103,37463.9858218874,19343.8679471666,10006.9492627965,22644.4434704361,227185.026143922,112039.066380436,37825.6941244868,19618.4547487358,10191.942307548,22965.0496338916,225477.535002803,112115.267995751,38192.4156850708,19901.9395642075,10385.5107262037,23312.6770817685,223513.242690896,112074.903170952,38482.640553672,20141.5645551408,10557.2262524661,23632.4031056741,221276.525612906,111992.682996086,38776.2262030153,20377.1828951764,10723.9958667812,23939.5671615723,218860.08895364,111806.716366968,39067.1910261114,20618.9773053185,10895.4427886362,24244.8191708445,216700.576829077,111612.816085632,39359.3000357247,20869.8064118497,11076.5993348194,24571.1745553168,215909.773747581,111764.831237577,39708.0525992322,21152.7540860229,11278.346443509,24973.8293976673,214753.834907456,111736.454766363,39887.3091985673,21322.5829636624,11414.5042381932,25284.4322733347,213790.076122078,111931.733292878,40163.0353418843,21522.9909005451,11554.1816871547,25594.7353940796,212370.613475427,111877.733199522,40387.7207066362,21702.5316578485,11680.3074197308,25852.8301623458,210925.122997164,111861.364162154,40637.3772522856,21903.7309000426,11822.1266587413,26126.2920951965,209256.397363559,111702.886695296,40851.19458174,22091.3205330486,11960.3759384292,26389.9663327289,207566.59072549,111539.384496656,41061.8504214393,22281.0318616248,12102.8623965817,26665.2596395192,205734.984490329,111289.853222507,41244.7572886126,22456.953907381,12239.4190628586,26933.7813749375
879,202067.443887825,95292.8677260851,34331.7341961873,18116.4817164069,9488.09621984229,15127.813942225,183962.13759981,86462.6590096635,29760.6849922262,15705.5475035904,8223.76892714052,13362.7883158342,187930.252867356,90924.6184037298,30162.1331187134,15954.6003368199,8475.87566756493,14021.9426892759,183347.159036211,89330.7889198137,29470.2329542964,15297.1270560728,8033.69680622112,13573.4574243308,185012.39747385,91985.8645641322,30796.7416607856,15896.304766833,8262.42189072545,13893.2900513193,182083.281549898,91070.5102765013,30841.689088242,16026.5647178973,8329.05268457622,13835.9331782188,182343.7844893,92547.2536041139,31726.0101562993,16563.2032421517,8653.49239473806,14292.5874004399,180168.950119451,92119.2997740366,31908.380452956,16769.2157442629,8807.52966314317,14519.3403174567,180154.389107847,93136.4260906426,32602.8167652353,17218.5451215146,9095.97539992727,15012.3342464172,178619.087905958,93043.3494264728,32854.8947960692,17447.7319770442,9263.93048827905,15322.2831542555,178002.941901695,93739.1422070655,33419.2404501709,17824.0707482189,9510.09836823851,15769.4730623166,176407.638384742,93703.360946499,33729.9875177835,18082.2918481918,9692.66816899844,16106.8700999674,175341.157793886,94111.5805298869,34216.7385777993,18431.8887423419,9929.41526366845,16539.6404603502,174153.107382,94167.6040320759,34567.0689844847,18719.607418986,10134.8643524259,16929.1001329206,173127.359224808,94484.6968189193,34972.9419524662,19028.2522914443,10353.6866226645,17355.6154944606,171591.536125434,94484.8990513075,35292.3344998307,19288.2463312129,10542.0474635146,17730.5036601213,170155.947014983,94599.2149970378,35675.6420654653,19589.7507619414,10756.3608747641,18147.0763420141,168388.777106133,94463.8226868272,35972.3547311775,19851.971466025,10952.9314109136,18538.1233816982,167236.582884091,94548.1559231527,36345.312347418,20159.8399631955,11178.952187761,18993.407881848,165719.874036048,94447.8666808175,36595.766504027,20395.3892950814,11365.0806023736,19396.8568585248,164224.716549878,94422.6613372533,36903.8839597506,20654.3373115359,11560.3752874034,19818.1390281697,162391.767864107,94190.1539500626,37147.6111847375,20886.0731261044,11741.5840930745,20211.2528937082,160520.974276078,93956.6641059173,37407.5108236036,21132.1508086897,11935.0719636716,20628.5999091426,158897.00281889,93697.7067592567,37653.5958479984,21378.4071613479,12132.9259433045,21065.9721136602,157267.213210006,93468.2064478129,37862.667122213,21599.2812079921,12318.3775112347,21500.6218245514,155322.765893758,93111.7026915873,38035.5878287002,21790.8877430887,12482.9278663384,21903.8676556216,153302.746528668,92707.1864903777,38220.9885999331,21996.1126586173,12655.772522018,22317.7961871532,151329.091773092,92221.3802333847,38376.2390276222,22193.3174669592,12829.0520248121,22738.0876193432,150497.835830172,92084.8175966829,38621.1653234443,22445.7212660987,13038.8394180427,23248.7624568835,149565.731605693,91945.3753740127,38733.7709040524,22597.2066988091,13185.0207239957,23673.5108271908,148647.686798119,91893.8581907112,38911.0546712135,22758.120369643,13320.1203870784,24067.4579653783,147500.255691486,91711.2347024943,39062.4049864006,22910.6979456492,13445.6651203612,24413.8186448794,146243.71951636,91490.2152277786,39216.264719197,23072.6588401257,13580.5235069974,24761.392626748,144876.124590133,91182.0769718241,39344.0343002156,23226.87410384,13715.3425964889,25108.8765967504,143471.436466054,90846.1114304419,39459.1308449574,23377.2039294084,13851.6475764013,25468.4304883572,141994.950336253,90453.2715797451,39549.0398977236,23513.830876642,13981.5794239619,25827.35818755
880,354806.723221605,66216.7275155174,12717.8024821904,5310.20013919666,2328.63719853496,8482.86717627124,332425.751216353,63241.3448546396,12264.1902386903,5251.67740483601,2325.15092295493,8357.18048137662,330714.61966413,64957.6687353773,11499.6515069492,4773.27743702706,2152.09852166077,8371.57898832723,329824.081419116,65391.7756040761,11872.5115618383,4814.39907926306,2083.76492446982,8358.18782886991,328839.194190146,65699.5264808386,12010.2840061918,4894.6337210724,2111.01871624417,8416.79299531425,327520.796559119,65974.2533261139,12103.9705058379,4939.48325191316,2132.85217772932,8502.90753964395,326131.976262215,66205.5881320815,12188.7234555557,4975.64712536362,2148.29611772443,8590.83493119778,324698.951611078,66415.2765986527,12267.3161945424,5008.22050980355,2161.28583527539,8675.5844860988,323776.794068745,66633.3568426303,12341.9083844628,5039.17534628473,2173.37729740795,8762.14023804165,322668.769480058,66886.8115471713,12416.6836823365,5068.38670154845,2184.2881132184,8845.26210160565,321332.793341508,67099.4327275374,12497.1537565705,5100.51342192137,2196.04204661951,8924.95571286621,319754.374104185,67270.4756829595,12572.3870146446,5132.30026686904,2208.3035448859,9001.65942688405,318044.310504942,67396.6483055102,12642.5721786895,5162.47983828931,2220.21096004502,9075.32424124977,316837.1288378,67524.6746760532,12705.5227685636,5190.36033687716,2231.47194231889,9151.68789109195,315340.81151447,67685.9748714891,12766.9301791501,5215.30742139636,2241.0281559692,9223.6270401386,313508.947820009,67789.45664797,12833.9962449969,5243.19461212617,2251.33603108971,9290.85334806105,311432.436564204,67839.0466035612,12893.3801725913,5270.18240075911,2262.06223623912,9354.78325128876,309250.540406484,67844.2343877029,12945.9787226433,5294.64258777606,2272.05830523241,9415.53143080872,307632.581655573,67857.6990520072,12991.0043528638,5316.44239056303,2281.14814577159,9479.55143101378,305763.715721694,67911.9565286765,13034.8345808061,5335.03745655931,2288.28285927218,9538.87102283239,303672.124962276,67917.8425305912,13085.3326535599,5357.05700084713,2296.32483528505,9594.33654494778,301263.06323795,67876.2822308032,13129.588760131,5378.47954659888,2304.86778606524,9645.65160304988,298692.046512734,67779.5797994192,13167.8132962049,5398.21851919156,2313.09389857002,9693.33890541515,296549.869733209,67678.6213408195,13197.5680933467,5415.16361414623,2320.52107143,9743.21937304509,294324.314499995,67613.5279741474,13223.8529200104,5428.40361830301,2325.93939275889,9789.81457124187,291690.001599281,67508.2252691805,13255.3707190208,5443.57673830954,2331.5166531665,9830.05886072645,288877.571208073,67339.386633189,13282.7652832554,5459.60885984681,2338.11459260905,9867.16641179417,286335.470961658,67143.1231406569,13302.3798516879,5473.23736261012,2344.35837072763,9904.10787148889,285294.419011781,67049.5926021195,13315.0452122226,5483.60787295683,2349.42875230072,9954.59780551722,284306.879521253,67115.5504814433,13334.8092309793,5490.07513143449,2351.18179737226,10002.040606487,283181.540804126,67169.3734482978,13379.0410715364,5506.92735568187,2355.93606241486,10046.603737337,281804.066569586,67187.1232986653,13423.5082751714,5527.79163500845,2363.81405612589,10089.0465181389,280180.867619032,67158.6629556567,13463.6241941918,5548.48355729162,2372.62434747786,10128.828935579,278422.155512589,67090.129171639,13497.253443584,5567.38792830879,2381.22965787658,10166.1328195659,276567.070717788,66996.1818291099,13524.4659029527,5583.72130989798,2388.94225778268,10200.7065740898,274610.324145442,66879.5806655956,13547.3469407505,5598.07803453577,2395.75769498719,10232.1363149291
881,139624.93228268,108575.266808041,69583.8145153189,50548.3660747568,36480.9062552376,96452.4441455588,135667.052857555,110113.597862465,67376.7890967967,49089.2874374606,35585.8816900343,95200.6790845246,118112.803789422,95311.1547246546,58897.1052765867,42593.0020774131,30771.3057734083,82636.5737483712,128796.136908775,107458.693512329,66615.3170768111,48195.3055858809,34887.4233463736,94305.0606111812,124977.596993357,102967.821096269,65313.7679925969,47501.5199032424,34419.263310015,93740.5020697555,119490.492084671,99218.6117693799,62627.8559193302,45880.0336998539,33455.1287950549,91901.7484363231,122522.930843357,103136.408156884,65703.9309776453,48160.9753811987,35234.4686773041,97983.0861977017,119878.765716662,100697.110649616,64921.0250769826,47853.9127995707,35121.2638643247,98782.6153006545,117369.791917694,99106.1242599635,64007.8289173153,47425.320683024,34990.2888689616,99639.1409100682,117920.910982987,100277.520360945,65171.1346831097,48407.4331287875,35847.4456264375,103503.27501702,116228.081240554,99037.0032114002,64827.3211244197,48336.8168511422,35912.2213432279,105075.970830308,114311.680810011,97924.911628379,64361.230130193,48165.9969430152,35918.9554143691,106475.05421326,113502.481647255,97807.0656698733,64699.9709987471,48564.1504119209,36333.6253356163,109122.112890411,112203.623230242,96921.8335912698,64544.7078631432,48635.0113218737,36510.0617121495,111068.136690407,110826.13545429,96120.4795282481,64272.5776680066,48609.4095025555,36627.404368566,112891.458118035,109619.337737456,95554.8850603738,64222.4870278639,48707.9002311614,36819.9678736609,114993.419920383,108131.606917205,94660.1569466879,64003.453448308,48696.7531971056,36922.2641508765,116797.237916449,106502.804020021,93658.6780124221,63684.7510771014,48623.589011287,36987.6093433877,118489.816189446,105219.843563789,92821.889439182,63476.4489901577,48633.4217488666,37120.6934716378,120447.217877114,104049.614754717,92118.9822561169,63276.1868722514,48645.4142841589,37257.3286757606,122482.290899806,102577.162656242,91173.0083340919,62916.6581816564,48506.9360193145,37267.2416671843,124136.27458448,101026.698039757,90190.0624879255,62551.6179954183,48364.9333287388,37265.2508596076,125733.125260165,99439.8344030569,89174.6325876968,62193.9089870502,48236.8268750725,37275.7925846623,127361.126362346,97948.7440906448,88097.1237540989,61789.4549389906,48086.028241991,37276.4265093427,128976.726754387,96620.8560173857,87185.6173438561,61413.699545191,47953.7242948582,37297.6139404086,130726.356388333,95124.6449061276,86186.7656011352,60974.9927960299,47744.2104737166,37248.3256118342,132277.615435395,93417.9728568418,84991.4130693496,60436.4851484682,47454.6613108209,37126.0374668016,133557.103051139,91787.6411536027,83812.008079839,59917.7622786453,47193.2426578209,37028.6446437368,134912.694143851,90796.2825944571,82925.8250290649,59556.7000471761,47062.1811450921,37040.6219759379,136704.076460594,90245.6751480481,82516.6917491349,59346.2488498543,47022.4897334718,37122.0531801548,138826.254382127,89435.4903173796,81947.7464040723,59029.6502955573,46830.3896542746,37048.3330026229,140349.979596722,88429.3759490802,81247.0526856056,58670.6570292927,46598.8687708131,36915.2138000143,141474.164990131,87464.394712344,80616.7139695086,58413.3885527559,46464.7905398955,36858.1515511377,142707.550481892,86456.7680838696,79907.4060631343,58128.439614913,46332.1230992683,36814.2675101541,143888.150979846,85333.1283777069,79075.967393787,57737.3074579726,46127.776408444,36727.5920017316,144884.460416698,84197.5812570358,78237.8237430914,57329.6675140677,45907.5746224806,36633.9227296949,145887.659979519
882,361269.117868547,62863.6314670082,12194.2761433524,5404.61761626946,2696.90440131631,26544.033470698,349133.234654954,60065.6678427641,11759.0254192467,5342.75484698464,2690.65607252077,26481.2185877986,349237.120857587,61370.5698573179,10991.4144940309,4923.0426135535,2541.68360804692,26803.0892580445,349327.179510029,62074.0914830244,11191.8951013315,4863.39530326236,2445.42016276582,27093.9264619552,349254.22803576,62621.876626681,11341.1481102354,4918.28120584157,2448.2073232939,27433.7538040474,348913.71309787,63135.4905342114,11466.6097448103,4968.32894395462,2465.92391943019,27802.5799056982,348480.270214737,63617.9753637356,11586.0745949222,5014.98108626223,2483.46064269272,28178.6829054992,348080.101817978,64082.5455320932,11701.4713148633,5059.57656170331,2500.03691773404,28554.0447647896,348126.168434782,64556.3287712679,11812.1984770436,5102.28687332829,2515.87247882783,28938.8711824847,347929.357888436,65043.0641272506,11922.2393884688,5143.05784866676,2530.25053706914,29309.7409717165,347487.381016297,65500.182716304,12037.5495844397,5186.45385571087,2545.3070936383,29669.9316929003,346800.669866729,65922.7368920896,12150.10619679,5230.23675586066,2560.95827113178,30020.0642173154,346056.398426409,66313.3605870303,12259.7770028611,5273.37598933224,2576.68137285299,30364.0709994714,345776.928119357,66709.8676776456,12362.311299026,5314.1640640712,2591.88171220093,30719.0304143207,345118.744606218,67112.0527244562,12461.7979069194,5351.52560480597,2604.94494993173,31053.4494685207,344117.09862176,67470.9923822886,12566.9984483806,5391.70560609001,2618.65149011588,31373.6656208321,342873.58569675,67786.5980648979,12667.6309724224,5431.8911082465,2632.90835286455,31683.7426825404,341587.74141318,68068.7695080205,12763.7039960309,5470.55412635376,2646.8467115545,31987.3654185025,340841.125543936,68362.5791030299,12852.3383446834,5506.51474314427,2660.00821913694,32305.2920959112,339737.729827281,68661.5947597868,12936.2724685049,5538.01298349386,2670.43046695382,32599.4910346785,338394.364109009,68924.1252500643,13026.5591833394,5572.56301876176,2681.52335630169,32881.6394559778,336695.926225097,69141.8410347989,13112.4985378743,5607.03114057122,2693.0199179043,33147.2646133975,334890.836411578,69317.7504504259,13195.353565847,5641.04323658205,2704.70016717101,33404.78997586,333530.408923157,69496.349428471,13270.8292365843,5672.71361979595,2715.91899097973,33674.2223471435,331955.35322426,69677.5973497769,13338.2569506799,5698.95596650553,2724.24948465578,33924.1240375653,329926.771212597,69816.1733921131,13410.0246937731,5726.49799712464,2732.26387655192,34150.1565159466,327713.839782291,69906.0310558999,13480.3958223492,5755.75538442353,2741.4600279057,34366.7218080904,325957.629181564,69985.4963226117,13547.5562269792,5784.71721691354,2751.28632176835,34593.522734902,325700.724634399,70165.2145940802,13605.6781427561,5809.76592673185,2760.17104983542,34871.3053487572,325231.24067536,70403.650838197,13655.9958488305,5825.58391493254,2763.30372005294,35112.9371674448,324563.678252405,70629.4477073811,13727.1275988573,5850.01338669515,2768.73303216028,35339.343659429,323601.090241336,70816.5610148508,13799.7382105756,5879.00044341613,2777.31797009261,35549.615837071,322395.858172533,70963.9223937284,13870.0266900434,5908.97671523968,2787.55155429804,35747.5513078265,321056.619014719,71078.886167853,13935.2834601062,5937.9272107809,2798.16855541824,35937.0337829372,319598.78952916,71168.2506062068,13994.7904207563,5964.58004452288,2808.12494498257,36116.902197853,318036.68883455,71234.5212592041,14050.0525589029,5989.3086053901,2817.2358622857,36287.458114032
883,389822.712069673,84092.5578198279,16790.1850600036,7585.26420849465,3945.72189247479,46349.3079462234,371664.361554379,80682.4930383356,16414.0435540536,7494.4655794082,3909.90256119978,46321.2152183493,370647.387931677,79619.0328254293,14661.3912420163,6875.59386984877,3739.91742905828,46682.887952406,369861.84413032,80416.1684018027,14484.7028905176,6474.42898303275,3476.01689971209,47045.6590912742,369101.142243291,80929.1635655653,14610.2419228816,6461.62813750121,3406.957607966,47479.6127568929,368023.907374408,81379.5691386942,14727.7834701082,6497.35054044784,3404.98970957379,47981.3870115749,366833.828346079,81764.2672831642,14838.8630782206,6536.68041651979,3414.43321753456,48506.2004220671,365538.981108933,82115.9144580183,14940.1869312269,6573.044140412,3424.33631331711,49028.0677735267,364742.020408628,82453.3871066992,15037.2985975995,6607.76957734855,3433.89312650441,49562.676681271,363834.67012071,82827.7842093994,15127.7389407903,6638.50164092849,3441.44122522789,50086.3519703105,362645.587328397,83164.2048173215,15226.4388179356,6671.68888888709,3448.9787177564,50586.469412574,361189.42700957,83442.5875297714,15320.222292246,6705.30139957221,3457.1067148284,51062.3175225488,359493.802589604,83669.2897713463,15407.2728191288,6736.96047299328,3464.85761258555,51514.1476077416,358310.764781999,83867.8112742105,15487.0003645418,6766.67371489401,3472.45967527928,51975.2327412213,356922.506355526,84107.1703765099,15557.2319324989,6790.71070570313,3477.42630410893,52419.957791051,355130.8121233,84291.5489168332,15636.3901588842,6817.12901635509,3482.07934568951,52832.7749617775,353049.483444107,84399.9970722729,15708.3321861662,6843.49731464618,3487.19742128624,53217.2420848069,350725.361242425,84451.855061059,15770.2232764565,6866.47246091064,3491.34834187782,53575.1017027114,348990.960404124,84477.2493176036,15824.2105081179,6886.89132914729,3494.92830365815,53945.8465693608,347091.812162382,84559.1937640445,15868.2354023291,6901.01982005934,3495.44338858496,54301.8869941086,344925.502791865,84592.1297240679,15923.3341700745,6918.23541189171,3495.79017907841,54630.3184709952,342399.936331443,84561.7781196811,15971.0174724078,6935.24412966063,3496.5036126009,54926.1232214783,339576.175959424,84460.2195945811,16011.2786808997,6950.0704924661,3496.65946642614,55189.7090664835,337167.351669087,84319.7179115786,16041.628987873,6962.15025787523,3496.35973078554,55457.395393192,334770.645553383,84222.1377453343,16061.3455517429,6968.07214736711,3493.33012474759,55717.0382347742,331940.045641933,84092.7329320684,16087.4493943176,6974.60461519352,3489.09609120913,55940.2473036817,328826.689592377,83876.3209752877,16110.7786662415,6982.57287147541,3485.58657542308,56129.6544854676,325769.452047022,83613.9825443598,16123.5729440889,6988.05595924362,3481.95054223119,56303.5234362995,324308.113933683,83409.771864959,16129.9332811102,6991.61810473111,3478.73691968419,56550.2249640633,323192.016689643,83432.6431259205,16132.9812367935,6988.10268632544,3471.75248368887,56822.1882868068,321953.562057219,83476.8387491403,16171.3182146886,6995.63756298969,3466.76950062797,57077.9996309231,320440.289038967,83479.3139462257,16213.742882996,7010.39128468717,3466.14081628268,57306.8780290882,318624.780183555,83422.3699099171,16251.6989211098,7026.03432150204,3467.58304433341,57505.8401687457,316631.690155293,83307.2563949569,16281.5351725809,7039.91494317939,3469.47490361282,57680.8828016775,314501.411328495,83153.6328123513,16302.3336567594,7050.40208939219,3470.51703696985,57835.2937444824,312252.1044908,82967.1886350455,16316.6824975236,7057.9505859147,3470.3045362451,57970.5853956565
884,352090.351579222,113336.615985318,29562.8347316372,13196.8253880832,5895.86095070882,9315.12814257945,336040.93350984,105143.968126662,28126.3138498504,12672.6333140471,5682.90948465242,9092.27174395783,336915.808421866,101677.04626088,24925.8688107815,11761.9854293496,5520.87212667896,9139.27351786512,335504.57057956,103432.206965879,23832.6614464601,10542.3027666282,4873.5546256842,8855.050110932,334831.185591502,104622.857721715,24280.6652364503,10475.191161157,4627.80497754732,8517.45087495725,333937.300173505,105555.898681677,24759.2467534355,10680.8974379799,4661.93173419282,8403.58854189513,332929.415156155,106363.259961709,25202.916342715,10916.7906419992,4768.1452226612,8454.30668945391,331778.396028308,107114.431762155,25622.5016523225,11148.4841793479,4885.65454230716,8574.42034244715,331084.831414515,107847.988794152,26038.2841011694,11379.4913363234,5005.3892266213,8722.83220934229,330277.248407658,108597.966564668,26426.9159334271,11597.2378807388,5119.86958040606,8874.82015483038,329221.655061127,109311.345137904,26824.9963583374,11815.9974680385,5233.45745499407,9024.98836306311,327885.331131857,109950.93227653,27220.3450941466,12038.7852745857,5350.33428241513,9175.8142914752,326294.242245832,110528.963323818,27610.8523109707,12263.1933980365,5470.0386612746,9328.40222405303,325160.294182858,111082.726891178,28001.8492077331,12491.5877945797,5593.46383411698,9489.13103664206,323844.300422232,111649.360388308,28360.155572042,12704.1821930905,5710.68114464089,9645.92417789701,322134.2266004,112154.779413424,28726.9199759471,12916.6973569272,5826.16488835395,9796.80664663344,320134.690053895,112565.606147649,29092.7663794158,13135.729807999,5946.50711444549,9949.01251693012,317886.070756574,112907.426545341,29447.839604671,13354.8483072151,6069.74974496949,10103.8068915746,316165.295368486,113234.697188117,29804.3957054796,13577.9791431863,6196.83710278743,10268.5682270447,314302.32675409,113583.664182813,30122.8528953502,13781.8785878889,6315.87657108872,10428.3783717272,312166.157972572,113872.915890655,30449.8627072479,13984.1993760735,6431.82474182522,10581.2419014719,309663.420447192,114073.615539244,30769.6789968021,14189.9323234972,6551.06386327698,10733.3598564377,306868.785091068,114184.786731823,31081.9259828209,14396.7012590979,6673.36962076259,10887.3500503055,304462.506642237,114269.620018136,31393.9011757608,14608.5073234429,6800.75254508857,11052.2456423529,302071.975348997,114371.479636481,31671.4539636497,14803.4181414842,6921.56492448304,11215.3146990593,299258.896556346,114408.676893647,31940.8264943858,14988.5475556928,7035.64502025266,11368.0380904633,296127.602584263,114340.85886666,32213.2396449337,15180.1187166317,7153.58953683241,11519.884657194,293036.937754185,114217.440900641,32478.8259830145,15376.252678258,7277.35875845141,11679.4984137409,291481.972170325,114225.137830651,32757.9058617595,15581.4776669302,7408.13237273058,11863.7416585457,290308.807133913,114422.95184836,32971.0133177256,15742.616033824,7515.76896880506,12033.842170298,288968.961736885,114617.416552377,33199.6894437737,15889.8002499426,7606.8486513333,12177.2994185093,287365.283719816,114755.952421517,33438.7112378266,16047.9127527957,7701.91014566654,12313.3637752833,285469.885414981,114806.752688687,33667.9810433428,16207.4975168829,7800.5698943118,12448.4093840544,283401.248537008,114790.601042428,33890.5275125145,16368.4883445008,7902.73489283957,12588.257911839,281200.139397099,114718.492954059,34098.9674788159,16525.980954847,8005.37643872883,12730.8811316951,278883.3891259,114598.711784743,34295.9780505531,16679.1549018611,8107.12762131305,12874.5947674604
885,330245.618233176,72965.6174614177,14875.8486170229,6220.04838962446,2672.22465918757,6138.01115808805,307277.767825648,66088.8167361871,13837.6884226339,5974.29645582261,2605.460551985,6012.47949931848,305014.309984277,66352.5818813865,12009.6088353584,5113.73484425932,2318.13284561125,5955.1068277035,304146.517374594,66980.501337922,12009.4521258367,4837.98465337572,2078.79481711394,5801.38723001517,303429.679166134,67456.9506588759,12153.2381265509,4857.03102370976,2036.54297948587,5736.69602553936,302499.93959036,67886.5239335493,12290.0281627108,4910.02042243026,2048.73881829635,5755.69545087486,301536.161730123,68276.3425704577,12421.2137129049,4965.55929884564,2070.04495579352,5809.53524383421,300578.609447289,68648.5073949953,12547.5727262453,5019.60974490495,2092.09061101422,5873.88818756227,300074.912737898,69034.3288420829,12669.7724399306,5072.14449346581,2113.6986547666,5942.87875572219,299422.381952627,69450.1129361334,12792.6218831703,5123.24323532828,2134.32627806492,6010.60768229884,298566.58439802,69832.7861772071,12921.7072224519,5177.66265917621,2156.09919330595,6077.11354052555,297492.061154275,70179.124510207,13047.9589628629,5232.72756452289,2178.79666368907,6142.70604720674,296347.252768594,70486.9640838918,13171.3428507417,5287.37999546422,2201.71699601394,6207.51257733565,295660.382787291,70805.4607497061,13286.9029941646,5339.53093423897,2223.95168794131,6274.09408187235,294707.753209634,71148.0612316149,13402.0064033169,5389.07262145175,2244.55553327519,6337.31096500614,293444.924700641,71441.5959561744,13523.6230072106,5442.35022768768,2266.4221845871,6398.28743815324,291993.552340053,71688.0921281412,13640.7539352568,5496.10844965934,2289.3349969249,6458.50264764139,290436.221017525,71896.1678672249,13752.7633812084,5548.35410463592,2312.05228169294,6517.4216115857,289415.086996165,72115.3791877327,13856.998498967,5597.99814531168,2333.94085679394,6578.53276848836,288142.229934796,72363.7993316308,13959.1193488164,5643.93055878569,2353.65991221687,6635.53008512526,286669.77403178,72570.5708138,14068.3093556371,5693.80418623438,2374.63113394536,6690.64515850937,284913.560098807,72733.972875916,14173.7741624162,5744.15383360153,2396.60066448203,6744.102095235,283016.741802536,72847.7609631253,14275.7480849445,5794.24287834303,2418.9722899156,6796.32998142995,281520.888074051,72960.1063848476,14369.0313616976,5841.72851219076,2440.74238254113,6850.27329640219,279897.737249386,73097.0347059987,14456.9049418269,5884.59346228089,2460.1223132079,6900.78009826284,277904.042091849,73190.0502490654,14551.2109995315,5930.13702508629,2480.05648207978,6947.44486531186,275753.388550102,73228.6249715471,14642.8509039235,5977.53947038939,2501.61875065256,6993.36938701684,273925.760029614,73243.1277097337,14728.5302759755,6023.4665931107,2523.29077471639,7040.42918497832,273396.518740711,73357.534199972,14800.7532314384,6063.13702206895,2542.49941885732,7094.08765210267,272826.159908344,73582.6109340309,14872.1861026969,6094.7838462813,2556.30705641642,7140.83312639152,272101.134159926,73790.4758877363,14964.3614444239,6135.3749249134,2572.54793632562,7184.95339640834,271122.320778255,73959.9204307114,15057.4717036029,6180.09712241135,2591.91835537367,7228.55828015733,269940.473430312,74085.3766304687,15147.7192671654,6225.57757415786,2612.68393580926,7271.91229640082,268641.561884501,74176.7962362566,15232.4859879833,6269.86978467487,2633.58670832179,7314.62864279081,267240.091538404,74241.5716561496,15311.9868447318,6312.17576987058,2653.87341901934,7355.76743771347,265750.078789408,74282.7498385084,15387.3404335089,6352.91303367603,2673.55224067331,7395.08231492922
886,138064.504205214,109399.234451009,62199.2457898262,42018.1923264545,28139.6538364738,60155.0435551964,117610.424020545,95044.6026764979,51804.1988964925,34934.3947292404,23452.4075425945,50643.2340361571,117340.252871933,97284.1954579961,52554.4943782711,35527.2458113315,23938.2544997076,52058.7209013084,117995.281316483,98543.7754394888,53894.2924777495,36273.872506307,24477.6859491678,54004.6724073499,113872.032832562,95434.2147410117,52521.5785577471,35466.8194372529,23939.3173632704,53333.6691013578,114976.106475264,97685.6129949879,54229.2036741316,36722.1195599571,24846.373126147,55790.3919753709,112499.981956468,95708.3570198758,53754.8023632283,36599.606589576,24850.3097519426,56233.7920700726,111605.552730591,95783.6082710476,54117.4505751077,37043.5763981264,25286.1978862073,57776.7662058134,110809.637870282,95479.1883338005,54432.4905184953,37422.2957329613,25660.3725958058,59305.6775098829,109526.207793291,94847.149225204,54390.0438059089,37566.691827611,25878.7692302775,60537.7334641299,108594.180501352,94622.7729251874,54625.0955726524,37866.2302205864,26190.6792214773,62028.366881335,107335.960306358,94020.4114409327,54677.9286345123,38052.9359348585,26419.3645628241,63322.965566078,106010.902180269,93396.5295049704,54701.3454502848,38226.2139499262,26645.3530499241,64622.6075868659,105037.029716267,92927.9334026172,54814.1518228114,38465.4678626695,26920.8115202006,66074.5817169041,103967.095023478,92425.0138849325,54833.3058829787,38632.7363841408,27148.0251022918,67449.4077762875,102659.055117597,91759.0398812739,54779.601686577,38729.8639466224,27316.7045377678,68695.8896576845,101348.291157367,91085.5881621985,54754.2007076351,38855.2626336004,27502.8260356395,69981.8258979552,99917.8121680249,90270.980902225,54650.6930958757,38936.6278584034,27664.2270653138,71217.5580730824,98774.0589564444,89567.3220877567,54584.5792973777,39050.3394659446,27855.1020467793,72567.042908845,97659.288820639,88964.5291015119,54505.9049975446,39141.9815399648,28030.586930314,73926.0454283927,96307.5748555108,88146.7067028033,54322.2159241403,39138.7655196421,28126.4722299475,75091.0278533311,94919.5365789405,87336.7132022229,54159.2598795847,39156.2278279635,28233.7590423382,76275.0717926172,93416.0910141893,86389.6545555964,53937.8521210037,39140.1737468531,28320.6037663562,77405.6017844464,92104.769585203,85487.9315811312,53721.5126770006,39138.2579895957,28425.1712608375,78612.4430352668,90898.3499123558,84723.8055542232,53521.3357759487,39138.4744417376,28533.9533199181,79881.4509443535,89438.3314208835,83760.6208799409,53208.4359008495,39036.3780412591,28558.0949782453,80938.1022943221,87899.7420694835,82728.7551622313,52880.4247730159,38926.3939258927,28571.2704080042,81954.3176128552,86439.3678385526,81694.9571325291,52560.5867663006,38833.1423099086,28601.1231180235,83021.5699464708,85622.9852038469,80973.5003466811,52365.743135963,38837.447670741,28709.4675282607,84356.4630767334,85076.263556324,80627.427808987,52244.7510590256,38860.4818118039,28825.6689336338,85768.9141249621,84259.6431857733,80064.1176208179,52017.3809958581,38752.4021891675,28812.1525246354,86762.6611840715,83401.6517373153,79522.688402265,51845.0317393644,38687.8183489889,28813.863138761,87683.6117963539,82515.4717318352,78953.2988010845,51700.1553583412,38659.609591129,28845.1836758188,88595.9256013224,81509.8725900995,78239.6304147344,51467.4452892229,38583.2973810587,28851.5518006538,89389.811148415,80492.3827193468,77517.691014215,51217.1701635215,38498.6595685518,28860.3998450991,90200.6209355127,79472.3978701494,76784.2302547682,50958.2760707211,38406.287349358,28866.0596498003,91031.9382848382
887,302946.140051242,92806.0874324164,24924.2528190648,11495.8792387985,5353.63954370367,15057.5444271931,288601.325412298,87544.771405501,23159.0628128156,10808.9207581577,5059.46089594493,14563.7253100528,287583.708791176,88317.2451623036,21443.2061570092,10014.3641021522,4814.00549921014,14604.0511519455,287257.582752272,89691.8298800452,21611.0039536228,9711.36841036049,4530.48621033476,14509.5125406275,286686.436067335,90640.2050055806,22051.9735574561,9849.47262497931,4506.10515295843,14472.242967738,285836.606608047,91449.927849583,22462.3166844104,10059.2850389026,4590.09079950174,14571.0750850105,284923.244950785,92187.8465540492,22853.7626663896,10273.4168539899,4696.88915573273,14747.2021077194,283984.473771013,92892.1667514493,23232.674754593,10483.7201281669,4806.41502582103,14951.4567845135,283466.066278536,93603.5550019398,23606.0711245827,10692.5649524316,4916.4359112365,15173.3711087078,282748.244722206,94319.7176817093,23961.9426056696,10890.3492230234,5021.14264633248,15388.6386601092,281807.026086129,94986.204435133,24326.7845512887,11092.0127030641,5126.76264906712,15598.5585958958,280653.506749783,95595.9095678572,24687.5368595451,11296.5525744839,5235.42831607546,15805.8498744533,279366.670867828,96155.2157776457,25044.4619925958,11502.2276547197,5346.36662490972,16011.7655104651,278542.34760214,96721.55294168,25398.2206246685,11709.5964353681,5459.80162018591,16230.2705027216,277386.354495247,97278.7930268568,25725.8121298781,11901.2078552887,5565.85934635436,16434.8893016285,275922.985138641,97766.008333589,26065.0482713714,12097.9170711718,5673.09996217049,16631.6136149483,274236.155481406,98182.7919545825,26398.6396442161,12298.418961055,5784.42487992084,16826.3158886906,272436.734258032,98543.4929137448,26725.0478651201,12498.8313084284,5897.91659402996,17020.3730287986,271137.204830762,98920.8253222489,27047.8199146821,12700.5364515205,6013.7985123115,17229.2115831795,269575.069743385,99289.5607318944,27339.7936715407,12883.1513587441,6120.35931941363,17422.9362215769,267774.815253593,99598.4442374298,27641.9773856038,13069.1846449357,6226.84459769212,17608.5177075717,265665.422757356,99828.5882675064,27935.2263694132,13256.7058343739,6335.969402059,17787.8125449614,263403.11450759,99987.676419831,28223.5009615335,13445.888800888,6448.17900868849,17966.1457705399,261532.680026044,100151.499376218,28506.8425377809,13636.9607623196,6563.71181463401,18158.6887487176,259529.579384808,100305.96802807,28759.1382126223,13809.540889028,6670.57550911105,18340.3491074137,257125.796795325,100386.69776361,29010.0255658635,13978.4944107876,6773.84566183874,18506.3354294318,254534.687329311,100384.392749987,29261.946236626,14154.3109034654,6882.04743862572,18670.4272688256,252193.729919999,100353.667454491,29508.096171433,14332.7039364045,6994.73433883743,18843.2679120847,251268.516356254,100500.365333041,29758.927228107,14514.6205827576,7111.1576668638,19058.6399245793,250290.847809656,100726.211256443,29947.115508516,14648.2818429889,7199.80731747992,19241.0745644077,249185.881691908,100944.810780397,30167.2621401189,14786.29164487,7282.68495539235,19404.7765432144,247818.244787225,101093.096816719,30384.4230379629,14929.9822286583,7369.02047174988,19556.1821884882,246231.16876318,101174.156009647,30596.1632573258,15075.9246581878,7459.26771323952,19704.5963194771,244524.366271554,101201.161079348,30799.213550149,15221.7696949355,7551.9769737612,19854.0286237064,242707.50820908,101183.204264561,30989.6327141701,15363.339105794,7644.2620096946,20002.1790323634,240786.122363717,101122.491826745,31169.8953308799,15500.7769961451,7735.32978518116,20147.4286154973
888,248400.776472621,84915.6290991354,18400.6773437088,8040.77816216307,3755.29607969283,24850.6872438273,226816.140498318,79090.7891773436,17998.8756770802,8059.09280438163,3789.18602828319,24429.442845821,228387.762411731,80022.839424851,16988.6328976083,7580.9543166688,3666.86561280007,24957.3615695897,229186.826546274,81242.8987083314,17248.2773485975,7489.05446582479,3525.80627805317,25228.5740360597,229571.101038239,82218.0103940188,17595.1887994173,7620.8987991077,3542.61891851943,25527.825197195,229753.138467218,83121.8520582097,17926.7108882836,7776.92907543058,3606.21151661943,25896.5170047475,229889.952094014,83983.4023553265,18249.9704722033,7933.97921888693,3677.67172430761,26295.7133619722,230013.023152085,84821.9939987821,18569.3515986895,8089.97910855159,3750.04718500379,26700.7950921195,230415.565033245,85661.7396985949,18879.5992413239,8243.13596803341,3821.80708129305,27114.24144356,230654.876526,86517.0278544812,19186.2866130272,8391.87941522642,3890.99214775698,27515.0080997654,230734.303527773,87332.8053019962,19501.9921093277,8545.92767237826,3962.13433002217,27906.230568436,230649.576016701,88107.5916898173,19816.6126890215,8702.72530118716,4035.70802231403,28289.000840705,230500.669639163,88842.559283399,20130.9137740246,8861.45662360171,4111.17518718765,28665.366394643,230629.567441532,89573.9828286965,20433.4678979875,9017.19291905314,4186.513311109,29049.1970185737,230500.438691451,90309.4399209176,20728.5857866518,9166.03322703707,4258.09621251007,29413.7037457274,230147.361127804,90984.9826124206,21034.8663021828,9321.42975277783,4332.0866754329,29764.7942543018,229625.982105118,91609.8675460953,21337.1495814927,9479.56612220642,4409.01326845963,30107.5366112374,229019.850007999,92183.784661498,21636.812833854,9638.43148556688,4487.41799394717,30441.3207726296,228747.908085858,92757.9341251546,21922.7367296507,9793.61227970914,4565.48122163023,30786.5819255018,228236.487819561,93334.6736875147,22196.2817870525,9938.45816144355,4637.93829216872,31108.4238129664,227551.116647653,93856.0779528107,22479.8661744197,10089.08467825,4712.18844236678,31417.6165437145,226619.422942927,94318.4853841672,22758.9668007129,10241.667475593,4788.84938086546,31711.8990868564,225576.556250543,94717.2881784938,23036.2739378755,10396.4895479099,4867.94026705127,31996.3391468723,224784.380807305,95105.4190140068,23300.852831221,10548.5494561075,4947.48792417009,32289.7185034973,223851.27779319,95491.8742785138,23547.783438113,10688.9836586835,5021.31120427309,32564.6366431251,222605.190475063,95813.3872262107,23800.5323787293,10831.3315092617,5094.79891511953,32815.184245521,221215.178304795,96062.6187004911,24053.5236591208,10979.3173137497,5172.46821761927,33055.9627776582,220031.184591138,96276.4497253367,24298.1272718254,11126.9364192448,5252.13684811035,33298.7399342166,219799.261570843,96600.345318724,24520.4317686472,11264.4985382645,5328.5847311448,33588.3291428163,219487.253376597,96997.2256688166,24710.1969717516,11372.2094672409,5387.25494165624,33842.1786700118,219055.624727407,97371.8954395861,24925.4429134055,11488.0046380642,5445.44969127575,34078.9989975497,218407.517179425,97691.2555980312,25140.7848909412,11609.6651938567,5507.95731195461,34299.0116263447,217592.01522061,97951.759493558,25353.9523839976,11734.3738172997,5574.13390848907,34508.5208175684,216674.096004135,98166.9547194158,25559.9391446494,11858.8072617851,5642.09713510228,34710.8269345886,215655.691369572,98340.2028146708,25757.4334309267,11980.4859621653,5709.82655252456,34903.4913584997,214541.531478487,98474.5399230046,25947.8974961825,12099.7608568224,5776.99302519432,35086.0255461941
889,331683.239910528,99911.9320334957,20625.7481978302,8473.36170057857,3549.35413456107,4695.5101143365,297953.184633562,85661.6737153933,17595.1254632672,7501.82368971848,3213.90991893235,4313.2685326998,301643.030060351,86395.3093487589,15504.3501770404,6483.52481321619,2866.90270115537,4276.73408831247,304043.98773626,88186.2903108644,15197.8246165229,5920.86887116208,2482.24743796031,4029.22058808301,305391.267372406,89332.032743631,15406.8259191231,5881.49778354913,2363.66527817228,3848.02856295947,306173.556618796,90243.2675253761,15629.7424804993,5952.24539323801,2365.12048967308,3798.70970412709,306774.43659889,91064.7395852676,15842.1535040603,6036.69911745888,2393.94492016686,3819.38027674927,307332.003436766,91832.3476652833,16045.7808588305,6120.2176618996,2426.74763722546,3865.16989184203,308290.585216755,92650.0198007079,16248.8925549966,6203.64716967186,2460.18880543409,3920.52737322077,308802.35396334,93378.5321212664,16433.9861434159,6278.6331329592,2489.91037408456,3972.66476569121,309102.06430396,94059.8030437496,16625.0797959952,6357.00504353308,2520.87660914568,4025.215144322,309102.067725507,94664.8161747672,16807.9500178855,6434.26190759192,2552.13509654576,4077.26331273324,309003.851568444,95222.7384034591,16988.7202535442,6511.64122804862,2583.86851012541,4129.78931085943,309454.862224674,95874.8881619008,17176.3948326737,6592.20627527351,2617.16329139849,4186.00000072895,309316.154308641,96401.2796835822,17335.75331931,6659.95256402965,2644.91981729385,4234.8768746843,308856.702288409,96868.3851204855,17502.9206781324,6731.38868296983,2673.81605359067,4282.95785169595,308181.817847497,97277.9760481835,17666.6810491987,6804.33451860434,2704.21338107967,4331.65686524588,307423.743002004,97646.6391916849,17826.8971210455,6876.88662638975,2735.01394940781,4380.78545985638,307363.999328213,98149.5386394874,18000.3270803662,6954.89555329836,2768.20856885949,4434.60776130691,306742.29064597,98515.9013968012,18139.0092168736,7017.30115113349,2794.69645874316,4479.98365785997,305911.187004324,98857.5323791498,18289.3605279563,7084.22686817212,2822.43472609229,4524.75886714533,304735.25735102,99118.0696561313,18433.5936047269,7151.59815416667,2851.18709959779,4568.79136868115,303490.268438387,99349.1853141856,18579.4035616434,7221.23169453694,2881.57060321027,4614.19392083297,302819.100083958,99684.6067327866,18736.0835419787,7296.04010416737,2914.52596180668,4663.89419523521,301804.165245727,99923.6988417494,18861.8559685394,7357.13456474039,2941.71985101228,4707.05397304442,300314.030861489,100078.271422864,18985.919492655,7416.67244818586,2967.59637377241,4746.40449144845,298742.193724716,100212.955084287,19119.8327507256,7483.17205522261,2996.98077967686,4787.71868888716,297559.116625181,100391.833221605,19260.5940297003,7554.45644709722,3029.32112164987,4832.67770281549,298094.206073828,100883.309974484,19427.7259561645,7635.26068389867,3065.67198935273,4886.67775597206,297946.735931879,101180.143987577,19518.3085227146,7679.23066342479,3085.5895657677,4923.04781557063,297637.654348218,101508.782605991,19640.8040273795,7731.7579853239,3106.54357892544,4956.98780568006,297027.365879199,101763.501182818,19765.06586989,7790.16069280627,3131.14698461348,4991.29615141108,296197.909766157,101969.913789595,19888.428724302,7850.86898201109,3158.17081404897,5027.50130138799,295298.865525527,102147.97154337,20010.400589647,7912.8148589215,3186.57330742965,5065.29596280775,294282.393480071,102284.442262255,20123.4557828267,7971.90357724652,3214.26281154181,5102.39469683886,293167.193579362,102390.132068218,20231.6080773547,8029.12893638214,3241.24933711609,5138.3966362148
890,311995.362357628,106267.06575765,29172.4493548614,13709.5149484243,6502.68181777092,17512.8354550281,290273.695115881,104739.715445869,29671.6464464812,14111.8193542023,6727.67433145963,17373.2218174317,288903.966933319,105727.553124273,29670.878576188,14278.8167731782,6943.45193921097,17870.8115556,288695.954694586,106991.601495557,30352.5503544041,14510.9854086684,7022.00491428403,18185.0952812204,287619.653777783,107765.65340522,30888.5693929231,14822.8756109212,7168.0485704636,18420.9237530019,286311.327186532,108507.688741091,31383.0401198994,15127.2610662733,7340.02114893964,18698.9735044712,284960.649262398,109197.596236703,31870.8619219613,15427.5059657039,7513.7788535959,19001.7511088284,283564.870866656,109838.932406871,32343.3125639634,15721.5193970408,7685.79291836725,19310.4008148557,282649.12475159,110512.492617411,32816.5686360437,16017.484196844,7859.77442444886,19635.9171116686,281484.421995046,111156.397023592,33254.0568413308,16291.8696638832,8022.87791426751,19945.1656798583,280104.154674051,111742.467295111,33700.2856123604,16568.9381969325,8185.62886721074,20246.8725138358,278491.728259753,112247.369731492,34136.3838481659,16847.4615395324,8351.26756891836,20544.6020209883,276753.406388926,112684.728485927,34563.2771609984,17125.71738786,8519.52339110495,20842.6506610803,275514.717406042,113156.899946885,34993.4735274678,17409.9297805466,8693.35644267492,21161.9858821306,273918.562263068,113577.272431878,35375.1186680126,17665.3828076189,8853.05781505906,21459.5409875525,272004.78612316,113917.688610068,35766.7219118022,17923.5398970246,9011.95905545601,21746.5409443489,269864.680988248,114161.737599355,36147.5474896762,18185.1657720123,9175.44299835705,22031.6220929101,267609.853156624,114333.174731523,36513.9043519167,18444.4602680154,9341.32754873044,22318.3354046431,265923.322677305,114557.606100479,36886.1082843837,18710.7495336433,9513.47121104088,22631.1417295381,263938.199415745,114735.462644103,37203.1549667606,18943.0815170353,9668.2363667699,22919.4217069142,261727.902058393,114852.295588256,37531.3541811378,19177.1090731607,9820.81160578893,23197.2712889226,259196.626620258,114856.86990532,37841.1351149582,19409.3898001424,9974.65322930937,23465.3659475869,256500.772589175,114773.962073414,38139.0811628621,19641.3543760074,10131.8151728168,23734.2391182853,254253.800572162,114721.852905,38440.7826629457,19881.0426473643,10296.5294697928,24028.5891564798,251869.299898707,114639.847781982,38691.6691812891,20090.2845814636,10446.3224877341,24306.8175978639,249092.812858061,114467.124308632,38932.8131540694,20288.3867167234,10587.1941940882,24562.7403770157,246126.053959208,114194.512731989,39171.6817428857,20492.9917506007,10732.8423350415,24815.7329240649,243407.307977644,113896.586277148,39405.6196223117,20702.8011523901,10885.8376930818,25084.118282742,242203.557001064,113881.207801254,39678.2585510748,20935.0800160581,11053.8954852889,25420.8181438902,240940.392665641,113927.365829471,39857.8526838617,21095.5634812731,11178.9977691109,25705.3503651024,239602.976055904,114000.149901912,40080.2702296292,21259.1073223913,11293.0489063132,25960.6318442692,237990.331941484,113974.544299012,40294.3705941805,21426.1025017458,11407.7114508532,26190.8446950092,236147.672291979,113866.174974953,40497.7871609298,21594.5260680598,11526.8520304366,26415.0437577098,234182.266010091,113688.526805114,40687.7867290847,21761.88924096,11649.1931327206,26641.9545805821,232113.836808038,113455.13261054,40858.2502137885,21922.0130985522,11770.4846302106,26869.6727058031,229954.632460167,113173.371453654,41012.6259121288,22074.5683954602,11889.0605791584,27095.8432421453
891,177935.513260787,131156.124706771,71627.8709115504,47460.5218639913,31220.7749355905,60130.7261135228,157431.789231235,119260.140248217,64235.1793253884,42702.2503243987,28218.886582806,54945.5716523453,150800.520270574,114794.153832095,61709.7894379119,41365.1327393634,27507.3739749831,54051.3960162814,156961.058365675,121577.339901164,65882.3183274112,44058.0064876716,29498.9523360977,59244.6696076882,148976.293462524,114869.385999097,62774.3284263753,42167.9022461637,28253.9056637416,57634.1779598651,151148.01147051,118526.160313303,65035.3047412356,43777.00252848,29436.1642754504,60864.1599285688,148262.176030975,116444.985321506,64761.9282040255,43783.8689393741,29516.6288586739,61721.4819494701,146490.646494641,115968.37159787,64828.0519197492,44078.7265918544,29867.5535565111,63174.9153353594,145859.267288718,116121.483709301,65487.5857101984,44702.5659946473,30426.2762330346,65196.9558349748,144027.414657307,115168.11865752,65373.2427659038,44837.4591471311,30653.7077738908,66545.7318365366,142813.338388687,114964.354088471,65658.1865504919,45200.1011915736,31031.387907759,68265.5061613669,141245.883913556,114344.099698067,65796.3653501482,45468.3124752589,31332.2943271775,69818.6980843111,139496.621187707,113591.494979499,65823.7501170612,45677.0873947331,31601.1603349069,71306.9129174707,138214.470453567,113073.768458584,65986.3355958336,45978.8489038085,31939.2445212476,72988.3840685794,136823.091387353,112497.31198905,66040.4201983361,46201.619549211,32224.4204994186,74591.6781802504,135128.667422624,111733.883836677,65999.3827219364,46336.4199193555,32439.3358810188,76052.8015337847,133419.228962145,110957.721301494,65991.3533208633,46501.2385196186,32671.5097908687,77553.3643378165,131574.515502685,110029.07438825,65902.8426181654,46623.5572202113,32880.8085144887,79014.3701747921,130029.429503044,109180.914612877,65834.7050150213,46766.8053881264,33112.5424190529,80570.2866124464,128586.732932094,108479.270880037,65768.2145699975,46900.0151710064,33338.7547491549,82167.3460486273,126837.331212834,107537.873785273,65576.2925632561,46919.240106462,33471.5175889305,83555.8079242385,125025.206515096,106581.490312341,65397.3609361079,46952.3861094749,33608.6499295914,84945.1486907637,123087.37970782,105492.266809339,65166.0666598465,46958.1243664491,33730.1733735931,86297.2172848769,121327.380389891,104407.530726844,64920.7000833807,46965.6651991198,33861.2212955924,87702.6613431276,119744.112392308,103488.539412132,64699.2016299272,46983.6807584214,34004.1790215493,89193.131921148,117864.037693823,102377.024965282,64357.1622187779,46890.6179393712,34056.9435668386,90479.4457820693,115842.580669824,101142.106295536,63976.7114693068,46769.5377499931,34081.6806786977,91685.0677171861,113945.700001121,99933.77428622,63623.1432489036,46681.7914139909,34135.3111646954,92971.7600275112,112784.551867021,99025.0976238927,63388.2686009197,46686.904835153,34264.4797295934,94504.4611308356,112059.600028557,98587.9751207915,63253.8608610884,46731.9241198886,34418.3043472126,96161.9734512292,111012.46158753,97942.2616647999,63001.9016107638,46625.0235732568,34424.6753630783,97378.6093534401,109896.014162533,97297.5224923933,62801.7887687731,46554.2572712722,34434.1638028792,98475.2080132524,108732.434505797,96626.1666989745,62637.2288993537,46527.0387103179,34477.1500458331,99553.80163579,107416.898424158,95781.3665807065,62377.1101405595,46449.9663997002,34495.0290384829,100507.177124364,106090.289473928,94924.3181402431,62094.0914993946,46364.1153710301,34517.5598365287,101481.569953722,104750.750241763,94048.1587810025,61795.3973731991,46265.0286544396,34534.1457007931,102474.114611093
892,309966.037574525,103617.91545162,26839.2888595013,12209.3394807525,5595.79275762446,13241.5309663058,282763.697020969,96586.7155694212,26046.358213467,12101.43864356,5599.31053843215,12862.1547414559,283438.329223658,98271.7384726217,25229.5026024018,11804.9473659153,5606.837695961,13199.8957476732,283693.168674812,99810.5428211879,25707.2661567336,11767.0444479515,5490.25939056788,13264.7458620897,283082.978142157,100734.784475134,26210.7094602451,11994.8163993678,5545.87202457543,13317.1539475139,282240.776843999,101577.219250552,26670.1235994053,12250.2503859704,5669.34871447199,13466.4813271026,281358.204717457,102365.827225249,27117.5281953373,12505.2546133141,5804.93208433657,13670.1686002589,280435.950200811,103105.613595173,27549.8397942777,12754.6670037062,5940.67538684072,13891.9918395424,279963.316636368,103883.569249256,27981.2567046341,13004.6488923511,6077.645682628,14129.6234509852,279207.954660588,104618.200645446,28383.2588904194,13237.1396040664,6205.95072619412,14355.4153693998,278228.808907271,105300.519657262,28793.8078962005,13473.5103783087,6335.12765035974,14577.0023172195,277026.73129608,105912.643148121,29198.2985900014,13712.464292927,6467.48868602471,14797.3434893221,275733.716168308,106466.780287737,29597.0783625896,13952.296280067,6602.46693311046,15019.191622169,274900.924369155,107063.245597069,29996.4893430659,14195.6344777713,6741.05204385707,15254.9388142521,273671.835574909,107591.007647447,30356.2292522868,14415.726164077,6868.31301997361,15472.8912344483,272140.803557532,108050.297587292,30726.605888521,14640.7320177172,6996.7159372218,15685.0811914208,270374.288778788,108425.253308627,31089.8480190374,14869.5084280093,7129.46934101848,15896.9825245122,268540.281647375,108738.843067849,31444.2187813957,15098.209214618,7264.97914453752,16111.8431262064,267221.022492172,109108.974877112,31800.1133932043,15330.5661865089,7404.29427252117,16343.1939837404,265550.259808189,109407.396594061,32109.0091998579,15534.6977417021,7529.37700813284,16554.0001864508,263699.31804441,109662.991096213,32431.5831339481,15744.0581044084,7655.16354751713,16760.4130751523,261492.989401828,109810.154388122,32737.0322501619,15951.2188817607,7781.94253294036,16959.6939530846,259150.945806462,109882.90650602,33038.1877721712,16161.0455327288,7912.71824738434,17161.6594194859,257254.897246349,109995.587366665,33341.0595934079,16376.7328386198,8049.28723207883,17381.7251721922,255158.10371723,110055.175278349,33597.3819417276,16565.0090159459,8172.5707371455,17586.2312133384,252672.631924152,110030.522613214,33848.73001319,16747.2702318176,8290.66133722259,17776.1567833424,250017.911484748,109924.875198698,34102.2617153282,16937.5814914918,8414.41386045286,17966.9462614567,247637.439780616,109798.382188346,34352.4254504985,17132.4165760331,8544.15482524081,18169.7801546608,246726.00193534,109945.359939793,34629.5249608516,17341.6483145985,8683.30753789417,18417.6305026938,245624.476207205,110077.707466122,34813.0747638206,17483.9581548503,8783.991635687,18618.0673388377,244478.752318851,110255.178816716,35041.9087343792,17635.6321484105,8880.1170135549,18802.6071475278,243040.068905521,110327.827242308,35260.998126405,17789.8274069155,8977.63055980298,18971.1673529337,241386.468866068,110331.850618112,35473.4452867044,17946.5732350499,9079.70820145281,19139.0041021923,239624.363699072,110276.639272162,35676.422502998,18103.3212868678,9184.70487153302,19310.3291426237,237753.173205752,110169.082097057,35862.3719322483,18253.8481450997,9288.63141997736,19481.7850990271,235771.973617335,110012.964157352,36035.2238473524,18398.4487763846,9390.46075830742,19651.1740931179
893,266805.131801962,136071.162941521,53376.78442126,29534.8235484981,16210.1055125715,24146.5589482433,234126.435716791,118896.475870983,45183.8952941702,25037.0711736957,13783.1566879474,20964.3986505496,244913.256191117,127241.537824416,46510.6656968236,25833.372203098,14314.7857062992,21919.0580505353,236947.92739322,124406.175415627,45687.1813760351,24907.5736581482,13721.1742760887,21399.7558347078,238700.363979165,127291.531041899,47065.1997628987,25634.6234540486,14002.3975166246,21736.5415056527,235504.719130029,126751.253940641,47541.0650558734,25973.7350013596,14189.8758815047,21885.5006864948,234655.022869649,127676.396495891,48343.0696691515,26577.3391937631,14585.0926659148,22422.7666265176,232533.578583891,127695.062736411,48873.8893510109,27007.5738556496,14900.2650331887,22962.3031621468,231504.268536215,128217.137149675,49521.5904175115,27513.8224250027,15260.4187311475,23626.0078644126,229944.020393223,128430.311085824,50029.6723614471,27927.6522490984,15568.1662598254,24252.4844056455,228435.483281224,128740.327053748,50576.1414717244,28358.1386315587,15880.34795743,24892.7790701111,226571.954752679,128840.717054641,51076.3851888308,28767.3509325108,16181.4671346242,25519.5383232893,224667.191698135,128904.816185318,51569.3367639023,29182.2625999171,16490.5217952742,26163.90471083,223168.76672612,129007.870034131,52073.6976771007,29609.4288685401,16811.5323174317,26844.3802129449,221439.547513924,129037.705034235,52490.0454055263,29982.8579266226,17103.9238775098,27500.0063774777,219436.110861541,128985.78083613,52903.0167117995,30343.6812486881,17384.1937203225,28140.2672440897,217232.148634616,128797.328045094,53297.9255661419,30705.3454603404,17666.7797730929,28782.8076484458,214904.888672084,128511.449489276,53658.516218629,31057.9144000925,17950.8655362929,29437.1158178765,213078.761496919,128317.467299572,54045.3512089867,31431.2289445874,18252.2321546945,30140.790575264,211051.850571801,128054.917269036,54337.1635966695,31743.2326154335,18519.4256378493,30813.2061512065,208859.935934282,127741.252607203,54630.3281033811,32042.8935848534,18772.9310229142,31467.4913694368,206406.880905518,127281.782751634,54891.4202443067,32332.2546620487,19020.8172899,32109.7913120136,203784.320880941,126709.220596478,55120.2436115118,32612.1300349736,19268.4359516442,32756.5181816862,201512.392107805,126180.386459128,55365.7996298707,32910.2601178502,19532.9267142723,33450.6122928473,199231.780529,125635.208258568,55542.6125252769,33165.2869566149,19775.1142290583,34133.7314471328,196630.437274334,124982.762964969,55675.01607474,33379.4781511953,19987.6508565444,34777.3489521384,193857.911006267,124214.372403528,55801.0018435432,33594.8000583429,20199.0798975483,35416.1200911244,191185.338836306,123394.536025542,55911.2322554253,33814.0360598941,20419.2545716181,36077.242106153,189804.009023074,122958.86365016,56129.6867627361,34103.4252269324,20688.2167352094,36853.8133947984,188595.305488242,122679.626957507,56242.6584494472,34301.7776423731,20897.8671089828,37562.6467229411,187244.807013251,122412.167301636,56367.0029622087,34461.5223788853,21059.7316157957,38169.8080092214,185735.945760602,122083.538161413,56517.6793862108,34639.7625110873,21221.904142351,38730.2861885052,183993.381373695,121615.17207718,56629.0163925456,34808.5638706785,21382.4154958783,39255.6174959747,182164.012939019,121082.504230472,56726.984674294,34978.8736195095,21551.0822051158,39793.3386916899,180249.176957982,120472.730662028,56788.2066217998,35133.333909853,21715.6172852163,40336.727624484,178272.824765257,119814.41701922,56822.77229639,35272.4012192188,21873.6628609539,40886.7217872416
894,338018.387826931,112869.195066534,31933.4789322699,15007.0137798499,7009.93491054567,9676.56988115022,314363.10183628,103378.329170032,28920.7555180309,13725.8383576787,6445.64621107008,9049.46271824412,315075.819110881,104721.848362864,27368.1919924958,13069.230897665,6265.73804765865,9102.76556889847,315088.344850598,106653.328165156,27512.5074356757,12688.2289016615,5957.66899901779,8946.39498421417,314117.197478016,107711.013764428,28071.7101916111,12854.9319589145,5921.86100043783,8805.01458154753,312947.625922747,108616.888745181,28595.3760498666,13135.4825097501,6038.10643762033,8830.87350308098,311723.920928868,109443.737834086,29092.2580173775,13422.489603848,6189.15643405665,8965.17653189364,310463.785781164,110215.15041565,29568.7499164167,13702.8287654939,6344.16653006926,9145.11659705085,309698.439825982,111014.554477155,30041.9745282985,13982.4250064119,6500.45135514083,9346.82712614073,308630.295162249,111758.232487024,30477.3142217888,14240.7952348034,6646.57760368419,9543.70385613754,307317.982936628,112454.44154027,30920.9066718076,14501.7041007159,6792.65932099749,9739.6846998705,305762.121430136,113073.732914998,31359.0695143893,14765.6492649301,6942.03369527536,9937.86245441923,304094.015913808,113637.303446,31792.3150544614,15031.3996068424,7094.74999091287,10141.1124108451,302943.997699561,114232.74515522,32227.9272735693,15301.8538908166,7251.8408242328,10355.4892140494,301354.589081624,114746.823576919,32613.5443536495,15544.9394263896,7396.12037523041,10557.6501267565,299473.979576974,115205.797267125,33012.8188797325,15792.9418554437,7541.21375198054,10758.0975701945,297301.847845693,115565.405144494,33402.7738850738,16043.8494513137,7690.15400008627,10960.7682100511,295047.727786336,115866.579361838,33786.7074234581,16296.7879219731,7843.18049465862,11170.479101269,293378.16516803,116212.721520326,34173.0271947427,16554.5347517813,8000.95575308533,11393.5401437223,291327.40599865,116481.824655996,34502.047265245,16779.618700894,8142.81645762337,11601.8153418141,289085.814706018,116715.26653872,34847.4010609494,17009.3757516838,8284.58322976278,11807.6088555576,286460.082760895,116829.064146184,35174.8950492772,17237.1894553014,8427.42178858642,12011.3866147021,283693.551197409,116872.419009207,35498.2801086903,17468.3185257083,8574.95767107143,12222.1988408049,281385.349332313,116939.708162485,35823.1675271605,17705.3221780915,8728.47031252479,12447.5958020634,278877.146388187,116949.79709118,36095.8333611895,17913.1366298449,8868.26505560568,12662.5851525374,275994.274149848,116888.448795857,36364.1766607935,18114.0731874181,9002.27560148792,12868.9613477918,272876.043187986,116728.447224543,36630.7415604,18320.6199803543,9140.45538993495,13077.1668288833,270073.047705866,116564.317826027,36902.5710970606,18536.8654475191,9287.42696232814,13300.2856335004,268821.780938071,116640.398164178,37197.3242299743,18766.5694831853,9443.86815453938,13551.7464810477,267509.134269975,116745.213819353,37395.9492265099,18928.6864012047,9561.9526569996,13765.0070954633,266135.061515008,116900.162198539,37634.5430959145,19092.9192408662,9670.3574931597,13956.4173010986,264449.262664211,116948.858969272,37866.5876150839,19260.4463261503,9779.31039308662,14134.0792336706,262521.515504843,116923.423603705,38091.4407288798,19430.8803761821,9893.07501375867,14313.4093141739,260459.868014569,116828.823938901,38305.318656908,19601.1156089168,10009.9605744231,14498.9010466027,258282.169477164,116678.45850801,38501.5619729585,19765.3146771236,10126.1946742514,14688.2442388592,255996.753931402,116478.689294077,38683.8687025108,19923.3483725229,10240.4217765237,14879.0254614552
895,251714.878312123,151648.688126881,63295.7934987034,36426.0784778692,20778.8159354328,29248.5628645554,195585.536804302,111991.244697024,45467.8466589414,26163.3403310829,14935.367272393,21291.5012491222,236002.645339198,145495.176191242,56603.3426659616,32438.9467434161,18625.9993246476,26691.5874317865,201599.530474023,119998.300783363,47891.5253596814,27129.0132886808,15470.3977492371,22524.1920131526,227002.040553122,142351.505187872,56236.2082790567,31864.8417637324,18111.9898751999,26258.8552317946,204538.575906163,125382.695248287,51069.4199007677,29015.8173823938,16474.4887057147,23886.7945011605,219979.791485139,139728.23702796,56683.6022914557,32456.1136183888,18550.9869342647,26864.8296504605,205013.988414855,128605.801635844,53370.6967373249,30687.246118199,17613.4191759648,25730.922831837,214756.779309595,138078.616668549,57262.0781438185,33149.987926313,19155.8890818327,28186.5134862101,204773.768593841,130869.198570425,55192.0226248626,32073.5149250654,18613.9771761434,27715.0857486879,210276.7196176,137002.775154959,57885.055322708,33824.679572089,19737.9812670854,29653.7403521008,203094.072559145,132227.911803733,56693.4136326489,33255.8319331371,19484.7725536945,29599.2436730028,205692.08285861,135971.034499878,58570.9556918533,34547.8239501721,20347.4215160864,31190.4561127834,200980.228916854,133009.947096706,58019.4225477506,34371.8392454095,20335.6431227931,31514.7703647145,201972.503552473,135235.657194564,59272.2213867245,35294.8254559694,20988.45958461,32850.2952855365,198119.363586598,133251.922843973,59028.9484019161,35284.2705539184,21070.1011576172,33334.4898095772,197618.740225957,134325.108719328,59922.7106919192,35993.1907322092,21591.4080279843,34486.5422316859,194322.717212358,132825.971212922,59878.801067411,36128.0534165367,21770.006912607,35131.7711108067,193563.152103038,133363.978851655,60564.8371474496,36728.9065731616,22240.6180208179,36256.4399987463,190988.59307922,132316.966377757,60592.279606611,36904.7324551211,22450.8836463867,37002.2660736858,189474.296920242,132348.668272124,61036.0098768505,37333.1317590919,22809.9018024824,37986.7068022384,186827.712671109,131387.621736629,61132.1455203491,37547.2949588647,23035.9946021016,38760.1038121183,184688.534844792,130909.55577572,61412.8616469276,37894.1151977804,23351.0433850663,39684.4396315493,182472.978149815,130112.819370821,61572.0630855798,38168.9357987997,23627.9700431317,40576.6619088309,180444.055708406,129512.753344779,61729.2990114369,38441.5790550534,23906.9530325534,41499.5491691073,177967.931934204,128641.19713075,61785.8796261528,38632.4985367222,24128.1200979512,42339.399794185,175444.492381017,127753.023084928,61866.7053307497,38847.4977863361,24362.6984459344,43200.1454248672,173024.162649143,126767.481167045,61915.3631017157,39054.9163620591,24599.7037152556,44079.8916971145,171863.762342395,126333.469004694,62128.666608354,39371.5486061537,24912.8814347144,45130.4261764773,170669.182086382,125885.877431639,62166.676304286,39539.098590613,25124.1238825286,46031.0371809035,169454.0563361,125566.916869656,62269.0188417041,39700.3437551898,25303.291089745,46843.7276907812,168023.810129311,125106.830063227,62368.7422483006,39861.4351280388,25469.0930284029,47571.0113398844,166419.003434943,124539.863346116,62439.6809955711,40021.6891675429,25639.1705661125,48264.902235356,164743.541745285,123901.157894735,62492.3702232077,40181.5516383602,25817.5243322707,48970.9460465045,162966.008331594,123175.910656613,62496.9761027448,40317.5136117561,25987.1762895866,49677.7214373415,161134.17429347,122399.634282876,62475.2717061596,40437.3080984519,26149.5518631181,50394.160036387
896,230536.371264633,137657.694189998,62376.7807671283,36946.6494321658,21664.7664003375,36381.8847894217,185971.803024277,108057.289853427,48912.9134310481,29153.4692584186,17194.3726335278,29610.4242042268,206293.937119267,123142.788888015,52856.2801331442,32024.6535377701,19185.1813610197,33068.9141055343,189149.218239974,113111.778347246,49112.3700027002,29177.9899645182,17534.7066872521,31453.3375300209,199114.008866577,121871.075109407,52525.6373901391,31160.647974184,18537.8188359588,33259.2611284687,189843.728724254,116473.365218384,51548.3320055507,30552.753571893,18158.6148266634,32764.289301718,194009.105130221,120680.861269034,53428.3230868213,31968.1897200662,19066.4173412827,34158.8026924281,188631.896232752,117950.301225526,53152.1927502226,31893.5643117138,19131.752247725,34561.9471512337,190185.078433752,120017.195245825,54258.5407006562,32802.0116360822,19775.4524601603,35828.3963517682,187120.597973218,118821.497668332,54377.1426570504,32977.6288941213,19988.4517308957,36605.4127079873,186888.427983873,119685.151486226,55042.3188551707,33568.6306741425,20433.3481867178,37657.1141180202,184574.255678954,119112.722774064,55367.7429395657,33883.470493747,20719.7147962702,38553.9210428545,183301.096820351,119222.629309551,55810.9156241849,34336.9034184305,21086.7051860035,39510.2100345341,181755.270755398,119004.011352807,56237.048790632,34743.3657819458,21437.8965724358,40533.6213789565,180338.043036393,118872.270635033,56544.3842018088,35104.4039490036,21757.5902166973,41476.2489078618,178576.313586959,118635.919050887,56886.3799934693,35449.5945969875,22066.0940507057,42445.1390235152,176657.603352624,118232.56570456,57149.8578303503,35771.7717657371,22356.5452709848,43352.7658360677,174669.024582046,117799.593817966,57428.1456174483,36104.4902812653,22663.673732863,44321.5177060705,173035.167066859,117382.556355799,57687.4517848017,36438.7779904032,22976.0405374431,45318.1574564732,171339.281431705,116994.04595916,57893.9125987341,36728.5540671848,23264.0592876259,46313.2351611914,169411.507585799,116471.624239531,58047.0206818222,36969.5935491714,23511.7445114401,47234.2627528723,167349.540128662,115894.746165815,58206.2699363627,37219.3848812173,23764.0056649579,48164.6349152865,165071.409728178,115136.421789322,58293.3762721194,37435.2137559123,23999.2946190343,49062.5202346528,163151.678352989,114480.413827098,58424.8511849082,37688.1227474614,24266.0078945355,50050.4275171873,161213.094751792,113796.398343104,58476.1126177093,37886.7355498466,24501.4652644398,51013.8813231433,158990.116993849,113003.532621603,58467.8522346696,38028.5996759105,24693.6388954383,51906.9437778062,156644.247470526,112117.404687781,58458.9062426443,38172.7453152136,24883.2378933286,52791.7432127462,154382.607173543,111179.466691157,58430.3053305551,38319.1122425014,25080.6354007843,53700.3012422332,153162.834600589,110610.078925523,58525.4663761947,38551.3199173956,25341.6123946627,54782.5398766164,152180.284550172,110255.67171847,58554.3228428897,38711.0464154293,25550.8707225138,55807.1885392867,150970.262834784,109836.444068713,58547.2671150038,38793.8630160769,25681.1139479521,56641.633763102,149721.107533923,109447.422242688,58614.6887110735,38924.6137166827,25826.89824599,57440.6003394711,148228.61157077,108874.860842458,58620.0210824236,39031.4312517848,25959.9228681649,58153.820932527,146685.663903597,108262.386213858,58613.8709324071,39143.56366056,26105.7791657928,58880.2347320505,145079.889048149,107582.805321767,58572.4279300912,39238.7420737785,26247.2833915726,59611.8381640978,143407.254450208,106845.285800363,58491.9770557321,39309.2845571094,26375.9388567559,60339.1317259291
897,250755.091132658,126900.544263459,48093.6160359832,26111.8243581683,14081.0501957243,24214.3505382117,209158.752257552,104774.163813168,40031.9808507175,21915.7379927568,11872.0506371564,20695.6526114553,226104.721147712,116962.189822701,42936.570928078,23847.5049279941,13184.4504719405,23177.5192469058,214637.898992702,111153.998976882,40985.603492282,22373.432488137,12331.772251118,22318.586691809,219384.340666919,116068.752808822,42973.3483233383,23411.8687471154,12809.92791858,23195.936306388,214705.845931305,114224.06601065,42961.5810210695,23477.8176814641,12838.6695805289,23137.6881770722,215326.545813896,116075.449995225,44014.5069059133,24200.6300787452,13295.9813769658,23850.0549657382,212752.088573226,115577.75825569,44329.1606120986,24495.8462734375,13525.13123089,24269.1663850928,212505.041969235,116546.238790213,45076.1277424357,25042.6184239821,13900.3699130834,24984.4571150373,210816.241374076,116534.638071728,45471.1662727275,25377.6388961515,14154.1718387488,25530.1945326733,209800.094709156,117072.64450132,46056.3976720234,25818.1987141862,14464.6108561851,26175.9202818952,208043.758838995,117112.239042477,46495.2608448357,26179.8464855612,14731.0517415345,26747.7566696024,206538.269303546,117325.973425857,46998.7780167476,26587.5862147294,15028.4612135609,27375.0827961392,205256.809637479,117469.387654534,47474.1682465748,26984.4390702289,15323.981397198,28016.94797984,203748.362497374,117559.338957704,47874.8220856506,27334.3166848686,15594.3490572812,28633.4544981573,202022.022409097,117581.320848378,48281.4002146422,27679.6724800916,15857.8240734246,29239.3706786306,200100.975223323,117475.885273115,48664.8611520176,28022.5555407667,16122.2511864499,29843.3745049946,198091.396743123,117288.032859332,49021.7054039923,28358.9488238497,16388.9142489912,30458.5498735429,196553.90381517,117210.490463254,49408.6473853841,28718.1128832608,16673.5219337504,31126.4465032102,194716.773139603,116991.331455037,49683.8682166645,29005.5183031077,16917.2625897321,31744.6801076204,192834.83780233,116799.595845113,49990.6845760599,29301.6990480091,17160.7853090853,32365.0425832775,190608.406567395,116407.908461328,50240.2517644871,29571.8356399424,17389.7666379721,32955.013401636,188303.685380514,115961.0527103,50483.4698595789,29847.1591522941,17626.7634750424,33561.3556807962,186349.980395982,115559.838135327,50739.4382452907,30138.6228029501,17879.2442253875,34215.1995735548,184293.919782163,115102.693972389,50912.932564739,30376.6524585663,18102.5615659602,34842.5422285902,181947.611701301,114557.400794592,51059.3759628778,30585.9606909945,18303.3203618885,35435.4039285499,179473.149232037,113911.606894386,51202.4606933668,30800.3536490054,18506.4475381541,36027.0990749806,177141.425364316,113227.26013768,51331.2208867035,31017.988144833,18718.0229851429,36642.1303593448,176056.879481145,112958.71239339,51575.2865722869,31308.6639879184,18979.2643822161,37386.8470151732,174893.302686737,112674.035262759,51662.9415075368,31475.6020443973,19159.9594056966,38019.0922654799,173747.17217227,112517.861719773,51819.4199945937,31646.8406716715,19321.3945011982,38597.1680838427,172344.066628157,112208.255915477,51957.7663428306,31810.8585421303,19469.7024444969,39105.8743949885,170799.358760827,111834.573698249,52085.2074190596,31981.6458830546,19626.691581054,39600.6081060657,169145.922491999,111372.756330052,52188.1911735173,32146.1155471735,19786.2444471821,40097.8899664824,167423.299572477,110854.193580724,52262.3492190936,32298.5870432068,19943.5313242378,40602.0349836022,165643.334223925,110286.728664403,52311.4683439019,32436.7151119482,20094.5446550015,41110.3460644777
898,279515.92062639,137938.841147929,46727.008947466,24103.3431271957,12318.8949213196,15875.8820934199,238321.35475105,114253.574766244,37202.6816990031,19195.9513459448,9817.269063555,12942.6730639007,252325.502795699,124798.654888227,38561.7242368602,19870.2060043255,10253.0302530065,13721.7666919053,247093.239868857,123442.866724776,38139.4261753593,19167.8900671422,9750.75062069579,13278.2809464549,246837.111115054,125125.319172071,39015.7938723461,19534.0386976149,9814.53038287151,13231.8680899722,245546.925809412,125829.055349131,39727.3558430249,19962.955069862,10020.5447582324,13332.1718334769,244166.841492926,126448.942916717,40358.630885413,20391.4953700913,10279.4587220386,13599.2833794719,242780.265764765,127019.839468718,40964.1720453925,20807.2617092712,10543.520123031,13950.8620287461,241865.868883777,127658.486623557,41573.857510406,21225.7813648005,10811.6015053347,14349.0857320051,240681.368029356,128184.692887077,42107.021149305,21599.3194129565,11056.3328740004,14738.3177803451,239358.475473538,128691.515271757,42656.6429992071,21976.1693164791,11299.6644634267,15129.6287115846,237807.132519681,129070.492146488,43186.2724809726,22350.3736585973,11543.5719326439,15522.0017596995,236118.418732152,129366.512316006,43700.5864042595,22722.8235612582,11790.558494141,15923.34077257,234914.578802807,129754.650303621,44237.0043349683,23112.5090608876,12050.1955382402,16351.4620765593,233361.647210798,129997.187452343,44683.6772594039,23450.8683000871,12284.0359061114,16756.8679963956,231588.911646964,130201.883303855,45146.755594816,23792.7192881598,12516.7128058223,17161.086880817,229582.446614068,130261.01874973,45591.258797386,24134.6492009271,12752.044477148,17568.0307620225,227429.921465369,130221.783229807,46009.8200158385,24471.02544531,12989.7449859244,17985.0383059047,225843.206687336,130309.428894778,46460.9466341113,24829.8730700583,13243.3965594474,18436.6943006903,223922.088671855,130243.482459664,46806.421270643,25126.4974023302,13464.5772111343,18858.168466777,221932.67595336,130196.865830828,47182.5389712611,25431.7724386443,13686.060434414,19280.7341016457,219578.33672986,129951.774716392,47514.4734388513,25721.1661783886,13900.5037773131,19691.6478000524,217101.66368229,129631.209248607,47837.5566274897,26013.9698092866,14121.4259976876,20115.9239567875,214998.356959338,129358.483274277,48171.7086585489,26320.4749566517,14354.8284892385,20570.4793045663,212797.313725674,129023.08472566,48431.9903584285,26582.8881431896,14566.1264733456,21010.4129752528,210278.319900761,128596.941554391,48671.1148434792,26824.2277898648,14761.7838836991,21432.1985686605,207605.318817869,128058.570409007,48908.7846000128,27072.0051599695,14961.3898943531,21857.0886909037,205022.351644815,127460.88215398,49127.0214784292,27319.7923638315,15166.9372015471,22297.6632963562,203816.297599825,127284.548647668,49441.089845252,27623.8144227111,15408.2273821496,22810.4567325793,202587.473860751,127103.168717568,49607.4393836465,27820.5291357245,15584.8596570076,23250.3014366998,201382.815312424,127055.637230416,49836.8626548716,28020.11967645,15745.0021706253,23650.9803643122,199882.783917545,126832.647990282,50043.5886647995,28212.0926646808,15895.0553469911,24008.4247105795,198221.536458035,126548.164855776,50244.0655819318,28411.1956472923,16053.414411016,24364.4777464674,196428.76065895,126162.335020046,50421.4661618252,28605.0286975325,16213.8912077894,24726.4921933079,194541.83686,125713.363971012,50573.9607485971,28789.6065620458,16373.2899045444,25096.8681246341,192587.836435749,125206.548553508,50704.6029260836,28963.7037035837,16528.9482516526,25472.8688612941
899,334437.181124119,88921.5587571333,21085.0853332535,9567.20374054767,4629.13908373477,32775.831980795,310432.448011978,81008.0810964658,19898.3230196769,9286.56366781402,4538.01251730756,31819.9311528159,308936.915783932,81586.6532661024,17912.223076934,8363.62517224574,4244.63164103649,31997.1171318719,308727.009065009,82722.2948088978,18006.0630406856,8050.26884357822,3957.91288144009,32137.3316126607,308410.560413257,83543.5965557507,18303.3792881737,8125.23276716152,3918.492961221,32362.9106001562,307798.07011221,84261.1246730341,18576.7920905358,8247.57614065423,3958.12173604288,32689.9699707905,307115.341539124,84922.6049030513,18838.3381824101,8372.48222572158,4011.85938460601,33064.7668879628,306431.897361174,85556.9592748416,19092.0502821761,8495.00327484844,4066.95223219484,33451.2688235605,306170.160504907,86204.463230022,19340.1987442608,8615.70960021685,4121.92969234638,33856.5030010773,305682.356321644,86860.5116484954,19581.4055510656,8730.72989450807,4173.73997403416,34244.309990441,304981.815590392,87473.6344712916,19830.4905992835,8849.95525535193,4226.8113149856,34617.9264769723,304050.915650005,88038.7457057402,20075.6839076803,8970.56732707557,4281.5584658884,34977.2218806345,303027.935454239,88560.5229880109,20317.9529951511,9091.59319539271,4337.40673207335,35326.0718007849,302461.773398726,89094.7598170237,20553.3472581492,9211.43083382161,4393.85503805101,35692.8853013828,301536.784399602,89625.515840653,20776.5152697807,9322.34511901403,4445.61280397836,36031.8744476632,300307.595454107,90094.1347808274,21009.0082041207,9438.20494140612,4498.74358696389,36351.0529526096,298825.730221197,90502.2503134743,21235.2070191363,9555.4072104434,4553.89186559069,36654.5502575047,297268.631882235,90861.4893495712,21456.553040197,9672.15902396483,4609.91310275867,36947.2539381689,296230.112826597,91243.2657030498,21669.9516262245,9787.12361815354,4666.26192851545,37262.5964852916,294877.12636217,91621.3661202908,21868.0498772207,9890.79315220735,4716.53742830619,37547.9102936521,293291.27611169,91945.2786410862,22075.1025459986,9998.96820065313,4767.76507691543,37815.547448649,291373.296181317,92203.2733256723,22275.1315270572,10107.669101245,4820.45963686066,38060.4021992047,289319.372722184,92399.8514244916,22471.2937855606,10217.1759449841,4874.72726799093,38291.5656483936,287694.992989019,92607.6879745535,22659.991532658,10325.7479328394,4930.05704003094,38542.0637967661,285868.541177184,92810.5076985973,22829.5939705281,10422.0533963312,4979.27682641785,38768.4078006089,283628.003839744,92944.6038801444,23003.1890176587,10519.0850121516,5027.41256150105,38962.1944958575,281211.150236143,93010.4471302087,23175.1061942332,10620.3597078795,5078.79221099676,39142.3435162882,279114.899831623,93057.0246593005,23342.7030805022,10722.4232155708,5132.390506399,39329.7769210724,278458.585981647,93261.7012260547,23505.4142401545,10822.5956892305,5186.5578199026,39597.0034567875,277677.587464563,93535.9716459952,23636.0953728159,10895.1277597063,5224.65893523003,39826.1390572368,276739.542659507,93791.4830925082,23794.6679250977,10976.6620124218,5262.85018372028,40035.8699282765,275536.278179377,93989.8527496189,23952.6773404332,11064.1994193317,5305.44730113546,40224.5675011084,274090.786606597,94128.9429193102,24106.094178937,11153.2487900626,5350.92518766357,40396.0861193972,272516.493907888,94221.4055237538,24252.771711799,11241.9025103566,5397.92077145791,40557.1821474605,270831.360799565,94276.1322383579,24390.0335999248,11327.2734496984,5444.3903768498,40706.523804194,269037.871294381,94295.4730713854,24519.6098695914,11409.4228852891,5489.70825954359,40843.2684506986
900,297030.462262528,133928.460813988,44750.3848890689,22946.2543415528,11778.6995014452,29391.7107044063,267729.967959846,118922.519988366,39022.2858578029,20121.2693272807,10367.7367291111,26771.2401077123,270542.914725401,121835.412453477,37840.8477739748,19735.9060830488,10357.6692480295,27283.6203121338,268751.714324186,123169.513903311,37796.9261796042,19153.7497630165,9945.09205458712,27149.2252282068,267229.991896423,124109.710065651,38517.7430977315,19380.6385193566,9902.25962829555,27106.3072774034,265844.592007398,124928.264701691,39213.9208167566,19797.4602797226,10091.6952401826,27292.4425799871,264235.233116062,125523.101029985,39822.9493111159,20202.3830855519,10330.7446209404,27633.1291702134,262608.53456026,126064.631394517,40393.4018228721,20591.9344889196,10575.2725422696,28057.5875063745,261453.233746468,126654.077096647,40964.3837532621,20980.8116219039,10821.9381457442,28537.3168813176,260091.683785464,127183.87344367,41477.4291746692,21335.0102743943,11050.439730476,29004.3089261433,258561.504925379,127668.29006775,41998.1117512193,21688.2370423686,11275.4984850172,29463.3172127009,256785.821599985,128039.867756439,42501.5118015893,22039.4962688151,11501.2760079033,29912.6407912161,254863.669818119,128327.947533445,42991.1753737622,22389.6532512975,11730.1061013256,30361.5028871781,253449.763242021,128674.028601148,43494.1104117263,22752.6279984339,11969.4274011663,30845.8794079803,251742.307864732,128944.101051216,43925.9208957157,23074.2903565636,12188.2548727564,31301.3616646409,249732.950401397,129134.164927973,44363.3541025258,23393.0183861399,12402.1370428833,31738.146564726,247509.296189275,129200.358380988,44788.540987561,23715.3569474766,12620.4521221492,32169.2738730699,245101.888332139,129163.89096972,45186.7762189142,24031.2007175563,12840.4005605714,32598.2169958552,243280.592333441,129211.699926335,45606.5873170254,24363.9787224289,13073.3819241247,33072.853298979,241199.721290073,129190.046339276,45945.8569349848,24648.3651501296,13281.4806962068,33514.6017223853,238965.543192017,129123.768126544,46297.9125143262,24931.3451664376,13484.2176166856,33941.5186730283,236387.785936249,128905.125324743,46618.6635840856,25205.6467693446,13683.8127375452,34346.5810203012,233646.313405207,128586.188021028,46924.7543253467,25479.6906384868,13887.5618184154,34751.1085825549,231301.381393053,128300.82992205,47237.384843643,25765.2151957092,14102.6321794034,35192.9960470272,228913.113821929,127995.338067082,47490.8203263999,26015.018383581,14300.2603558505,35621.3601801226,226156.142608544,127584.231850236,47718.7329458257,26241.0847183589,14480.6756980058,36011.9915214872,223208.782143609,127053.125698641,47942.5143794226,26472.0881279889,14664.0757628081,36393.4165230801,220383.489298968,126475.184522487,48153.3690141989,26706.6749868544,14855.2539838637,36790.0977091338,218984.358637217,126244.886101494,48436.7624375453,26985.0172597547,15075.5666718339,37296.2845994828,217696.845329892,126129.066509234,48613.4359979289,27180.5210721026,15245.6327109672,37751.048257759,216339.833751133,126056.262500951,48825.5295860449,27363.715833374,15391.0496688872,38148.9235905679,214728.990877863,125872.553296088,49033.0304723955,27550.013822497,15532.9825736677,38502.8123332983,212907.432026262,125591.806323973,49225.26717641,27737.780529141,15679.7294693537,38838.969958306,210968.477805121,125228.37308995,49399.6582446707,27923.469516204,15830.5199731749,39176.2890739617,208927.496337278,124798.741283107,49547.6575468078,28098.9006883823,15979.5601180181,39513.6050675183,206809.624770219,124313.582696822,49675.1691378444,28264.0946357422,16124.7969620407,39849.7870803423
901,285524.721257781,96293.567035855,25272.6615501487,11456.9961734687,5196.49240769909,8913.00284353791,260780.178460638,88824.7922679519,23434.4202567743,10751.0347014335,4898.72888135938,8396.60083794161,260352.16314672,89955.7105029565,22414.6383207298,10334.3477027855,4841.06283511111,8579.8222487149,259431.951925447,90845.2413111587,22647.0834911417,10172.6083252827,4654.90336900066,8496.51738806678,258370.137332398,91512.1734044554,23059.9507577986,10334.6842094248,4670.55560678828,8450.29712695126,257092.252069478,92064.0249268615,23442.7031224072,10550.1465449787,4769.80330433005,8513.27309335291,255779.091907272,92551.749825665,23807.1125933145,10764.8698745122,4884.70952915697,8639.0310926649,254433.600598094,93008.2995087125,24157.1153360616,10974.3564014494,5000.56930619262,8788.23138018305,253545.581617517,93505.439122217,24510.8678090974,11186.2210085142,5118.38755309726,8952.56044868901,252475.49119351,93999.7653185893,24841.5121192278,11384.1403346926,5229.51344641225,9111.80139054663,251211.459511279,94443.7626388366,25179.9448899661,11585.0538626107,5341.07527307728,9269.01194758696,249753.348697101,94831.020619444,25513.1310208516,11788.4128842119,5455.58730629445,9427.43260556745,248138.884950391,95153.1509810684,25839.3584586548,11991.4926591444,5571.86169028226,9587.24912103193,247040.408145844,95524.3273709154,26173.1761402096,12201.8745642664,5693.49740376869,9760.37561559132,245635.475426836,95868.745043522,26471.32766425,12391.2928079391,5805.27002923918,9922.6344453134,243949.617429858,96146.3324345202,26780.4137687359,12584.9400003205,5917.64791441586,10081.6248081383,242067.976410199,96348.1901287004,27083.5733534146,12782.4695750643,6034.23840841672,10242.8026707946,240039.005125935,96482.2995012004,27374.8257134793,12978.0907814292,6152.47469084721,10406.3582367039,238580.495269493,96678.1285011656,27676.101408929,13181.8680316584,6276.56619691108,10585.6452712763,236849.548345585,96847.5618450076,27934.5143790771,13359.9737412802,6388.12144631007,10751.5839265087,234933.982577002,96965.1581984107,28206.8400462353,13542.4021505397,6499.67740938182,10914.2112209167,232736.239736042,96998.0502280599,28465.8394874454,13724.7047417469,6613.25992862761,11075.3134158947,230361.206517022,96949.5098496477,28716.776066241,13907.0329972694,6729.30213363017,11239.0450076018,228420.784894281,96940.8257958626,28973.9465109407,14097.3416418319,6851.89267388565,11418.6510754135,226365.180973893,96913.7882755292,29192.5719229587,14264.8457629961,6963.70701489963,11589.1796440254,223952.128553574,96814.8297689732,29407.4998551668,14426.7409793579,7070.65815627357,11750.1668852749,221369.63661398,96629.6653773933,29622.9903925209,14595.2400362103,7182.35998164102,11913.1252119713,218980.725637767,96416.2971136392,29831.2593427872,14766.1374078833,7298.77828931944,12085.4971784866,217995.343333715,96452.8961237235,30069.9216059345,14953.2892190495,7425.30719915906,12291.2399161687,216929.032755536,96539.8535601636,30229.3095195043,15082.3088148051,7518.45467283452,12460.6816947074,215797.026827382,96648.4072739324,30428.927747805,15217.8793808031,7605.93026180133,12614.1401688398,214416.346738364,96667.7936993487,30618.6088432455,15355.5857639701,7694.63818793363,12756.2084145548,212839.745105945,96627.6279947921,30803.4761469478,15495.7508947864,7787.43445891598,12900.0555283701,211141.571429131,96527.1989342645,30978.2814505349,15635.324109983,7882.49270152607,13047.8400162585,209362.920473434,96384.0397487381,31141.0574312464,15771.1566565566,7977.60620265562,13198.7323814671,207501.405068728,96203.3040540544,31292.1166718071,15902.1346514188,8071.28581135815,13350.3885460513
902,383846.765029461,75702.3556674493,15763.9697394372,6732.35159833792,3018.07157134065,12733.2606016195,368783.861094672,71889.6305168319,15083.3133199642,6550.34849986739,2962.27551197509,12701.2987715863,369288.902479763,71240.7552346821,13394.7500512139,5933.00886360061,2790.51501680809,12797.009048564,369641.004573409,72256.6607393091,13187.3455651572,5519.22595781408,2524.40030351086,12776.243925319,369728.076439819,72949.301819083,13343.747895077,5511.01156002722,2453.95794260998,12797.8608684195,369454.334774418,73563.8217974003,13499.681696326,5565.09996323142,2460.58034101912,12903.1162693649,369070.34856244,74123.361510053,13649.8259742567,5625.31414912517,2482.03440104877,13048.5929784867,368637.893671249,74660.8575612689,13792.9567581198,5683.8558677524,2505.05991632808,13206.1817925012,368661.803703463,75186.569155938,13930.9499669086,5740.28536787255,2527.47614650636,13370.0205874452,368437.499422006,75725.1129429195,14060.5304266039,5791.97548705641,2547.63084582725,13528.515868717,367950.166953769,76234.4684998842,14199.0619901412,5846.88680323204,2568.49320957806,13682.428113058,367183.733203767,76695.3745796565,14333.1740116708,5902.3102076597,2590.18478175606,13831.5048061304,366257.247618442,77123.2154156283,14464.0615236603,5957.02564764834,2612.02337758012,13977.0785411027,365809.057181961,77526.9334751233,14587.3523065646,6009.35218303278,2633.1988579909,14124.9101507073,365020.475199381,77946.0639315343,14699.2474454084,6055.29299496679,2651.43410866783,14264.726459565,363858.747960421,78321.6024782164,14820.7967628283,6104.53328663403,2670.2102375299,14397.8177518665,362392.185456539,78636.5842401543,14936.8406022405,6154.2800975821,2689.93086904328,14525.3226073497,360769.594940579,78911.5169390708,15046.8631559004,6202.27612039626,2709.44714973973,14648.7243606396,359704.046826324,79163.6807284126,15148.0145461374,6247.08357596045,2727.88834576859,14774.9724043081,358350.606701066,79441.6543194981,15236.49831292,6284.56114724463,2742.8554933289,14892.9702942125,356726.934025772,79680.9212373056,15336.2796561253,6325.74494867924,2758.36153444798,15004.6990986235,354730.17923558,79862.8131910524,15429.6255721508,6367.12030124516,2774.69552490178,15109.3337349155,352497.487258935,79995.0945313702,15519.4004326568,6407.84847596054,2791.26238529149,15208.659549102,350679.91732917,80092.7415652427,15599.3554864464,6445.71502460508,2807.12504848963,15309.4091137115,348753.070361553,80207.0196616431,15665.2001240663,6475.94228098935,2819.57637280369,15403.7352884407,346366.794055536,80290.6136216028,15737.6473545926,6507.37219779167,2831.48643698262,15488.4045360092,343716.943073949,80304.5781884726,15809.680536991,6541.37110281096,2844.95728614135,15566.945613281,341279.803752961,80290.7170837585,15874.6370227179,6574.18385095453,2858.87424836905,15645.3640357722,340387.26317049,80315.2152367053,15927.2965526647,6601.665999171,2870.92804704873,15738.7923499808,339607.224059083,80488.5503859748,15965.5713391126,6617.2669777521,2876.71517958623,15827.2374866995,338664.507281039,80674.6279275554,16036.6806972936,6643.23702220983,2884.45126700848,15910.4615866287,337440.225875512,80820.5533847231,16111.6843266019,6676.14436443393,2896.4806500492,15989.2788749798,335925.05020232,80916.9216866731,16182.9975793559,6709.76353238834,2910.2129962222,16063.3520166861,334236.971519316,80965.485787813,16247.8927003717,6741.94544455906,2924.11244398076,16133.0331523011,332414.633030982,80978.5850074971,16304.2886406524,6770.97342079192,2937.03755509043,16197.8341909206,330453.956016235,80961.4860180639,16354.6254857388,6797.25036963081,2948.76489621874,16257.2741261559
903,266531.42669256,66560.4204943425,14054.8764273861,5895.66585865615,2545.47541848387,6710.35612976106,249070.639345292,61814.6719315441,13399.1151459994,5798.76638913631,2539.63520307135,6666.10459469911,249056.037755353,62708.9340026037,12176.5429131578,5148.09588632744,2317.09710046311,6693.05169593469,249456.90165908,63564.2426241437,12338.0214178397,5008.28028794185,2150.07132846985,6616.34972958798,249701.40345748,64280.4374359284,12561.6921180729,5079.78594862684,2142.55895797845,6615.67268772427,249757.5632419,64957.9487364148,12776.0939973512,5172.01756833382,2175.54072050839,6685.43569892198,249784.232395003,65606.803064054,12986.070243854,5265.70546099994,2215.00584939689,6783.88254203588,249854.469419471,66246.1825497821,13194.2001807827,5359.02662417362,2255.3023536382,6891.26225321263,250231.873926969,66886.9659062717,13395.0298879839,5449.83503603313,2294.8021251075,7001.75174404988,250464.370195462,67555.8595291258,13597.830568632,5539.53112737856,2333.39581431741,7110.34293157779,250542.168169926,68201.3150506135,13809.0585936998,5633.91942372464,2373.82300669492,7218.19434035448,250464.413302433,68822.1246408943,14020.366303679,5730.46836299444,2415.97031788148,7325.91751585355,250368.192822626,69418.1707042896,14232.2961153129,5828.41385192121,2459.25465615251,7433.90357025502,250560.489913977,70005.5822212233,14433.0695798919,5922.87767695757,2501.60976396211,7542.69288344865,250503.869798405,70616.1427343166,14634.2181622045,6014.93874159875,2542.41418383139,7647.52525681573,250231.730010814,71188.819434757,14845.3809445939,6112.70889947384,2585.44414805669,7750.97619307645,249788.338505015,71727.1914312756,15054.364468787,6212.41120936434,2630.38988465694,7854.23822668754,249331.942446985,72234.6103086709,15262.4279803632,6312.83053715135,2676.26597123181,7957.53845626498,249193.736068109,72731.631722712,15456.4014672085,6408.48054830948,2720.66686632374,8061.54094847866,248818.473418641,73251.6094721268,15648.8808877926,6500.2487835318,2762.69747076763,8160.37164763824,248274.253738996,73732.8894884173,15850.0816363386,6597.24215288147,2806.67244485443,8257.44805687903,247477.104975051,74180.2185451455,16050.1610091283,6696.31009788472,2852.59729680061,8353.23883917338,246620.948566797,74583.6349928806,16250.3298641666,6797.37286117016,2900.18044604493,8449.11770923441,246018.514558413,74970.2451600403,16436.4334002363,6894.07394966102,2946.7522130379,8545.89394285669,245251.376678188,75367.7198408325,16615.6607662978,6985.01682506039,2990.32662763415,8637.52072502335,244181.684739138,75729.5950231053,16803.827418903,7080.16635732105,3035.20303410692,8725.31436160007,242969.023669191,76040.1026831974,16991.8461357794,7179.04942317802,3082.86940906419,8812.95852546808,242044.974370673,76318.4129979888,17174.1808276429,7277.32481550322,3131.42217406152,8902.4913961376,242055.420688859,76636.8822297069,17325.382541288,7362.05267185083,3174.62577469105,8996.12344047248,241944.535100749,77037.4733343742,17465.5239595603,7431.50098940714,3208.42172920974,9077.22603219957,241689.236920783,77418.8444921649,17627.1947619351,7509.82198996054,3244.0685894527,9153.92777895007,241227.607467479,77766.381423531,17790.9017688313,7593.36663242761,3283.54105158561,9229.98143890561,240585.711194966,78074.3977436987,17954.0752529154,7679.12664871288,3325.33679436726,9306.16061966236,239842.76783055,78347.5850780646,18112.9063543784,7764.92346236615,3368.1494583213,9382.3163152165,239004.74756675,78593.4375436907,18265.9955691607,7848.92800071309,3410.71008569721,9457.04958958127,238070.323506522,78812.8724521995,18414.9390871989,7931.53561067962,3452.87822258184,9529.72697904167
904,135034.410580222,113092.945640909,70291.6063105939,50183.9450510258,35573.5470676108,86686.5720489318,112093.995802974,98388.4229302438,60776.1263011834,43501.2499227883,30958.2647446478,76146.3444140738,107333.936648942,94257.2119192466,59035.6999588185,42816.6809962824,30708.2873599247,76377.9644661356,113636.362474442,101000.762859667,63584.6634869388,46306.2535907832,33570.3933388219,85519.2780870297,107818.99052206,94992.7712820318,60195.5766038434,44025.6785489132,32058.449818525,83671.8427375083,106464.804587987,95128.4884834943,60138.7685964722,44060.6319441089,32200.4341204033,85817.5108812191,107478.434640574,96598.4150148254,61823.1865589816,45352.0794466063,33185.4472112881,89947.665802696,104598.423985939,94046.6486327785,60612.2802646754,44715.6863144373,32834.4565586331,90249.3988603672,103560.354835232,93730.2035825072,60617.4896788688,44888.6737207814,33106.5972904324,92314.7759843152,103374.784323711,93984.0889206442,61209.8840348966,45463.8446567051,33642.8813550839,95166.0179446184,101659.425136955,92694.9099794006,60707.9968294182,45264.593016625,33612.418773905,96394.3210561522,100372.156391724,92044.4520949881,60572.1202846938,45310.6525407394,33764.3508704333,98150.4605710579,99407.835127655,91599.0295575132,60686.665045751,45543.4568083061,34046.3001594545,100290.40481369,98167.27594203,90682.2932718149,60436.9296517399,45532.2515509077,34157.6595995037,101944.252298016,97078.7203206396,90068.4663811401,60279.4153675912,45569.5700201993,34309.7526991793,103775.323151809,95909.7597710737,89394.426879331,60152.4507399389,45603.3787932084,34442.4515519841,105570.905401461,94503.1559297453,88455.4899540053,59867.2284825904,45534.9685492555,34495.9697506491,107106.275035214,93089.8819313226,87525.7408556336,59577.7711854441,45471.0508783529,34560.5974448668,108688.082717824,91966.8695586718,86708.7904024262,59355.7936027086,45461.414303975,34670.8425860035,110457.797946529,90865.8333335774,85984.1214956162,59108.4277423845,45422.7985980673,34760.3409323153,112220.227213748,89555.1089065141,85072.6154241996,58758.0733414768,45279.0704422379,34755.8886278255,113702.807577665,88162.7567000414,84115.3242135606,58394.5965517339,45129.853583217,34740.5342253795,115128.371984269,86723.5563434063,83094.0382060447,58012.9106465491,44975.5118589594,34724.294902291,116541.705484691,85422.7832006806,82073.5024485106,57613.9938107245,44819.1710883825,34714.1979361253,118001.163323804,84242.7904024341,81207.2711325259,57244.4156673758,44676.780143207,34718.5175164062,119568.090959053,82873.3874435857,80212.6690204207,56796.3773141349,44448.5697205119,34644.6400828776,120899.398561869,81349.7321670965,79051.7570156575,56266.0519054097,44158.3901471591,34514.5174063006,122017.094526821,79919.1058209102,77925.3238982397,55761.1084548427,43899.7259136327,34413.30189651,123229.515509541,79097.9201376193,77116.2846821343,55417.5228508908,43771.661432394,34420.4739494654,124869.328483751,78592.6446333411,76734.0019897313,55204.4454332178,43711.8410232959,34475.6166223179,126744.084720372,77856.2062503354,76172.1382316678,54898.0038198328,43519.1297796357,34390.4274450041,128061.438172925,76967.0538919248,75507.1462665143,54560.3811286713,43303.3646616047,34265.3056034224,129060.489871463,76103.4748035065,74893.6066559113,54306.056398809,43169.7331530254,34206.5013070706,130150.309074407,75195.9576865299,74193.7618082066,54012.9281506706,43026.2599312908,34151.6927089808,131171.537172231,74206.6193895856,73404.9924665129,53633.8036528837,42824.7487242411,34063.4332756807,132058.296281206,73205.0048097664,72608.8470606186,53241.766329451,42608.6021920345,33967.4693114752,132950.476483523
905,251120.991276182,96670.1301756492,27386.1238702566,12959.348836843,6119.81401231266,11481.7851244634,232570.71752715,88481.3794890762,24483.3116621075,11678.5408054351,5527.23360336234,10585.2761109726,237907.650897779,92545.4576077595,24244.2388542819,11463.6578879909,5523.45613937091,10993.5240844547,236661.899608974,93214.6672973532,24427.3292185743,11278.3058583751,5303.67102369488,10833.8187449799,237126.07645996,94678.5270077411,25086.130549069,11545.9765777581,5362.86945549421,10861.1292222433,236755.949374582,95611.6432092033,25632.49195028,11853.0360621237,5505.97078018055,10979.374511363,236493.109674366,96592.3436593473,26176.8018321683,12168.3949513361,5676.30956238255,11192.2540902174,236135.346827641,97479.0530681985,26696.413277469,12475.0026582863,5846.87530190156,11433.8888014715,236121.428715946,98404.7898125816,27213.4687612893,12781.6703537005,6019.30867828198,11697.1458796467,235823.069022151,99266.5233502369,27695.7692338888,13067.7961381396,6181.52224732724,11949.8417902779,235391.669803629,100103.545533472,28194.8608964635,13362.3831802386,6347.1662900213,12205.2271026502,234719.224987449,100860.810225291,28684.3115237625,13658.2216249206,6515.71672938365,12460.7105178893,233976.408785172,101560.110193732,29172.9541880322,13957.7948701912,6688.63402780752,12721.7540785002,233607.956242954,102297.789884376,29659.7012630809,14261.3474380566,6866.24385069593,12998.3892672828,232849.824570826,102945.340834652,30098.404754953,14536.2959065178,7029.76551957215,13256.111075849,231877.751727778,103560.24766662,30560.9055718652,14823.1547216903,7198.05050036429,13516.0995799112,230686.14004149,104074.186522779,31012.9562498677,15113.2925119239,7371.03774539449,13777.9940847933,229411.191080651,104527.503000092,31456.9675030749,15404.3642279022,7547.95169204032,14046.6092956038,228573.150538242,105032.822577873,31903.0868616846,15700.9364514688,7730.34430961376,14334.6138921694,227364.916619076,105434.417703728,32287.5808929709,15960.5527183329,7893.99462680144,14598.3683300184,226053.137170988,105833.733249184,32702.1302178736,16233.9533153627,8062.68556259194,14866.696755892,224409.071563151,106099.620891948,33090.9654166703,16501.8976620983,8231.21009958664,15128.4898151535,222681.289013802,106311.267996232,33482.5031964868,16776.3923401427,8406.34785657271,15400.2752638447,221273.019493495,106540.983402388,33869.1166729427,17054.6916402909,8586.97239451571,15689.9694265481,219665.525466068,106703.377327539,34202.5104035554,17301.1719844858,8751.92301725285,15963.5418850812,217741.42790511,106799.986917664,34538.3971014864,17545.3304092778,8913.53104556825,16228.6746373838,215672.030650055,106808.18822711,34875.1822100645,17798.3105467195,9081.83142493312,16498.6157060897,213829.377546996,106778.990734525,35202.381376137,18053.360349141,9255.69429158772,16781.9369108066,213224.000581422,107023.931772703,35553.6721269253,18322.6626656701,9439.81900150353,17109.5761552268,212340.258583436,107172.776482748,35775.3057723842,18500.9139987893,9570.72515124937,17368.604855784,211530.309907911,107453.13107967,36073.7996443708,18703.759198528,9703.77199096055,17622.4109911593,210354.688634966,107547.742761567,36333.1024314,18894.0837387577,9829.79951469959,17845.6422501999,209081.591845085,107645.622409875,36611.2496872029,19100.0294300886,9967.56212726774,18081.3574792196,207645.754934346,107631.251795513,36863.3858819754,19298.7321467363,10104.8772767409,18316.0012582067,206150.677766419,107601.066705782,37109.3474466618,19497.017295743,10244.7724886675,18559.8145862979,204542.161988375,107498.179718992,37334.9990833371,19685.9855274679,10380.9697434009,18801.5637340038
906,301071.886242519,71805.5842698099,15605.6265620611,6647.21496821516,2947.6104775601,11011.0289310971,285099.56842366,69397.4140458655,15128.9116893258,6545.97922148162,2920.05952874745,10893.9503855226,283036.794282087,69305.1302191346,13779.1101104122,5954.07054706574,2740.75275196454,10908.1988944965,281847.804433686,69766.9479463419,13845.2600013623,5734.7617739124,2544.782841962,10841.1502149579,280768.784690236,70083.3410552306,14004.4749325705,5778.63442563194,2520.31094809753,10841.4684307807,279467.67249936,70361.7431091512,14143.4228133586,5841.74476732135,2540.69292953054,10911.7069519457,278128.331130921,70593.8776606632,14276.3417231877,5905.02271786075,2567.32579812526,11009.7732090251,276768.06532648,70811.7901052775,14403.1324766085,5966.2871312995,2594.17844497332,11114.9265208077,275847.267797959,71037.3917555637,14528.7265789234,6027.27251526823,2621.08113178907,11226.7057826331,274836.845899642,71308.516445653,14651.0751333023,6085.32440864148,2646.50558802996,11336.1112648209,273646.789263429,71548.2545265386,14782.0579637916,6146.89660594978,2672.85311151883,11441.3050073357,272254.388537016,71747.3908257602,14909.9119249987,6209.69654611208,2700.54032931175,11542.7093456712,270741.009769918,71908.7996625081,15034.5523954829,6272.37470653451,2728.81011575461,11640.9627059786,269654.230399802,72067.9845722497,15155.2084108582,6334.57512757541,2757.45316083644,11743.950345491,268405.182185253,72269.5952317301,15269.3144776347,6391.96776473757,2783.82565524618,11842.490192594,266844.645485385,72423.2314342973,15392.2296045873,6452.74048919177,2810.86712096332,11933.9935939902,265089.099339688,72520.2551825486,15510.8361741043,6515.15924620905,2839.65858070531,12021.7690941594,263207.570936642,72579.0404350681,15623.629988804,6576.30722343296,2868.7087619283,12105.9552331128,261828.380931057,72640.3528921765,15732.2274267256,6636.77197802519,2897.97465749997,12196.4136174784,260284.869999887,72752.0021527646,15832.7323075466,6691.00600940542,2924.17792929926,12281.3381766438,258549.938886928,72820.6594732137,15943.541288386,6749.23469160137,2951.15587138571,12360.5840174126,256550.825944815,72842.4722862827,16049.1215224251,6808.34999095079,2979.56450993267,12434.572433241,254373.43149194,72812.6695570148,16151.1909525318,6867.48710995075,3008.7499749941,12504.0936865803,252546.459843099,72771.2980687379,16247.6580787305,6926.05088432321,3038.52012949661,12578.0874227152,250693.27410689,72767.0437290705,16334.5083039948,6978.38604308211,3065.48302914171,12648.7634518409,248509.44690499,72729.476173993,16426.3853442208,7031.56143942983,3091.8322464384,12710.4746827268,246141.442140276,72627.7379729018,16518.0379652479,7087.89980175661,3120.3280230561,12767.601792639,243933.591345246,72502.8383296254,16603.8934818448,7144.0874468059,3150.03890826447,12825.655266489,242992.857855527,72462.2508158489,16685.7735659629,7198.65216919551,3179.65643916676,12904.5855193045,242188.271792844,72585.3583640385,16754.5774271214,7239.04748500169,3201.27568775432,12979.2892219334,241252.744284623,72700.3389252131,16849.2700875162,7286.56956517855,3222.91651198793,13046.135499046,240099.313629721,72777.1522972319,16945.2798346154,7339.66086842822,3248.33527508917,13108.817008626,238732.823276483,72806.4430658833,17038.0167299623,7393.81126954288,3275.69049060125,13168.0466668607,237243.657408883,72794.3779118287,17125.2972099391,7447.38624896477,3303.81044380719,13224.7076024456,235665.504448112,72755.455700474,17205.9070722149,7498.84233531204,3331.58827105752,13278.5764765442,234004.248138099,72692.4110633799,17281.8496938874,7548.37639927893,3358.68556611206,13328.9463943565
907,275016.282577731,126825.111144705,47951.2156533089,25966.8142068618,14014.0633253934,30840.770447443,255417.317531074,117323.672758124,43015.6409116012,23361.6912363391,12642.3190999992,28572.5431498417,255135.930963223,118729.209050271,41663.5147395193,22835.033721315,12534.5493813499,28783.7101471622,252893.507352787,119838.947914149,41667.6360781235,22309.6951974771,12158.3218842406,28682.5559102632,251530.042603427,120840.648819589,42520.6896226664,22639.2920891508,12179.539261948,28738.224884976,249828.944467737,121379.970309927,43219.2283997915,23103.7612593334,12414.377386035,28966.0869682965,248097.417588083,121837.850503615,43850.0052567861,23565.8335398202,12711.9824770328,29399.2188477518,246306.968930083,122198.975197812,44421.281043069,23998.9169048965,13008.5924156355,29923.8149690694,244991.08607066,122615.577695179,44996.6656747109,24431.5111957082,13307.7569194484,30521.7015130743,243529.736520095,122999.115932682,45509.6974117423,24824.5244668963,13584.6410946543,31110.4299308359,241868.54378053,123316.553698962,46021.1166105738,25208.4176003698,13852.2825966656,31686.5544949571,239995.814765243,123533.042610591,46515.8145463158,25590.8247772435,14120.3588716541,32256.2724393348,237958.489997289,123652.444986331,46988.0171428243,25967.6763723411,14389.5948914947,32825.426167046,236429.544548746,123832.812189127,47479.5652480344,26362.1840149676,14673.2204794181,33441.2112507771,234643.940970926,123958.815368785,47893.4582489241,26709.3226675938,14932.2816078951,34026.3918632437,232559.03714246,123986.137722482,48304.1539023659,27045.850720038,15180.9259731198,34587.9042682599,230277.438109787,123900.423197698,48700.9756846066,27385.5662417684,15433.6200800004,35146.6919254322,227828.056414933,123706.905381092,49064.4947497311,27715.4062717168,15686.5674301381,35705.3098499506,225936.127793286,123596.412170068,49453.4316811818,28065.7883452961,15956.0531683564,36320.648721849,223851.039478246,123446.815385614,49760.3770359049,28363.9879622725,16197.3518811879,36903.0838294389,221560.575182591,123221.260329094,50065.2232127233,28649.2555977247,16425.4086666698,37459.7243042296,219009.031452765,122876.381101749,50345.9791996882,28929.4530355266,16651.3951798726,38000.3895107052,216242.23934934,122402.48759046,50594.3612194879,29199.4760307243,16876.3888097918,38533.7777013158,213907.91436099,121982.136395236,50863.0109076801,29490.0692276904,17119.1147011082,39122.1642454767,211535.23233935,121551.070413827,51064.7129124468,29738.8653287195,17340.5709582274,39694.8347371178,208802.756178313,121004.841149668,51229.4442495008,29953.0186460059,17536.576908336,40219.9094099175,205908.23278086,120351.014284021,51391.0935257636,30171.9412908877,17734.5950554641,40737.6727525531,203108.237896234,119640.613906806,51533.4186470965,30391.8041688148,17939.4470656302,41271.4354023245,201717.429362468,119292.548013546,51773.715476464,30673.9030322936,18186.934831568,41944.2309587012,200472.328183906,119103.594572156,51910.8883427432,30869.2169670106,18378.9849605443,42555.1752889608,199058.904731352,118898.931623296,52061.7710541034,31032.2005976463,18529.884973901,43071.4210115316,197490.815367381,118646.533588657,52234.8431695435,31213.7263013408,18683.643863117,43547.8066501795,195665.2430558,118252.983499446,52371.5999625257,31385.6771176219,18835.9201033602,43986.0632210087,193762.865194085,117804.472381062,52498.033234624,31560.7397097895,18996.4849393531,44434.8876889633,191761.664958446,117280.196049624,52590.1058909698,31720.7531233986,19152.9629353938,44882.9639904614,189697.704679072,116709.477671366,52659.5920307434,31868.2132924448,19304.3822234731,45333.4978761458
908,336912.686256797,118984.36220212,35304.9616660864,16973.606842255,8175.42086661252,18989.6104258963,313731.380510253,108198.032210466,31846.4935477553,15451.0982784246,7482.67086918457,17938.1487052716,316950.126825001,109384.338836237,30064.7130539092,14841.1191173503,7362.75500377027,18152.7721564916,315910.397068678,111226.082464907,29792.2309567836,14139.4976771475,6918.59994348379,17995.2517465325,314760.387461448,112377.712283233,30408.4686837127,14265.2490432992,6815.13364522696,17852.400604193,313599.757624684,113359.71220188,31009.7772863856,14582.2777233667,6933.55292303621,17914.5811170849,312297.549821789,114202.772081504,31561.7585527022,14908.2635078748,7105.38097376412,18120.641900079,310939.682798269,114985.751164768,32085.6257072009,15225.5115731622,7284.36154640566,18392.0452017178,310061.85741512,115781.43063692,32604.741962088,15540.942043525,7464.8540592827,18699.3893170544,308935.886274539,116528.600559567,33079.8821510045,15832.3630432237,7633.9682562186,19000.0089278745,307593.545926724,117241.675677964,33565.1546651524,16125.3142329775,7802.00339972116,19295.6949592981,305964.688988623,117860.059516018,34042.1326012051,16420.3087385793,7972.6962923892,19586.927127063,304183.483313794,118419.253090411,34514.3408961758,16717.9481360736,8147.55670845347,19880.074321715,302906.348660642,118989.452977649,34989.4374960641,17021.6568603428,8328.15981080365,20191.9911724989,301282.418532342,119497.015570083,35409.1172811638,17295.9565300656,8495.37853632661,20486.56969318,299346.191525423,119953.535632511,35841.4006812994,17572.0688068488,8661.20949137297,20771.3720683656,297118.053809976,120298.042232381,36266.008827494,17852.5742568352,8831.39313507468,21052.3702306093,294724.062520672,120570.599426132,36678.9910732772,18133.5939267304,9005.62658748617,21335.8370887789,292903.247617897,120869.159482104,37097.6686480482,18421.8808416516,9186.48037030556,21642.6597922543,290815.421554955,121116.671352807,37455.1314310468,18676.5064551486,9351.43720210446,21931.383690408,288520.257994112,121327.231724643,37824.6887451614,18930.7585576855,9513.05302727146,22209.7335014454,285845.497024667,121412.935297297,38177.3349042858,19183.5400246666,9675.41923409178,22477.4060521146,282971.133551875,121416.506991551,38522.5052375152,19438.8124734982,9842.498777168,22746.4059067446,280515.062349676,121421.239493851,38869.6832337474,19701.405458555,10017.0367316074,23037.2165341728,277968.463401655,121392.375042632,39163.9732693819,19935.5237208838,10178.8489437886,23318.1307945237,275026.475986574,121291.76423344,39446.381960141,20156.3568269581,10331.0266943502,23578.4794896583,271847.323813217,121083.581360441,39729.8128526856,20383.6512399092,10487.1365006753,23833.9422644447,268832.343130694,120842.704577619,40009.5592884486,20617.9216208232,10651.3931072026,24102.8300359405,267372.030613052,120825.305323729,40322.3449936917,20872.5225180016,10829.8352976828,24431.680463568,266033.142718177,120899.409663476,40535.9807620022,21058.7591202878,10969.9906710099,24726.6121302918,264617.872486639,121024.807323779,40781.9669965646,21236.1683461376,11092.4684238306,24985.6304601258,262904.328794205,121047.691890838,41027.3662146836,21418.9661974963,11214.7020760096,25219.7022614937,260941.62911536,120990.533475797,41263.0516119555,21604.6576008477,11341.9714179785,25446.4982634588,258816.213102101,120853.416999818,41486.6391031596,21789.9801883635,11472.8300040319,25675.2142692161,256587.759145153,120658.064830253,41692.2398482481,21970.1420148016,11604.0804823188,25906.5565754332,254249.226296887,120409.239222768,41880.2010370061,22142.3279979531,11732.7832051014,26136.7645039314
909,136640.396480021,107960.493965201,67813.0806840044,48631.3337000898,34605.5286583328,87938.9820349211,112980.318576012,92847.8531300722,57671.9980006625,41418.2182444707,29580.4884071762,75875.2248144679,110608.121988152,91579.2812730521,57271.3302389955,41651.7825972287,29979.0690820984,77684.0300112941,115620.611613474,96717.3715164682,60884.0996788719,44357.7252100622,32216.8907019687,85393.5230973325,109384.278306966,90836.9560256447,57537.3208231071,42081.8457102689,30668.7230014778,83086.4001270558,108967.106634762,91889.7358849154,58145.3830157108,42603.4806410981,31149.3623971113,85950.708702653,109463.889699813,92722.3189269354,59428.2240279378,43625.2996216596,31942.6817169601,89478.4153796012,106403.808084566,90218.7040808545,58187.2217118551,42960.8964174353,31577.3541785182,89614.5141583633,105764.295054838,90320.5472350405,58474.263125834,43330.8111783662,31989.1582552863,92036.5123469815,105367.615938313,90343.2144955786,58912.1490876775,43792.8298993985,32439.0553926706,94628.5313472975,103523.949124599,89047.635807947,58374.3819610155,43560.9436814524,32382.5382952914,95730.9098667828,102374.2191787,88598.2987178699,58367.2440324526,43694.9403157064,32594.794184387,97635.4468037537,101333.452763635,88099.1766011961,58440.3940018944,43894.4801923321,32848.2340386223,99669.4231909337,100051.65119033,87209.9799950112,58183.4596950743,43873.2146748109,32949.5101637127,101261.422067129,98979.2829343767,86679.4746010269,58072.3834612354,43937.1073535259,33116.7950037414,103114.195227136,97758.9050177881,86002.3870699586,57938.5258583626,43961.7783617857,33238.0326054848,104843.346016656,96311.2788651017,85099.2617175319,57659.4935889051,43894.4112711536,33289.458425182,106334.930660517,94890.7047881191,84228.8617813668,57398.7869932465,43845.9655458796,33361.9737733724,107907.485892314,93778.8025737983,83472.4395127183,57204.3492195687,43852.4818394394,33480.5263608089,109673.558324173,92628.66722413,82762.2080415003,56954.9015028764,43806.0965273631,33559.9813448061,111371.301979729,91280.1207428837,81882.3306000161,56617.2387176196,43667.1442101064,33554.8759587993,112809.876379785,89865.3454849548,80975.2387471466,56278.3772441898,43532.5589070073,33547.2255518119,114218.010527496,88394.4037172306,79991.419838699,55911.2249850109,43385.1445181577,33532.9519427296,115595.123617674,87091.8732769971,79032.0878022323,55540.5426395695,43245.7742893794,33532.5278870472,117047.294397978,85886.9183272648,78207.456902436,55189.1554004352,43111.3171676694,33538.9385148693,118583.247552503,84466.0398926383,77233.5634313981,54747.6115099264,42883.2343584832,33460.8593282497,119851.891257527,82912.6281732028,76122.2273519465,54241.539173117,42607.8961641381,33338.7565901115,120944.02169732,81485.9763503809,75061.9208285688,53771.6726265366,42372.2080593845,33252.1181883871,122158.802530775,80713.92091053,74335.5414449337,53473.3210335711,42274.6158196575,33279.6981676722,123836.580767955,80188.2516877348,73967.164960035,53263.1160051474,42210.846308978,33327.5456606708,125653.451267203,79407.6848031166,73402.1312449008,52952.5675278771,42011.443455633,33233.083178139,126889.099756334,78499.8746576619,72771.7858211916,52635.8258705922,41810.521731631,33117.4349583114,127873.576487981,77626.7815102557,72188.3486108567,52399.5556908636,41689.723095107,33067.2475149125,128955.533903072,76692.8236974165,71511.6568260985,52113.1906977266,41549.4962552814,33013.6691729602,129945.245539564,75673.5389998085,70745.2573349162,51743.7887569427,41351.69405565,32926.0190832562,130797.05399744,74656.7047179215,69987.2610099428,51371.675567276,41148.3438644509,32837.6183210326,131680.436669859
910,308610.877764275,124538.532528569,38808.1007229686,19031.1401171311,9243.80376923089,10924.2097811751,278959.623960199,111933.997619837,34674.4573917842,17140.3561800891,8361.24046851444,9990.33589244917,281377.827376237,113860.818250125,33392.2990146496,16749.0510314439,8354.29760608568,10231.9885801737,280391.000580844,115525.257598623,33382.1035060236,16237.6165367852,8002.81984667116,10104.8864139614,279013.237167813,116466.992554289,34025.2902529683,16429.327295971,7957.09893270028,9952.02405703371,277752.751124007,117322.42166773,34652.6812022286,16790.938617354,8116.61796082081,9992.5148005087,276345.756533402,118020.398841799,35221.3572342095,17150.8859632546,8321.42135713992,10173.4261714173,274873.988548796,118649.612655036,35755.0609846093,17497.329340625,8530.27170251585,10421.8033070909,273889.707587823,119324.518859639,36290.9841474524,17844.6698858177,8741.57181247003,10704.2291694032,272670.501915012,119936.734922374,36774.7344780773,18162.2347482929,8938.02410119684,10983.2961918574,271272.20711742,120512.34122068,37268.2797752031,18480.8691025322,9132.79564009108,11262.5573681955,269619.147779158,120984.83873809,37748.7162472708,18799.4333799252,9329.33982443223,11543.8921642744,267821.973251665,121385.340355052,38219.5506819421,19118.5084244634,9529.35916941107,11832.8437573495,266511.295341545,121827.005443332,38699.1261872556,19446.903631509,9737.07488834774,12138.4166714794,264883.951595698,122190.930590005,39115.5042280112,19740.0957260259,9927.98582213808,12431.4194259754,262964.227877321,122492.918215257,39541.3227706508,20033.5159115794,10116.4542777848,12721.0536879851,260811.476230017,122679.580469175,39957.1646345972,20330.7672536369,10309.3064717226,13015.0687661477,258504.968172612,122782.279236796,40354.0817792171,20625.1042940543,10505.0251626458,13317.6853989968,256749.120860544,122945.221517067,40763.7453183349,20930.370978163,10709.501388855,13640.6044666904,254723.852407422,123039.118722478,41103.5448154379,21195.1492239374,10893.8251855062,13947.829300428,252534.356758751,123097.44117504,41457.1710270603,21460.5293797012,11074.8973730099,14250.7680130982,250004.465267583,123017.538432516,41786.0935841597,21720.6520215925,11254.9547155552,14550.6119443208,247295.044301335,122847.735502763,42103.0542299979,21981.1510153261,11439.0380285512,14859.1193716755,244990.428010824,122702.10995256,42426.2051433818,22251.5884835862,11632.3956288484,15188.7524663373,242603.214224115,122521.224002156,42691.5724566948,22488.9769470239,11810.125464475,15509.9361608224,239860.24305,122257.554542504,42940.8948102223,22709.9005504458,11975.8266038597,15817.8252023442,236917.386021575,121882.843736426,43188.1879915294,22936.2724948913,12145.0261490308,16127.9406270049,234111.984476802,121467.706796925,43426.8791006614,23167.4600901986,12321.8126236066,16453.2396258914,232758.566975232,121349.773568993,43719.5296906381,23430.4192679991,12519.3135094562,16821.4315080698,231478.52827107,121314.172609758,43906.7921437117,23616.0384519609,12671.4472747069,17144.1317396518,230139.67367465,121336.266331756,44133.1896517556,23795.2829918932,12805.1292097423,17430.2330921819,228527.521177223,121243.16898948,44354.1861096866,23977.5861526745,12936.7556467878,17692.689815362,226702.954010168,121067.188775758,44563.5201682955,24162.4697516521,13073.6466228198,17954.436874032,224744.747305311,120809.465854046,44756.3013814835,24345.002786653,13213.5417143861,18223.808580382,222689.236806235,120492.866000383,44928.2543170464,24520.1309385128,13352.6903886311,18500.1695664425,220543.161097448,120121.262542529,45080.8481782636,24686.1541244829,13488.5757846049,18780.0543890226
911,213516.013931217,128533.797762732,60454.7544391493,36927.6490155746,22418.0763663058,39287.1490138854,188531.210668145,118465.854735589,54739.1240186052,33476.689995889,20393.8845057799,36061.1690135265,189830.23029329,120542.201430629,55895.7900649297,34480.5023642448,21153.1162509464,37648.2349245293,187651.943663265,120253.310234818,56071.2738472789,34525.1520308667,21296.4595785412,38575.2365746004,185625.624906739,120030.672624757,56374.2433589631,34786.7431375875,21465.9186396497,39299.4545267415,184570.616672413,120550.12158643,57198.5020755733,35416.4775611514,21909.7529086911,40398.7444590224,182339.049270575,119943.415172868,57466.3219242264,35774.0428122893,22221.6642206333,41240.3957437172,180922.980302626,120065.688147086,58025.7853616514,36303.8733581474,22664.9007641766,42409.1273662813,179327.167495874,119728.961857886,58377.2916328861,36706.2436342548,23027.6800122532,43490.4221346648,178022.295128989,119724.71877605,58793.5538887455,37139.8106686622,23412.9417525241,44666.2734613607,176330.370906205,119432.312679107,59103.4318138461,37489.4779524091,23735.1031580064,45741.8934491532,174629.181932441,119169.257067436,59439.8452064907,37863.02875448,24071.9544388469,46847.765074584,172732.850091281,118731.368909375,59708.1021936736,38201.2728691406,24390.4920121699,47928.4115683783,171269.690108046,118417.254456227,60021.647952445,38576.3585692323,24738.8114882973,49092.9937513483,169669.764683942,118077.51571547,60252.9685599082,38891.6232333996,25050.9337861638,50220.8347655607,167758.643535931,117568.537699271,60427.6636214394,39154.6584558293,25321.588353064,51277.4558406336,165792.150910085,117016.831835852,60613.5202671336,39435.485876141,25603.7447879776,52356.3511343361,163639.920616173,116297.340621734,60721.3985602883,39677.078274803,25867.4653023993,53411.5353161299,161969.048248125,115725.818708308,60885.2130029604,39961.9639433632,26166.1292668771,54572.1541997473,160199.95333958,115155.299824033,60968.4372756586,40184.2310673585,26425.3425469803,55692.4500924703,158192.706845787,114434.097195541,60997.7731730708,40351.5916957295,26638.3077846758,56728.1696679928,156096.704545405,113682.32049927,61034.2334475546,40531.2853329234,26857.3939672986,57771.3211024876,153770.55262106,112732.70362568,60987.9296321459,40665.8945640999,27051.5811615787,58766.5471631445,151801.324769456,111885.707060759,60983.7038968067,40838.729429701,27278.7095677811,59860.1278433434,149885.484926501,111086.814618436,60933.4417571069,40975.2316139258,27485.2395997753,60952.3568112228,147613.290901764,110104.440957125,60785.1759098639,41026.2034742965,27626.2283742814,61921.0261515666,145277.666704231,109062.665674712,60648.5668934044,41088.3962518538,27770.2217949291,62892.0697275432,143011.367721162,107965.799747793,60485.9055523592,41147.317660773,27918.337714799,63880.8010088562,141779.395801604,107257.85352496,60466.0880792848,41307.7204918183,28142.5180179206,65083.9325077214,140846.115466867,106876.847138509,60437.8812401345,41428.649822604,28334.4889200687,66264.3527787742,139583.547762177,106316.411742122,60328.5045879977,41438.0591580396,28418.5081833891,67168.7339443955,138333.259982402,105835.017992406,60313.7373959277,41513.7470115451,28531.1382094848,68052.4741924631,136872.290694004,105182.840102356,60245.4866152852,41569.521028826,28633.3238517735,68843.4073209092,135321.340125457,104447.831018489,60136.2198189045,41612.385555049,28736.8402087131,69615.6403930189,133751.564225849,103690.23597341,60011.5499248778,41650.024172919,28844.3570537847,70413.0002115821,132110.072683891,102858.068780949,59839.2282021319,41655.9186175134,28933.2550732769,71192.7045817131
912,176868.818293547,122445.612157772,65726.6963994556,43319.2383790199,28348.8072593039,54186.4821455204,151235.341382112,107745.620083496,57233.1142804601,37743.4433461139,24778.7333746108,47812.4716303528,154495.633268339,112169.959464835,59640.8551013459,39615.0788243213,26152.0104714679,50888.7946955231,153275.505388196,111584.572737411,60128.1242428249,39935.4015356102,26509.9302183196,52543.9592627101,149644.043170014,109588.43637469,59229.4722505927,39541.5390045484,26320.9018281491,52929.2876527976,150335.526288786,111388.79300165,60712.0872836462,40603.7100175793,27111.9856049191,55244.0713241976,147405.272477616,109580.433635301,60365.1990498108,40579.6682026212,27185.8255979305,56010.4844298887,146403.977473613,109776.664369098,60846.8742105741,41109.3913839789,27677.7609196404,57697.1001012705,145208.702201988,109388.846360005,61164.4005620015,41500.4046986544,28065.0378576111,59253.8749282139,143728.561435081,108883.828223303,61248.7306083579,41749.3098924126,28361.3117350885,60657.9022869327,142472.067104787,108639.030750802,61520.8781440303,42088.3455793514,28707.9246847502,62204.2769585415,140862.89802037,108046.45889051,61635.2520183528,42333.6261541481,28985.3700956068,63598.9429802043,139260.585797471,107472.389903242,61745.2025421935,42584.6034731124,29274.0281392705,65031.3182945395,137993.533166124,107002.929884056,61908.8881639415,42875.8073290907,29594.6377347476,66568.7717392257,136586.112072334,106476.546644471,61969.7798991193,43089.2045640325,29863.2436450446,68028.3808748185,134942.048306775,105817.834139522,61977.006507245,43247.4573278611,30084.8533748639,69397.9945247048,133249.82858524,105112.466388322,61990.4884299004,43418.7050226639,30313.5067183446,70783.6993368905,131438.670827124,104272.202931845,61931.9208495198,43551.2478120954,30521.9652608476,72138.9042010158,129986.440260964,103561.244121843,61920.5211483986,43723.1556589368,30764.7910703779,73614.9846754695,128504.846850684,102887.493408788,61856.212406909,43844.9213834652,30973.0390753568,75057.4853251041,126788.011661407,102044.627376464,61710.7674926417,43889.1738965963,31115.0102251977,76356.1593107592,124998.524324251,101178.55703427,61572.9225285148,43943.6933337965,31260.2591783414,77655.066028109,123065.687052828,100160.454052571,61369.4948139764,43961.3227431489,31383.4067745466,78903.3440777184,121390.080772582,99213.3120915,61187.5847158125,44005.6238783118,31533.5583847354,80249.4723669447,119797.731825255,98358.9242619244,60990.7838140187,44030.2930411087,31672.9203777953,81619.3395679145,117899.10221614,97309.3777495996,60679.8659198187,43951.6780179483,31728.1506103186,82798.5686309339,115926.166600555,96196.3002044552,60364.2328976616,43872.1694308006,31776.8486023236,83954.8187959034,114088.115380079,95086.8027863806,60058.8401874681,43812.3733601009,31844.8926450115,85169.3146382662,113051.867985029,94334.2439610124,59894.5575684247,43860.1894440058,31998.1576168583,86652.9485238855,112288.702634684,93909.3121894821,59762.2035919863,43893.1121278081,32133.6598900182,88138.4872592314,111234.810635679,93307.847244143,59540.6297998714,43804.9397741589,32146.6375830144,89250.799195336,110138.281921781,92733.1910505299,59385.2272410249,43765.7225261107,32176.1427096682,90290.1527292358,108961.968353032,92090.0782404735,59234.2699394034,43747.2012567244,32223.4177100046,91280.7117741965,107660.219750809,91311.8769963322,59005.1246807721,43689.7047268245,32253.52807722,92182.078196029,106348.622039183,90524.9152846144,58759.2441025134,43625.5852454505,32288.1655973024,93108.0788719937,105008.658904168,89702.9094627027,58488.3308598847,43542.1219138907,32311.6713561952,94034.8802721015
913,343019.189610188,88215.747432493,21230.1371916266,9290.76003150114,4073.96517023183,5961.81771376707,325153.173987368,82836.2012233704,20123.4869031138,8992.09445942971,3980.99196226526,5838.09487164307,323640.828118898,83796.881922841,18417.7315996436,8182.713475131,3725.49593259254,5807.83271694095,323212.770022595,84901.7496208407,18622.7021476717,7943.70802329757,3477.30864330259,5630.15052918588,322682.843686969,85706.793992516,18955.6863230586,8054.04683727628,3462.75200863436,5535.3792236409,321842.809854104,86415.8185277781,19254.9321676255,8198.72629777557,3519.00420247169,5550.53048705539,320916.847163888,87065.9299712064,19541.7531178334,8343.68277955787,3586.85222130412,5616.51093144317,319953.056361978,87686.6307035111,19820.5291440069,8486.05321962046,3655.71305808396,5699.34868496609,319490.610192993,88318.0102293804,20094.030375041,8626.89719978519,3724.43316362147,5789.42580861297,318766.611760842,88960.6312621675,20356.5437308042,8760.09389374821,3789.40893269662,5876.58072225229,317817.645313673,89556.6078838256,20628.2493568483,8897.92715549514,3855.85173875854,5963.01135651802,316601.677459185,90099.2116899209,20895.0880967815,9037.1842776883,3924.29927020964,6049.9590400545,315293.608544729,90596.2565709668,21159.0057353908,9177.18904470707,3994.18688376625,6138.28613995841,314479.760634093,91103.9366127328,21416.1616014007,9315.98070734309,4064.476872844,6230.12689832245,313283.204368163,91609.6726730739,21657.5982939337,9444.38420531569,4129.72733997236,6316.2605688224,311748.570112252,92048.3981625613,21909.5248445825,9578.16811561886,4196.65925157508,6400.73958354256,309977.668477444,92423.1265008272,22154.7148507479,9713.85923427166,4266.27168823827,6486.52939983621,308094.57910806,92748.5163575164,22393.6642636925,9848.5878291462,4336.773541912,6573.54094014709,306773.77954348,93092.6200570336,22626.8770786766,9982.52172606998,4407.80128748334,6664.83951261156,305129.222823577,93435.8238212504,22840.2711083051,10103.4270217655,4472.42606689155,6749.31026533803,303248.998615338,93723.1645122033,23063.8305918327,10228.9885667924,4538.10040946881,6831.79572893545,301024.553471635,93942.2162110531,23278.8746839527,10355.0000059167,4605.60588844727,6913.97948851672,298628.144911636,94096.2001287391,23490.0085654415,10481.8897188469,4674.92180371377,6997.73529493452,296688.197953471,94257.3861208392,23694.8904465935,10608.7551250754,4745.64958503553,7086.54446186039,294566.058944177,94416.6104824547,23877.7084252948,10722.1220135831,4810.03336304424,7169.7851019225,292013.690883717,94507.7254266324,24063.223385922,10835.3790743993,4873.12333805184,7248.11488542535,289265.600762101,94525.9022827521,24247.6104866704,10953.3396287103,4939.84188369635,7328.05388220405,286835.797607549,94524.2746220865,24428.0310641776,11072.6745831991,5009.20600008598,7412.99740833528,285957.646088815,94683.8365466801,24606.5887992517,11191.0593970389,5078.89746243883,7508.65425659018,284987.727015065,94927.8017695856,24746.532357814,11277.7616035313,5130.5930072335,7586.68179046182,283864.589739766,95155.6239737751,24915.6966324422,11372.4124551171,5181.15106246793,7656.6328200483,282453.271292676,95322.8357406881,25083.3085724793,11472.6641181975,5235.81924529785,7725.49860389881,280788.989812673,95427.4390284904,25245.8923112947,11574.2583162105,5293.22786420868,7796.55394672809,278993.600755806,95483.4751243579,25401.2348707612,11675.3316716305,5352.01013437964,7870.10074053208,277080.936472953,95500.4320472696,25546.3463078996,11772.8607727584,5410.12597114454,7944.06322672333,275058.637863404,95480.8345651878,25683.6156076771,11867.190777994,5467.15619587341,8017.26397630167
914,350074.507896844,90412.8910346665,20541.7111356283,8861.09705443906,3884.98987104837,9185.36073933974,330082.127524072,84657.343375979,19705.9655290231,8691.78164922401,3848.52088880989,9048.23210009932,328533.640617914,84946.7815422119,17855.0420825009,7903.7847010454,3621.2436454124,9064.97863105251,328059.444039816,86080.3208018363,17933.8924904542,7589.8539749717,3348.55340218413,8926.2720906618,327558.986887035,86925.6879414278,18251.0542574996,7674.58903691642,3314.37055961426,8859.07990399494,326762.315922229,87673.6015609183,18546.7994696048,7810.65680131645,3361.95716666881,8903.1303347051,325892.038956579,88358.2011826983,18830.5466896511,7949.68551406166,3424.43724853766,9000.78896040935,324979.010923594,89015.9678444152,19105.7565750492,8086.24600440459,3488.48020270908,9115.97752289978,324536.432958035,89673.1153640513,19374.9511653569,8220.86327297243,3552.24628490332,9239.86231605221,323881.157857524,90348.8454767163,19633.9864455724,8348.71528290621,3612.78043117684,9360.15759917627,322974.616336418,90979.1693735838,19902.2894373272,8480.83918915735,3674.56528968228,9477.64902933671,321818.658489738,91555.8163531541,20166.7808404933,8614.8269805138,3738.41555245285,9593.67633785013,320548.254480963,92088.4226202658,20428.2227844385,8749.36321186886,3803.55524914579,9709.20486825967,319740.602160115,92617.1233416598,20681.6165588541,8882.11491579035,3868.80494429856,9829.028104035,318611.230171937,93155.4894823533,20921.1621149665,9005.82550498753,3929.75053148071,9941.95574737374,317130.629809726,93629.8619240502,21171.073601805,9134.41956063174,3992.07976396961,10050.4369925147,315385.094047978,94036.1113263245,21415.1121320185,9265.03950725063,4056.92215596549,10157.5367338522,313524.244623785,94392.8817249064,21653.8317556777,9395.26924696218,4122.86187811532,10264.1107101166,312207.805082713,94753.3061407572,21883.6831120669,9523.3440436634,4188.76765883834,10376.1850585737,310608.207882294,95128.4046360711,22096.2688193438,9639.85104403998,4248.99946005557,10480.2043404917,308769.888088646,95445.9356374042,22319.6869429011,9761.00003381055,4310.19559397157,10579.9875028957,306569.937306015,95695.4882909328,22535.0139248475,9882.76830335984,4373.19781570722,10676.3783700594,304194.60109108,95879.4647728446,22747.2930490171,10005.7080469607,4438.02465496414,10772.0080589241,302230.851890854,96054.7300632945,22950.4515595507,10127.2513597505,4503.6103087138,10872.8846538623,300146.377858436,96239.5638141704,23134.3467811948,10237.1069396314,4563.78932992411,10967.8712025792,297627.226166817,96362.6271235435,23321.7098056326,10346.991534205,4622.74329443401,11054.6759947616,294896.219034811,96406.7084221527,23508.0901350074,10461.3202431377,4684.999161822,11140.2238683792,292421.882793637,96424.197128163,23689.184313408,10576.4131540417,4749.52621786504,11229.6677596321,291465.773560924,96569.3649414275,23861.7621897333,10687.9323523333,4813.33678172471,11336.5718848434,290529.671711173,96836.9411302088,24002.4053903295,10772.048774913,4861.66715348877,11428.7209721632,289420.945939584,97084.4291781577,24171.3356355855,10863.3677255861,4908.66262804769,11511.1330874711,288041.39201483,97274.0250980289,24339.8432994224,10960.731719019,4959.90352358675,11590.2706471036,286395.499474825,97401.079477145,24503.1227702408,11059.1327407915,5013.63809125247,11668.563916497,284610.197349582,97475.9505589613,24659.7326406688,11157.1350452806,5068.67717118507,11747.1178877388,282705.623683938,97511.4053328774,24806.3026064336,11251.8318074397,5123.17087172923,11824.3813538012,280688.624871593,97510.0239860117,24945.4625133212,11343.5298399695,5176.66065584439,11899.3330505514
915,172244.452680523,126091.755870702,66048.7410275398,43167.0074041582,28019.1197545162,54492.6811128578,139862.813006757,102702.593375166,53090.7019556168,34604.4990010284,22486.9959912781,44100.8767193701,153447.498465597,118101.602197942,60701.388149825,39734.5121447597,25960.8361114349,51265.6955370369,143897.445817364,108542.511509714,57058.2021204137,37365.0204191222,24463.0386286767,49012.5916093786,146223.923182883,112941.452320495,59057.6027505052,38872.7805629931,25561.763781704,51802.8302247899,144046.086016522,111364.231072248,59231.3847248632,39040.0782268868,25712.2897778644,52675.1792875913,142202.65238011,110850.251408558,59285.4335220746,39338.0317416435,26028.5100029921,53802.1015703416,141565.631272497,111183.620340961,60019.7869385665,39985.4248202629,26581.3996797727,55551.2182556704,139876.056716003,110284.769570379,60017.4825795773,40190.5811125437,26842.0720902286,56744.9404626715,139052.203054925,110407.752177237,60447.4747961144,40652.7146709916,27278.7790315348,58377.1616348754,137599.574507867,109859.94514934,60608.4353475583,40917.1028283071,27565.5602843514,59713.5871232947,136172.208850924,109429.798499416,60801.5211848885,41218.7426586034,27880.5644140279,61109.4265875929,134719.364175123,108910.016146302,60984.2550036059,41514.4657930656,28194.6929437,62523.5059504088,133535.23096327,108456.272208449,61162.3388795189,41819.1855935717,28521.7165402443,63999.0787700874,132230.143086988,107996.259567836,61273.664506177,42062.248572341,28807.0961394514,65423.8820610096,130682.400998217,107359.732161146,61324.8440256673,42250.6952767338,29045.0301271604,66752.9227072505,129084.03355051,106687.650324625,61379.6611836103,42453.2663009976,29293.3391072411,68105.2313324411,127390.823085453,105873.042228512,61363.3586064428,42617.0460600032,29521.8844805155,69431.1767047603,126080.508292537,105239.166184643,61408.0797575826,42829.7057407075,29791.3140435249,70895.8520647454,124637.83171234,104560.295513859,61361.7542412674,42961.7441829513,30003.5567265236,72272.5681587526,123026.081736469,103755.250223902,61267.0786905075,43044.0556108412,30169.7089198911,73549.9886639134,121324.606597025,102911.697047773,61171.7858694022,43132.4135460429,30337.9936253401,74825.8718459283,119483.179758786,101893.320628466,60998.0430016811,43175.973315509,30479.6353360842,76043.2245445608,117939.941491049,101009.809643781,60871.3606794394,43263.1931083243,30660.3563953619,77392.3719338987,116402.80091433,100154.944276539,60698.1905604101,43305.1295065881,30810.5525547229,78715.8697871843,114573.53422039,99108.7966793222,60419.770538232,43253.7633642491,30884.4355520904,79865.7721527757,112711.642184705,98022.9283908432,60154.2545419074,43216.0780485453,30963.715474722,81023.8461279157,110976.391032004,96919.0646465307,59879.4405472757,43184.5199550663,31053.4546233554,82220.2295667529,110068.40956611,96248.9880849869,59768.0663296967,43273.4016829055,31236.5606622005,83711.0287068102,109312.951934132,95818.2057301129,59645.3315927548,43308.9554237625,31371.0708667906,85120.6842058906,108296.516912004,95219.7717912927,59448.9522367317,43242.1262533244,31397.5393225024,86191.6263838302,107269.149468493,94675.5869596017,59336.3160564476,43239.1684867166,31454.2338208982,87230.714197729,106125.654682132,94015.2552926302,59196.400408536,43234.6333656442,31513.7342341703,88188.8709601595,104877.862340431,93241.7954100425,58987.9974810682,43197.2576206157,31560.9157226796,89080.9211283767,103630.424004591,92468.7601031828,58772.1983380564,43158.7198834167,31615.5570260885,90009.8338465832,102340.707618847,91641.7371465411,58519.4695324715,43093.0220906082,31653.1670280896,90922.8648208544
916,362689.219704718,91939.9027371932,20943.3280880722,9333.49584038399,4426.88101146273,28941.5982370366,344026.200753646,86567.270758719,20162.4658553707,9145.72297834238,4365.78847755425,28548.6958453668,342801.137624536,86475.1629615715,18258.4535449019,8400.67216289653,4159.99112590835,28708.8627284816,342256.893775991,87639.1652424007,18228.3951557226,8015.31382884699,3865.23131462135,28788.3987494802,341694.504152648,88477.3718516403,18523.181366297,8073.55735816365,3810.9709207356,28939.5917930238,340849.179263077,89217.8265341363,18801.4798876649,8194.99583654905,3847.01015106798,29196.6845807659,339913.481527612,89893.1380415079,19068.3255208131,8320.97799400089,3900.06529361545,29503.9189907036,338913.656713277,90538.6437391902,19326.0739298774,8444.53715049527,3954.96799581003,29823.2783183875,338398.715903904,91178.9843406201,19578.6397418884,8566.60041237051,4009.9699406392,30159.5462558962,337686.955302039,91838.3031890627,19819.1961538981,8681.33690999374,4061.46829724328,30483.9164081612,336721.632974632,92455.7555567941,20069.5461638101,8799.92977965413,4113.74090130123,30794.634425852,335491.196594642,93017.5511086303,20316.0168668813,8920.29335151748,4167.81702109808,31091.721654157,334099.154159979,93533.223228162,20559.0085636772,9040.94962874904,4223.00853077227,31377.9108140452,333191.619405069,94037.215766133,20795.4464855208,9160.68141924032,4278.87598481743,31676.6566128038,331993.173086244,94554.2782509334,21015.1373263956,9270.51410160474,4330.14635569175,31957.5938539661,330421.871928096,95012.6373595601,21246.0185294667,9384.48082532728,4382.03598535568,32218.8594882876,328581.400079207,95399.1285909609,21471.6028976234,9500.70054618946,4436.23911362514,32465.59212627,326572.724157279,95734.690844831,21690.1115967179,9615.72780979036,4491.1310606452,32700.1655972956,325131.187561129,96064.5107243981,21902.0224174505,9729.56911945775,4546.51488692156,32951.4401969999,323430.911323487,96414.5345008174,22094.0615725433,9831.32800233243,4596.10851990735,33183.8224373443,321474.629551001,96711.1098451923,22298.0724665072,9937.18051093007,4646.02955049386,33399.3463839565,319160.1556505,96937.809591649,22494.4999789043,10043.9027595819,4697.55870057984,33595.1416234842,316636.660619533,97098.9863027438,22686.7977889243,10151.1132853289,4750.49689474444,33776.5123565926,314522.824300303,97242.7112593938,22870.5299182606,10257.1748086323,4804.34534597203,33969.3617505452,312324.379077764,97400.2002122401,23034.7019797012,10351.8610171503,4853.03209670286,34150.1773830194,309685.190487638,97503.6167947336,23202.4043556077,10445.9478601736,4899.9069392471,34303.7962649826,306803.220018501,97524.0662179711,23369.9010678756,10544.3660164713,4949.64339376402,34441.2427779408,304133.523704069,97514.4482560927,23531.2438757793,10643.4540168125,5001.62724207608,34579.8810964405,303021.396657331,97613.5049424642,23685.4441205689,10740.1700406273,5054.02851673747,34781.5644329794,302012.160209225,97857.6186742747,23808.4974649274,10811.4216090079,5092.44182087663,34971.9912635792,300849.153009682,98093.0111970796,23962.4714290853,10890.1003853543,5129.46331418608,35144.2539378643,299410.110211821,98271.9471429583,24117.4782227175,10975.6391701024,5170.9494143525,35298.5621453361,297680.260031595,98386.3651438255,24267.2104439996,11062.4579632379,5215.18202438787,35436.5003320907,295803.0034636,98445.7908483483,24410.3037566177,11149.0057214278,5260.96075781933,35564.5509856624,293799.021325559,98464.5007790319,24542.9158316718,11232.0463109766,5306.20724208513,35682.1416640347,291678.433886714,98445.9692085892,24667.9409664485,11311.8869157143,5350.32002444354,35788.7944476306
917,289053.142534507,119191.566909658,36538.840733217,17916.53965961,8694.47852391262,9830.33589162328,256551.425373911,104018.856592356,31160.9585671974,15354.1025019043,7461.77837127345,8519.3891024577,267065.858500163,111356.470945199,31745.4320701562,15570.7666515452,7673.42240773849,8996.91574944726,263903.056504898,111221.271743067,31758.1476424634,15229.5735903584,7369.9105516468,8758.85148800023,264147.801738592,112893.236749289,32542.8417633376,15567.3926327857,7451.78863086173,8731.79857745654,263251.306006108,113777.773699963,33189.4621108891,15943.4189238565,7633.56162086846,8826.25249697663,262501.373243133,114705.691095299,33815.0075806242,16332.4340739044,7855.69079916143,9042.78386651154,261625.935109722,115523.170709831,34404.5983418588,16704.5326345315,8076.48332101354,9307.04517836684,261209.540978666,116417.619225572,35001.8909787123,17081.5656281685,8301.54913181646,9600.08938274625,260419.028486277,117183.842383673,35536.9955704372,17423.2695757065,8508.87930392433,9883.76575333967,259504.763331268,117939.493651843,36092.5461283405,17773.8575388842,8719.23625100302,10172.4635352707,258319.857040337,118581.151243598,36630.9232686695,18122.7844200101,8931.18845244181,10464.2485775305,257039.306141949,119157.00048582,37163.1621337481,18473.8871269547,9147.54294470219,10765.7249356636,256238.193453941,119810.873950788,37707.7461499528,18836.4011272594,9372.76840172472,11085.4309876261,254945.643615544,120299.199749835,38171.71703476,19153.2168757116,9575.31829093141,11385.6474004498,253473.190682464,120775.877708597,38665.0105033525,19483.2167528428,9782.72634019117,11691.1435853755,251725.058356231,121115.682987767,39138.8033677711,19812.8385729513,9993.14695281062,12001.0799094189,249888.818081674,121383.578446816,39600.3188958343,20142.5009900377,10207.933620662,12322.6553876363,248614.855659706,121758.497321476,40080.2162077653,20486.5498705976,10433.4498618312,12667.1821838342,246873.097192673,121953.829998665,40464.0277822381,20774.3725495064,10629.9894316165,12985.4623520844,245073.093609534,122183.305823372,40887.3612177017,21078.9628432269,10832.2886015735,13310.1379290534,242854.664476377,122218.094316686,41268.9085888536,21370.0493485286,11030.0038112475,13629.0315182428,240579.905236853,122211.758044356,41654.8841827833,21670.4317346726,11236.7604406635,13964.3736206105,238680.542417092,122241.583950417,42043.0656933929,21978.6947818149,11451.8628414593,14320.5930896249,236560.652861958,122173.15927657,42358.0179535443,22243.8184621594,11645.313677928,14660.9093342746,234113.504090987,122030.117422797,42667.68819507,22500.1845510742,11831.1508722683,14993.2797944627,231492.619153332,121785.300608167,42976.1552804649,22764.3515805008,12022.8125425942,15332.4177291225,229141.656966236,121517.873504232,43281.3016124082,23035.6268111897,12223.565857621,15690.7767314364,228231.426476395,121634.372078905,43646.6216623295,23341.1087020564,12446.1990879556,16093.5605554429,227012.974439733,121606.281731481,43845.7424814409,23530.9289577896,12600.4311878105,16419.2978619007,225915.927276005,121763.176422469,44134.0722664205,23746.6119174617,12754.4485868417,16729.5102864763,224407.04708868,121696.308622779,44378.3583894668,23945.7809498988,12897.123237555,17005.9759711374,222797.884279045,121624.719933576,44636.7026058142,24160.932279038,13052.6731513646,17293.9801100407,221003.228009535,121428.990582795,44865.0709307745,24366.5434867998,13207.173674605,17585.442805409,219153.627492739,121206.116866973,45082.4888493637,24570.2534816352,13364.0584551837,17888.7869545307,217186.70640528,120906.073869223,45274.4952463943,24761.4065431208,13515.7494232642,18193.6676502996
918,294491.025903845,121491.38028811,39408.9852158438,19691.0406343908,9734.78147855801,10438.1704550873,264373.526740917,109577.681274631,36282.1531718514,18368.5587425414,9142.19810885765,9840.36902971204,267015.32556248,112157.90426142,35457.6441608662,18267.6603525239,9340.91257875817,10369.3282954967,265772.831599925,113468.727780496,35651.4914617159,17943.8076117015,9098.99814231727,10399.8573442637,264380.342897468,114319.274701051,36312.9896765216,18206.5490869655,9125.05335442415,10366.7799788937,263101.569547132,115105.795507724,36962.5340319094,18608.6724738039,9327.1406621171,10493.5629199121,261616.595473424,115707.721110235,37539.3155148209,18996.6519153345,9562.63553577256,10739.8850645651,260139.642410899,116266.790590944,38086.9098853018,19372.1026683887,9801.21294387836,11050.1356729196,259137.112563382,116881.237683378,38637.4055704066,19748.6554719466,10042.0959950399,11393.9497409902,257853.783153935,117414.208463751,39128.4882026818,20089.3169816466,10264.0098774011,11730.5809032392,256412.008095086,117912.817949928,39630.9996900962,20432.4470370294,10484.7359429047,12068.7447059665,254724.996473914,118305.259938633,40116.3830499205,20773.6496394838,10706.5079090018,12409.8243278589,252944.277796385,118630.577842124,40592.1167246042,21115.5151645939,10932.205575868,12761.4282376522,251646.63798801,119015.90936723,41078.180464596,21468.019501592,11166.8307059083,13132.7121583247,249973.924676529,119296.59223525,41491.326580101,21777.2989026116,11379.4358983571,13486.7550410076,248054.312175088,119522.808776467,41917.4635656002,22089.521641643,11590.843521854,13840.0919930804,245894.205725731,119628.010344928,42326.8889884537,22402.4949678341,11805.4559217146,14198.5014900467,243629.521408918,119653.703907118,42718.3156265302,22712.923274752,12023.4636701125,14568.9284694798,241933.357554012,119767.151889208,43127.1203814786,23037.6908839441,12252.7846738389,14964.8145954549,239892.374046485,119776.167589091,43451.9044796838,23310.7868247293,12454.7711624513,15337.7358430734,237739.570597056,119768.252879633,43798.1697332434,23589.3161606333,12655.677129787,15709.7236514278,235213.555820156,119601.743890314,44108.2033186835,23856.1131985308,12852.1287901553,16075.8933237,232581.146348081,119361.975821338,44411.6286462949,24126.6774552738,13054.8468724664,16456.0664887343,230366.362745041,119164.454027664,44721.9599555739,24408.3239757255,13268.3013860039,16861.8908641295,228000.100569046,118909.233389374,44963.9603973169,24648.0337162321,13460.3040276502,17253.5139876377,225304.976390861,118570.333765379,45191.4239381059,24871.6054562437,13639.5744783496,17631.8106084016,222429.603058032,118124.153586683,45413.5227821342,25099.8120926862,13822.261686209,18013.9526742525,219766.766879488,117652.415826766,45631.3341244269,25335.1420335642,14014.3409605222,18416.2928255449,218562.586587538,117534.477666937,45920.1551583483,25612.9856466681,14234.1711139532,18871.7569717851,217264.575608574,117427.948232857,46079.0448165871,25792.5107393769,14393.8163149723,19259.1128103518,215953.8918426,117407.523052846,46295.0427902965,25976.0525210047,14538.8659073814,19609.8895090799,214349.451367049,117249.233906822,46495.1349638189,26157.3133088222,14678.5167282427,19928.6344600108,212565.98469632,117021.102615262,46686.1865485947,26343.2737082687,14825.1338043262,20248.1965154527,210653.88715377,116708.700227805,46857.0669323344,26524.9484375843,14974.1101585497,20575.8933313946,208651.549359256,116339.610493675,47005.002225744,26697.87520089,15121.8203083672,20912.249395483,206570.784830289,115917.96292256,47132.6322971397,26860.5071099947,15265.5257770936,21253.4946517568
919,149515.252336934,119758.271889663,73498.4639600261,52253.6138814281,36921.9745790637,89569.4378275695,137370.13330656,114556.485298053,69058.6982533525,49266.8831842203,34968.593239745,85783.7190909736,124582.031665762,103189.110476695,63011.7815328686,45173.5227942939,32175.3857562247,79627.5323863886,133435.595734437,113123.973167648,69221.7197425957,49761.6553156118,35710.298247985,89925.5322293393,128256.272989637,107665.288276594,66871.5085749043,48277.2193301029,34737.4940346772,89027.5127398425,124936.87690258,106021.707258938,65637.428214089,47597.908202933,34415.3502764493,89611.3838727299,126718.089764224,108541.130050369,67931.907404342,49312.1642995098,35736.5206136337,94470.3842977122,123624.803984871,105871.713677549,66871.1051387641,48816.7803364182,35497.7095947465,95061.2068028917,122016.589904091,105157.559791464,66629.6271073612,48854.2725785614,35695.6923605753,96900.6716741618,121952.685233941,105660.912659179,67419.3790799872,49580.4562393224,36356.1925383719,100101.896449192,119999.420852647,104278.854346392,66945.2294444645,49426.0237877932,36371.096703663,101511.769420831,118440.543183724,103521.388294033,66782.3004374072,49474.882228013,36539.4834482128,103357.314146895,117351.1489752,103098.251726467,66966.4203374709,49774.168890512,36881.584551762,105710.706056739,115874.247384644,102088.197269081,66725.1165459335,49790.9870933999,37025.7786541282,107512.946121353,114615.491140517,101426.082915128,66587.3823133512,49865.9634560302,37219.622605809,109519.218318443,113277.136503837,100718.436664779,66485.9887162898,49937.5622931765,37393.982614826,111500.940028327,111629.049262442,99698.5516859069,66202.1241196451,49888.6108401665,37474.2826493492,113186.324863862,109986.783411379,98695.2759762533,65924.7034020224,49853.138184201,37572.1948417424,114935.135152181,108645.859039084,97796.4981313421,65709.9125658656,49870.0287219789,37715.0664064264,116867.179295463,107361.99160884,96995.8638172936,65466.1704736082,49857.5105910766,37838.4531033698,118804.084248549,105833.872118469,96006.4152857194,65108.687691352,49728.7444920154,37860.3750311449,120455.228811026,104219.009912181,94966.3775421984,64742.0206900363,49595.3229457345,37869.7674471487,122048.091677575,102545.166484369,93857.2045102583,64355.0161650823,49456.2238756139,37877.6948150095,123626.123718834,100986.168657277,92719.5843783428,63936.2458884317,49304.7280396426,37884.0826464612,125223.887745303,99599.826811624,91753.8607660927,63554.8624295973,49176.1223976793,37912.864882825,126956.717003905,98019.8683726646,90673.9027089086,63092.6777231283,48958.8088239324,37862.8797526621,128469.002628141,96238.4215211988,89399.6253067462,62533.5908525677,48664.8174086433,37743.7219614104,129734.608588155,94555.3701721739,88158.9620626063,62004.9456777435,48406.8108719121,37655.6284687266,131097.408129867,93524.0930329094,87225.6840714485,61633.407317395,48276.945943443,37674.069164139,132869.171774361,92935.1809097502,86786.5531461899,61414.9626063316,48236.2992072177,37758.5138641556,134942.349977189,92084.9541445617,86177.2672027216,61089.9169923074,48043.6096702023,37687.868483167,136435.299825823,91045.5637566041,85444.9751685722,60729.2739780809,47818.3427254832,37564.1549170419,137563.716364365,90037.8109962588,84771.3526540915,60464.3912926413,47685.3876213337,37512.2538044199,138780.544390157,88967.0936304682,83998.3283638212,60156.5063006066,47542.542835222,37465.1203776156,139918.279602637,87800.9925580974,83117.2725276501,59752.5684560076,47336.3911120069,37382.2604152376,140911.00296899,86633.8525448924,82242.8060136338,59340.5326912075,47120.4943692723,37297.0724606246,141932.352489988
920,151975.264679987,121147.459136807,69059.9779522976,46814.9193265464,31530.039614235,69374.9496735472,131298.992049512,110411.276700058,61677.159785863,41899.7964481303,28337.7737100016,62961.7326638243,124913.838325527,104896.768319113,59565.1426848991,40849.8697448098,27783.9329020785,62188.3986561779,130826.519021021,111643.735221862,63688.2788616634,43838.4947584882,30114.2589143299,68755.3797385979,123787.086824575,104882.454917654,60295.5999023653,41663.824153661,28716.252743487,66856.7683030977,125001.388788938,107737.646399194,62057.0420365408,42971.9857113578,29724.2212131257,70318.3526865658,123484.86278734,106588.573025904,62231.1046902048,43241.9994509421,29975.7937503366,71840.2289064492,121050.838784722,105090.94981544,61668.342420907,43095.5009336364,30015.2943079677,72787.9659707242,120861.639039497,105603.360674124,62446.9497350869,43802.7907002605,30640.3276722773,75251.021204398,119335.177794014,104594.27257348,62280.678064593,43882.1968638598,30822.7597725764,76664.4463545278,117999.5900942,104042.245578139,62284.4752843748,44050.033100097,31067.8484704155,78260.7654642766,116875.376133703,103626.922178464,62482.8319975769,44345.9255966469,31388.20970414,80051.1206339588,115247.68626702,102682.971237977,62348.6266840269,44431.0364730275,31566.6938143634,81476.2054770765,114067.123147945,102064.344764156,62379.6105326477,44633.2317382434,31836.1854336844,83169.8817426196,112988.866365675,101555.551973818,62422.9841480311,44836.675439915,32106.4491713837,84916.4546056674,111464.560565499,100681.780680484,62250.5227685197,44866.2247539494,32243.4861523618,86332.6049656811,109993.84615027,99877.1376214356,62152.7571700138,44953.6166368405,32417.6031844384,87841.6653266745,108434.864858728,98967.6167835954,62007.4458408055,45019.5204771944,32581.7392771229,89334.0221752502,107062.676350444,98037.4109251685,61825.4835059612,45067.1934222917,32740.5233492035,90850.5690665268,105874.261268175,97369.9506696959,61709.0516963634,45151.2161671205,32928.0919877734,92507.7826097713,104382.705500975,96425.5103269682,61450.217731528,45103.3149718696,33005.3516927823,93881.4266247375,102803.92594949,95434.916768075,61178.7400073311,45052.8460933883,33074.9250974515,95215.3731551685,101181.158282763,94389.5375594136,60898.5536628951,45005.0416721551,33150.3433892637,96563.5571554331,99676.5840470163,93307.6771722356,60580.7870844702,44940.7295786126,33221.3601176388,97927.012281531,98337.6428748281,92404.7279299409,60297.1691759704,44894.8037271922,33310.1232216771,99399.4412310409,96777.4473309379,91354.0402616241,59920.0520515111,44754.7552115606,33318.6062736229,100667.841341709,95050.5857104282,90139.2236882879,59473.9977324946,44563.3394237396,33280.7388386983,101785.030013663,93407.5523441748,88955.7690014893,59055.6096429135,44405.7397172715,33272.34737245,102988.663054729,92406.0296124208,88046.9608288923,58761.8336324896,44347.5796369076,33345.6631871681,104485.654179714,91825.1855478373,87648.7299592304,58603.9206646898,44361.2122343748,33469.7052079292,106209.153324993,90950.073064971,87022.8079256876,58320.6901378767,44213.5377799202,33436.4138763184,107412.669916171,89973.4908561927,86360.7205234893,58058.5759211903,44081.4166051392,33391.3723121943,108436.286474367,89013.8546571839,85731.8243261018,57871.0161455964,44022.1217494117,33402.3901446727,109510.928013026,87932.7019290308,84942.862308929,57592.2694648545,43914.740724439,33388.7402937818,110440.038000862,86801.9033415169,84105.9690440667,57262.694033592,43776.6187338296,33363.0201212476,111330.153646083,85682.2551428167,83282.1258889855,56939.3354746287,43640.626118462,33342.3586001342,112270.327226848
921,358526.606423722,77183.4642217962,17243.9828599945,7635.85960313491,3593.06264102543,22335.4417429627,343433.778379388,71637.0110041842,16166.0939858597,7340.34611462317,3494.12132973038,21930.8223295587,342606.356905747,72387.850258802,14537.588597525,6571.29914607536,3236.99865852875,22047.3046962309,342463.844308767,73367.8699763011,14585.8000805347,6296.63239815127,2998.38426002854,22111.0104677857,342190.556326516,74088.2296432465,14807.030655678,6341.83533888853,2959.4052446185,22250.4576708229,341596.167726255,74728.8912595366,15014.4275899771,6427.3183700766,2983.4756982801,22470.8339160999,340935.307710177,75323.1256833736,15214.1265942355,6515.84590537443,3018.88107390256,22728.397269379,340288.852019522,75896.2535535269,15408.2399557773,6602.80532917173,3055.42407131247,22995.7154492766,340131.688010591,76483.1813151241,15597.773972111,6688.22423036142,3091.75899070534,23276.9510967341,339685.331593828,77073.9670830413,15781.5469785144,6769.13089605644,3125.59513349877,23544.5140494685,338995.182301276,77627.8943623,15972.6928956472,6853.79334270848,3160.57991595477,23802.4433064848,338024.069609991,78137.6072785036,16160.1263138342,6939.35285709584,3196.74752268846,24050.3122389294,337019.037084364,78614.7546002217,16346.6213336212,7025.67851540949,3233.88765961732,24294.0523191976,336506.1428633,79104.0276760216,16526.3502563132,7110.28016529271,3271.01519502802,24549.4638341474,335554.791070369,79584.1355074991,16695.7111723855,7187.78131218634,3304.43404005525,24783.6608267203,334271.983990271,80013.5401271258,16874.1955355969,7269.80989438735,3339.18345776189,25005.3799141365,332737.441782874,80390.7674716952,17047.6248857982,7352.89975220681,3375.44325360548,25217.6558238052,331150.483640422,80732.6677076978,17217.2683226652,7435.40444399401,3412.15847130401,25424.3549605743,330135.342708105,81094.5875856285,17380.9981566891,7516.3080478505,3448.80398669978,25646.1686709792,328726.342292102,81446.2297074568,17531.3045893442,7588.3277655138,3480.82561558224,25845.02413915,327084.35794212,81755.8597318617,17690.8016218198,7664.67724934893,3513.96068914629,26033.4242063633,325068.289299409,82007.9680875519,17844.0542506372,7741.22450984181,3548.0985519209,26206.4646208907,322935.012583355,82214.0635267552,17996.085484215,7818.87568356837,3583.49340855304,26372.3079687664,321263.786606489,82428.6474702148,18141.6943428018,7895.4384219635,3619.36944330417,26550.7585612105,319382.051188577,82635.5267885024,18271.7625522505,7962.62221360556,3650.70532126026,26712.2059442048,317032.226220461,82787.0991460414,18404.9432461439,8030.34694451746,3681.25559235605,26851.5281428782,314479.380950082,82881.8558870872,18538.6539014219,8101.84396234335,3714.30062658778,26982.0356282548,312354.900686839,82972.9135335968,18672.2503488587,8175.46741359841,3749.60322735828,27122.1663917163,311801.376414502,83193.5698323797,18799.6757183744,8246.38335877922,3784.65070163818,27313.461864952,311054.867692541,83460.8677949774,18899.2666104509,8295.91329098523,3807.89887857088,27474.6918803649,310116.582541284,83716.1125150463,19022.8949531613,8353.44443535068,3831.95951732679,27622.6499039237,308876.108898499,83921.2211856608,19147.6730999011,8416.54258622899,3859.85155951249,27757.0043023371,307384.070787278,84077.8682719911,19269.6076538546,8481.26239142341,3890.13797882121,27881.3036649158,305755.409132954,84196.1231719465,19386.3015286979,8545.55823279326,3921.41924214071,27999.0045338731,304011.876907271,84282.8454845865,19495.8086601294,8607.3465118211,3952.20382027164,28108.9716694563,302143.333780033,84339.3925603671,19599.2245927968,8666.60553021358,3982.03442944626,28210.1344827234
922,395092.423198853,82471.1664088255,18279.0705675155,7895.23433406366,3533.04133132547,12988.3428971192,382559.214311865,74185.6674947897,16701.7334926139,7403.45085317612,3360.29948925481,12828.8181633078,382404.85826648,72685.3904079835,13856.9767895778,6328.42336193703,3043.37398700483,12829.2832000895,382481.025096439,73838.5566485063,13297.7705986938,5601.77624978078,2597.31200688805,12664.6446345727,382338.070819298,74623.1319584573,13440.2569972056,5522.23798859151,2451.14869138214,12565.1745422266,381852.840341047,75289.3516750233,13617.9552992339,5574.6632785773,2442.73151913635,12606.4572265976,381244.027678612,75886.809184772,13788.7128920127,5643.43592760249,2464.91753261468,12721.2321908883,380592.47555825,76461.9346859129,13953.3078330469,5712.24299057502,2491.84293930702,12861.3884615324,380424.275815269,77022.9085655713,14111.5241147988,5778.96870150479,2518.69806870129,13012.6240871708,379988.56781748,77598.4744506469,14262.1057573377,5841.07636548215,2543.41774689797,13159.763702726,379280.783814094,78139.5206150422,14420.876255437,5906.46505911759,2568.95085701576,13302.3546457429,378282.803340852,78633.5814376864,14575.6627163826,5972.49412392103,2595.42136665002,13440.1867043948,377141.372720748,79095.7234770611,14728.422825145,6038.43907924455,2622.31766818395,13574.7215118496,376498.176459666,79535.0985554513,14872.851337916,6101.92847809053,2648.61770874928,13712.2964165718,375483.238984948,79989.8125386523,15007.1182045713,6159.24753207926,2672.03064242926,13841.5049152232,374072.118913707,80395.8038971157,15150.7076645084,6220.26212648381,2696.25473439485,13963.6448102623,372357.168227789,80740.3868492981,15288.880373674,6281.88788405268,2721.57214460179,14080.3213038245,370526.518356357,81050.2638317237,15422.7221778589,6342.50949065614,2747.03070576335,14193.5749980742,369244.435972152,81340.3559628313,15546.8468232095,6399.83743357117,2771.45161091985,14310.2145266484,367659.404661994,81653.1656620896,15660.3184050773,6450.35647195353,2792.56646773596,14418.5870217343,365788.041932135,81920.4438768502,15782.8469032415,6504.34166942814,2814.30065929051,14520.4038032979,363521.958075007,82132.6010768299,15900.2260477017,6558.79750254507,2837.0171552284,14615.0522953456,361054.537208687,82294.0506866469,16014.5612024873,6613.24064095346,2860.31445087134,14704.9045006745,359028.151091602,82428.5262378505,16119.1714629797,6664.896555597,2883.03978167542,14797.3563649978,356848.96982539,82577.259605831,16210.5902040156,6709.04236910917,2902.34754195617,14883.0262734038,354198.003469496,82686.8737901084,16308.0547022025,6754.66367677924,2921.34216322185,14958.736594293,351286.995678784,82727.4760535293,16404.6235665869,6802.8487174773,2942.05854083532,15028.6610502545,348673.27378052,82748.8037639,16496.6599391064,6850.87041382568,2963.69068461078,15100.1028019822,347674.89410757,82822.4726196761,16575.1840605488,6893.23908174523,2983.42392375403,15189.5514770545,346757.970913184,83034.8508113452,16638.3995197744,6922.20972088596,2995.97722665599,15272.9756033274,345657.423630143,83247.2818936222,16730.2693576791,6960.40182221748,3010.02801866639,15350.2371839635,344269.103734918,83416.7674603261,16824.8007825601,7004.66216022802,3028.02020630703,15422.7877463044,342565.876776408,83536.8604379454,16915.8336912147,7049.70426266378,3047.7161406422,15490.2576921722,340700.396982961,83608.7860102565,17001.1738977169,7093.82153223091,3067.84283360154,15553.8585924034,338691.97868723,83646.2625820442,17078.0644794619,7134.85614243701,3087.09367494515,15612.8056699125,336549.145618264,83654.0181967837,17150.0295905423,7173.6780487565,3105.4005914744,15666.8092692961
923,381924.499659898,69746.4549469705,14714.4693606228,6724.15012166498,3452.4286936787,37000.674761558,368480.551393538,66927.4732448685,14182.3535796258,6641.29237031784,3438.68352323822,36912.3802703685,367985.3254121,68346.9155461746,13134.4128107386,6086.42847557468,3245.42018750375,37274.3193364995,367917.453996998,69102.6394086637,13382.0022137271,6006.40750602475,3115.38028667747,37633.9079296151,367747.187520095,69694.4667662729,13564.5917554689,6076.30333732204,3118.14893300735,38064.2178412904,367273.863666794,70250.0101567511,13717.5290237928,6140.37337427402,3140.91773774142,38531.6713650111,366687.073737026,70764.4028085665,13863.481342391,6200.39026897368,3163.6321701556,39005.5474010505,366095.138360227,71258.5956953998,14003.9209853395,6257.82681754508,3185.22184001217,39475.6365790892,365955.903770728,71748.6845408615,14137.7991840383,6312.64113926847,3205.79629838367,39955.9240479661,365563.169266024,72264.3862371811,14269.7668161762,6364.61853965025,3224.47797480669,40419.706168574,364908.93389264,72744.4254420418,14409.1921825977,6420.02999293384,3243.95510650235,40866.7683810702,363983.091811663,73182.9772186074,14544.2472755197,6475.72140401788,3264.14651710493,41296.5465498499,362959.260455713,73586.6188975511,14676.1344553584,6530.69620199299,3284.46860218258,41714.1285988723,362397.660857239,73978.1333915348,14798.2199754259,6582.53143486274,3304.07799711134,42142.096704825,361455.738501455,74392.7414227519,14916.0835995948,6629.93064067428,3321.09963469786,42547.1580575255,360150.80739582,74755.8694599628,15042.1322704999,6681.02953731104,3338.8531443056,42929.8907536149,358557.041010464,75066.1587266089,15161.4934372129,6731.91937020441,3357.25658089777,43293.481641222,356898.677222793,75337.7034143794,15275.5396908828,6781.02707066341,3375.33700386751,43644.5852416533,355770.420122279,75602.6360607694,15377.8999837439,6825.91726555323,3392.12737475257,44009.4974246957,354310.951397097,75896.0803556516,15476.5506786211,6865.89279576285,3405.85013381855,44350.5330936824,352593.618679065,76142.7312905273,15582.7611090382,6909.56375782994,3420.27040029191,44672.2744733384,350475.182647459,76340.7213781264,15683.7073839589,6953.12974530762,3435.23769337745,44967.9420296736,348226.793910892,76486.1601247699,15780.3501472404,6996.07486791454,3450.44420654549,45247.6755264445,346402.612281194,76617.1989699084,15865.4013209558,7035.13849043321,3464.72007521319,45536.8511805004,344393.272961275,76768.0918069988,15942.417341453,7068.08513214229,3475.72307945464,45807.1300612812,341933.644813029,76877.835079346,16026.1225129865,7103.10993591497,3486.46622352124,46046.5326006763,339239.921198334,76923.8043386804,16106.6326032517,7139.71629369948,3498.46381799438,46265.5271082594,336960.732502983,76946.3193172284,16181.0899785477,7175.1547243846,3510.96339533293,46489.906378581,336204.312086379,77042.2756568544,16238.9979569128,7203.72615381738,3521.51006595863,46777.1718535604,335410.689123565,77266.6194225486,16295.3099520186,7223.59237415049,3526.19381973906,47048.2749345995,334443.433138447,77476.732985606,16377.9908306232,7254.32142138286,3533.58411266551,47301.6919594332,333169.145753072,77647.6351827025,16462.1668710771,7290.60016497516,3544.96586456766,47532.7919083497,331620.17952237,77770.9002523372,16543.0776399597,7327.91899019945,3558.35624896055,47743.2766237793,329917.003554885,77852.702435654,16617.2480175235,7363.78580138485,3572.20474478076,47938.5504160466,328086.153416912,77905.1201201157,16683.9338869684,7396.63386588542,3585.20612468852,48119.2019297431,326130.421860049,77930.370827872,16745.2453437683,7426.92816440136,3597.06247534369,48284.9551901891
924,331551.471289794,87731.017548327,20358.657598342,8906.7711630717,3998.42448317517,13509.5742107706,313100.536414392,83909.0116089263,20100.0952310082,9017.68139325415,4090.418005304,13402.5914955923,312485.663011918,85381.1855298595,19153.4674864434,8523.99933631773,3951.23028572792,13551.3705222099,312565.98913656,86553.0820667175,19570.5844768796,8495.33935540758,3828.24727647928,13575.3744995086,312358.299873869,87453.7563375986,19951.6165061853,8665.6947894398,3868.96198258458,13658.6862964234,311823.184878937,88278.6690355501,20291.0610204376,8836.82950010227,3945.93601830723,13812.8277642146,311216.964554385,89053.7019515694,20621.0711234073,9004.77352608793,4026.59170121835,13996.5276421296,310610.279223247,89803.0251904486,20944.3856529646,9170.22559295707,4107.062307376,14187.8601828952,310424.664054492,90561.0991400316,21261.2091536531,9333.53645206855,4187.00297832044,14387.0952849302,309981.218041185,91319.2409886906,21567.2662249716,9489.29985419515,4263.08659481827,14577.3742840215,309300.119497394,92030.7647833619,21881.9269850745,9649.70536578517,4340.7385656031,14762.3958265389,308371.634563776,92688.0882933169,22192.6013358995,9812.18913482621,4420.75657468191,14943.6701456328,307387.595438913,93302.9146500728,22501.3972187918,9976.11472385212,4502.70281013018,15124.1272483094,306820.508013001,93925.0811546286,22800.9269624399,10137.948038714,4584.87873133423,15311.9185600386,305873.655019986,94532.5351202818,23084.7450532924,10289.0818354464,4661.70005575586,15486.5332355739,304589.113149753,95073.5539263078,23378.3899442627,10445.7073791863,4740.3537543546,15653.7248278594,303076.453908602,95550.7352717753,23666.2586439369,10604.9149107766,4822.09645954619,15818.2521188669,301501.751664233,95979.7652386939,23949.4094787254,10764.1489663039,4905.36377619164,15981.5451386125,300422.428388225,96426.8264642536,24223.2184545482,10921.2643435188,4988.84952044732,16154.6906079685,298991.589773043,96856.5349945495,24476.1935201061,11064.1555486316,5065.07118546898,16312.2416056144,297323.670830895,97229.4037349914,24739.375310616,11212.3135789086,5142.70264407008,16463.4435633581,295307.394709858,97528.6520510072,24993.6386492656,11361.0088666878,5222.3390688193,16607.6844752074,293190.959543168,97767.7698043377,25245.6285806933,11511.755820289,5304.55604751452,16750.8938684155,291458.079111538,98013.3748005777,25487.9001603287,11660.9921503508,5387.76789477025,16903.0382379373,289524.348567244,98242.121946514,25707.4985665523,11795.9332666517,5464.01709299125,17043.3390512621,287169.23798431,98398.269422045,25928.3486183498,11930.4660261285,5538.87210373251,17170.1585269553,284626.062130979,98482.6479447451,26148.7342508363,12070.3462439606,5617.81208343075,17294.735404319,282450.781639941,98550.7748825157,26366.8866990512,12212.8200249094,5700.26047294662,17427.5079956539,281725.757489839,98783.8576969607,26578.7839684425,12352.5147630636,5782.61415100627,17592.6956806841,280842.410798386,99067.687489148,26744.6502832076,12455.2552529662,5843.72312140378,17729.0790445108,279815.373547747,99340.418978494,26940.4336853424,12566.2630957139,5903.51486351082,17853.3706384816,278500.550352971,99547.8898011513,27134.2610753122,12682.9141970486,5967.43702212007,17969.4409733197,276946.376448632,99692.3817929408,27323.6599590523,12801.5683601742,6034.67372008584,18082.5774406988,275264.278575086,99787.0239636479,27505.310816156,12919.8812544148,6103.67726323977,18195.1431083896,273462.312148465,99839.8657182843,27676.0354692405,13034.3846163343,6172.0584725581,18304.8110359352,271546.605033661,99853.3336773949,27838.196075763,13145.4661417728,6239.33896006248,18410.4983769652
925,248663.005271317,134088.675269203,55676.5435261606,31851.3619768733,18153.6492768912,37237.7810607374,222608.112953117,122098.946817245,49609.9370589195,28438.6065548489,16262.4726590138,33968.6946481684,225516.293780371,125693.990984207,50098.8253277713,28923.7819204179,16684.5616102268,35004.7465087781,221774.611468576,125119.559358833,50006.6421320447,28547.2177178433,16456.2687589951,35102.9291951956,220957.906047196,126215.310711415,50910.0707172389,29055.2445790545,16667.7524034942,35590.6751990341,218918.203451865,126291.233970292,51548.4186518846,29531.855153469,16960.4350686548,36079.5664885785,217235.555728238,126531.482754748,52166.6966167333,30053.1926971958,17333.4710222915,36768.4703204901,215377.312468195,126596.515767032,52708.7507341081,30522.8716400373,17693.0862398751,37536.589098316,214007.446285709,126768.437733497,53261.3215665419,31000.2894388663,18059.6343229926,38387.2102340922,212489.591571215,126895.17930918,53742.0194480363,31425.5058109608,18394.9425926337,39225.8483509104,210805.432340242,126950.191921556,54211.2559425981,31833.8875975312,18714.0884544067,40041.7357349065,208954.675987431,126908.574538979,54662.5051584921,32238.9650409765,19031.9384950723,40853.7995149253,206937.283408809,126747.908889516,55074.9630271755,32629.102269184,19345.588679684,41658.5675826587,205399.954228315,126684.533337581,55521.8299570047,33047.1112505848,19681.2177685972,42530.3676103506,203650.798704279,126556.272289225,55875.8577060971,33404.7298734872,19983.1744456449,43362.4440019487,201616.915075154,126317.177694933,56211.7849563092,33739.2400196241,20265.2846413269,44157.0333059398,199423.510497841,125965.756153094,56534.1521364019,34076.6877616161,20550.4422715777,44950.5596244725,197077.162171141,125490.062135745,56808.5405553795,34396.4483011125,20831.9219221711,45741.1913873732,195247.521926249,125130.315971128,57120.6153494094,34745.4245211561,21137.1390655464,46610.2196237389,193256.546671008,124732.512642917,57340.6989534628,35031.1013033419,21405.543991545,47438.4410323994,191061.425044232,124239.587120967,57543.3842921179,35290.5831825018,21650.0638448765,48221.9642497472,188665.200387905,123640.216382396,57725.057383567,35545.7803188564,21891.6654371643,48990.830873293,186090.706584383,122894.47275499,57858.164954644,35781.3318653283,22126.6729193834,49744.4122699819,183893.363310744,122229.932342245,58018.0385225126,36042.4087287738,22384.3516594788,50571.0706846052,181690.619201197,121562.438975041,58111.6995303738,36257.5918868606,22616.4921992161,51380.4180022954,179147.441210517,120760.323314859,58146.7909371269,36420.5942124459,22809.6181395582,52117.3083396915,176474.022354955,119856.289822153,58178.8623206305,36587.090420178,23002.6172653981,52845.0655897197,173896.366162725,118897.142374911,58189.0291774605,36753.8217396181,23202.5958206556,53593.1206277577,172556.78954151,118349.104361462,58326.9932474774,37005.7526349063,23463.2698905702,54524.7697931361,171425.620600254,118020.913640619,58388.4827079066,37178.2647170311,23668.7114771067,55397.2402503925,170058.435729951,117620.543268332,58429.9874265701,37289.1748319277,23807.7190772691,56105.6618522587,168626.720792637,117227.77861052,58527.7046967679,37438.9619503123,23958.9891583476,56778.4844097508,166933.838603499,116653.721186947,58566.9394810026,37566.9658968288,24100.566500428,57378.5129368946,165190.833395801,116038.435745074,58596.0185944154,37700.0832883488,24253.7761617346,57992.8731655879,163362.102656652,115344.449898994,58585.61283076,37813.5821198551,24400.4899925596,58604.7451860691,161477.189552375,114600.706115616,58544.7652941899,37908.9083818444,24538.6048754515,59216.9654587436
926,222678.339558205,144733.696641666,62933.3362460514,37019.8071151546,21671.696880357,41507.8060087236,180755.809323713,119312.457525166,51867.585474858,30615.9598719739,18002.3882421381,35228.7011236495,196335.10559925,133364.190106029,57263.2622261099,34137.2996346397,20254.7072884667,39266.7928661222,183502.064297183,123687.716663444,54244.4833984047,32210.9483033524,19221.7071769749,38245.2782867402,189951.326842597,130891.732207151,56989.9331223381,33975.375589932,20276.6743501498,40389.5899928221,183294.937723567,126354.618262707,56257.2032000156,33561.8019269709,20062.9874212186,40361.4955587553,185262.80501173,129510.371571258,57749.5444465391,34719.2988542397,20844.1185020521,41847.881966474,181397.463018831,127331.573749241,57677.433679151,34792.4537408465,20991.3313184713,42475.3333877228,181681.99588821,128722.131976119,58570.3667734706,35561.5496862183,21563.4818027823,43767.1828592271,179436.517231043,127811.813095238,58798.0776262676,35830.3353818895,21832.3583064357,44687.8372821636,178553.017986532,128260.434266038,59347.6803049084,36346.9017043705,22243.3431667523,45774.5985759609,176618.129179028,127741.111638959,59699.1579039152,36700.6957646508,22555.9402521251,46760.1324671958,175045.344903376,127586.504642972,60079.4998630243,37117.1361406625,22910.4796892858,47766.5076000192,173622.772995671,127301.279742072,60487.594290135,37532.3441215616,23271.8816352074,48860.1510716823,172118.622748811,127030.859040136,60769.3332318409,37881.7107820759,23593.5299226801,49875.9631382608,170374.539767453,126650.015066903,61065.06810472,38212.2672221637,23897.5683877276,50885.0872636857,168472.869490719,126126.88392171,61309.3427189304,38529.7901965726,24192.8002359844,51857.9360793116,166463.122063963,125509.174213506,61524.6569126354,38836.3457625999,24489.5428946371,52852.5642167419,164834.92803509,124981.140280671,61760.4032201003,39164.7568146043,24805.8042563812,53913.6574055592,163144.787709047,124449.660285023,61920.5374236761,39436.2153283805,25088.5319079357,54951.9409716729,161244.983041914,123804.973881999,62039.2755797929,39663.4140140684,25333.7891222924,55917.5018702857,159206.293799135,123073.56575168,62149.6899390813,39891.9811366647,25578.175449581,56877.1852444619,156965.331321924,122165.348492309,62188.8481902584,40086.5338139783,25806.2572860867,57800.9812951764,155052.378922187,121355.572922511,62268.0220890579,40316.1282905472,26064.4259169054,58816.9307541857,153163.172838279,120551.605208273,62279.0373975798,40497.6188358804,26295.3314153213,59818.4125438445,150997.812907401,119617.969462639,62221.1768642346,40615.2907377539,26477.4046961333,60730.5635945487,148698.613759882,118579.49052083,62156.7700026257,40731.6492172041,26654.3765010535,61624.8935031486,146466.635633292,117478.011693012,62068.4860848866,40847.7757649146,26837.7030920781,62538.4157293488,145233.565775899,116793.336064554,62118.3712947651,41059.8314176495,27091.8853524924,63658.2238425125,144280.676557984,116377.787428333,62122.969567417,41209.1674899222,27299.6932629022,64739.8669605788,143095.352957519,115877.478549688,62084.9405593452,41275.1564184284,27422.070752919,65603.8103776906,141878.233469693,115405.904547584,62123.3073571353,41391.3173981951,27561.0533293341,66429.6536797442,140430.88562822,114745.913921104,62097.0018933565,41482.4510909453,27687.0212532936,67159.8208380748,138922.147908711,114029.985938541,62051.6664057136,41574.4841113678,27823.2173893327,67894.0093763522,137365.276286537,113254.339793251,61973.7211497295,41651.5533758568,27956.8345893094,68636.6947473616,135741.350369924,112413.733550115,61852.1182878305,41700.6360436592,28075.3834218231,69368.6064671921
927,324734.550776979,100042.197038124,26053.7671020909,11737.6463652548,5294.40146244592,9328.28515014327,303825.93332672,95900.1090263926,25427.1957786638,11610.8841812571,5266.36684799996,9176.01968904527,301850.85602521,95822.4084420432,23809.4408521513,11038.7592701686,5167.56355462824,9291.36892598628,301258.06009246,97126.7187600639,23973.7455879843,10745.8635084531,4917.30122630421,9200.87288630417,300547.870665035,98009.802090944,24421.0663762887,10898.8232443534,4906.28993341354,9127.78233690236,299545.618948775,98761.1358343017,24824.6877755276,11111.6422607097,4996.34512693551,9178.03003761979,298447.885376557,99433.3538607233,25207.972320157,11325.1090898983,5105.24250765455,9298.60159199369,297292.340875505,100066.498530659,25576.9827810162,11533.729832533,5215.74060646994,9445.10989440313,296590.616520002,100700.735067601,25940.531293035,11740.7249685329,5326.43774390088,9604.47321711966,295714.248860026,101352.95769541,26283.7022354699,11935.2733593512,5431.22186128626,9760.20396562438,294599.953137912,101952.010887289,26637.1351919384,12133.2974687297,5536.34170672499,9912.97325389964,293250.314648521,102482.235756018,26983.6402283611,12333.4976350525,5644.27323421241,10065.8511668845,291715.489829513,102953.305752691,27323.5833862626,12533.5337989601,5753.97921145628,10219.7608894418,290650.01273134,103418.909574607,27660.0705568785,12735.2230119554,5866.09506092623,10381.6452683321,289327.961492626,103894.108646505,27968.2652672042,12920.4555405497,5970.73239555061,10536.1546677663,287658.250501927,104294.819438392,28286.8366345992,13108.6796032484,6075.11400422959,10685.404584816,285739.428100832,104608.623020525,28597.9647959237,13300.3496998983,6183.3375285226,10835.3377871121,283642.77078232,104856.261255822,28897.8578775188,13490.3628746852,6293.22034211112,10986.8889784133,282098.677513856,105112.383316488,29195.2940103773,13682.2526837695,6405.70563550267,11148.4894557844,280327.873582633,105384.55488239,29459.2267839761,13853.8028500362,6508.47737286208,11300.7665407447,278315.822153754,105590.754683168,29735.0525022266,14028.0337242829,6610.216392662,11447.3945078091,275981.441112833,105710.062239745,29998.8199971518,14202.9313365379,6714.28370127399,11592.0371546017,273420.542773246,105745.467035285,30253.7206881398,14377.5179703884,6820.53663032024,11737.9519130627,271276.91346188,105774.682499187,30504.7038976848,14554.7218395795,6930.41944544281,11894.3012635273,269066.404213834,105817.732124287,30723.7406424176,14713.3225050205,7031.86553619078,12044.8100378431,266450.350947232,105788.237285896,30940.5857090332,14866.4542509528,7128.37810336511,12184.8809969594,263609.744674929,105660.809677404,31156.0319970016,15025.2088000757,7228.97509956918,12324.8641465075,260924.390200809,105494.047730723,31362.5009287826,15185.3827257405,7333.57932080797,12471.7740478997,259713.647091824,105498.993336756,31580.1870341648,15352.3143260478,7443.3432255166,12643.4871326978,258612.726955553,105657.163207114,31743.3813675671,15476.0146352287,7528.38395013728,12793.0832212781,257382.814788286,105806.961548852,31940.361146299,15601.9288080554,7605.65723981888,12923.7697412795,255900.222229747,105888.511891052,32135.7395405408,15734.8712328591,7686.8485860442,13047.3504108046,254161.279494856,105891.744800562,32322.8369397825,15868.6853234973,7771.34432794363,13171.0402522584,252283.455631032,105830.691419885,32499.5528629064,16001.9043003677,7858.1127805625,13298.2092575719,250306.851137241,105723.385187183,32662.2158377306,16130.4193775973,7944.3855053457,13427.1045159979,248215.871721387,105571.869273116,32812.4090480513,16253.3481773116,8028.67287376319,13555.0003425233
928,314573.242117938,115986.551746975,34361.0788846836,16533.8123323479,7884.14855968626,8493.98164924532,288448.905881496,107191.196784444,31769.3923001155,15429.3258146021,7394.49629914121,8005.04577713853,289895.929745624,109498.999558927,31033.2182568598,15163.5380420935,7405.35771887389,8230.91613657217,289604.53686409,111130.915791242,31467.1195726817,15040.0797111971,7243.33315180735,8193.22340237244,288377.005711998,112016.431555763,32063.0570988105,15296.1576649482,7291.40947395802,8149.40451389984,287138.174288762,112873.189546029,32640.9017785471,15636.7123451492,7460.55068373289,8248.22566021392,285823.511682977,113626.249877263,33188.5726572343,15976.3491810394,7654.48101741783,8438.91629637995,284451.421171867,114312.616694005,33707.9973595525,16304.7695006644,7849.14354035061,8670.27431162486,283591.362475199,115054.915782649,34231.5619064158,16635.6697177781,8046.41177576377,8923.80123253096,282418.490623341,115722.798256453,34706.618362776,16938.5212605999,8229.60746769757,9170.53037798505,281054.813267784,116347.756006521,35192.7023243594,17244.9544051543,8412.93078862625,9418.13002784657,279448.495339912,116881.91798266,35667.2479673791,17552.2501093667,8598.86050427357,9669.34449844724,277718.155882241,117346.984323725,36133.0974904082,17859.8634979337,8787.92134629683,9928.09340364272,276510.227444904,117868.630386084,36607.8397424607,18176.4605923632,8984.15095440527,10201.5080936222,274885.009146606,118290.054020289,37020.4786329424,18457.6650492161,9163.12857304067,10461.5178928444,272992.572201801,118654.717515795,37446.8276903915,18743.4810074158,9342.43812403872,10721.4320764996,270839.746173513,118911.198246619,37860.420335666,19031.4473001361,9525.60304128329,10986.2146521416,268569.43326265,119089.920497553,38261.3016205095,19318.6833588068,9712.22387438558,11260.3837757853,266909.01128977,119348.254261732,38674.4103695482,19616.9332024449,9907.50997847785,11553.1009075485,264864.875267022,119505.797433014,39014.9787439718,19871.9967442122,10080.8745611549,11827.884153026,262677.058573292,119636.334998968,39375.2904021293,20133.0868060996,10254.2608694561,12101.9350099311,260118.802063414,119630.010094212,39709.0698703267,20388.0143137105,10426.6426461912,12374.2859284023,257410.139954585,119542.092328825,40035.7956913053,20645.2897763534,10603.8020388547,12656.7049919457,255157.306492805,119497.587875702,40369.7328159962,20913.0114897842,10790.264037779,12958.9890243382,252722.944894299,119388.542159115,40641.8815626774,21144.4121564958,10958.9657053538,13249.6178779561,249922.612026718,119195.468897054,40903.6458154286,21364.4505950399,11118.7588429516,13530.7972913278,246951.81341586,118907.94531833,41165.2561828062,21591.7227753904,11283.6647833673,13817.3097846429,244210.374212847,118592.735799819,41421.6447771758,21824.2963421198,11456.0630317066,14119.1855622635,243028.341616406,118607.455730615,41732.1151878952,22087.644807815,11647.8777416716,14458.2549658752,241719.99618838,118612.673772394,41921.1976083454,22263.6884231629,11788.4070501923,14743.1093306747,240374.503168031,118690.747799802,42160.1035322397,22444.2800989898,11917.9081401523,15000.852223362,238733.784843492,118644.67325761,42388.4233833485,22626.0486794495,12045.7736672389,15239.1413520931,236867.252302468,118520.238268823,42605.8762742138,22810.1115565894,12178.8023674651,15479.5372306704,234878.306238193,118323.200772879,42810.3675181668,22993.4217548726,12315.3183292955,15728.8743203105,232783.7463109,118066.195380533,42993.7086918844,23169.0316244156,12450.7531941613,15984.7257908389,230604.666259932,117760.139212845,43160.4977224763,23336.9319207177,12583.5460559095,16244.5283054047
929,325208.012127248,85084.5385652661,19883.0847440101,8639.76705424747,3780.64372301508,6662.63391815615,305338.041866768,80307.9629418587,19056.6035540919,8450.0215226785,3733.38360378419,6531.35076776794,304439.306704805,81612.4605797038,17968.1225358637,7890.79953213732,3560.56800257603,6560.06202351192,304352.596774139,82701.1007165065,18309.0206359318,7807.92023361449,3410.2044782821,6468.66327497055,303943.820994425,83502.7618307047,18654.3265465084,7951.46089330093,3432.72782224262,6442.92930744387,303189.066116564,84219.5442285042,18962.6835061118,8105.9686963303,3499.85162516611,6497.85512972386,302378.399285431,84889.8829713225,19262.7016788815,8259.55419500573,3573.49861942114,6588.86932496517,301568.592726045,85535.435527637,19555.8329663356,8410.82085792777,3647.48380870308,6691.27493924499,301230.063215507,86205.0216639241,19846.1377727963,8561.4156513078,3721.57308744003,6800.17760922419,300629.297851723,86870.9111317234,20124.4882404746,8704.17259621468,3791.80389626088,6904.58484469225,299808.516585102,87493.3895656612,20411.4401168804,8851.43660615227,3863.58923179952,7007.76982558748,298747.923507731,88066.6857156938,20694.4108058285,9000.58124363006,3937.59241242381,7111.23843027173,297614.834378225,88598.0177094934,20976.0756213833,9151.17999505142,4013.3957472119,7216.14325628899,296958.36117331,89152.4765157092,21253.5052394668,9301.91080315842,4090.30443618012,7326.16160080298,295906.749378959,89684.9380477319,21512.4629228323,9441.1100537668,4161.68577499449,7428.73606580651,294536.710767423,90156.6478349962,21781.2963468719,9585.58934338821,4234.83307729505,7529.27708879695,292950.45351223,90569.9998625463,22046.0922493612,9733.0557555536,4311.11811029736,7631.12832543662,291284.096486411,90936.3711315345,22305.2289442849,9880.23906192743,4388.74498351563,7734.40796145304,290154.87106197,91336.5718235237,22561.5376773811,10027.8547776399,4467.54594226755,7843.84599476132,288679.677719979,91710.741941225,22794.4143941603,10160.9169030863,4539.2262540129,7944.3574957718,286979.714154457,92036.4436925079,23037.034735361,10298.6304609026,4612.10482591992,8042.72556549723,284943.572098818,92292.663229831,23272.1586604814,10437.1779063719,4686.96128848225,8140.09455995392,282783.94442144,92490.5664633315,23505.0425952653,10577.7210970064,4764.29207579466,8239.51686728657,281058.46896562,92708.4221985872,23733.9190673969,10719.2412313757,4843.60777479487,8345.60975983449,279134.678101416,92905.3466095775,23937.9529423163,10846.0366373456,4915.98754318556,8444.61312269044,276791.200030586,93032.9784420771,24142.4864064494,10971.8199064404,4986.76368842162,8537.44173584662,274274.302633345,93097.2706908916,24348.8626713731,11103.5945273547,5061.75560077996,8632.17347508608,272087.918389627,93145.5890570123,24553.2771794765,11238.0348124425,5140.14367572072,8733.16687320567,271394.626840542,93376.9865991291,24760.2545981154,11373.6752875286,5220.03295440508,8849.7129965456,270505.046960189,93632.1571784596,24915.1427709081,11470.9826931932,5278.60062706099,8943.19803908842,269484.817343093,93884.0360630772,25098.715097094,11575.7699715136,5335.74475311441,9028.10720556993,268191.379954831,94073.0096220774,25280.7721342626,11685.8297789352,5396.62350980845,9110.44211423856,266658.472364149,94202.7070462926,25458.3030484684,11797.5612669467,5460.44726706389,9194.36572745548,265010.227292825,94288.1843129679,25630.1177529466,11909.6362541723,5526.13621265828,9281.01449379152,263246.531175472,94333.7923167921,25791.6588962064,12018.2609191862,5591.30653915381,9367.90971246837,261375.083877236,94343.3263504913,25945.4612447278,12123.8696172195,5655.56085200406,9454.0134403625
930,323414.830911987,118200.63575796,33925.0894148279,16221.7887674562,7861.39584269557,25457.398359492,301324.76137141,113424.847909945,33003.4178099706,15898.7153073949,7728.59629200447,24711.2060637577,299271.138933335,112900.95472902,32032.7733625558,15791.6178174704,7867.10259820536,25124.5768034308,298510.932107698,114480.947008335,32148.595181551,15528.998542077,7707.13760572581,25332.6197040681,297259.804889892,115436.10807502,32774.4799375841,15758.3468794888,7728.69720041635,25459.7534402921,295874.771573821,116260.335857836,33360.7465698035,16100.2029707778,7890.08343987709,25697.9323653384,294385.08214757,116973.014886799,33912.1359563929,16441.475507858,8082.19448717162,26022.7120050883,292802.967590046,117627.165309311,34437.030282559,16773.5837602097,8277.09488404315,26384.8337982374,291677.049189119,118292.027432714,34962.095856281,17106.6251204191,8474.41238753244,26779.9168684556,290430.748836125,118948.871855394,35447.6169921649,17418.0279211982,8661.58591935256,27167.7127088941,288960.777640819,119551.56045535,35937.1963118807,17726.5581853768,8845.08507664906,27541.2979915346,287229.977423295,120063.255438768,36418.3185323972,18037.3046254734,9031.25674624091,27906.0920990461,285298.654157122,120496.804695162,36888.7202016851,18348.1009739528,9220.55110304062,28266.2032573145,283850.403104141,120938.688304906,37364.7792011988,18667.066215291,9417.19196124149,28653.2917395054,282189.917340013,121363.271568114,37790.5126513713,18958.8139702235,9601.59760889927,29024.125919132,280169.862745552,121701.74402264,38218.6376470061,19245.8376081842,9780.81043069674,29372.4592940891,277904.967788375,121933.448557966,38640.9032378893,19538.7052703477,9965.13578721254,29714.5694802976,275422.515623013,122075.532947418,39043.3064985942,19828.3737804294,10152.0278645166,30051.8051659909,273496.465908694,122242.166701919,39456.0664327901,20128.1644359684,10347.4870114812,30422.9495049464,271417.957405107,122403.747972382,39811.5770686909,20396.067412769,10527.9980565636,30777.5767865217,269102.874675548,122495.012323899,40169.9564838959,20656.9308329894,10701.0370594745,31110.2092138876,266448.771529629,122474.432770308,40512.9291910497,20917.2892503983,10875.1132134254,31427.1925319228,263533.153416406,122342.3738612,40840.0627622529,21176.2057923227,11052.0767164369,31735.5934048496,261050.571030109,122216.998614757,41174.0681116525,21446.1767534533,11239.2328785603,32077.0411699918,258570.401872436,122097.061791643,41457.8629694951,21688.5911722342,11414.3232560497,32412.0506411258,255666.368614578,121880.805678678,41719.952526273,21910.0750191459,11574.7876574384,32710.3097883894,252555.455969894,121554.247062309,41984.6161302954,22139.2407419571,11739.5410983305,32999.9646039696,249479.829244287,121166.6832706,42233.386816709,22369.9397032595,11910.182690914,33295.7533446734,247941.037451721,121024.823991078,42532.4467984037,22631.5706228659,12101.6659186527,33687.9285212678,246658.952652896,121056.265416858,42741.8652951426,22827.8795950517,12255.9704126533,34054.2461115791,245208.640517347,121083.348910176,42967.9288103928,23002.5970239939,12383.50817974,34362.2917352146,243549.28178292,121043.975348452,43205.7830060618,23189.493370489,12513.4511159896,34643.6253898548,241609.500639731,120897.69143635,43423.7494714159,23374.6281654618,12646.1702760889,34904.3469195652,239533.692971868,120678.437052698,43631.9162581038,23560.931959658,12783.7818312937,35166.4792725307,237355.565999323,120395.513814157,43818.4953488003,23740.4131954702,12921.2410258209,35428.0553058468,235087.150148115,120061.655698272,43987.0593220711,23911.4346264822,13055.9996570919,35687.2809376579
931,214872.509504756,129113.830757032,59382.4709220397,35946.9841593479,21611.4775669276,38563.5727295706,178726.819136714,107967.746439235,48719.2015119342,29457.4042341213,17737.0574346273,32051.6574202274,194378.218651764,122429.773840564,54246.8999240047,32931.7080489216,19966.739573443,36248.0756662007,181416.719868383,113100.878225717,50977.4091532072,30749.1739294797,18619.9950640463,34318.2702016116,187432.779500017,119844.182580013,54015.1736866421,32671.6325095865,19784.5906405902,36582.2732667247,181204.474374176,115795.407440922,53117.2452477914,32221.0853157972,19533.3709906481,36235.2503206078,182528.57407999,118377.191946024,54588.068928142,33330.7088321367,20312.0031047827,37778.4490893391,179174.698153735,116693.76513104,54475.4657974704,33410.8981569299,20456.3539270326,38304.0411501459,179024.036232109,117678.624474858,55303.9884704184,34109.1775580615,20995.8689739492,39606.1565368697,177044.97663488,117059.485997833,55495.0777973042,34372.2703880236,21256.3836403415,40460.8541603997,175877.542560112,117272.617886622,55994.7469459116,34835.5833900176,21638.6254362009,41545.6175943228,174051.454682034,116893.394496035,56298.4669915363,35171.3148808911,21938.7010823594,42487.2743019744,172389.495124345,116666.003638565,56648.1909070437,35552.3402116745,22273.741260699,43500.9032163978,171043.529756159,116457.706628554,57006.1775058828,35940.2236919255,22617.8175550002,44562.0700620775,169458.639401278,116164.924946561,57255.9024324981,36253.5750178126,22916.2516109879,45562.9919635608,167686.498143835,115798.398003027,57504.6985396048,36553.7887181165,23199.502127678,46542.1772954943,165760.971866287,115306.386310661,57723.1728076174,36846.4477849089,23479.2503945042,47513.327236887,163735.720205753,114706.111519728,57893.2040266576,37118.8191535888,23753.2985694489,48487.2638111553,162199.796198455,114272.719152225,58120.9688643867,37434.416562161,24061.196930646,49562.7021652256,160422.857437364,113729.20045234,58224.2187605979,37658.0298212757,24310.3704483251,50555.8616409144,158534.503631548,113147.668329049,58333.2641399176,37870.7041011478,24543.4827090927,51523.8874895481,156442.52986568,112434.484266059,58403.2000282207,38065.8168377867,24764.4438632819,52461.900172939,154231.303805877,111598.421794431,58426.7300899564,38241.5480879152,24978.4986891131,53391.8204961511,152379.34522276,110877.178574683,58489.8671534048,38451.7939101246,25222.2968536181,54413.6145068952,150460.053544126,110119.015630006,58470.3900036067,38599.6411786466,25427.2451657193,55392.2856700882,148256.879240412,109235.387356078,58393.1862335403,38693.2878063234,25588.7490526009,56292.2995601568,145963.026634415,108268.970197009,58315.3906118277,38792.1606547757,25750.9694566296,57189.2915843098,143815.283906732,107265.096914221,58219.4587496028,38892.9190882344,25921.4075217371,58115.2414390536,142761.517300797,106734.460476251,58284.7802740306,39104.3221877385,26172.5046170362,59265.2341732244,141752.118858977,106318.851033573,58248.9001829026,39208.5636524651,26343.5583622821,60283.1284741392,140567.851440029,105865.061143683,58213.1624563384,39266.8731852834,26454.2693181317,61133.4323775839,139327.620824601,105411.477039127,58232.5097719015,39365.5737835258,26578.8750269002,61937.2637655166,137883.65401673,104796.449499701,58194.5683168079,39442.8304943795,26693.7475377009,62662.6295083175,136374.591869037,104130.146278026,58134.869497767,39517.50539489,26816.0742902771,63391.7548860065,134822.013523045,103411.223494886,58046.5689309106,39578.1283243269,26935.3455512435,64129.80830443,133214.222575953,102636.618129959,57919.6977052949,39613.8819137571,27041.044182905,64861.5713137424
932,368737.826662374,99103.7680425974,22608.354069984,9744.94367728894,4285.9106092963,10973.9222638053,346414.522763081,88782.7228821656,21381.7070967738,9427.54199489888,4185.75673637289,10758.7894961003,345741.623341197,86889.0713043048,18007.4383693306,8252.44568240977,3886.37161956398,10760.6573846317,345380.987096154,88332.0399644468,17410.8371450023,7378.90916513608,3343.58597970317,10496.8058763981,344972.157988448,89255.9889999529,17660.6296349917,7318.45947037326,3172.73010828582,10290.1990542867,344284.077169772,90024.3791686434,17931.6977220426,7417.93360744315,3178.84446655707,10266.8204360972,343519.724963477,90709.8958355453,18188.6869666979,7535.19401917877,3224.03235169695,10344.0309850677,342666.293704537,91360.2328393463,18433.8212010718,7650.64773346621,3274.78157000095,10456.5689090745,342292.634352081,91998.9460553831,18673.0894769197,7764.28021362022,3325.82933853716,10583.584704026,341738.836516037,92656.5499772928,18899.3651935769,7870.6315509058,3373.68637868084,10708.7099854118,340928.250664547,93274.2951497206,19135.2425626017,7980.53894526908,3422.29997869642,10830.5667921265,339816.324742848,93832.4582553357,19367.2978555123,8092.05165582312,3472.59224816741,10949.2318143167,338539.836389034,94341.5128987169,19596.7050151655,8204.23881245015,3524.09164299251,11065.9405972986,337719.647660771,94830.3726720867,19816.5808620566,8314.1664363446,3575.46809897056,11186.0127584126,336643.041238266,95335.0503754446,20021.2766974439,8415.01500201567,3622.700501081,11299.6289791959,335167.928080687,95784.1707647356,20236.7604031371,8519.9080114724,3670.70545218201,11407.1017322898,333459.490629585,96158.1316634369,20447.5336065155,8627.1818202401,3721.04121607586,11511.9812563993,331521.432203051,96479.9236165248,20649.108042147,8732.17573884099,3771.5317153824,11613.5113744827,330125.642579246,96783.825016503,20844.9296630345,8835.98916050126,3822.10470603264,11719.6229593723,328505.143016272,97112.5013477451,21021.3497371328,8928.86079941076,3867.76193023819,11818.7096740318,326631.6244787,97391.2891699126,21209.3166369369,9025.49706620166,3913.80585600224,11912.3992322082,324409.160906176,97600.7089985646,21390.1623814222,9123.00139267598,3961.43838962202,12001.3235083224,321944.672360716,97741.901939339,21565.9329639902,9220.40260344348,4010.11202046521,12086.9347903443,319865.585031175,97856.954567938,21733.5811566342,9316.49503605108,4059.27829687618,12176.0685633566,317703.818743384,97986.6403276467,21881.4763875821,9401.9474764865,4103.83020044253,12260.032539752,315150.048699326,98069.6067584035,22034.5051995039,9487.58180868202,4147.21336999516,12335.7873084396,312321.924512541,98069.4978841914,22185.7559069223,9576.48016458185,4192.95893074422,12407.3800223264,309588.033590647,98027.3001884473,22330.1246373596,9665.33001404094,4240.27550813887,12479.4939565542,308440.655610825,98073.6695164635,22467.9196051699,9751.98482758178,4287.53039785431,12569.898659203,307451.751782313,98289.5407499602,22573.9505372512,9814.62297051844,4322.19532724148,12652.0878233456,306332.949745446,98509.5154176034,22714.9482354768,9885.6029648796,4356.02631016529,12726.1965549142,304919.410879981,98672.7392344695,22856.3559848777,9963.19057898241,4394.18882179896,12796.1236204811,303233.293787677,98770.9687158569,22994.109957962,10042.2737313507,4434.88984757063,12863.9395599776,301380.399764466,98811.8532303716,23123.4184297575,10120.2006516079,4476.46951158306,12930.1064927633,299397.613388814,98810.5820087547,23243.0269504799,10194.7780681393,4517.33182851948,12993.6541010547,297308.310913918,98772.5396328889,23355.3236437593,10266.4243060375,4557.15463443158,13053.9904039936
933,204172.721908193,143160.28205229,61163.8864362583,35828.8779429798,20905.145848735,31238.3857576046,164745.255673545,119072.728496579,52121.6557993626,30665.7665806222,17957.6916399354,26995.5031562745,178661.899572409,132613.080841488,58824.4110212055,35263.992030425,20978.2774085841,31979.5634545352,167854.377950122,122913.147403037,55157.7870227001,33269.3587927645,20008.6899247266,31360.6094162657,172112.668024057,128820.249698127,57790.4904386288,34945.5740036537,21134.6024877298,33870.9743069499,167310.25821551,125252.744865016,57016.1779239684,34587.0378802263,20959.8867042777,34094.415690269,167619.799692702,127087.308932868,58223.5871067537,35510.1840975093,21625.7274249611,35584.1277530272,164988.061399064,125700.482877678,58241.289492975,35688.906344398,21831.8522493636,36335.3785784919,164338.763512503,126202.399765408,58918.5947014345,36294.612867741,22318.2869011936,37571.3880633019,162735.0644781,125713.204749206,59183.065342615,36620.8052259343,22624.892550996,38538.3192382367,161401.243207351,125625.662602117,59595.8459761346,37036.7305272463,22984.0708018939,39597.7421191096,159756.989464951,125211.310098708,59912.4905203517,37394.7050063184,23305.339321175,40595.138681703,158063.665555286,124766.525328822,60206.3351311181,37751.0047767143,23632.0771256085,41612.0593679099,156746.160063662,124434.60744999,60540.7896774679,38137.4852360398,23983.0389307283,42697.7396226561,155269.863222482,124040.310015497,60777.0972287307,38453.9316655641,24291.2569645701,43736.1188545449,153550.302748711,123510.137668195,60981.1010546669,38736.5317256435,24570.5990665945,44731.6290795242,151738.463393382,122888.912957312,61173.649808451,39023.6459816928,24853.7999373809,45734.8208599699,149785.244212853,122118.053710638,61297.8061831068,39278.2360788448,25123.7366227109,46730.1990014108,148272.667160014,121522.769038121,61480.3219153391,39576.4200622944,25427.9125144662,47821.3133968627,146649.792772245,120893.904642705,61571.3351876794,39803.4818961506,25686.8177042693,48862.5352890642,144844.229250002,120147.405598429,61628.0044700722,39991.8877845055,25911.1053384021,49846.9789230625,142900.453000556,119312.87179937,61667.6017792479,40176.9863670062,26131.9819244499,50820.5169876509,140787.145521006,118303.074197989,61638.0343237681,40328.18908976,26336.482617924,51770.6374293783,139004.750998198,117417.516051634,61650.736539026,40516.5743014061,26572.9284548851,52811.7449642103,137230.762603522,116548.540819859,61602.7489061631,40656.6114592864,26780.0992199272,53833.3175349008,135182.59639621,115521.869710485,61479.4560369225,40729.5341129632,26934.7638427541,54765.9565130211,133040.043692656,114404.657428488,61350.9515530319,40803.8275964817,27087.0449028472,55690.8813184689,130971.15418273,113231.613515122,61194.8993185306,40873.7662056616,27243.0721512227,56634.1333982115,129883.588412023,112537.805886782,61200.5845297777,41054.8832228365,27480.1458847172,57783.3009182831,128998.387891013,112105.992590891,61169.6813574855,41171.3981519629,27665.9297593914,58862.7433084427,127868.41650868,111540.952708765,61090.2326742789,41205.6139376677,27765.289034318,59725.1618257698,126716.62786376,111013.03650468,61084.8212036808,41292.8541874183,27886.052254421,60552.6987308849,125375.690449886,110309.13914412,61019.5778794499,41357.2321121796,27995.8990719821,61300.8660589043,123963.424682898,109535.759362489,60921.871920906,41412.9666137405,28109.6313520105,62045.1384464793,122524.843345149,108724.784898972,60801.7458099439,41458.6984080241,28223.3992524322,62807.0395724149,121027.807285703,107845.845117511,60636.8684059389,41474.9724754902,28320.3001279662,63558.0906274663
934,314100.322060838,124916.513124618,39482.2082485068,19583.9148479303,9672.8661352339,16912.4914631143,285548.150320776,112311.017793318,35220.7316222011,17607.5896800469,8737.75675718585,15608.0436921251,289422.239553437,114923.035442407,34111.1718375222,17287.87255764,8757.10779451469,15969.9451894743,287934.179813724,116412.457620327,34065.3685075196,16750.8052654062,8392.43259129859,15854.8049969552,286636.320751519,117468.630439024,34751.2090472918,16964.7080144817,8355.49748040106,15758.8745513893,285398.465559504,118386.556523942,35417.8566023634,17348.8203629148,8526.18915493478,15858.1782520448,283963.587469801,119126.487235233,36018.1659717207,17730.5627775343,8744.32322230354,16099.7658428078,282490.967779376,119806.425056447,36584.5348898751,18099.6933483576,8967.82582171862,16412.7820055384,281515.058048224,120527.600074737,37151.87613077,18468.9734923134,9193.69704384315,16766.52197548,280268.428791774,121173.517240702,37661.7696236102,18805.6392796102,9403.19142711098,17112.1844439255,278844.71986206,121788.338152227,38182.9966847076,19143.8324215724,9611.09328825088,17456.0590307092,277167.655358018,122298.234977711,38691.6252221275,19482.3500151437,9820.95506017344,17798.5339403735,275352.592320509,122738.840399363,39190.2226281322,19821.486142051,10034.5577624787,18146.5181976581,274027.871494525,123217.537898581,39697.6373161941,20170.0701630483,10256.1504347236,18516.3128125828,272348.399713012,123605.298304163,40137.1767791374,20481.0827981046,10459.6995691977,18867.1547489624,270394.501269448,123940.771980311,40588.6421187705,20793.4330476799,10661.3402614792,19211.7779829391,268171.800958504,124152.006529727,41027.9360127866,21108.5112748031,10866.805930514,19556.1023800696,265807.856261503,124281.973931073,41450.2924830811,21422.2394801942,11076.151872468,19907.5622321664,264020.453694328,124472.899486178,41886.0256885975,21747.7012168283,11295.1536382737,20286.9375788212,261939.005237263,124583.373620575,42245.1505952472,22028.9344236017,11492.014609176,20644.1114193996,259686.139077758,124663.556323818,42619.1570283458,22310.5318649739,11685.2076442714,20993.7768153039,257090.135385272,124601.424497881,42969.1127989413,22587.347921433,11877.4696551095,21335.0234981294,254311.420069229,124451.765269844,43306.2675221472,22864.5307629293,12074.0288790072,21681.8728969506,251943.792274156,124323.552886852,43650.7413505591,23152.476148751,12280.581983853,22055.3006394795,249477.543000442,124150.766744508,43933.1828968148,23405.3122759804,12470.5383016883,22417.2024210536,246656.138962306,123897.572103644,44198.468631767,23640.6747501613,12647.7967528654,22759.8279543779,243614.991030091,123530.251832381,44460.9823778155,23880.7389552192,12827.9949299802,23100.1383754343,240736.17926633,123127.798146294,44718.5954144948,24128.1994028887,13017.3540250854,23457.8717370288,239356.717558488,123022.940928551,45031.343354272,24409.1248640121,13229.165374042,23880.2349712303,238030.061523598,122986.084849382,45228.3407094055,24606.2802487616,13391.8682401052,24252.0661798979,236644.638757444,123014.248914243,45464.3609833391,24795.1365919788,13534.1797897727,24581.7706943127,234984.991495804,122925.692914982,45696.933897534,24987.5583907721,13673.9709081548,24880.750038381,233111.574570757,122756.091964097,45916.4130742315,25182.4758658683,13819.1113784344,25173.7345366329,231088.224343654,122502.661091578,46120.4197158424,25375.2042745305,13967.4270837893,25471.0938927203,228955.878459232,122183.733061046,46301.8723964706,25560.5342310618,14115.2831789318,25773.5312356499,226744.845219373,121812.616017206,46464.694653756,25737.1734797008,14260.3982414247,26079.0265876829
935,264005.266179789,99198.4752085935,29221.5306890498,13940.0273774339,6601.31588616557,9058.35302137767,238100.655942854,91001.6059145751,27338.9726404436,13233.2033080571,6306.1500146861,8599.92624389378,239958.853959962,93494.1111797729,26816.0190083393,13100.4454446586,6419.9314820997,9012.81204447182,239054.001293038,94366.7013353927,27127.4834041734,12989.0518613126,6268.37308535965,9000.43477367446,238287.36420395,95232.3608838245,27660.4372475513,13224.3788867082,6324.79536246177,9004.64811389126,237359.899950467,95949.4470339733,28162.6439558819,13524.8843899881,6476.36775505217,9120.08911851239,236333.285370071,96577.3950246297,28629.1614221634,13816.9851272086,6644.69230825569,9308.83724078348,235282.883439269,97165.7109179203,29078.7434871347,14102.0071411354,6813.73595759242,9529.97684046338,234643.594682841,97786.8481320358,29528.1459072571,14387.9211959639,6984.40575159828,9769.73838083789,233782.333745007,98380.0332196492,29943.0463847516,14652.4658015122,7144.20024761391,10002.63739844,232744.129370572,98925.0752130215,30368.2471758513,14920.8280589953,7304.36321912103,10235.0910369021,231510.609962704,99396.1246481775,30784.1515236068,15190.7727830373,7467.5201386657,10470.1822671863,230171.886814799,99806.0201516554,31191.3346185549,15460.5344315091,7633.29280305714,10710.9192280487,229257.790597677,100253.713310484,31602.5267887176,15736.285191785,7804.47124713354,10965.6665064384,228019.663853694,100650.267567629,31967.5772842458,15984.2147554566,7961.83238819275,11207.4686436455,226537.111285848,100980.777551807,32345.6564045956,16237.185068169,8119.90228035465,11447.9142145458,224857.306454879,101224.006440091,32712.6550117472,16493.0546879153,8282.37967323204,11692.6772439179,223079.689638427,101398.764770174,33065.9137640091,16746.6252827361,8447.11811378153,11944.2292230803,221791.516859068,101631.23311376,33426.1820403429,17007.6497313921,8618.21871726547,12213.2236047959,220215.511488091,101810.3179001,33731.5767553288,17234.3755532274,8771.54040379956,12465.1555899498,218485.570916064,101946.630442537,34053.681427684,17466.4949027118,8924.88071619519,12715.1750905866,216459.914718886,101974.709084247,34354.5920836288,17695.1686908505,9078.77949449279,12963.3496685322,214310.093350396,101925.551745675,34647.2653125358,17924.8681426927,9236.52756083294,13219.3453671884,212538.223877504,101910.488348294,34942.3828163484,18161.7329605188,9401.4950933913,13494.006364689,210623.202012037,101859.836229564,35188.5001123471,18368.1176052564,9551.13687100013,13756.8497665629,208382.328728126,101729.51123104,35428.6098544578,18566.292543576,9693.64599748994,14009.3392539477,205999.1513461,101514.040462973,35667.3393577289,18771.6382609986,9841.61922983222,14266.6359602534,203795.830397443,101258.690530953,35894.9068680488,18977.8963135133,9994.46134830968,14535.9867773035,202909.595525214,101285.63414528,36163.8492686207,19208.1591350687,10162.8455689348,14844.7791111819,201890.409534919,101329.88144138,36331.8714803184,19361.2722865585,10284.7399916824,15100.3139942862,200836.427328403,101423.855031243,36553.0781747597,19524.831901832,10400.0232743892,15334.349766529,199523.793188413,101404.813518094,36758.2571690028,19688.0804230258,10514.2923175725,15549.5292591351,198045.726708377,101329.859559425,36958.9715067331,19855.4527236799,10634.4943698043,15768.526300887,196451.060999151,101182.710595931,37143.7085149333,20019.827333167,10756.5146499934,15993.1715898857,194777.361089392,100993.019142197,37312.7479435527,20178.643181986,10878.1617267734,16223.7286477657,193014.789143035,100753.353636897,37465.3641477556,20329.5588617285,10996.7705091362,16455.751050174
936,265193.617938986,119349.515275859,42523.4088766741,22596.8931819546,12022.0981251141,31135.4256974773,235067.386549466,108494.575886285,38348.8064564185,20437.5538604639,10906.1711833283,28617.1434221192,243356.053985871,114720.625881734,39811.5820804778,21357.6645528466,11515.4041162533,30206.6990293958,238570.435578773,113456.776533931,39639.4585933344,21041.896875807,11310.5212998778,30072.5151237608,238956.605854023,115202.473886182,40583.2195311144,21566.9696056825,11549.2730640285,30605.3696295533,237051.769993896,115438.103884195,41130.112393462,21942.9866364122,11769.4910458662,30957.3373116419,235918.013269857,116126.176782785,41774.7304279831,22401.1186022429,12064.7356658354,31509.3234976522,234408.317605039,116519.642350206,42325.8658915342,22806.5159098422,12338.6590850243,32058.8065700295,233482.302679576,117082.045579417,42912.1893002502,23233.3251850976,12626.7806404096,32679.4852707373,232206.667420887,117489.26797385,43410.0661272467,23605.9266154133,12884.948478967,33257.6854888355,230868.277754205,117916.7367284,43933.804915559,23987.6303995195,13144.9317040176,33838.6522918617,229253.093102178,118196.091074626,44425.9944748731,24359.4053966293,13401.1564065115,34400.450894444,227572.704686468,118425.818051541,44910.3815331748,24733.6695664057,13662.9949438241,34969.8505240443,226356.998855979,118723.26567796,45411.9809273721,25123.3913142657,13937.5564842874,35584.5750067916,224747.51777591,118882.428535802,45815.8452844581,25454.1565486902,14180.6723084434,36148.0800274528,222950.810877642,119019.654348718,46243.2461712206,25791.3309223954,14423.4359471462,36703.8159583338,220916.273846778,119007.445023297,46645.6459698724,26125.4422199714,14667.0678735798,37247.2379324487,218797.240575579,118924.317243148,47025.8911609979,26456.0086811274,14914.6342240209,37797.3720027464,217202.730757412,118938.270679565,47430.8501658203,26805.4823011086,15177.3030772568,38404.5420317134,215272.62180843,118823.686508468,47731.6913202085,27089.4953693595,15403.6670130897,38955.7235002243,213267.052540237,118720.1547751,48061.9607637445,27381.1690501423,15629.1750652634,39502.5321493491,210920.224856977,118435.483629023,48346.8994216167,27655.4246655375,15846.0115988727,40016.0712673807,208465.169470587,118084.302600152,48620.0339703736,27931.5190024562,16068.8424750296,40535.6371852922,206396.086327716,117778.410881847,48908.0959848727,28223.7233559641,16306.2791207755,41105.3728330122,204188.057847708,117404.147229027,49113.2208796885,28464.8180745872,16516.6904960144,41643.2570769285,201683.92093503,116956.02626197,49300.5384166658,28684.1741131006,16709.6673881133,42143.7737040595,199027.53110189,116397.607303408,49482.7279788086,28907.9173377457,16905.034991563,42635.7393252252,196534.872535097,115808.234086176,49654.8049975299,29137.1438140166,17109.8970907252,43150.7214285423,195376.50139436,115594.799340566,49921.2622074095,29425.1782454134,17354.5792083259,43809.0192906532,194144.350341026,115383.727938487,50041.7717033876,29600.7250665124,17528.1414478102,44368.4654608568,192926.65991081,115290.384057089,50227.3113542943,29779.6191830584,17683.53378465,44878.089685525,191426.785932826,115045.21688399,50395.2751248174,29953.1640325741,17828.6877461869,45320.2974605316,189779.030291813,114739.588739741,50555.0581277102,30134.2080739869,17982.8752994243,45747.2355882618,188003.431803566,114340.606528908,50689.9573942189,30308.4957416718,18138.9755326332,46170.7059665517,186158.975591748,113890.166152617,50800.17419209,30473.4845194336,18294.187574214,46597.9848712746,184230.35940975,113380.957848171,50884.1083793931,30623.7535925715,18442.9179694263,47021.9564577398
937,251589.756196048,124416.177087371,47581.7135525728,26067.0574978479,14192.2996231678,21439.951617517,221472.299910361,112596.864798861,43372.6271134039,23884.7340909877,13050.4341276364,19750.3178189426,227640.521724902,118204.884356677,45008.1802467816,25148.7816438186,13985.4128608974,21439.2212904731,222473.752247695,116100.49340472,44417.4542646699,24659.2452879892,13733.1258774055,21503.9981977604,222887.340646844,118125.314367073,45554.9439824605,25293.2861569753,14062.9890288332,22169.9876071258,220355.858156199,117757.273693819,45955.7329519336,25632.981170955,14276.8511245565,22519.4437447342,219188.155234169,118423.246888295,46659.2578129342,26162.8082814013,14643.3514907311,23153.2302470626,217255.551779244,118429.253717909,47130.255871833,26566.3942137964,14944.2862214241,23736.824795233,216169.908410776,118836.426373074,47717.9181195276,27034.3910469536,15286.8070837192,24428.8901701913,214659.102777173,118998.344438371,48172.9316536591,27420.0011069228,15580.2976006569,25067.8882312357,213122.622084555,119211.309875347,48665.5618297756,27819.5856044544,15878.0173789279,25720.1412762285,211326.336438578,119257.37775729,49114.913429989,28202.4049812038,16167.1916377038,26358.6174512016,209444.772751256,119243.051683095,49548.8195558338,28583.4306584085,16460.2186348604,27010.796664193,208039.804867781,119311.153352516,50006.8721500876,28985.2103794272,16769.8214973006,27707.329881514,206326.955260829,119283.863540035,50369.2292122301,29324.7651862998,17044.6679270537,28366.7276489537,204370.04235481,119175.505398024,50734.6755289674,29657.5772239968,17310.46715948,29014.2629711318,202239.641749494,118947.201126195,51079.2817902085,29990.1692596963,17578.6730973763,29664.5193915428,200006.602365736,118620.512735854,51387.8779731807,30310.7219778544,17846.3152520813,30324.8487655816,198304.323342616,118420.203429973,51731.6569085533,30657.6684695459,18134.5618130209,31042.7703270818,196318.731830917,118118.816603446,51971.0826491058,30933.4943657979,18381.0192278419,31712.8820028402,194231.422254148,117788.21683729,52227.1140638171,31208.9548488655,18620.8739306949,32375.4429455379,191856.52841097,117303.93477441,52437.4252151035,31465.6445925032,18850.5215265256,33017.2992356597,189354.697273591,116718.773870826,52623.1098371211,31716.1776519473,19081.5412264214,33667.7512353738,187253.341200187,116208.723878706,52830.9809307821,31989.1168402799,19332.263203002,34373.1280512887,185061.818864506,115661.67291436,52961.4621141862,32209.2062564592,19553.2953012175,35053.0954379881,182545.969268959,115000.251566797,53054.131447532,32393.283121341,19746.4232674467,35692.3787008863,179909.755328532,114240.975932333,53143.297994899,32582.7601991189,19942.1306753782,36332.8827000335,177432.468309189,113440.614350692,53214.9206055459,32773.7118721632,20145.5287991019,36997.1820685403,176276.488589862,113079.659536988,53412.7910456108,33045.6538204662,20404.5745374235,37796.6112058737,175085.992155817,112786.780538748,53480.7656805671,33203.9860201495,20586.6171921715,38486.6717582724,173796.717837206,112518.564722145,53588.7520181088,33347.818420574,20735.4506574392,39092.8808061383,172350.742938397,112179.886702204,53708.1653444236,33505.2952411169,20884.3049933731,39649.0001772083,170680.028976407,111710.084516332,53789.4702793089,33651.961203696,21031.2568774275,40172.3873951857,168947.658137207,111186.727972007,53858.3761986946,33800.6921454235,21186.399330347,40709.5564914537,167138.518350859,110595.295795706,53891.9803775216,33932.8308377737,21336.5600407801,41251.7927743479,165263.761508957,109955.365147489,53897.9667804937,34048.2243555048,21478.7146796495,41797.27005662
938,227306.142970076,135480.708314418,60553.3793049518,36348.3592099692,21734.5516102055,40561.4526965259,191505.202852606,115779.362903967,52331.594389128,31490.3236824601,18892.5213264022,35626.4570689768,208786.977270578,130496.411367058,58748.55248982,35731.8094511925,21661.2074906708,40879.4311280369,193296.468537541,119211.640425978,54675.085665446,33254.9686059796,20267.3669163299,39053.9028691358,202393.387358445,128196.3919311,58570.2661693443,35787.3957259059,21881.4512940154,42452.3462857695,193197.03895355,121891.26674162,56784.3285062543,34763.5157539037,21301.6297375417,41775.2721480875,197043.426050861,126538.168169246,59088.2159995968,36427.6029134001,22433.749403911,44147.7136124025,191574.294149165,123190.824090213,58372.2508645053,36118.3254539227,22343.8764800404,44380.7957588867,192976.020159519,125520.436909483,59753.6543670184,37202.2817731104,23136.1813075883,46249.603052437,189765.812820153,123927.966187988,59611.4010120313,37252.9327601479,23274.260088463,46981.3392109598,189333.852563694,124844.401406092,60407.6302200822,37934.525648874,23805.9751287326,48426.3075439925,186891.512682873,124009.034631966,60580.0196796344,38190.5337983814,24066.5709833901,49387.3442815039,185478.234610831,124073.332013021,61069.3751368782,38686.1959588913,24486.1593363567,50638.4113476978,183867.636294887,123705.488130928,61407.9680255617,39071.9411247976,24841.2250061829,51816.0486809359,182272.950699681,123474.829911341,61706.0954328525,39437.6469111964,25185.1249482682,52988.5582111011,180366.849970994,123068.155369546,61971.2410417759,39760.5085565348,25494.79187466,54110.0654064911,178322.214894329,122562.532255023,62210.2901370918,40083.0819435434,25804.7325299917,55225.3163820037,176197.424000249,121948.848345744,62408.2033362432,40388.2188112147,26111.4204355691,56351.2267750958,174536.703692928,121486.671918141,62651.9868472503,40731.4659830503,26449.5216609363,57580.0641530435,172656.515652881,120913.778666917,62770.0616024557,40980.5936913975,26727.3802977624,58725.2773724673,170635.118114664,120296.606155477,62883.4861631804,41210.4730684317,26983.2666632835,59833.0088360905,168414.897641839,119551.292938993,62963.7684655672,41425.6232077888,27227.8186072751,60911.7065906768,166055.979233996,118669.958221437,62990.6337553632,41617.5419648033,27463.0230202992,61974.6725460506,164073.18479194,117910.797058153,63063.0629955715,41848.9936653369,27732.1366066313,63144.7979869032,162010.235826234,117095.753390472,63039.607584831,42009.5657794551,27957.1084810208,64262.9086486273,159658.37319956,116157.584724399,62953.5108029439,42110.5927893791,28134.5216240515,65291.9847482246,157215.967569339,115142.428417724,62871.1607361028,42218.5191402869,28312.8797323114,66319.2948643533,154938.717245365,114090.554934011,62773.6651546632,42331.1344078881,28501.288020385,67380.9317936116,153793.044831976,113526.922318442,62845.0709596533,42561.2918509524,28776.4823415655,68696.0739307591,152711.375924219,113068.421950828,62802.761395211,42674.5960912921,28964.5620208103,69865.8750201542,151441.291912013,112580.754661564,62753.3741046847,42731.8908054297,29083.353032786,70840.1397159123,150120.791467161,112104.399139564,62772.1266381602,42835.9876228332,29217.7275294226,71765.2169224736,148561.352399553,111444.070749706,62725.0570431369,42914.1579840903,29338.6482880642,72588.9450030266,146948.199324194,110738.573110986,62660.8828269219,42994.777175755,29471.477405346,73420.8504603364,145283.118889232,109973.735194748,62563.7133046888,43059.0218366785,29600.6757532658,74260.5707477871,143552.395857556,109145.919442395,62422.2924617386,43094.5095108744,29713.9281230383,75089.3422056574
939,342269.248721894,97805.919149684,18244.5660048858,7411.12284861126,3176.76012212644,11390.4127136907,315801.839139822,89665.9947148886,17612.8669626112,7284.37762416434,3141.41507635488,11189.3653583638,312876.089957459,87921.6436996615,15032.1959609028,6347.53247388176,2884.46983618166,11154.9776801199,311352.102073454,88505.3418264973,14795.2906305448,5845.26634184525,2537.63055291096,10996.0382696933,310179.907322562,88908.377508379,14930.2739583625,5826.28456503155,2451.66544169507,10923.7130421411,308804.900014102,89255.8416920504,15067.9102494307,5875.25151096927,2454.30033114514,10961.5981541167,307369.284763399,89532.2028418106,15198.6960189164,5930.97376233655,2473.59689898438,11048.5928430046,305886.443277059,89776.0289197382,15320.894249402,5984.68590571488,2494.6956391844,11150.2439116686,304869.73844704,90024.8612188985,15438.9484474554,6037.1112444029,2515.69083248214,11259.733824155,303780.093892747,90323.7185311706,15554.0457465005,6086.64973051461,2535.24601513408,11368.05054025,302470.447969852,90573.2262813589,15676.4026973706,6139.3124924471,2555.57994720108,11471.842010575,300922.986602252,90761.6516234085,15793.7145065175,6192.3777912231,2576.84727885534,11571.2478366436,299211.33277105,90890.6816096256,15904.795964258,6244.15244755863,2598.14594139801,11666.4421628722,297952.464893524,91013.1075877316,16009.6916794736,6294.38223525587,2619.27426808304,11764.5734393279,296530.86192123,91185.5816659477,16109.1518810275,6340.32058271807,2638.34895835272,11858.8654600522,294787.189151772,91287.4069463098,16216.0449999286,6389.43103699768,2658.07283392303,11946.2897027223,292828.172383367,91316.8182296513,16315.8670032039,6438.72125909073,2678.8300642765,12029.1513080732,290653.116735366,91283.9603131809,16407.7046954278,6485.73626100095,2699.2243953688,12106.5117677272,289030.978003287,91248.6225739764,16493.3484668167,6531.42247139059,2719.51670246288,12188.3103219457,287288.931654116,91281.1901909848,16572.5217531111,6571.62466999713,2737.15133568878,12266.2145876935,285323.102706177,91258.3514490241,16661.2417695753,6615.60147502254,2755.48307713458,12338.11530633,283055.012324839,91166.5400050873,16743.5421673927,6659.79526037829,2774.82864496549,12403.8592090352,280567.356181585,90999.7588336097,16819.2962631679,6702.93961972273,2794.42755612069,12463.9453567296,278474.097230882,90817.4626179599,16886.9291696532,6744.2358708997,2813.93519456599,12526.6603655956,276374.981978179,90691.7316557019,16947.0283937734,6780.1149443183,2830.93977597145,12586.8721657931,273930.246578672,90515.6115894956,17013.1376448198,6817.56493736079,2847.69158561874,12638.4746747259,271259.028578021,90255.1563927431,17075.2416627385,6856.64087795152,2865.93291234388,12684.2784121748,268659.796835196,89950.3447473314,17129.4107126712,6894.24254978941,2884.54089091696,12728.0384795143,267453.435577374,89755.619254704,17178.9148589983,6930.12138075684,2902.97147797383,12789.9787384192,266527.100932999,89803.9939778664,17225.0196750459,6956.32746000049,2915.72318159759,12853.9216272065,265462.905396894,89851.194043144,17299.9985541413,6991.26662383004,2929.50835059591,12911.6023025792,264167.167185461,89847.3535285825,17376.0699991133,7031.35242231116,2946.84166921029,12965.1282525576,262632.587846475,89779.5675469738,17446.8282331873,7071.63677672376,2965.60871154725,13014.3188249541,260947.125968154,89654.8392151861,17510.4705945095,7110.51316556858,2984.62274167033,13059.6384091713,259174.543608603,89493.4142442218,17566.6121614984,7146.96288199507,3003.07474070072,13101.5819516548,257296.987119621,89300.4231291753,17617.0672178059,7181.10142550167,3020.64929766142,13139.3174969276
940,238695.237788017,92019.0114244583,27248.7470473468,12986.7832087818,6145.53753556301,8475.01917267168,210579.728231267,80622.8867970185,24220.4815001689,11699.8398123883,5563.72354275453,7660.26013350866,215717.508316554,85204.2507132489,24330.3216149463,11874.6206561917,5832.11054454757,8269.7694203241,211273.744005402,83878.1222580322,23932.8980652481,11425.9672514792,5513.11436952456,8032.12510303699,212034.075352029,85698.865025093,24764.1765746205,11779.7282806455,5624.67813910058,8119.11935478724,209759.013440869,85479.8981867959,24989.2329263874,11960.2521410491,5715.20240845211,8139.30082275826,209064.085288904,86287.4226520348,25507.8812995549,12270.3120797786,5893.60898349926,8341.08541350967,207375.988187659,86411.0857566784,25817.21874276,12492.2488919788,6031.42549094605,8515.17644255849,206726.878783805,86988.9836812145,26254.4495074439,12770.6132205154,6199.43748566721,8750.52608666386,205493.085138476,87277.2078574978,26574.1798443892,12991.265112024,6338.09129763719,8953.1107577827,204358.278021392,87693.2671035234,26956.4656939559,13238.0486566976,6488.49407600797,9172.48801735898,202903.804119243,87937.7234812949,27296.4505713189,13471.6088397658,6634.05872317541,9383.45608435459,201414.695518691,88185.6885040906,27647.599264922,13713.0584204736,6786.24207513216,9605.91511577643,200357.07882157,88469.2662888763,28005.1686430839,13962.9189633922,6944.93287804619,9843.47466717007,198995.32652381,88692.7278345587,28309.8846846728,14181.3611932593,7088.27240808386,10066.6827144144,197430.462055773,88874.5054881124,28631.9531314315,14406.340514367,7232.92424083218,10289.9874411718,195682.791595012,88965.1581020925,28941.4960012136,14633.0143669152,7381.04644842439,10516.3904198857,193821.897908814,88993.6040976497,29237.8774254502,14857.4144709322,7531.36957716326,10749.4028038029,192509.248174095,89115.819679094,29557.5875875168,15097.9604205751,7692.52432624306,11006.0609897128,190857.870776864,89143.796866292,29804.1777632166,15295.2357585582,7831.49572996512,11239.9443168338,189145.745235328,89179.5736696248,30084.1238380383,15505.514706128,7974.32081906343,11478.0299257958,187128.052945971,89079.4349414513,30329.7023038835,15705.6082226896,8113.99357755966,11709.3040862848,185026.478549246,88941.0145819555,30577.7959493477,15911.1985222311,8259.63877060713,11951.7634223628,183290.93425493,88836.0729117448,30832.3224679624,16126.1556358378,8413.4074063105,12213.8686704532,181433.06628292,88694.3181586073,31035.7673617345,16310.0192513627,8551.71971482328,12464.0337948325,179286.338666701,88486.5766609027,31233.6847396036,16485.4029426713,8682.76024638472,12704.4260025387,177019.428903156,88201.988088895,31431.8518918288,16667.9582362747,8818.91510729621,12949.5155908944,174878.117222868,87877.240114491,31617.5254800235,16850.5105779011,8959.2566155728,13205.5880323009,174048.18206624,87874.4682580721,31871.5927375864,17072.0811456578,9123.3358137799,13512.8018786134,172979.917377506,87803.4726662318,31991.7521773377,17200.725227669,9232.8869895301,13754.6324152364,172016.229041901,87872.2139633756,32194.6288252606,17354.6891067118,9344.22502919034,13988.9463261637,170699.578273133,87748.6386169203,32348.5841616719,17489.9310917317,9443.89599422789,14188.773200984,169343.426953302,87657.4144625156,32529.1750477723,17644.9236279224,9557.69541662252,14404.2990255502,167801.71543577,87432.9661379623,32670.9242145772,17784.7991856323,9666.34315275217,14614.4159117155,166268.207981561,87231.7119520144,32819.8133431771,17930.9142247963,9781.14133593793,14840.243945368,164604.491830565,86938.4101448722,32936.7086508046,18060.8129087638,9888.10298432749,15060.2776723869
941,154123.149710559,120448.602881984,71893.7297491132,50139.6350166693,34692.2276831643,84873.667779825,145321.674438627,116749.116247246,64689.6990458738,44939.0677760111,31180.7374081096,77493.6086561331,131493.846718795,107494.773729979,58868.5882197464,40308.2824556394,27726.4345905424,68917.4806731432,141509.6174772,119114.784847132,66288.3894496568,45019.1302635456,30779.7903352075,76311.7057131855,133132.551026617,110809.041835598,62864.6232738498,43007.8994743141,29361.0342558348,72422.011265825,133488.397553877,113116.039667957,64174.4602455038,44162.2816007386,30326.4986180504,74740.9242019271,133027.47106636,113132.821647942,65164.2252926047,45002.0726382843,31013.2752490629,76805.1473052124,129799.909244657,110832.613975501,64224.5771372705,44651.6206664107,30938.0775188051,77156.2020247605,129692.196711796,111581.068092141,65086.9600929966,45427.0283658289,31632.3015595357,79677.5262078077,128242.917275936,110707.494127132,65078.3508816839,45614.5699776613,31893.3475629034,81227.3617867291,126604.643997636,109923.452384584,64965.2491064147,45718.2669664493,32099.2116485242,82677.6402117628,125491.8574503,109617.158614117,65242.1002351189,46072.4584087398,32466.0480444869,84572.9971818034,123778.624245006,108650.090963553,65136.0003830158,46183.8557862793,32665.6554138126,86040.5806571517,122503.645448112,107995.731132558,65158.0151404443,46388.3913589339,32940.8020012378,87743.8224475905,121344.088181614,107492.399873746,65225.4537206472,46610.4577926741,33226.6399198881,89534.5328911379,119726.460047445,106591.719091945,65071.0595040949,46659.8521702989,33379.7978439267,90987.6968447314,118142.911181799,105754.412328812,64976.9624308347,46757.7360528374,33565.2827612747,92523.1307291918,116492.784566815,104817.019584238,64843.1847234236,46838.4310202715,33743.650257201,94052.9987741993,115056.024121716,103888.766243589,64682.2801798862,46908.3878292179,33922.2005959923,95624.7322418587,113741.71189447,103164.586680609,64556.4407287095,46989.548028901,34110.2235665653,97285.9653048638,112160.715307552,102196.079483481,64311.2246488998,46959.3716664219,34203.5802170957,98702.0887751817,110480.563979383,101177.556004406,64049.0601052224,46923.4525097858,34288.0020280667,100076.323431421,108733.033607864,100070.273326884,63759.5571331583,46876.2785313235,34367.9824903283,101436.388293654,107149.948319724,98971.2901114349,63454.0436518025,46829.0342357966,34455.9322044909,102849.711160952,105704.498014159,98026.794168096,63168.910909303,46787.7563595474,34551.7805655631,104346.224134139,104010.608452535,96910.0065472791,62779.8653760661,46646.3322925844,34562.9873668284,105621.691699516,102169.287834142,95649.6796772435,62335.3926724568,46465.4183673207,34537.7729981798,106774.264433369,100442.053249869,94418.5769709309,61916.0491291859,46316.2565109383,34540.9547975159,108014.137561601,99440.4567019024,93532.467023681,61643.2262745874,46281.4899025792,34636.6966834857,109590.111293574,98795.9368213267,93109.1572649577,61478.4997543507,46289.1450346285,34757.9470466851,111318.563233186,97856.5152928092,92455.4061909929,61196.8460104538,46146.5286413009,34729.0838033723,112535.617235151,96822.4012300498,91785.564994563,60949.2738556469,46031.0411776,34699.142052582,113601.507189643,95775.5579490276,91105.9923177112,60752.1701861429,45970.8571379221,34712.7124734114,114679.506496841,94603.3032424228,90272.8330275941,60463.9625394293,45863.88737676,34703.8104476811,115622.385185782,93396.4776769554,89401.4922825304,60134.7345378577,45732.831149117,34687.8058535542,116547.21340222,92196.0814981985,88534.0056206587,59803.1836575214,45597.8105832918,34672.2903715628,117510.377216221
942,240365.206714376,136635.777577905,54773.5862796715,30819.2707719783,17258.2283298058,26411.6217224235,205529.680045123,121788.092797848,50115.2352030611,28390.1404522225,15968.03692025,24447.5872756618,211232.621743496,126717.00847336,52379.1038765442,30335.1877652132,17403.0102131642,26966.1482785438,206498.449035153,124380.600001074,51610.857894688,29880.4585707929,17302.7198671648,27554.3644303432,206359.922836919,125927.313173582,52594.8929054496,30484.8814265811,17677.6084223515,28609.2365197506,204077.821179328,125551.283579657,53019.1604664013,30850.7050609896,17930.3006182879,29254.1181073915,202608.158834189,125852.891451064,53647.1682788447,31376.8206702079,18318.7990118516,30089.8116267326,200718.731101918,125732.562887732,54116.2763412078,31813.089542139,18665.0565182012,30888.5522035494,199444.409926953,125872.524496785,54657.5848478722,32293.7511118514,19043.2133607815,31776.0910316435,197946.534021899,125890.285088994,55097.1583271021,32705.0212454243,19379.1945441883,32621.9947350172,196319.06628887,125872.481790641,55539.78639212,33107.9520223067,19704.5655184393,33457.1375300277,194518.999872923,125735.242032694,55955.5831937696,33502.7306828997,20025.6283837565,34284.7635690056,192584.369223824,125490.379949106,56334.0542763292,33883.5678486061,20343.5811438796,35115.6521361363,191115.17777106,125356.882085485,56749.1787753862,34293.5433334084,20684.451209432,36007.0012198747,189415.787952466,125147.328657837,57066.3016207408,34637.281119175,20987.050560889,36858.0652527436,187459.774237735,124826.341785344,57367.0618013032,34959.4182160952,21270.1202761256,37681.1913378267,185368.926318571,124398.049635208,57652.1426961188,35283.6245124215,21556.1062061528,38508.7119380997,183131.701617837,123842.13869528,57883.9348928628,35585.9276582231,21835.768557488,39337.8270176367,181390.023604557,123419.987777386,58159.4378181907,35921.0372203073,22141.3806083566,40240.5779764257,179491.535810645,122953.185312095,58341.2374706847,36189.4300773727,22406.9952049067,41101.9991188585,177412.338576324,122396.734749033,58506.253669286,36432.3285175989,22648.6698320103,41927.1621601985,175139.217707899,121732.381935806,58646.1981785824,36667.7767437836,22885.2765247115,42739.124579934,172678.665059244,120910.681595325,58732.6028211072,36879.7373648659,23112.591915371,43539.9879382031,170610.119858138,120191.484710282,58854.5951245608,37123.9514672058,23367.2745081657,44416.1131590286,168517.410982376,119465.846228667,58905.1885750831,37316.9230350903,23592.618786327,45271.1431852927,166105.700662632,118601.51050198,58896.454571705,37455.9952326219,23776.6478351784,46061.0665173039,163583.883180521,117641.594990515,58884.9903679219,37599.2197386322,23960.9732822659,46847.8639869473,161158.432704845,116626.03118783,58848.5270516467,37740.2419610733,24150.7953650836,47654.9520150894,159919.029976455,116055.949422108,58954.3019687772,37976.1866067639,24408.0371165536,48630.8406581329,158841.454479385,115691.064444317,58983.6191770732,38128.2285331649,24604.9788600462,49527.4290118994,157544.80642013,115252.153277073,58997.23248824,38222.2886478609,24736.2097402992,50267.724521831,156191.932112495,114822.052928799,59066.1047719766,38356.1648998195,24880.865237959,50969.8846919764,154586.825109446,114208.419594007,59073.6292909604,38465.6777877471,25014.1644476114,51605.1080373657,152939.583758253,113551.934424661,59069.3240311059,38579.7114560153,25158.9457967496,52256.164371062,151219.374410672,112826.191977315,59027.0094515114,38674.5613701252,25297.6140473061,52911.0893862619,149437.610178953,112043.284778348,58949.9380056424,38747.6392020209,25424.9655019893,53565.2307567119
943,342511.717602606,75255.1815928967,15927.0184209972,6830.17055804083,3099.64218783847,15403.2816073099,325218.965973626,71796.7631869675,15377.3413138753,6722.10397220649,3071.4416470785,15253.7244210131,322879.415197067,71736.0421179741,13679.1653330104,5981.16922782998,2841.79741178896,15266.9291324519,321497.979147038,72222.1703153206,13697.3175570292,5702.98614663782,2606.27318092668,15210.6083277171,320275.464871896,72544.714323353,13832.9727822157,5726.1603750651,2566.43697943351,15238.8731243648,318837.960685109,72826.6150859045,13950.3809457296,5774.22524638837,2577.49991737149,15344.501505176,317328.095793457,73058.6446482677,14060.8581335793,5822.49489723864,2595.59709503817,15479.0829249855,315745.105310546,73266.052358517,14164.5723223453,5868.45610725516,2613.81763035674,15619.1411944318,314690.030564563,73473.9080688823,14264.8796638185,5913.44450985466,2631.88287599421,15767.8097581945,313500.788919827,73730.0787993087,14362.1320635311,5955.31688360874,2648.32637518656,15912.5553880442,312105.068013541,73947.2217052919,14467.6007440425,6000.62960708948,2665.57721779748,16050.6453586963,310460.847215092,74119.1417036575,14568.3832895239,6046.35134417303,2683.74289223006,16181.8306192261,308670.63033,74244.3749232588,14664.5165447663,6091.08950674766,2701.98966035454,16306.864734213,307379.927130743,74363.9173996589,14754.3721557156,6134.28797418722,2720.12691789348,16437.7944073791,305864.05980608,74528.2154359974,14838.8423312669,6172.97749495566,2736.00757183347,16562.0694600433,304006.353999488,74635.6919317003,14931.7342832396,6215.07878089533,2752.53259382258,16676.1940296183,301923.801582287,74681.6591148791,15017.9181666248,6257.47993100875,2770.12610098033,16783.2201343535,299694.883721798,74683.6714321737,15096.6131860141,6297.53873806816,2787.31059247175,16883.5088177289,298018.64415719,74684.3773984999,15169.4218278532,6335.92394682575,2804.16742349467,16991.1812739023,296157.546377885,74737.5159447329,15236.5724763618,6369.22765096431,2818.39427852925,17092.0580913656,294070.239921974,74743.5753597229,15312.7752367596,6406.20801351805,2833.30676667281,17184.5749534413,291675.747235947,74697.0245527418,15383.0703813818,6443.38654381734,2849.16537685888,17267.9781926627,289079.622913347,74592.1432934938,15447.5114379731,6479.42512410957,2865.14514990794,17343.2956366662,286904.952883341,74473.911145877,15504.8514845825,6513.76382182402,2881.04466802946,17423.8404699314,284685.962519417,74399.1725124853,15554.3990682686,6542.59897882235,2894.33631866059,17500.0673350698,282071.923146394,74286.5076997093,15609.8556062462,6572.88253461458,2907.25768049567,17563.4747747559,279259.657432775,74102.5299066509,15662.9893896518,6605.31364257521,2921.80215668091,17619.1351891269,276632.992243792,73890.3945922275,15708.478001368,6636.20673091532,2936.72170166783,17673.8191811974,275477.648050422,73772.8446686463,15749.5147045534,6665.27482659866,2951.42534137417,17758.4650092712,274465.659088744,73841.5166806268,15787.2193845764,6685.01284700316,2960.4432605634,17842.341919947,273324.122727336,73903.2779578343,15853.3286062016,6714.44734624467,2971.17183332811,17918.7526390638,271937.314511136,73926.6692240542,15920.1193879468,6749.0214463373,2985.59995938762,17988.4602924173,270310.137968392,73898.3782867905,15982.9957887879,6784.0907659059,3001.56658623428,18051.1041141201,268550.448864447,73827.6520976605,16039.0423363355,6817.80673090388,3017.83972971026,18108.640361575,266675.476072701,73727.3452078328,16088.4109881554,6848.97363467872,3033.39762499834,18160.5615160243,264708.404043462,73600.935077619,16132.834643742,6878.1889168777,3048.19150304067,18207.1500961161
944,210250.556825073,131600.415986666,64482.7483324383,40414.0399941315,25185.9387180594,47323.5343606217,183380.43787259,116484.524813951,56699.1418559133,35626.0922670678,22284.8638859549,42331.6350431111,187981.290694165,121868.399717298,58661.980040179,37210.5241605975,23492.662483118,45003.558958151,183895.510849057,119841.341630825,58254.7647593918,36769.9255167278,23292.38490809,45502.7277345718,182548.463212273,120283.815605036,58773.7469334397,37201.9108970413,23563.5801181283,46494.013935172,181263.994745284,120527.028830629,59566.1011211687,37809.65172301,24001.1290120778,47700.7464236358,178926.999011499,119807.100396572,59767.578659989,38156.2975110634,24319.5640817035,48639.2038864382,177587.940135544,119916.591446689,60331.6724198847,38706.2169410329,24795.2946405412,50004.7883563921,175978.83852736,119508.498232436,60645.6730462078,39099.9842147291,25168.0142488208,51243.7556897751,174604.244768226,119411.422429336,61010.8543811352,39513.8927615556,25555.3888315272,52571.2720681782,172906.258787298,119072.911505708,61300.3355909063,39860.1604898874,25887.2718447667,53809.0560655729,171128.17521983,118698.404196854,61580.3933515359,40210.5944761247,26221.5086333852,55051.7060418349,169236.435543445,118205.242946335,61816.8794308824,40539.3836790709,26546.4843577433,56288.5182683656,167774.450117266,117836.840518844,62095.5777189571,40904.54796763,26901.4885022829,57618.3689111159,166134.811763993,117418.12686508,62278.1708743912,41196.4868337981,27210.106426557,58889.8516333686,164203.781219262,116841.324332609,62408.0545765293,41438.0120794878,27476.5993258418,60082.6106339019,162206.30819844,116214.238929004,62544.5591636912,41694.3850562417,27752.7180887131,61294.3758922016,160052.897687353,115426.535758371,62605.1382113279,41912.2893530214,28010.5571265847,62480.9096731878,158401.038667427,114816.001040852,62731.6736819388,42181.5337088048,28309.9643870341,63797.7984956192,156601.020702225,114170.558880209,62760.6478083375,42372.4902249731,28557.7667454555,65047.301491115,154586.149553966,113389.159292722,62740.4395905525,42511.3877021235,28759.4769026156,66205.4713091987,152467.184139261,112567.980935135,62721.6996792232,42658.1675880114,28964.1675482358,67363.9783793454,150159.972491997,111560.409767128,62625.0952397659,42762.4597575368,29144.9609981594,68472.2062628689,148222.454754404,110681.295018498,62576.566862077,42910.2882629258,29363.5089658619,69699.0026248668,146278.88869528,109816.962958696,62468.5650043723,43008.5006991749,29550.954509274,70901.4428763937,144014.8634972,108776.830074279,62266.4430189067,43023.6064502273,29672.487120292,71968.3274754393,141676.577886139,107680.264317075,62070.8605169267,43046.472903934,29795.0413674048,73033.298381826,139472.405551755,106546.268543124,61862.2775371049,43073.9643031949,29926.6959253217,74129.7906638527,138329.070552814,105865.874392421,61822.5476474996,43223.7035410125,30150.9128301022,75501.2121331162,137369.815512983,105433.716134438,61746.0663156362,43307.4814331789,30321.6051874195,76796.5048220546,136106.244600831,104839.828649939,61599.5550356276,43288.4063566069,30386.9288905734,77793.5825915968,134841.599729685,104314.656660416,61544.1478928024,43335.0497737566,30481.4334585293,78764.169906199,133391.242240467,103631.668278887,61442.0378743244,43366.6101603439,30568.8440027693,79637.9693711683,131839.638444736,102855.761350821,61288.842734392,43378.7485065076,30653.6164593088,80477.3797332435,130282.770333233,102067.749873974,61124.9176677035,43388.2119533554,30744.514934334,81348.5194591048,128656.268794102,101207.81711228,60913.3405067153,43364.8625428446,30815.5093444045,82197.5769766378
945,297979.742579221,128603.943252727,41954.7811778314,21133.4939461834,10559.0193766226,14040.8802696255,259815.145822078,110924.464629135,36417.5264779623,18542.7954679667,9318.59286385406,12515.5817030726,275307.388104757,120636.820080282,38004.9321966055,19515.8108686744,9999.36092687563,13677.8946005237,267246.623842261,118007.904280483,37223.573746486,18742.6362230994,9526.83531957692,13360.1448498999,269831.570284428,121169.742500319,38513.6173834712,19353.0541734064,9747.05648320599,13599.7533452704,267092.562164616,121079.516647927,39002.7236345308,19673.1810448092,9909.67143331236,13701.2402254246,266710.908071845,122349.37974837,39805.9908834123,20195.5434537796,10221.0408075685,14068.2540574896,265066.753567301,122798.100679399,40384.242386639,20598.0864460708,10479.9858264715,14430.5759109105,264565.175244242,123723.610609186,41072.615922462,21061.4027682452,10773.4780080425,14872.7000027951,263278.543170561,124259.515166953,41613.7736393133,21441.1098003646,11022.9693382885,15275.4741097557,262161.338558148,124962.426224055,42224.1977072883,21853.7779072918,11287.1704636518,15700.0757535969,260549.872603302,125412.734929031,42777.6900448336,22243.9025666332,11541.7332850543,16112.3889934627,258999.742698622,125884.014647963,43348.8636889411,22650.3153637494,11809.0191386173,16546.4817085142,257863.852232145,126387.29924241,43923.0938197365,23064.1593671137,12084.165058573,17002.8908543368,256266.987256984,126719.013000517,44398.7872741359,23421.6102497975,12330.6351659159,17432.1528569136,254506.147944233,127059.655829612,44907.2154039661,23791.3697572694,12580.7123255689,17866.4206998446,252435.115779168,127228.409879806,45388.1437724305,24156.9414706477,12831.4191790445,18300.8732617532,250300.42002884,127339.48867487,45857.6858712746,24524.9456170432,13088.9706596762,18751.86955763,248735.770106255,127555.400471063,46350.7975717729,24911.0770865262,13360.5316612002,19237.1819546729,246702.926932852,127569.450629448,46722.8404719412,25225.7611621716,13594.2655053785,19684.4100540864,244668.59773096,127657.957938376,47145.3893905941,25560.1299780542,13834.3685841512,20140.8980067223,242155.511893832,127498.968411593,47507.2571408981,25870.2449160799,14063.0752251143,20579.5693874773,239624.620589318,127330.676443212,47882.0066384528,26195.7794434937,14305.1342554835,21041.7725964879,237443.957568686,127171.431129849,48255.975282041,26528.780016722,14556.4836748724,21531.8153564448,235092.604018521,126924.942490383,48546.4795215976,26812.2609572702,14782.6715588127,22002.9975453713,232430.83437033,126609.960813396,48824.1099974609,27079.0381537477,14995.5954140951,22459.1666481412,229562.002159994,126175.206309992,49096.0483548424,27350.0732240855,15211.3830877195,22917.1941203225,226961.960140446,125733.814378129,49373.0702105929,27635.212733641,15441.1137935312,23403.4037362863,225818.401512617,125684.050168676,49729.5520419456,27968.4867100284,15702.9029947724,23961.5836154666,224437.495434519,125511.845782885,49898.9210159908,28169.4567652379,15884.6860024898,24423.2684603697,223230.174102191,125570.956938241,50168.0265400892,28394.6596696799,16061.7987038856,24861.4684584705,221550.432429036,125365.592769505,50382.4262105598,28593.8772311354,16218.3331874932,25239.6685921546,219817.258318012,125183.862355757,50620.924073744,28818.2357416496,16393.5758654861,25630.8587216372,217846.365087127,124838.187480348,50815.6628266997,29025.3012508143,16564.3126586742,26018.5426907815,215866.943424817,124485.98549236,51003.1545544875,29234.2842011983,16740.686950355,26425.1730353362,213740.693996871,124035.98394207,51153.5021186479,29422.7562510026,16907.5312708861,26829.8137274325
946,271331.662830377,117388.056085397,36411.228921741,17940.0565330332,8841.41767836111,19973.4474147871,237046.587095357,103671.450116842,33504.6030536259,16821.5526420341,8361.95204881128,18528.2090236297,246562.566145145,110145.193190393,34386.6533184876,17534.6943743117,8964.4157594018,19999.0200977587,242392.103147947,109258.532686446,34179.1390684257,17146.229931905,8712.32328374342,19918.0079220809,243039.462906784,111110.805244763,35062.6030115033,17570.6203560841,8864.5010494926,20225.1043052378,241640.18556276,111603.535242911,35627.498788197,17925.6025970997,9050.39566541279,20452.0803711637,240854.024957207,112454.434089452,36256.2013863728,18335.7971177826,9296.12196221407,20833.3090433758,239749.174322622,113053.726130405,36811.6522890272,18708.5655159797,9528.82581777709,21227.3887302655,239207.962890982,113812.712794051,37395.5830340468,19097.4749811342,9772.07601467497,21672.0718422442,238249.786798809,114398.637301259,37899.179563916,19439.3468832035,9990.41308183722,22082.9864406598,237228.402911401,115007.800522656,38432.0313262738,19794.2173916999,10213.5183181376,22500.5257670392,235931.142715114,115480.310385849,38939.3870832993,20143.0407688163,10435.754443329,22908.4879040648,234573.656345017,115902.675185599,39441.6699818888,20494.9584263022,10663.2906257687,23324.7115417145,233649.224221422,116398.770853426,39957.1017542452,20858.9529999184,10900.5833388695,23771.8001904159,232279.465632012,116729.782080945,40385.068654454,21171.892289532,11111.5406118201,24179.0822515869,230753.261833318,117057.003127976,40843.0158246776,21497.7838940913,11326.9517709967,24588.903599995,228975.19651178,117240.585862052,41276.8177797269,21820.7562126202,11543.8470004545,24992.3925091303,227133.47666991,117362.194499402,41697.1921052301,22143.3356655148,11765.2719908098,25404.8790831634,225788.948247898,117582.491171313,42135.9999878676,22480.4957852086,11998.0754410567,25855.355237028,224029.136638375,117633.733632149,42475.6551083188,22757.7810023695,12198.8469566268,26259.1124303635,222252.505745288,117730.524065191,42857.9299048512,23053.1659391893,12405.8909905405,26671.5600014124,220066.499288566,117619.846217621,43187.5592515708,23328.2443721098,12604.0926106494,27057.5581099846,217838.318553474,117480.601817883,43523.8371672749,23613.8386278738,12812.22280975,27459.6487065949,215953.792357917,117369.493630589,43862.4069545704,23907.8733316271,13029.5083410863,27892.4765522451,213880.782218825,117170.875507813,44125.1083044697,24155.9805419409,13223.1168299647,28298.2889245992,211532.228359853,116909.601609704,44381.9688648996,24393.4663303687,13407.2987941833,28685.4022109238,209006.256959386,116536.849492161,44631.3342591189,24634.6830951606,13594.643627163,29068.6902126531,206730.502831625,116152.843752198,44881.013202994,24885.5548555083,13792.8460004828,29476.8767669006,205777.861338052,116143.792943486,45200.5136362705,25177.6516926922,14018.1864072088,29976.9732805905,204581.901370261,116024.898590689,45357.6583996172,25352.3337533972,14171.9186756623,30376.8532222394,203500.177701476,116090.13056378,45606.5734854937,25552.9398203183,14324.24403991,30762.9889691344,202043.690200375,115935.560062906,45810.8961008014,25735.5674514475,14462.8920978284,31091.0223786786,200496.410201928,115776.122915121,46027.4351003664,25934.6242113189,14615.3226839728,31426.8884365038,198788.036118957,115496.856447413,46212.587032561,26122.9904097454,14766.3441806957,31757.908776516,197016.299519162,115184.481395113,46381.9912344517,26306.6579213468,14918.478915066,32097.1383055854,195146.537085573,114804.033506172,46526.9718077343,26477.669506854,15065.1789940465,32433.6568275169
947,323450.415319216,104518.100472775,28534.4098734692,13326.4663297897,6296.63359773356,19421.2357498001,300260.76657622,97340.8486224647,26618.903069674,12585.4499090261,5983.67421641206,18563.8956594132,302378.20942304,99473.3993592401,25790.3848850437,12211.8066505857,5912.42584527385,18910.4117983276,302783.269246033,101171.866386533,26168.0068742367,12070.7986701069,5737.80682092841,18975.8982962977,302284.110551457,102198.754515415,26697.7612071294,12282.3587257025,5765.4305474951,19044.3984601906,301563.579861247,103133.961780181,27191.0484164633,12549.4103746699,5886.68903619182,19231.8641923732,300781.459702406,104005.977222898,27668.5546291613,12819.0152327708,6027.46244633117,19488.2421964823,299980.67507535,104830.478316151,28130.6281529337,13083.656358969,6170.14916360323,19769.4573313266,299633.670749409,105693.996174947,28592.1138119392,13348.9631660316,6314.44136267544,20073.1396962283,298913.613313353,106479.124325019,29015.5489506614,13593.1054838289,6448.40739350236,20357.024263889,297998.741540958,107230.96703503,29450.7722354987,13842.4015324281,6583.87338194041,20636.3357946817,296820.078014572,107906.512616567,29878.8641519906,14093.6296908418,6722.09264291963,20909.6308676547,295552.802351882,108530.714355149,30304.2596446455,14347.4068275971,6863.77934888417,21183.0854137353,294790.766770986,109202.499907508,30734.0966109715,14606.9081548872,7010.37762888945,21476.8629933969,293514.306394871,109763.448214322,31110.9013527096,14837.3569798113,7143.10331379359,21740.959362293,291972.311067328,110283.643574577,31504.4824543685,15074.9613972457,7277.92167061374,21998.6868978727,290175.399979246,110715.956687103,31891.4139714334,15316.5501830042,7417.0461659126,22251.7881614556,288304.230612665,111091.162650394,32271.2996809892,15559.2804898533,7559.638485009,22506.136312591,286970.876582892,111521.012973391,32655.1037592773,15807.2200573794,7707.02211086142,22783.1801359921,285219.15611883,111847.850919478,32981.3980462831,16022.5539791476,7838.33171378524,23030.2874295285,283294.028707515,112153.159507891,33324.4276723055,16243.7498119506,7970.53934149069,23271.9073798297,280996.456751702,112343.662479597,33651.4955955397,16463.1900002575,8103.68914511424,23500.2799088326,278568.651788995,112469.354175427,33975.8520910932,16686.5377901474,8241.63288310656,23729.5979925436,276590.846775813,112630.629693331,34303.7625640444,16916.6375564649,8385.92240231299,23981.3883704347,274365.469776464,112712.989239569,34577.349188959,17116.441049693,8515.79966973289,24211.1399767602,271731.757138046,112721.012052847,34845.422954926,17309.412089357,8640.09189118247,24420.8397595724,268931.671141019,112655.133001158,35120.1821641212,17512.2188329819,8770.65828706525,24629.088912332,266458.092724907,112581.588073688,35396.9180175039,17722.9581329604,8909.12979338873,24853.6835635071,265510.676029883,112766.329850952,35699.7519167824,17948.1417775923,9057.48132427586,25140.9113400229,264310.299692293,112891.037321023,35890.5218008335,18098.2094600311,9163.65808045217,25370.4219671308,263119.49585838,113104.764485764,36132.8469977769,18258.4852318656,9265.23154139384,25586.0072580005,261587.682867657,113196.327066945,36364.633306751,18420.1415769349,9366.83020348953,25776.4283439117,259840.29617101,113227.447039224,36592.2325406723,18586.356422101,9474.17679868486,25963.2687476933,257956.745419398,113192.813297122,36809.6236048658,18752.4203325732,9584.59003891068,26150.3530854125,255956.334677311,113103.482475649,37010.3684168988,18912.9070938322,9694.49468495003,26335.7619454281,253853.657450011,112967.990096139,37198.0630943766,19067.7602422167,9802.66812924928,26517.9593440935
948,255878.08731896,134008.321091857,53895.07157198,30325.1691460035,17003.1268892969,32721.7079036607,234822.116742508,125314.296919514,49177.7665947224,27733.1810357232,15605.4403636634,30533.2755772063,234973.856067367,126938.808227614,48980.4041886305,27811.2309084942,15781.4296107222,31061.8165284435,232493.292944622,127447.611085962,49216.3945515664,27634.5034082705,15673.1342023993,31347.9959836637,231051.032077271,128125.214718062,50001.1013004945,28059.0152579528,15831.0226129909,31692.2866136122,229241.4930037,128479.816192044,50725.652857978,28583.4855876496,16148.4070584419,32189.6044776739,227391.078745441,128670.563530518,51336.2816149619,29090.2732145657,16506.7481275582,32813.2845886486,225536.642462484,128844.8192782,51921.2960685059,29578.4904317977,16870.9244608421,33547.0613715718,224077.537162019,129027.305280269,52487.9960583981,30056.9631512441,17231.4899396903,34336.9239936651,222583.004052217,129239.331817677,53008.2145883022,30500.4073609185,17571.9542277271,35135.0437249409,220815.699476567,129325.298522072,53493.9152837753,30913.3012386464,17888.6629717673,35897.6727462833,218926.631132386,129344.334276868,53980.7076231926,31333.4844770316,18210.0638684842,36667.6581134895,216832.331940052,129224.718098792,54419.3973689234,31735.277342973,18525.7504226425,37428.6896361359,215230.501485297,129197.116966728,54893.1172161745,32163.898460692,18862.5084870932,38251.3495383135,213440.686586166,129120.634342173,55279.5937004886,32537.8473590592,19169.6372871759,39043.6288353082,211341.183448218,128921.279626225,55643.3870891356,32885.6559140652,19455.6702884641,39799.6108040071,209077.929437744,128613.422944235,55997.6060476275,33238.4741712573,19745.8274546428,40557.1912801995,206646.230511725,128179.647840394,56304.3149237514,33574.8331225395,20033.1196346382,41314.6495671771,204721.561843664,127840.017152444,56642.6737979459,33935.952921154,20341.1239236969,42139.4135144511,202687.383956999,127491.682746665,56900.6301305181,34243.3843010539,20619.0102085877,42937.9758784573,200425.482321809,127029.94822645,57131.6433275776,34518.5526910457,20870.0437678774,43690.1658432621,197952.342277723,126474.751234438,57347.5962377113,34792.4758137757,21119.7989944388,44432.6114736858,195252.228075841,125748.632570444,57510.2911499558,35044.2677095631,21361.2372100956,45156.9179685541,192964.172464041,125107.384925369,57704.9380972428,35325.5237670371,21627.8432506759,45954.9202095067,190684.775286564,124467.81977766,57831.1469180185,35561.4848900985,21870.2990784254,46739.5401170944,188053.772084257,123694.843083644,57899.090319599,35745.0968440596,22074.2215511522,47458.5616084595,185265.300330643,122809.366941869,57962.6463362859,35930.76441923,22276.8419664964,48166.9597502685,182563.137026472,121866.445563362,58005.2738599571,36118.2794744487,22487.4229680146,48896.5412645304,181114.479117841,121307.931226262,58163.9948751817,36382.9388114997,22753.179630914,49786.6504396251,179962.769340863,121010.305102967,58257.7000416272,36578.5547879452,22971.7112939032,50635.4847567344,178537.110086004,120616.498999244,58315.1274644229,36701.210980669,23117.9100022492,51318.8702029516,177073.75056733,120256.616251814,58440.2975428236,36868.4875934822,23279.2778828767,51976.0584054637,175307.089979509,119693.407926699,58498.7037390304,37008.7124839597,23427.3191940682,52557.410516581,173494.512453521,119095.007557084,58554.0706148817,37158.2680042254,23589.2996143491,53157.8089587612,171591.849882697,118412.418582959,58568.156061342,37288.6129778393,23745.3491047112,53757.2211883471,169624.913133671,117678.026408955,58551.2420715111,37400.4736312921,23892.9662769481,54358.2469131621
949,355133.633720675,73226.8550255922,17132.4037054247,8124.04525164256,4325.1078101998,50399.61778111,339028.10013287,64762.0375097253,15666.3643670703,7681.19863582122,4148.75414297445,49166.4854803216,338292.202764284,64521.8300731701,13344.2122618785,6684.53017972826,3825.16210950414,49529.5579104416,338084.033552984,65406.4638587502,13069.0315255588,6188.20064290988,3483.27410092991,49932.744084803,337766.626919812,66003.4872403646,13193.2584212428,6148.86401939182,3385.26841202125,50421.0802311106,337161.913247166,66510.7345677655,13329.0961869893,6189.49261679186,3380.3342255127,51002.5494571643,336480.676676767,66971.2767342458,13458.6647013829,6239.18899109819,3394.56610245847,51629.8835761958,335843.518551006,67412.8085009834,13583.2212477314,6288.18773957225,3411.37647437871,52270.5629191115,335669.844301138,67869.8647068897,13703.90185281,6335.9626887559,3428.40770923317,52938.0467335469,335230.201957191,68332.9879423086,13821.1846443535,6380.24468935602,3443.089711588,53577.0990234781,334554.563615233,68764.5119809523,13944.7686346381,6427.44599389031,3458.34514417568,54195.3618427849,333652.622889263,69159.2107027493,14064.8036728071,6475.09356205541,3474.2681572612,54793.5755589586,332670.843371939,69524.9306569427,14182.4986390752,6522.38292228059,3490.48367995725,55378.7636382419,332196.561216238,69903.2505294379,14295.8972281322,6568.90787618182,3507.22039162638,55991.6880947827,331328.405784698,70277.5936537954,14400.6946679244,6609.30016936781,3520.44418541489,56561.6449710541,330128.3528208,70609.410118518,14512.688082643,6652.58763140879,3533.97687265929,57103.5182072287,328696.344061084,70895.2193043977,14620.1971219973,6696.38009874934,3548.27228535945,57624.8541169012,327215.838127414,71151.409339099,14723.5253429274,6738.98138664883,3562.53368495057,58134.0388079815,326307.734285977,71427.7881560489,14822.2078138189,6780.31779668949,3576.96238170853,58676.6155139671,325032.612452077,71699.4392646568,14910.5084330098,6814.30396163564,3587.10528306868,59171.6718708436,323539.251144697,71937.7770012289,15007.3122689264,6851.7138350906,3597.71733920223,59645.0130048411,321665.553541854,72123.8701845937,15098.3493911253,6888.7838445421,3608.49335499586,60081.4078893604,319725.22645556,72273.9973418109,15188.0717813964,6926.43362816503,3620.07504211756,60506.3415433331,318243.858619104,72435.1283232626,15271.890818683,6962.68339699102,3631.94333415805,60956.5615387541,316543.571475444,72590.672348414,15343.8346127721,6991.39051921096,3639.78467169053,61369.4138654999,314389.565085755,72700.4052850785,15419.3481028978,7020.50763228886,3646.48421635071,61735.3732430296,312082.578071155,72763.9230093362,15495.2539203805,7052.45239684435,3654.82183770715,62084.3028797951,310199.485636953,72830.4242902642,15570.3376947704,7085.61866832172,3664.79622103218,62452.5954119017,309846.780671053,73011.3260540452,15642.7287796965,7118.10069943421,3675.90142502348,62927.9865382691,309271.418481406,73234.9396648168,15695.9933250936,7135.61461203994,3678.35255335798,63337.5317043266,308511.314638448,73452.235342811,15773.2002934364,7161.82211343006,3682.45387625821,63720.1094613701,307461.122847591,73627.2006711344,15852.7914824152,7193.87494050352,3690.3165845984,64069.7016733218,306171.500345215,73761.6627876415,15930.4523193317,7227.78261083612,3700.68341353245,64393.8026619255,304760.760654021,73863.241445723,16003.2051295941,7261.19102018359,3712.12307471466,64701.4570798354,303239.126264297,73938.8221531129,16069.5239393652,7292.10270692039,3723.07354212431,64991.2391836817,301608.209837082,73989.6421351704,16130.7479711967,7320.59073754755,3732.9830317086,65261.9980786473
950,217537.350186001,127476.149627913,59009.8895377172,35884.9788280217,21671.1328848339,38502.2357983521,185102.688491056,109502.099212529,49166.5970778139,29799.2716061507,18012.8959538462,32421.153378994,198177.509775011,121985.49411204,53821.9979630876,32613.7741850886,19777.2777811839,35736.7075623906,187243.944189612,114585.8684823,51428.0068692352,30952.5862650016,18709.9925695112,34151.7374346637,191596.618271548,119858.776068616,53919.00218318,32555.8275517324,19674.7143110369,35932.9087062205,186470.507653206,116889.778234851,53436.4803703213,32373.6394185961,19596.6968746039,35843.9023097972,186922.222417559,118717.134762024,54623.6211491816,33304.3624227178,20265.5885752869,37163.1244853372,184062.194479814,117550.670218151,54707.7936427741,33512.1081309311,20491.1762685631,37821.6875434906,183526.234548974,118205.900720665,55415.5190923773,34131.3428236339,20980.6051895229,39023.4498106831,181721.988421382,117803.48133993,55687.2301767605,34447.8666732285,21275.1915898992,39931.9223971579,180377.284012701,117892.456674597,56144.3977180421,34881.993189386,21638.3524685988,40975.252222824,178573.518304917,117590.013609661,56477.3505952588,35237.8340310229,21951.2320843764,41933.465641846,176823.204419486,117327.446044483,56817.8200471085,35611.9591644489,22281.5716314135,42932.8660624968,175464.198776707,117142.965184619,57186.0566392268,36007.1432055088,22630.2402982861,43995.8143035583,173815.334844195,116845.127236391,57435.5362832604,36319.9000578576,22928.134133058,44990.2951681494,171982.859855815,116477.22979148,57687.1702416477,36622.1204707051,23212.4391037834,45965.6567043422,169997.499494498,115985.932341297,57909.632411248,36917.9901792187,23494.3356683536,46935.8152902638,167925.902546714,115389.703557556,58084.3701781046,37194.0994713554,23771.0205749385,47910.8293159389,166337.738049119,114954.433628275,58312.2197041514,37509.8490603504,24079.1113513906,48982.0541005476,164523.106784782,114419.368564731,58422.6776255141,37738.2271763682,24331.2243510896,49976.7590717513,162577.138345107,113834.907401025,58532.0338361691,37951.4142687853,24564.6886924024,50941.3774244133,160429.32471229,113126.738030259,58606.6077366847,38149.7491293582,24787.6958679109,51879.6182779392,158145.195165348,112284.008644492,58631.1318773831,38326.3279797083,25002.2551574333,52806.7741525323,156250.036548199,111565.133562304,58699.8086389475,38541.1650605077,25249.2072687497,53830.5863886789,154278.751042244,110808.104134765,58682.6489656148,38691.3411087147,25456.0870371031,54809.9870363216,152011.453824058,109920.930099015,58606.7090586315,38786.0893284574,25618.4710357704,55709.5590683183,149657.834364702,108955.949215057,58532.9369817726,38888.2156248313,25782.9677700836,56609.0524944507,147452.907969984,107949.401302371,58439.6211961459,38991.291097456,25955.1202369176,57536.1488502463,146386.273154259,107424.653667326,58511.0250595221,39207.5033287855,26209.6082857742,58688.7796541201,145342.990409456,107009.688755007,58475.5808633755,39312.4108766504,26381.353783646,59703.9493324046,144125.927108641,106553.769336148,58442.3574714243,39372.5281200252,26493.2497281407,60553.3101055294,142854.323968942,106103.565375464,58464.9610486255,39474.1547022519,26620.0550921854,61358.5178560605,141358.134384489,105480.662368455,58425.800910488,39550.902196862,26734.7649934089,62080.861655668,139814.59012963,104816.064510306,58370.6436273883,39629.4898268473,26859.9874438549,62814.3126596102,138221.085426663,104095.930889991,58283.7530339962,39691.8188991365,26980.8346288656,63554.5292127864,136560.324997469,103315.14009846,58156.1339696059,39727.5068641587,27086.7245097643,64285.552786525
951,287408.184302565,138373.970939908,49031.810544989,25680.2642167662,13364.9692479943,24245.1168118,271804.018285197,124674.263507415,41577.4494315961,21784.2503935469,11354.1476471586,21731.3186772464,273807.290875526,127480.970581858,39211.7850831612,20597.5143763479,10858.7316264149,21412.8186974693,270723.769464002,128616.545049058,38859.4863869433,19609.3262543205,10154.6005964517,20837.531351563,269452.320287922,129904.06728076,39729.9271226344,19834.6768221057,10035.4523459336,20542.0481430916,267855.573958787,130673.627183659,40476.2784803101,20270.1530371538,10211.1543667678,20542.0040849815,266139.921456534,131254.860283663,41125.9722750719,20706.0896065175,10465.5497434345,20789.155328492,264425.198747715,131778.108427247,41724.2938219006,21119.8945633665,10726.9779615469,21157.767453066,263152.865954083,132331.550163672,42315.6684955612,21527.1128172519,10987.6642385518,21588.6768089413,261754.884796856,132859.874906727,42855.2646024577,21902.7589863498,11231.6328690455,22021.6817162787,260151.262044811,133320.882429583,43395.1868549051,22272.6960136041,11469.4321487795,22448.2231814395,258324.388885766,133673.75881118,43919.9391332788,22641.9671816174,11708.5816924282,22872.8125312643,256258.239940924,133918.31891167,44424.614632487,23006.6984891,11949.0079912164,23297.2381190154,254728.6474533,134213.081745926,44946.636788255,23387.6991718623,12201.9548897223,23754.3698839321,252996.967449086,134472.989388538,45400.6445993187,23729.7665703551,12436.4783340553,24195.1707064698,250935.369102369,134630.526626869,45852.5865526312,24062.9959162449,12662.4594405575,24618.5946475088,248663.727249132,134664.9828,46294.1875984339,24400.8315869663,12893.1277008773,25041.7794969549,246133.007718335,134576.361073878,46703.4849701067,24729.7605814185,13124.2498798569,25464.8868952364,244201.762044186,134560.167490243,47137.8629681693,25078.3768161915,13370.1099231965,25927.9946087802,242103.598466874,134519.292977166,47496.0384469874,25382.3432009836,13594.0458313,26372.388273403,239789.431351084,134399.479695993,47855.3471774935,25676.3202087897,13807.4835136029,26798.2112610061,237202.261203167,134150.688634606,48192.6889965856,25967.1415412853,14020.5632408573,27215.2817230018,234351.932785824,133765.985642199,48502.0182350176,26250.1893978231,14233.7768195742,27629.0284547964,231942.472237954,133420.497096055,48827.6380034486,26550.770384496,14461.6159993789,28080.6770489821,229519.822314304,133077.134623374,49091.8642192725,26815.6382846393,14672.8443460389,28524.5041428591,226707.599237267,132611.137607809,49325.5802240361,27052.2543164261,14863.9625450946,28935.3471690664,223703.335122382,132018.142924873,49556.0854943421,27294.548198487,15058.3295499591,29342.3673954461,220770.95799591,131363.575182338,49767.5882705499,27537.9763419927,15259.4458801239,29763.5572616261,219259.16568154,131054.098881626,50052.3781499568,27825.7647464663,15490.1404754978,30271.6578562983,217990.60372552,130940.284944237,50246.9453374111,28039.8857486967,15676.0064569708,30740.5456237138,216570.526652561,130815.746054406,50455.3684671871,28226.4617675405,15827.6043728433,31139.7400631361,214952.450427616,130615.153358195,50674.3265212179,28424.3533095416,15979.6156788138,31506.7778523418,213086.931258756,130289.070319916,50867.483244986,28618.2324723464,16133.3303712423,31855.0769606607,211109.846372025,129885.137465465,51046.5056198884,28812.1214308529,16292.3578089832,32210.2826851933,209031.630875282,129407.470977355,51197.1572591575,28995.2711233477,16449.5490715258,32568.8316612174,206885.51463278,128878.533538397,51326.9890798881,29168.2713570464,16603.2621681871,32930.9694683448
952,362094.889717243,89022.6319682622,17498.7272838967,7733.3568199669,3821.77360498845,36956.1528436155,333756.744277039,83249.0333967006,17042.048922595,7707.11816026711,3826.91467551849,36226.1812343996,332732.351065421,83891.489588995,15883.778260018,7171.75933936632,3659.27086722186,36593.1336743248,332618.380250401,84873.790366635,16088.4963005204,7046.62731283677,3510.19674960167,36938.059195268,332460.285112437,85625.4922012882,16324.5712985165,7129.14529499596,3509.85839847811,37346.6384398307,331978.031643839,86312.8502180077,16529.8822334322,7216.45595767226,3540.67210024139,37798.8574365799,331432.158897144,86950.9074504373,16726.6595139937,7301.06197421966,3574.15203221366,38266.076532301,330822.572934938,87561.2685792866,16916.5055462669,7382.56912239919,3606.68725697067,38728.9968090637,330693.029226259,88184.3557977325,17101.2663466137,7462.3246217629,3638.73930187126,39208.0452130216,330296.442865117,88813.9332159958,17279.8457548017,7537.04770364825,3667.87703437915,39665.407730437,329689.608984926,89397.5730400682,17465.6743726223,7615.43106404876,3697.94287537713,40107.3412914652,328812.633627959,89929.7353064535,17646.0315693283,7693.8576598383,3728.74656956791,40530.9776287298,327803.937416741,90413.5718246463,17823.015595456,7771.87145409352,3759.891764663,40940.5647993037,327279.32015994,90908.0713520281,17992.0464233388,7847.84214599293,3791.02887822748,41367.0649791323,326401.476339117,91399.4573396568,18151.0812417125,7916.52860689613,3818.26549662136,41765.4677550894,325167.402601326,91824.8708550193,18318.1255586357,7988.97429524422,3846.22474927916,42139.7434870477,323694.031552204,92185.914859619,18477.4958075469,8061.48423667285,3875.18859656941,42496.7992008391,322080.100141505,92496.2513193213,18630.6358464773,8131.98647834396,3903.83723910465,42837.6779747324,321032.696597499,92826.7538937983,18776.3862857632,8200.46613424948,3932.33871245964,43200.7503100273,319658.427139996,93155.9617963696,18909.4634141521,8259.9389141407,3955.994803236,43532.9318778813,318041.025722263,93429.3617614452,19051.3116289789,8323.36130830877,3980.32824900332,43845.3898121493,316069.805329903,93633.5348804206,19185.0944194622,8386.26099163981,4005.24196086303,44131.5420919527,313921.170194609,93774.1988865611,19314.0040503099,8448.52881475834,4030.54293882995,44399.4534778081,312197.207597416,93920.652186323,19434.9538760709,8508.89943271281,4055.97190033584,44682.8387901853,310330.710132726,94068.4728899595,19541.4829976344,8560.24830353758,4076.92673197096,44944.770897188,308019.049372905,94150.3475730245,19650.9639152305,8611.79035084453,4096.68492057767,45171.3051262535,305498.672750662,94159.0786869682,19758.252942509,8665.90828596837,4118.26636058939,45379.0027951881,303233.55378967,94146.3506553051,19859.9475796639,8719.54449271329,4140.85212867853,45588.0208747521,302504.054836968,94290.8924722389,19958.3630377199,8771.90437642005,4164.07976974097,45878.0902527256,301735.231791375,94527.860881228,20037.370784584,8806.75235901203,4177.33278301087,46140.0155047553,300798.31566447,94749.2217534087,20144.0004159336,8851.32793729152,4192.11621833352,46382.3690126108,299583.242357932,94912.628713025,20250.8883440215,8901.6669199548,4210.98898035369,46601.4700670993,298093.91485617,95014.7973600332,20352.7760413861,8952.75094786341,4231.98728929972,46798.9367611767,296475.227684625,95068.6205638324,20448.7261056507,9003.15505309034,4253.97041558596,46982.9321061632,294729.84109645,95083.9640041108,20534.5238763096,9049.77913012383,4274.98709004671,47151.5769179575,292862.335909286,95063.5235289898,20614.1623701431,9093.49266031775,4294.75362624231,47304.998567049
953,289123.825928873,123745.876195425,43197.1693380454,22434.4243568496,11551.8566928494,15188.0005864024,266263.658499817,114894.097468524,39653.6694224942,20706.2453328066,10695.9889826364,14162.2272199045,266115.921683473,116421.921269157,38661.7041812195,20442.817152335,10763.8631781314,14536.4975179261,264611.421158183,117668.590310479,38836.2939252724,20115.7527315397,10516.6461640444,14556.3523917156,263060.058824284,118531.712156113,39573.5224447872,20412.7959718865,10557.1444658293,14562.2539645189,261523.224451568,119212.96328856,40254.3010445953,20855.61566354,10786.4160312098,14739.1657177735,259810.884036408,119725.864216622,40856.8282259651,21280.2994119405,11054.6350562209,15056.7342742552,258107.886038919,120193.384375534,41425.0266719352,21690.3175611449,11326.0944371296,15451.5575657836,256855.347223876,120696.869263973,41990.8598191119,22097.9454770346,11598.4388473416,15889.0525147828,255430.087989595,121165.538991788,42503.2008091321,22471.7205355044,11852.3463816282,16322.5211454997,253792.890508623,121569.146135691,43016.2939789037,22840.4079898803,12100.3067512118,16752.5219877391,251935.702485777,121873.379080636,43514.3232590735,23208.4926647251,12349.7448960268,17184.9480741876,249940.356496072,122091.484794005,43994.894462874,23573.5972751148,12601.5873317242,17626.1091821107,248458.722498939,122367.126317062,44489.0507771036,23952.1426900611,12864.6248794115,18094.7084689626,246665.303762453,122577.18691322,44910.5212193674,24286.38638976,13104.8405387417,18544.0923823151,244578.009750304,122697.616049643,45336.2935015138,24616.7070141836,13339.2218369885,18986.2254666322,242275.728972344,122702.967409492,45746.0974113587,24949.3114162594,13577.7109944712,19433.3222481129,239831.544233106,122612.655267556,46129.7988074302,25275.2979402631,13817.924002753,19890.7112195988,237961.38586717,122603.723539452,46533.2638008731,25617.8892294455,14071.5027741338,20382.4248338221,235833.931416035,122536.207328678,46856.961517873,25909.8141792388,14297.9025273599,20850.227001573,233534.519412666,122410.926874713,47188.888352463,26197.8013276478,14517.1941097913,21309.4101864839,230926.375485201,122153.418713114,47490.8055483141,26477.5216348355,14733.4653014358,21761.8665711488,228127.289245961,121784.266656594,47770.9523792571,26752.6644355641,14951.6711317926,22222.2022519372,225778.968647859,121464.432978295,48066.1718134229,27044.8341892244,15184.7425968306,22718.7511210638,223353.103368718,121121.483891946,48294.7052682052,27295.479570247,15396.7369285823,23202.4306297017,220555.154455647,120669.850805158,48495.5174963427,27519.383939291,15588.8382286084,23661.5726585461,217582.808410814,120108.739653261,48692.4850910283,27748.6837454332,15784.1383721978,24122.7117755878,214758.594790334,119500.532530987,48875.4379572658,27981.0928002743,15987.2928016326,24603.2422312261,213433.650647085,119259.925629519,49145.5190932488,28267.3490236221,16226.3725240936,25162.6197574106,212130.228428694,119118.965800267,49297.5101315324,28458.6314632897,16405.7799843127,25652.1028134889,210714.545137237,118996.508664641,49485.8409350617,28636.3865132524,16557.4610419549,26082.2616567027,209089.120506227,118788.903310472,49676.9411448378,28822.8970679004,16708.4939048706,26478.103555156,207231.163536787,118470.865088284,49844.1506725937,29005.97639072,16861.9357382687,26862.2715395822,205268.083171895,118082.196044816,49995.6135720352,29188.0940332656,17020.2852013662,27256.5572464631,203216.847239882,117628.901899252,50119.6846811987,29359.1880143026,17176.5242990034,27658.816147771,201086.013664828,117123.434223219,50220.3487005768,29517.768485943,17327.6304213398,28065.6817970875
954,266043.363114001,58975.6658439102,10997.1864663864,4584.6469079199,2077.39711841778,12031.7648001936,238545.12096637,52877.6826111408,10211.6702953917,4377.6868691993,2003.2543620617,11565.5148214675,235144.244222359,52697.2087189827,8997.06484129186,3783.20243234498,1798.46157975401,11525.6236685523,233463.643464328,52726.185896071,9070.68120881516,3667.77316429642,1668.16278965795,11496.3525665595,231956.947069415,52721.7260323049,9114.16344733837,3680.46340868826,1652.7759189308,11539.4397952282,230268.694204376,52692.3908377761,9141.25908280724,3691.66688308904,1654.27171476362,11621.6977439397,228565.041033074,52626.5367284448,9162.97517266089,3700.45946364403,1656.3739596682,11715.316955712,226872.549553611,52547.0969530696,9179.83263734317,3707.10192208891,1657.69666146847,11810.3270867287,225589.849845353,52491.2268163062,9196.63847232924,3713.71607764216,1659.0127191171,11911.7384568207,224226.544191016,52471.4592060988,9215.41967939454,3719.86054097336,1659.82635213737,12011.2400784035,222705.766535959,52417.4898862514,9237.81205477992,3727.92006091522,1661.16570852578,12106.1107063298,221021.52484345,52328.4510858151,9256.11317460537,3735.62040663477,1662.80664788007,12196.634088541,219248.63237704,52201.3242582808,9269.97177500431,3741.93964986588,1664.11978594446,12283.0305005551,217897.116277869,52096.2855108217,9281.28840624786,3747.75235712572,1665.53197522494,12375.8241421065,216373.725443855,52025.5085413402,9293.87465910576,3752.23263556963,1665.99930594558,12464.7625545755,214601.648238074,51905.4017775333,9309.67357555365,3758.61625807317,1666.90826199971,12547.1175637285,212678.348110662,51743.0308546955,9319.97159117673,3764.36374279342,1668.10567822227,12625.2093794334,210682.171633215,51547.2468644889,9325.1833842952,3768.26005827286,1668.76701306281,12699.3742031827,209148.647922773,51380.5163358636,9328.21906982224,3771.64711406068,1669.42831718877,12780.7428353643,207487.366306549,51258.0381569523,9333.27520453337,3773.74592861458,1669.07172910807,12858.6081799089,205691.404690281,51101.8207678109,9343.44735583935,3778.48181653103,1669.42423249938,12931.8593667965,203681.912070927,50913.7488795682,9349.80197774973,3782.98869901399,1670.16602073162,12999.7261086871,201582.107254925,50684.7229606196,9352.48680755909,3786.63862400531,1670.81178710076,13063.2689440157,199819.480658045,50469.9549148466,9351.30944598954,3789.26267323737,1671.36194659804,13131.2525982118,198051.260026413,50297.1977022376,9350.70510201628,3790.42621310255,1670.9587673511,13197.5804721144,196036.804222211,50099.2945354976,9354.64717439567,3793.27966310092,1670.77035533572,13256.7921892577,193904.953942272,49858.9904890382,9356.36819892161,3796.95758860244,1671.34066316772,13311.6063248562,191985.75083657,49603.689374688,9353.89452082352,3799.58076823317,1671.92963433416,13366.8036638925,191143.897451111,49454.0674959774,9349.88063888101,3801.44028716245,1672.50679682892,13441.2500855912,190390.830469793,49443.282617566,9355.53619314401,3802.18420157962,1671.41111174454,13515.374939316,189548.436088679,49425.8376042743,9378.54533085381,3810.31146026343,1672.48299571365,13585.2191130903,188540.187458371,49384.8692588949,9402.22292771939,3821.35984127337,1675.76369646506,13650.9144569217,187376.055452152,49309.5958913112,9423.33923782624,3832.57799947016,1679.8451042926,13712.1589142229,186137.140349435,49207.7060519238,9440.14506046784,3842.76116246873,1683.94983701598,13770.0965369149,184846.116727394,49091.0218917391,9453.27522883529,3851.47271038947,1687.58926923171,13824.9155759464,183500.760093616,48961.5777826218,9464.12829527208,3859.16687674749,1690.76247339151,13876.3664656217
955,182596.397971317,123171.662493915,65491.2051510538,42956.4596753282,28021.9066147382,64459.9714990196,159080.928362345,109603.949663387,56700.992243259,37155.9819452532,24302.9160873336,56665.3248736827,161438.74198601,113925.001260441,58482.4442886442,38433.9050580369,25230.6724762785,59077.7547642863,159680.660687652,113314.073647978,58904.6834768722,38560.1325426122,25340.1677381489,60037.8076480373,156748.096124549,112107.746972017,58642.6056439697,38535.1393529377,25339.2716858736,60396.4947630711,156699.668377693,113282.826785057,59825.0497547921,39437.2232847172,26002.6430355489,62284.0591121901,154051.908848302,111892.93796596,59702.9506649177,39567.5102430339,26189.5222104052,63064.3567275139,152958.048030094,112048.224986575,60215.4763588886,40110.7241243979,26683.0483188337,64694.056440323,151599.68888238,111591.796707162,60489.5792684209,40476.5793059036,27049.5691858926,66142.5543866665,150226.313328261,111271.82516601,60693.2348233424,40795.8648907011,27387.4594096007,67587.2001616663,148820.743423087,110952.676564454,60947.897800092,41120.5501765568,27716.0095182341,69046.6702707357,147166.717341973,110421.623133031,61106.9787920183,41393.2299646226,28006.8510756212,70410.5054635839,145505.581056733,109870.870750184,61258.4730995581,41668.3496132513,28305.2426186092,71803.9459318992,144197.528299958,109419.422723352,61447.0013696998,41975.1833442982,28630.6891961862,73301.8420856414,142734.735219711,108928.558164622,61542.5718955988,42208.334156556,28907.2984274781,74723.2097922639,141015.163492849,108280.933040079,61582.5484651899,42387.1522203092,29137.2625799832,76039.0801572466,139254.988719862,107593.969534619,61630.2707811049,42581.7050549424,29377.4300721135,77376.0043026864,137363.514055511,106763.369084245,61602.3960970301,42735.3427838829,29596.4436496559,78671.6618033504,135889.926822181,106086.258521302,61632.3509210141,42935.208271893,29854.23782708,80112.2553667151,134327.418207463,105422.550529194,61592.3555749572,43072.5675709179,30068.9867940856,81495.2228125849,132530.716232593,104583.718507541,61479.5426676777,43139.9866620255,30223.1535382522,82730.531930862,130666.301668627,103729.561461081,61377.62491587,43221.9808189165,30384.9395499563,83975.0891764916,128645.361725246,102707.302866713,61201.5506924914,43261.9059432721,30521.8509763983,85153.6211945532,126922.539442567,101779.823390758,61057.0553298111,43334.431916195,30689.7735409283,86450.2870967268,125264.459500867,100934.197606115,60889.6794174137,43381.0358681459,30841.9930657741,87761.5190429564,123264.888811012,99876.2431848693,60604.2406363194,43323.2368924614,30910.0262961481,88860.9486963761,121210.650529558,98764.1772851122,60324.6987064972,43273.5571917437,30978.7343411832,89950.973572332,119288.046793107,97644.3307160732,60044.7656412376,43236.9522882952,31062.8009041131,91091.9038473772,118269.656636641,96926.3575844765,59921.5209129672,43317.2230864721,31238.0846106433,92553.8753128098,117465.586906491,96515.1703468233,59807.0031614377,43362.6398315739,31380.5350612795,93993.4651116083,116353.320033152,95902.097547967,59602.9628467911,43288.9758208146,31402.0653942576,95041.8208717668,115227.51361976,95349.8751824428,59482.2535223594,43278.9412268129,31452.5410772057,96055.8006982793,113991.054938592,94694.3670553457,59346.016386701,43275.0523477447,31510.7791693449,96994.942735793,112623.718116987,93908.2691168083,59132.791701487,43232.946521266,31552.8364271338,97843.6139238618,111263.272946265,93125.4918289831,58913.6141648242,43191.6067705157,31604.1878821909,98732.6205659262,109861.577889873,92293.5207717498,58660.4044486924,43125.1669258717,31640.3652297128,99607.7900596338
956,336441.083577597,91262.8076095724,23362.44402887,11304.4188486796,6033.36931317569,66882.0525420263,317201.147076041,85176.4266790061,22117.7756699595,10898.5534101993,5847.47773414059,65172.2110405778,315122.03561976,85485.2209008874,20056.1838223427,9962.18882275591,5546.14402243004,65385.1315458878,314420.584634578,86523.0194833147,20123.4959819878,9613.94826897658,5235.88621789689,65797.5569774915,313711.101058969,87278.2228006372,20425.436801949,9685.63781927845,5186.18664560489,66322.4538816903,312742.558204021,87925.6746882012,20701.7404484206,9810.24062441534,5223.25775818332,66944.9930385557,311665.951914354,88508.9640739755,20962.6824230421,9936.48413919461,5275.53204366211,67608.080423705,310546.627646154,89058.118147999,21214.8880954279,10059.9216115415,5329.17136302341,68272.0831700304,309919.65988595,89616.9552207548,21461.9802377463,10182.5883450363,5383.77162793815,68978.7779110152,309077.924816969,90196.6996541135,21698.8052299456,10297.278004882,5433.97954706091,69652.2218524889,308014.259438783,90727.859004009,21944.7707669742,10416.0558572862,5484.80814763935,70291.1973766935,306695.502429433,91203.9483041669,22185.4168801086,10536.1033657356,5537.27388276395,70892.7589725547,305244.63838971,91628.7588973182,22421.1633809804,10656.0254386751,5590.80862170667,71464.793085721,304269.719734572,92060.2249682682,22652.0833379478,10776.3157196909,5646.30315997753,72076.2856004697,303002.121573452,92501.6654240693,22866.9974450527,10885.7686258037,5696.2159305946,72641.9223061159,301355.632244612,92874.0848260453,23090.4413693045,10998.4318593415,5745.96223932821,73154.0455836202,299490.926535839,93175.2574684115,23308.5906047131,11113.6478255496,5798.25061978294,73631.0981744599,297491.756213423,93424.3808239408,23516.759612631,11226.4696493387,5850.85470998379,74075.7054112009,296057.384559068,93692.0620424626,23721.4687977048,11339.8245188328,5905.33382756387,74573.8324644691,294334.041158885,93971.4958327956,23906.4295522006,11439.5288589979,5952.52022008972,75019.8242787361,292380.727112144,94190.7529902996,24102.134402587,11543.3786271202,5999.78873308956,75425.621277667,290086.966931705,94340.0791464322,24288.0717954824,11647.0909514938,6048.15420096528,75779.2030516818,287613.174474269,94419.0187639661,24468.5946319429,11750.8163983319,6097.77451716316,76093.6026459103,285583.82552764,94504.7450898306,24643.4600106735,11855.3798998513,6149.93894036353,76450.2864089872,283426.779972824,94601.0435823183,24797.675928294,11946.6249225689,6195.55102350079,76772.5138317336,280855.249467122,94630.4072580347,24953.7595396817,12036.294164659,6238.25607149394,77026.1789977728,278066.940341601,94579.1193158442,25108.2023633138,12130.1391837589,6283.84833233018,77238.9020363892,275540.687315783,94501.2534956068,25256.4347840095,12225.0838521063,6332.36049844577,77457.5016215095,274554.965987976,94593.6893705593,25409.0998536103,12323.9698011332,6385.70436620686,77865.915805665,273546.799392106,94797.9901255231,25527.7556939338,12392.8784298531,6421.54759904291,78231.8765648649,272383.480216031,94982.9724717526,25677.040999937,12470.018154259,6455.8193725009,78558.9402338097,270953.525734279,95107.6084197937,25825.9728256137,12554.1786231212,6494.90352581747,78837.6358889481,269268.67480315,95167.6769093474,25968.6999208932,12639.8573976568,6537.42797056092,79072.8363461966,267456.245243984,95177.3320726706,26104.016732594,12725.2708191666,6582.10616545537,79282.6043567318,265527.64909298,95147.6500272221,26228.3536899213,12806.761278557,6626.29092500372,79465.837130533,263502.241036014,95082.2310444309,26344.6561887709,12884.6862951976,6669.20682807406,79624.3416972003
957,326331.48951314,114917.369356273,33782.1237029544,15985.0592415999,7484.94476540515,8273.23929723039,299770.184772915,101946.672358987,30795.097187393,14866.7758902351,7021.30296789891,7791.24210637224,298590.709563706,102228.613125606,27926.2801860794,13757.6234713704,6759.61088157961,7875.70458628542,298418.626753702,104356.396953257,27861.0692245036,13086.8156851469,6267.35647728344,7614.49208454333,297450.304398385,105452.72560705,28440.7519257816,13202.4479277321,6154.725634516,7335.52253213998,296209.724272634,106301.042548352,28968.7609068748,13481.5201326199,6256.77888906725,7278.31074099864,294934.691145158,107051.01652815,29454.9767510623,13768.7397662867,6408.26029930807,7372.9151634478,293613.510570461,107740.88523658,29912.8128833568,14044.8988802,6564.1033226734,7531.96924740432,292777.428720869,108457.47464246,30366.9808070857,14319.4006010799,6720.76715966682,7718.23518803561,291693.470025002,109139.066454084,30785.9714642837,14573.2839358663,6867.29934032235,7903.49829704153,290382.314182043,109768.7028972,31213.190882201,14829.4655264747,7013.47088739245,8089.22048774919,288825.0657226,110318.815832746,31631.8453677256,15087.3744599602,7162.39181413501,8278.0283489989,287149.687437321,110808.347136243,32044.3383227674,15346.207198777,7314.20089924679,8472.59566766542,285973.888078233,111328.885411484,32458.3556890127,15609.5540239296,7470.34993406271,8677.14224571582,284420.518986585,111792.852617076,32827.3703066147,15847.0343351598,7614.14366142602,8872.01513569588,282555.304076289,112185.54229763,33207.1892878811,16088.1937728425,7758.03791284057,9065.44035226761,280451.698134114,112486.653437645,33578.1243011565,16332.8584787646,7906.26469791346,9263.31318832506,278220.878168833,112717.174767542,33936.7335150959,16576.0527734358,8056.90686690739,9467.62782417545,276580.274690854,112999.213749075,34300.6918910687,16825.4554808276,8212.86223094596,9684.49463658355,274598.128335573,113225.846252639,34611.4580535478,17043.2771332091,8353.15179880774,9888.58107101444,272417.057862213,113401.12487127,34936.4196088865,17265.0407754719,8492.86716554451,10090.3512392698,269900.533429902,113467.896715917,35243.100465127,17484.8169757766,8633.8068435903,10292.3825033359,267217.155113678,113454.39863574,35541.6328081411,17705.3556948803,8778.10085885981,10501.2964564535,264976.081104566,113466.183613758,35842.2716410459,17932.2381239156,8928.57919201623,10723.985110076,262589.12581358,113442.82277141,36096.187492061,18131.9197988181,9066.10885450073,10938.3727410099,259811.794313775,113336.016443688,36341.7898175138,18322.6467651492,9196.64366954388,11144.3807544045,256828.490902667,113134.471726402,36586.7441358263,18519.7059346096,9331.75495002152,11354.1113632211,254099.976066701,112909.460406989,36828.9210496894,18722.507179567,9473.8275765267,11576.6044158152,252924.676123583,112949.391858845,37102.198719262,18942.808587599,9627.37348743033,11824.6449384721,251670.662308895,113037.402777903,37285.1985222661,19096.2389449382,9742.04067397848,12033.592778646,250338.025918412,113153.931723655,37509.3502799441,19253.5535130588,9847.62502034793,12220.4612281408,248728.687652391,113175.18143282,37727.0080158006,19415.0520941842,9954.73055561301,12396.1507220362,246885.292333633,113117.72933217,37934.8708073661,19577.8609456164,10065.9255128099,12574.5006151587,244907.708187162,112992.65674496,38130.5538659108,19739.624888603,10179.7608825963,12759.7322590232,242833.093468504,112815.392687163,38309.7033918311,19895.7082825121,10293.0239447922,12949.9482043587,240654.725240266,112589.190330192,38473.3706697635,20044.7184549831,10403.7845216278,13142.0135487418
958,285509.51517526,124430.250829369,40854.7378926124,20710.0550084654,10449.2989181288,18735.9969230283,252311.381149736,110984.917492365,36633.4312518435,18726.8876520964,9486.3906840401,17090.13094459,256298.307000075,114884.515638047,36458.5542778731,18840.2436205967,9747.34329688413,17867.6314082431,254695.233111685,115742.986012109,36694.3218878032,18602.2357525232,9538.12033732444,17898.7329223694,253370.756361321,116571.87274097,37338.5244171581,18882.9212765589,9594.01873320921,17957.3846088846,252140.553803294,117336.429360958,37988.7052472874,19289.6536946013,9804.67366932908,18173.6215095924,250669.580945327,117891.079451255,38558.7253863264,19676.5679729223,10041.6058739981,18490.9228788153,249210.187099091,118412.064485582,39103.0803560282,20052.4668164927,10281.596771194,18867.4001218121,248223.572602022,118995.756686702,39651.9384530711,20430.8303937838,10524.6577275191,19283.0715325626,246968.940889028,119501.629979614,40141.3092948968,20772.3583879028,10747.9997320192,19682.9716231362,245557.803402724,119964.962262757,40641.931962906,21116.5111731049,10970.0880826992,20080.6766953103,243913.199566047,120321.379012221,41123.9970995004,21458.3577687629,11193.1891112563,20475.678654933,242158.848637424,120599.888192682,41592.869199643,21798.8891214689,11419.2341219658,20876.3424878729,240902.835124398,120956.223713264,42076.5966889665,22152.7746680567,11655.8575348437,21306.4949961876,239276.073911962,121204.023240703,42484.2933553657,22460.7651652919,11868.7201848508,21707.9782755544,237407.446063199,121390.489892905,42905.8103760609,22772.2880106745,12080.4829559851,22104.0537647363,235304.362975621,121451.272703472,43308.168608456,23083.7987634968,12295.2581481904,22499.1228046958,233107.612697876,121429.656348588,43690.8356666082,23391.8477503365,12513.0644656433,22902.2793294988,231453.912026763,121505.969165573,44091.574196041,23714.5456476249,12742.5163590628,23340.6149682425,229488.013711067,121481.725461515,44410.1582651741,23985.5334359596,12944.1018491908,23746.1107703621,227388.841692313,121428.339855216,44747.3143480687,24260.7427244508,13143.8940721955,24146.7540168083,224965.123293574,121223.389981505,45050.2678527676,24525.6315489792,13340.0614515649,24534.3557608135,222402.69191503,120928.148126256,45339.1871737643,24790.0462359782,13540.2946214084,24928.9913934214,220263.37732747,120692.728169243,45640.505940801,25068.7373912745,13753.0913873701,25358.4944130792,217979.509130853,120397.860591059,45872.2217063813,25303.9981537882,13943.3837266782,25766.8980624725,215372.729527687,120012.314673516,46088.2440447625,25522.5441906374,14120.4139758769,26153.4295949314,212600.849938592,119518.783597228,46298.2615343141,25745.7741459459,14301.0176237801,26539.1518386554,210018.280182084,118990.577850751,46498.7659064528,25973.2043575678,14489.5532211461,26943.5781394594,208860.132969495,118852.386020873,46779.4623616096,26248.2874297456,14708.997526053,27433.8275638078,207602.327282352,118721.927296708,46929.924576536,26422.6345044677,14865.9382351442,27844.920627479,206335.106786853,118675.323153832,47141.0548500021,26604.0198493151,15009.7661554949,28219.9295102161,204789.806311756,118487.948743431,47333.1297484827,26781.9986687056,15147.8814757105,28553.7986697357,203067.244828143,118228.376126622,47515.05759845,26963.8233043622,15292.6209233972,28883.4352253607,201219.704087589,117881.354294047,47676.1418896348,27141.0881193992,15439.5927226662,29216.6914858234,199295.067677228,117480.49345041,47814.3926152146,27309.8168621366,15585.5705170121,29556.3037628415,197287.539115901,117024.561711294,47930.3783022925,27466.8204556753,15726.6883438483,29896.6960100619
959,360449.827678602,93508.7324368809,21490.871827263,9212.1244078349,4029.87624075247,9860.10249623859,339911.91492999,86000.8284779565,19758.5054225906,8565.24642126311,3772.54610404162,9552.67436391145,343683.251512648,84897.3856316584,17844.6426295075,7962.88449753684,3636.37509567405,9661.09920751802,345202.198034007,86718.9021501395,17241.6844043711,7215.1798026918,3225.40815589005,9536.98145246785,345824.859030987,87833.5424028647,17522.6263536402,7165.26187820912,3072.7681965782,9396.97747505679,346008.563151439,88784.8627740307,17835.2464499002,7280.3876140541,3085.19066560924,9398.04502666073,346077.556378361,89664.4942646603,18140.6061361143,7417.84112262382,3138.41131374283,9488.7272858368,346072.074138128,90511.5241177565,18436.5041266849,7555.63439011738,3198.59850623602,9613.37884558597,346481.415105912,91343.8900974721,18727.8669754024,7692.30229808969,3259.58344031458,9751.34711654801,346607.819032081,92155.2377520014,18998.6212620624,7819.44693465135,3316.67252767034,9885.94222889364,346498.446940216,92949.7660700975,19281.4811815975,7950.5382097787,3374.68407216833,10018.3573691742,346117.032910636,93689.3713214286,19563.3866424719,8084.70214576767,3434.91794130281,10148.6835992655,345562.607807757,94393.4242861266,19844.5884998053,8220.61545196495,3496.92981012788,10278.1198408692,345446.553778862,95075.2453681096,20122.3718544493,8356.9238899016,3559.94308150358,10410.9337338158,344967.058503212,95729.4081168769,20372.8022288471,8480.72261045054,3617.85414841486,10535.8207770996,344143.665238381,96362.4315779931,20639.0082893881,8609.28873626967,3676.71816246295,10656.4425238931,343049.474247804,96923.0211325179,20904.5240660969,8742.28630397318,3738.663245995,10774.9806178964,341752.689844264,97439.8162580825,21164.7835296024,8875.53003805119,3802.11127408259,10892.1495065278,340961.816173099,97929.4462830565,21420.3286079784,9008.40613814235,3866.21298367462,11013.2606252628,339864.654401445,98407.8645646997,21645.8125783297,9126.94481863461,3924.29834563087,11126.2273491869,338529.024854178,98864.9723905526,21887.0990556746,9249.62680056007,3982.74664241772,11234.7493882941,336819.65658897,99249.2677257386,22124.1216338607,9375.019974095,4043.5206873379,11339.242741406,334860.243440654,99578.3932570762,22359.901559174,9502.53991694736,4106.57931278954,11442.1153952865,333258.778904248,99867.3442617757,22589.1591939483,9630.08733297994,4170.93921117246,11548.3837326606,331536.897992444,100143.053494321,22790.2476077146,9744.42415162572,4230.00248234547,11648.9939450788,329398.053812053,100392.527020722,22996.3518879436,9857.8626110656,4287.33500716042,11741.8515623672,326987.410857827,100565.856652532,23207.8162324841,9977.58117359076,4348.13401301711,11831.7727269453,324652.410794397,100702.769680352,23414.8173113592,10099.5907372739,4411.94617500734,11923.5725478576,323781.680303495,100876.292025009,23611.9230459063,10218.4052217266,4475.53766550377,12029.6214208826,323025.80317491,101161.726476165,23755.042234927,10305.2227611823,4523.66188344313,12125.2376686369,322171.313348871,101495.9768789,23932.9692981465,10396.3423755188,4568.42860704481,12211.7097158662,321030.938054616,101772.277799181,24117.1703740082,10496.2258369808,4617.73079601347,12293.8953263159,319600.919255639,101991.272350771,24298.5123164393,10598.8598562031,4670.42979874491,12374.8945688475,317993.472910469,102152.513922936,24474.6703135061,10702.0564585585,4724.92878328746,12455.3820107543,316241.487590164,102267.428820692,24640.7324048045,10802.5570044977,4779.33040518529,12534.1657172016,314356.810721612,102343.628380609,24799.113518142,10900.1712781381,4832.9035607097,12610.2360017393
960,362494.938569192,83463.9536114584,19052.0851673768,9079.49438340712,4958.14684143071,65412.0113184401,343626.959069333,82189.3449803823,18949.6143667737,9100.2053583215,4960.0086747063,65040.5346345282,342942.632659124,82436.9026976647,17824.0958345471,8664.14203698428,4844.900994687,65666.0106537916,342649.474197135,83353.1483161083,17995.4873577235,8483.03802224654,4672.25606391246,66330.8680961609,342317.615241109,84027.0476700218,18242.8549225285,8565.88142791534,4662.54008282035,67056.4483899563,341689.823802149,84651.8535844693,18454.5701212237,8657.85571982467,4692.96361508943,67822.4994725156,340956.128542428,85220.465237045,18657.954073747,8746.95389948425,4726.91175801704,68594.1828497664,340141.058743829,85761.1261319417,18852.2977412587,8832.52661424131,4759.90852412801,69352.377437249,339779.690636847,86288.4538559946,19041.82376778,8916.42712708796,4792.57467219336,70130.083257314,339244.606198954,86844.5749886015,19220.9403016579,8993.85993178955,4821.84625361503,70882.6913975407,338464.046073217,87365.1274281883,19410.7371729925,9074.82467673821,4851.3061865792,71602.5645607963,337431.58386276,87832.6125420075,19596.7696989478,9157.3881313733,4882.09831788261,72287.4508675605,336203.379578031,88254.123765507,19777.2594840005,9239.05317709236,4913.2807025982,72940.2195054261,335436.703794801,88650.1261002237,19950.8062448322,9319.44745041124,4945.08032854092,73612.0766955221,334395.427648589,89073.1997141396,20109.0235160355,9390.80248446996,4972.55917182077,74249.8271887545,332994.829764963,89444.3879393596,20279.3426287056,9465.72602635672,4999.87797318866,74842.3540540549,331334.828866628,89744.8638515379,20443.2716488121,9542.03496345184,5028.63869835323,75396.1634710052,329497.539338076,89996.2525181877,20598.1284173536,9615.73845883305,5057.13127531302,75916.1929326719,328167.708514743,90226.971437018,20745.1337222458,9687.31603201004,5085.65757932974,76460.7264762336,326614.219169379,90492.5334764614,20875.7343008445,9748.74239126448,5109.09696680873,76972.7272957886,324813.360872026,90712.6332040043,21019.4084917157,9813.93479232023,5132.29960378494,77445.659453422,322660.921135628,90867.9053330294,21155.1555119529,9879.56544795853,5156.38188931405,77869.5129795718,320278.57946698,90959.1751412337,21285.4374609803,9944.37810589905,5180.88263419108,78252.0825719159,318270.964096477,91019.0471975023,21405.7655551376,10007.1647520142,5205.8204755902,78648.1300789098,316198.437070525,91103.5881339795,21508.6703937509,10059.8941963886,5226.16073158225,79023.4366567187,313717.653091812,91150.7514040958,21617.8468109909,10112.4495795992,5244.40307160817,79342.1284326674,310984.841928257,91117.1372147819,21725.9550846372,10168.2909981256,5264.43995031843,79615.5247116401,308363.750705156,91045.0922418368,21825.1977743694,10223.212575485,5285.67892971425,79873.7279851514,307272.514598545,91038.9477492382,21916.618189559,10276.386668604,5308.39404837058,80262.0838990567,306342.45499645,91217.6326203709,21986.1184921585,10310.4915444316,5320.93592054336,80658.285879074,305267.592512477,91402.926265779,22093.4843653404,10355.0122848305,5333.55723802607,81023.6474661786,303941.611069368,91538.6131099027,22204.8121695941,10408.568093965,5351.73770173721,81348.2245831613,302323.836425948,91616.345691355,22310.8405843683,10463.6308988891,5373.06568530034,81628.4651697372,300542.732723089,91637.3708207594,22409.6324688587,10517.9691005737,5395.90937051049,81876.2982799612,298640.025029048,91619.4760557249,22497.6327802692,10568.5707064588,5418.21652772721,82096.5548861813,296619.382712233,91568.2459660243,22577.7462842697,10615.3899485652,5439.00448215098,82289.4844504276
961,346059.277586036,114970.118289253,27750.805349737,13034.2568800777,6684.04509059276,64435.0858458047,316069.003580761,104747.179497192,25722.6427274253,12266.7278140601,6331.68023306917,61653.1259636907,316643.982988762,105063.394397025,24060.0629207716,11671.3072783892,6200.053304627,62416.0012984103,316858.497789615,106823.011486005,24017.5842677813,11233.9154874283,5887.33818146985,62953.93707757,316448.328674549,107878.296105876,24425.0878251723,11316.4900767681,5821.02809497854,63471.4318738951,315684.165226968,108757.900654724,24802.3446568612,11487.8880157613,5873.46409661432,64094.9807086158,314825.735446641,109560.883893938,25161.1603337486,11665.4689325646,5950.6164414889,64780.5429629593,313886.102266256,110318.025850214,25507.0773478537,11839.2458834782,6030.39447632799,65473.5989735249,313447.89263897,111106.299215543,25853.7965423108,12014.7417933254,6112.44933477977,66210.5897018208,312757.817568227,111857.884801368,26172.5501054099,12175.075406633,6187.15982730067,66905.8023526814,311829.37968195,112563.929576727,26501.5355360916,12338.6240773389,6261.85892343878,67569.6174666384,310646.90807747,113195.591708608,26825.3032065536,12504.3142744422,6338.59331854508,68198.8927603691,309295.736564021,113767.121981353,27143.7283483264,12670.2705122393,6416.91308704349,68799.5234668978,308429.908929537,114365.126784665,27463.6985624753,12839.8426818982,6498.80902828292,69437.1332957694,307243.399215214,114914.544306161,27749.8383544208,12991.2988888479,6572.21448176665,70022.2864986964,305716.565444045,115399.021625185,28045.2465979213,13145.1215246169,6644.94305166193,70563.8658832384,303939.719166164,115798.601759119,28336.2399619634,13302.3306188579,6720.49146725581,71069.7882671748,301967.539535072,116125.494880322,28616.5180489708,13457.7783967443,6796.98840122377,71541.8253180456,300572.702779679,116492.846666383,28900.8646102517,13617.7788510565,6877.50404652702,72062.2899966306,298880.398398439,116813.291523634,29143.6743432345,13755.2574673016,6947.25716739688,72527.555557386,296981.591982512,117091.310830344,29400.8891957616,13896.3464847297,7016.41560695626,72960.6854735314,294732.389117641,117268.522570688,29645.7569093698,14036.9426658283,7086.37420288936,73342.2200933394,292232.118149151,117361.284446993,29884.433144225,14177.8512471492,7158.07410445956,73682.7765895758,290177.175324648,117466.881361775,30123.8713873958,14323.4379281546,7234.3814246758,74059.5668360389,288012.356362398,117547.948923725,30326.2501489027,14449.209715817,7301.84435719379,74402.1430952234,285430.97630862,117554.057486808,30526.0452838944,14569.5788518962,7364.31011552448,74682.386439924,282640.797448127,117472.271507899,30729.0484921089,14696.4724582673,7430.45395296221,74925.7251855253,279972.316774617,117351.01400383,30923.8679295062,14824.776929636,7500.03805198527,75162.2972224087,278824.356031481,117441.697860702,31136.8924696542,14963.5430656262,7577.51420513026,75559.1330726262,277744.250702415,117612.176853296,31283.8620795112,15058.7823338264,7632.07083581623,75927.5788618584,276563.258069975,117814.957692403,31468.084458736,15159.1014401645,7681.8125274098,76267.5620456138,275121.922573146,117936.007206594,31654.2442123277,15267.7454494812,7735.87858238499,76560.3049444464,273416.251689123,117976.741568594,31832.2570673434,15378.0764353564,7793.88353548687,76811.8179252359,271563.595005564,117952.269743724,32002.0046925821,15488.3901358943,7854.51000075445,77036.3950756902,269591.624517412,117873.157684718,32158.0656721385,15594.3361660137,7914.86760571551,77235.6046375188,267511.363066478,117746.928385259,32302.649686244,15695.3462449457,7973.59246691361,77409.9203889041
962,369781.959690554,93143.2665386858,19612.904142982,8218.44523666779,3503.01901025778,5693.33977239701,351389.401776273,82711.1263009709,18259.3700931505,7863.56418034886,3393.0995506099,5592.41054948429,349003.914380078,80589.3429446396,14660.3249550708,6516.79732672564,3007.40365721287,5499.84282289669,347794.413615182,81535.0794969351,14052.1491388728,5685.38060350844,2479.53733342034,5168.91412574862,346869.922210195,82171.3415906222,14186.666551671,5594.98594213269,2315.55780916347,4926.00272808029,345755.72315733,82701.3863529274,14356.2140701893,5645.49460685827,2304.68985620148,4851.31123879755,344586.522058642,83162.9392165563,14517.9682542383,5712.97393724463,2326.83950433,4862.36154016037,343360.498704861,83594.3965090003,14670.9462772434,5779.56292058071,2353.7016598405,4903.3341693617,342611.062187025,84022.2012206179,14818.6810139563,5844.43727628922,2380.63291445056,4954.43315698847,341717.173710361,84480.9182551545,14961.5123435569,5905.75920305245,2405.93252497559,5006.06380447566,340591.593453307,84897.769261975,15111.4288744777,5970.20131807442,2432.1095771236,5056.97553691255,339182.110002334,85262.0181069403,15256.752895586,6035.00637482242,2459.18534360709,5107.08988629501,337607.565957715,85574.5831101287,15397.9990884625,6099.18774995987,2486.50957710286,5156.47253514146,336534.60574798,85878.0136900222,15530.9512844529,6160.98963325243,2513.29249207107,5207.04280183311,335192.475988727,86212.2944250642,15657.3474719441,6217.77241960387,2537.63482505793,5254.59417834012,333495.881294196,86484.2042952127,15791.5562714371,6278.21197754115,2562.94677291212,5300.01543043592,331515.378352538,86687.8326168276,15919.1940493766,6338.83233131529,2589.31332111514,5344.46776821621,329375.775664754,86838.3547947756,16039.8777911909,6397.59482193759,2615.50880560586,5387.93815398458,327792.757575905,86983.5293637507,16152.4964719082,6453.74935909624,2640.94785118498,5432.68125206702,325993.655251472,87170.3271583244,16257.2811194206,6504.05665427943,2663.51284514749,5474.15794926537,323957.478296004,87302.8376729314,16370.8750676297,6558.1506161299,2686.95937857721,5513.63337545919,321569.849412208,87375.3780989083,16477.9605685819,6612.22689072074,2711.35415834434,5551.66835838182,318962.695875975,87381.6338601141,16579.8953688887,6665.57535064603,2736.07146048684,5588.6619223876,316769.742787661,87369.1635897798,16673.1706159963,6716.58272271468,2760.3972388857,5626.78152600088,314523.878847826,87391.1418786233,16756.2883988303,6761.28634532075,2781.84482614965,5662.39034209832,311851.201546084,87366.2258155033,16845.2269945795,6807.55270185335,2803.13465895341,5694.48577280179,308966.564830171,87262.7670764027,16931.4590173382,6855.98031775124,2826.15920510694,5725.81778144066,306217.453800789,87124.1992832303,17009.7529787021,6902.6457796922,2849.41988728929,5757.50997560862,305030.01296635,87080.489968513,17079.2614041887,6945.5857309193,2871.40771461495,5795.14084499008,304026.874647693,87225.0342007245,17140.9941507462,6977.10129430812,2886.82970833981,5828.48664029649,302883.056890416,87362.2075942897,17230.7419295916,7017.98338782723,2903.81661349098,5858.99734478265,301467.484717089,87453.1583885037,17321.1834123906,7063.76678636647,2924.31312816005,5889.59697557501,299781.309172873,87485.8524769356,17407.4253119974,7109.99939620677,2946.24493022459,5920.37759395853,297938.564132399,87467.5465979295,17486.5821370371,7154.74415367646,2968.32542642868,5950.83809473528,295974.848204454,87412.8256326165,17558.7732974297,7196.95749923366,2989.68341144231,5980.11151817559,293900.87638241,87328.1412690401,17624.9635272714,7236.94349595866,3010.21220820065,6007.8384170945
963,327015.329756538,101694.336295241,27835.975097469,13002.612236092,6187.63263537828,23848.1980917039,296104.451391701,88201.1121707683,24015.0877935107,11390.5623959379,5468.09726006929,21970.839950339,299696.754176044,89867.5276320988,22261.7638567489,10641.4783383995,5253.35127870942,22327.0954823835,301068.547444296,92009.5608579151,22235.4932343742,10141.3665774805,4886.38609582799,22343.2926203658,300955.866518079,93149.0159848938,22699.7154814269,10225.3318269316,4797.67943887123,22331.4665829087,300518.331706808,94111.6714124133,23145.609463988,10437.9779393635,4866.60841894169,22483.0745183377,300045.013854922,95013.553524533,23575.2836671175,10665.2617783825,4974.2957140549,22740.0185186895,299529.036692,95865.4220796379,23988.2147509005,10888.6851478903,5087.45036194211,23034.5679774112,299493.368665565,96754.3685807029,24401.2211262931,11112.9481294598,5202.70526499429,23359.0969468177,299037.595853122,97560.6570734783,24777.6121654377,11317.9626704865,5308.89885684286,23660.6476981166,298408.11659314,98347.2191302186,25167.817038834,11528.7093103228,5416.86489988894,23957.4104467588,297521.869776514,99068.2730287119,25553.4388745834,11741.9537692305,5527.47168082588,24245.2460352641,296549.06918543,99753.3848209443,25939.8024854403,11958.6929741689,5641.49660274642,24531.2108417947,296069.509474632,100474.354079893,26330.2483691766,12180.3575943347,5759.60048065116,24837.0521134748,295068.279150282,101089.215516603,26672.9933682132,12377.3840039922,5866.35583288438,25109.8886011477,293811.998223571,101679.470914638,27033.5471920017,12581.4939875335,5975.22071970934,25374.564336851,292307.280615408,102193.316376277,27390.8245534624,12790.197069461,6088.10822454358,25631.1963230936,290708.696055121,102661.9600909,27744.1664778331,13000.873590393,6204.2734800715,25885.5203994553,289680.565419187,103176.758050289,28102.6023916102,13216.8241863549,6324.80363207065,26164.1071250245,288187.329857297,103586.608108838,28405.9248949682,13403.3879694623,6431.39851154619,26408.0582350706,286517.497887647,103983.999269829,28727.4777910046,13596.0555770554,6539.07603162604,26644.8311218314,284484.593194853,104283.67168495,29039.2285536946,13789.6287044476,6648.7008542157,26865.6394250011,282325.166673644,104532.525179487,29350.9881102992,13987.7358237798,6762.91603922462,27084.2208197063,280604.031224695,104803.922543346,29665.3041061659,14191.1633870127,6882.13989776125,27323.3493353571,278606.836842916,104992.554437112,29929.0181061716,14368.039004254,6989.19783583607,27537.4810271308,276232.487026665,105130.641745757,30193.1919486261,14541.3961557073,7092.68153438127,27731.0937754968,273680.350970951,105201.760842185,30464.7270047096,14723.7973373247,7201.63125127453,27918.8557127955,271406.088948833,105267.389487316,30739.3479914454,14913.6672412364,7317.45603768115,28119.7376365905,270635.002184327,105529.608948546,31030.1118141594,15112.8833377518,7440.17736751845,28386.0694557154,269587.95338297,105726.115868096,31215.8070135916,15246.6841912555,7527.96886527888,28599.6924390419,268552.437001644,106010.586912399,31447.5821934444,15388.6750536391,7611.67542989223,28802.4561331398,267191.824905475,106191.884650182,31675.0699007017,15534.7277285223,7696.98699099784,28981.054710014,265602.769868079,106316.628608239,31898.8499927035,15684.8070520935,7787.30658798898,29152.0706462322,263893.717714913,106388.642506907,32117.2536763206,15836.4609885567,7881.02835726152,29321.0802667537,262039.602073368,106403.537770813,32319.7886217579,15982.9033509504,7974.14748333182,29483.5266032783,260096.662108711,106380.231544549,32513.3389219952,16125.8589933015,8066.50328440212,29641.4212548433
964,247160.950445624,122080.995802334,41659.1908342884,21595.5752529531,11119.3110182724,14648.2108497539,221940.378171751,111668.081958597,37232.1894823585,19326.4345141245,9961.8099377252,13203.9012969395,227160.769194203,116995.57495967,38524.9897810007,20091.0520074237,10489.0816591806,14102.9539922397,223072.280242117,115721.379450881,38136.8685856538,19726.2108391127,10249.7417002692,13983.4417183972,223431.4087754,117641.804153066,39245.3567875343,20262.5071455675,10484.4518668032,14292.124905855,221430.621268122,117660.54706858,39695.5120019589,20615.3241386674,10686.6486689375,14493.7197874089,220448.269683925,118449.853284344,40403.3479608249,21089.0623491333,10988.5036439445,14906.3109367177,218854.45879729,118715.936452075,40917.1728735924,21478.5648208575,11250.8959346448,15311.2049927578,217995.471245516,119291.731036277,41523.1924224074,21909.6352279255,11538.9891376984,15785.6181630667,216754.568800139,119675.675808278,42019.4657928665,22280.0990299985,11793.5579011196,16230.1998997086,215456.433928452,120075.526332286,42552.0854047445,22663.2510915326,12052.1461569022,16684.2863437764,213920.376803909,120330.51802061,43048.4750470683,23036.5784376593,12307.6984789967,17134.6166513355,212298.32426512,120522.648121462,43535.409326421,23409.7076184311,12567.2100780328,17597.1955502001,211094.80346513,120776.671884631,44032.1314463191,23794.5917544858,12836.8878012638,18086.1279574789,209622.241070813,120956.883604669,44457.5386086907,24134.3895500236,13082.7857384696,18554.304308534,207904.486773644,121047.40137639,44888.0139103551,24472.1444920542,13324.1266818894,19016.9852117206,205999.896756411,121022.040793579,45299.806790439,24810.6958874299,13569.0846410027,19484.8852967389,203943.330018363,120888.527084216,45681.9032649443,25140.2068009203,13814.3527596029,19961.8411143492,202418.449606087,120865.381855553,46091.3150939735,25491.2001773076,14075.9337747517,20478.1467611908,200629.409584069,120757.706684752,46410.2317389918,25784.070411008,14305.8034487999,20964.3396261101,198718.852556112,120608.746679573,46747.34621027,26079.1168480033,14531.8363763625,21446.5548377847,196534.020945424,120313.214867277,47046.6543087295,26362.1444074929,14753.0806453264,21919.9608083273,194185.508735188,119910.690654246,47325.3303292986,26640.7194006907,14976.3995031248,22402.5582564606,192215.627487836,119565.012788857,47618.1669684856,26936.0323721762,15214.4893165596,22922.1372946622,190179.999457322,119192.776573651,47844.5612232148,27188.5995560388,15430.3515440422,23427.1744476734,187825.215711232,118709.134107964,48043.6749923328,27415.3279777806,15626.7520752356,23908.1070709636,185329.455733106,118118.956434286,48238.1418178319,27647.5017053299,15826.7115761448,24392.3369163647,182930.506200713,117466.474327746,48410.4941943006,27877.5081442731,16031.5284130186,24892.465522165,181851.137392002,117230.757325488,48680.4228111145,28167.544536454,16275.995838968,25478.5277839672,180735.293403064,117054.715421136,48821.2246498231,28352.5113161099,16453.3770075889,25981.168948892,179561.552299272,116922.82297352,49013.8042707203,28535.1722283686,16609.4071234902,26431.9771603193,178182.205475581,116677.467203612,49195.5914333898,28719.3248227692,16761.1544126421,26842.1536782462,176610.56347361,116338.196127402,49358.7690715067,28902.7562014142,16917.0362919723,27243.9734573389,174955.536405265,115921.940246696,49504.3268717871,29084.2662222224,17077.1870442171,27655.2939373354,173224.361794951,115447.942612447,49622.0919368628,29254.1137018823,17234.9404013927,28074.8406608024,171419.339277403,114917.547340227,49715.7900973223,29410.6136030964,17386.7461721332,28497.8575381743
965,330483.835779926,114087.72489445,31573.9755425259,14544.2819971561,6700.16395437597,12924.350466083,318582.929069826,107733.142938382,29422.1601836319,13624.1970406957,6289.74192156514,12512.1371627418,319612.562707763,107085.476644683,26853.8628098594,12738.8761223006,6071.67947798396,12527.0572584671,318876.930861195,108888.975933463,26439.6808306981,11915.9298675414,5563.67965489901,12306.1665389067,318481.906145859,110152.389783274,26998.5679395126,11995.0506036231,5430.50888769409,12101.1215635583,317870.108162084,111200.039190347,27541.402595854,12258.6050019819,5514.42788538568,12097.8541092779,317106.64417143,112125.296854231,28048.5706505721,12537.3869529058,5650.37634741442,12231.0338780928,316225.263415389,112987.931874701,28531.4056589009,12810.1176163842,5793.68631358388,12420.7804457996,315758.459592846,113832.473913354,29006.9239493253,13080.288900185,5937.96023156089,12635.7047018949,315158.072343378,114688.651747131,29454.219216809,13335.5750047231,6075.79146865154,12850.8489372398,314294.716368965,115497.894429006,29910.494080378,13592.0929424728,6212.70483027265,13061.8181752867,313164.908157419,116226.104707945,30363.2103927292,13852.7354807148,6353.23293585538,13272.1010329874,311801.675215834,116883.139678561,30808.2353485004,14114.1705069909,6496.58986773482,13483.0694897318,310876.249244726,117515.576834403,31250.7889391539,14378.4599515709,6643.47669374305,13704.1960475664,309746.267067955,118157.182907774,31656.8287366302,14624.0254420471,6782.53445988677,13918.8257132258,308221.44743032,118727.990662374,32073.0936322438,14870.1700738788,6919.81129569636,14124.5153965688,306433.801904296,119194.119494547,32486.6067286253,15123.2108849706,7062.59091605644,14330.6820423123,304390.208342817,119581.801683754,32884.7690003954,15374.3948910797,7207.81499911821,14537.827222959,302855.184565736,119952.701638279,33282.6192550918,15628.9865777471,7356.87550669701,14757.8220271976,301151.277486609,120341.073107453,33638.0283305375,15861.0410480449,7496.05981138208,14969.9512662777,299205.771996554,120665.169993224,34003.7105688463,16092.360567609,7632.17043669874,15173.1707922459,296888.864716424,120890.325883006,34357.9262936158,16325.3709240634,7770.96964163154,15372.5605795793,294277.366395195,121013.622179596,34703.0824320007,16559.0648467831,7912.92417221608,15571.864330341,292059.459754169,121107.815605636,35045.1311137992,16797.4314657715,8060.38625901605,15785.2800556305,289840.09557573,121220.060266376,35347.6089388209,17015.0052476203,8199.26135790623,15995.1205241849,287193.838150466,121259.649425741,35642.543492322,17222.1616991668,8330.37474276666,16189.8413001918,284262.900605171,121183.291166032,35938.8172859983,17436.267338103,8465.86815340159,16382.3335002557,281338.679169965,121037.28353979,36222.3739408105,17652.0434114825,8606.27667151824,16580.8385440721,279955.154840914,121042.211914724,36520.8266238012,17878.6610430282,8755.11588536583,16815.8371934419,278860.581559559,121247.524583453,36745.1504055698,18052.9196696166,8875.57372131235,17031.5360091899,277600.798935052,121449.97889471,36995.1590754475,18216.8196278791,8979.28984214778,17215.7451121704,276102.265242839,121584.336897999,37253.0859564968,18392.0039531599,9087.36684031055,17389.2748965655,274299.201029045,121625.586116073,37498.4547152734,18567.5203825356,9198.93661343332,17558.6364716617,272330.659539979,121590.061592294,37735.8434768673,18744.4953870329,9314.39401415285,17732.2983951882,270246.448112767,121495.557761868,37956.3938108156,18916.8568067002,9430.17597382114,17908.3752996726,268041.3439769,121350.352526821,38162.2250891678,19083.0042923519,9544.17429574744,18084.2807328639
966,142793.813427194,116239.727301438,71797.249308752,51012.6314086163,35942.7987804116,86583.9603672815,120111.1834158,100162.148621977,61559.5526557631,43846.4049806055,31008.8100113274,75459.4861328918,113863.585766328,95554.3347169819,58673.8804309955,42337.6731503788,30211.2960045371,74321.9169460225,121115.133350568,103249.128345451,63768.1196205023,45966.6543690489,33075.2514012788,83360.1574036709,114630.451435963,96806.3404913154,60376.1120618727,43692.5680420221,31505.3708317835,81135.1280484239,113324.596947603,97150.7955180507,60422.5106027483,43836.352727458,31719.2456745785,83131.3599529687,114421.782162129,98688.5934872084,62184.3044468419,45171.6763898263,32732.3803546828,87063.8894174644,111284.765613935,96019.8145021771,60948.3514543781,44542.9086247112,32396.7912186101,87261.0834590561,110367.99260522,95914.0364763945,61084.9079811716,44817.752572492,32748.2659208438,89404.7291709466,110083.812263396,96092.2735130691,61650.4665038582,45368.8452641882,33264.6979797441,92078.4906114062,108239.494264529,94788.9168917185,61154.7683598938,45183.2296872794,33247.1872531923,93260.895385244,106981.061148801,94258.2478537048,61114.9498085205,45302.1512302745,33453.3631443054,95082.4764526315,105927.443490317,93770.1216403118,61222.3666042973,45532.4156150337,33732.8171974422,97123.1616469923,104613.536146392,92872.7036011852,60992.7638516206,45541.1142506644,33860.6864369143,98746.668808493,103490.900516503,92303.7057184401,60886.432482066,45617.4514904129,34041.341351582,100579.97847328,102239.486636814,91612.4914051082,60768.8190387214,45663.4358883756,34183.6089810145,102321.059456355,100751.701044826,90688.1385183135,60506.8674048949,45618.0034604956,34256.6940347685,103840.968618899,99284.5481693583,89780.1413699591,60255.1188564889,45586.0537044018,34346.6082065762,105426.11182282,98109.4878048528,88984.7165086799,60061.6942862691,45603.1498252439,34478.2925440567,107183.625142598,96920.8721545851,88243.015070818,59822.4540627416,45573.852480898,34575.8863844597,108893.690099622,95535.4541854714,87338.6581136076,59495.8458756822,45454.2630078133,34591.8000385816,110368.23473522,94072.7624425602,86393.4955093731,59161.7008687529,45333.2030544292,34600.4771339166,111800.940569077,92548.1377906866,85363.5015828659,58794.9615981047,45196.4855558205,34600.5205550338,113199.256267807,91185.2551147405,84357.3239389181,58422.2611802647,45066.2854044029,34613.2723938031,114666.579493047,89926.7304938639,83487.7497571484,58070.4440114943,44941.9617465473,34633.5265990636,116217.150242423,88458.7232224299,82470.0747575711,57628.9130033323,44725.5017723636,34571.5043155381,117523.120762212,86854.6752823335,81312.8754958081,57121.561291178,44460.8872536075,34465.2052206231,118663.259985862,85382.4554262016,80203.7450640119,56649.1776750059,44234.3191724573,34392.641402424,119916.300126903,84533.8836168265,79420.5400522834,56332.8822424296,44132.4106703413,34422.779994638,121568.796360837,83972.8076928599,79013.6596068098,56118.4259857395,44073.4966569146,34479.3821868972,123372.813074898,83178.4709147522,78440.9340973622,55816.9845074204,43890.6223619387,34404.3534790322,124661.531609302,82247.9275344341,77788.9173519592,55504.6792624812,43700.3267112317,34302.5922689539,125690.584528251,81331.8482306533,77166.4428607626,55260.1404020309,43580.0492365786,34257.5410858871,126777.573739302,80352.6323298787,76449.4762507344,54966.0770115344,43441.375776275,34210.0517477108,127779.882912812,79298.2376476475,75649.6840367739,54596.0497168443,43251.5819646305,34134.0550357653,128673.388193934,78242.1495641439,74852.8241494541,54219.0740821302,43053.3364013649,34055.3244776429,129591.85596161
967,197782.352310974,128727.013411331,66092.3912294445,42486.8543768661,27135.8109014453,53090.1915870081,172882.401505851,114577.300447937,57241.6021866405,36764.3331534354,23543.0569478449,46602.7190993369,175916.740617415,119500.431959568,59043.0656282143,38008.6163861857,24426.7774557682,48641.0302076764,173381.080381867,118511.780126905,59311.0172331035,37978.2392279845,24411.1740069392,49217.8676155166,170896.923483045,117875.762452245,59381.1777374919,38168.2813742554,24532.2540109833,49739.0402745112,170393.26963445,118732.752818559,60436.1787220504,38975.0965762675,25119.0950867291,51190.8555352644,167770.149532572,117578.375162028,60454.467786658,39206.3902108944,25372.7177431882,52014.588135944,166584.191651744,117750.174222497,61016.2734079392,39773.4289442664,25873.2842135287,53479.6477560632,165057.16537656,117281.03395246,61303.8234410998,40151.2683419659,26243.6764360815,54784.7383428912,163671.65662423,117077.839108765,61597.9304934443,40528.0541337735,26615.0032559192,56155.6834172835,162094.341129979,116732.24565488,61871.4919252043,40866.5513997448,26948.4183709204,57478.3272191666,160360.374911841,116267.934596434,62094.2580330861,41183.899811672,27266.6406527745,58769.79891709,158575.858510445,115741.534689392,62293.7039975267,41492.2426744414,27584.262758073,60075.2491346441,157168.490662625,115315.247277889,62526.3749490657,41830.1093291656,27927.0936075141,61467.5941504275,155606.871750122,114857.675968465,62671.0232723631,42098.8550670781,28225.2320514431,62802.6014114806,153752.829897546,114227.574292848,62755.8981232653,42311.6749755974,28476.6742844583,64046.8039207502,151843.263910656,113550.988056456,62847.7167987089,42540.2135141245,28738.5539739114,65312.2464707035,149812.527049514,112729.883769579,62867.7359387823,42732.2659420756,28983.3143545436,66555.691522935,148228.724078452,112070.815433016,62944.0396484216,42968.8043521011,29265.3347695323,67925.0008847372,146543.892413222,111409.683158584,62941.6839636851,43137.5835497657,29501.3697918824,69236.8619247796,144614.139276257,110585.574799399,62874.4465323308,43242.8816885196,29682.4497005929,70433.1936859622,142592.585871842,109725.443590369,62812.2304388006,43358.8207128583,29868.2812064178,71632.0377224927,140409.219202787,108692.463132954,62675.8447466608,43434.8828603127,30032.0033890294,72783.4315774917,138565.018350555,107773.563038578,62578.6715434589,43548.4675257994,30229.9701176021,74050.1191502792,136748.069403337,106904.151945171,62438.6622180591,43622.1757440279,30402.7444048823,75306.6049815635,134595.954788773,105837.271424983,62193.0246656375,43602.4849076666,30500.6533698394,76400.5725228782,132375.554593269,104712.425132277,61953.0660898719,43590.8131697099,30599.5431792561,77490.2179226348,130291.149331109,103562.956921378,61705.0359009945,43587.4205412739,30710.4513000965,78619.1408968872,129201.972901001,102852.571955029,61622.7696405285,43705.3000267593,30914.4055640705,80033.4348213567,128317.360012288,102426.926638075,61527.7337984418,43772.2393403903,31074.2755632981,81391.2077855687,127114.886960803,101813.1763142,61350.9146063797,43726.6262738158,31119.671440277,82414.1220789534,125908.968038309,101264.903338052,61264.0338958296,43747.8733901327,31195.5563650011,83408.3383200355,124552.797577313,100582.863418023,61143.0814124003,43763.0373210196,31270.8884499063,84316.5167582152,123081.547911365,99789.054430257,60958.0696775788,43749.5118166608,31337.1828937169,85170.3106567831,121608.165431356,98990.2870586216,60764.278478648,43734.393031878,31410.6105111403,86058.9819286736,120083.941275722,98130.2328960553,60529.5786822357,43690.4379474328,31466.5021774846,86931.3465293193
968,356463.779974748,98482.1429071567,23719.4481312253,10282.553307158,4454.1550872881,4646.22218481547,339534.700026177,91700.4851535354,22198.0468635986,9734.84333870619,4240.52832952921,4475.46682864132,340495.10542265,90774.2411030931,19921.7678217357,8964.57419658708,4053.1801929097,4477.09536596948,340679.766874603,92406.342898302,19499.41266133,8263.86042928852,3628.08955513511,4239.75330882968,340494.508076943,93431.5212446774,19831.2268655193,8262.22091772902,3499.00426882111,4014.63654654164,340003.153125572,94303.223614398,20169.1166910668,8403.33855338336,3529.64326432409,3945.23186611828,339412.268929994,95097.5674707833,20492.7225761304,8559.90459744539,3596.55957831386,3968.77362777578,338723.068844251,95850.6451985596,20803.1252513648,8714.26161271452,3668.73808128009,4027.72964640161,338492.596508407,96594.5875239739,21109.8156122571,8867.61073125023,3741.59711970283,4099.0782586718,338060.702832847,97336.2011704393,21395.3812901551,9010.60942933477,3810.12064734685,4170.28505998392,337368.74127402,98048.8132171063,21692.7339571924,9157.23234974152,3879.30706159803,4241.62820690728,336409.117873296,98698.3461754062,21987.5736123444,9306.88786576177,3950.98776575948,4314.54571164365,335259.492786819,99301.6739885247,22279.0737406365,9457.44971287958,4024.37087873549,4389.59363917017,334553.088222655,99880.4759183435,22564.9511211528,9607.64574068599,4098.56390977497,4467.08162566444,333575.404604797,100458.618818426,22826.6198243692,9745.5184444348,4167.54467937007,4540.88258588452,332224.284505628,100990.605381832,23100.5522985213,9887.16542424882,4237.03965402342,4613.46345683637,330597.505887426,101443.414820878,23371.7734859506,10032.7335589101,4309.73136093766,4687.95593559691,328768.60817926,101841.998234628,23635.3259839001,10177.7974718495,4383.88061165183,4764.73087007715,327449.162963536,102219.243387075,23892.8672051735,10322.0878208061,4458.66096447756,4844.25499487246,325913.116052793,102606.448167172,24122.9036026656,10451.8611316115,4527.08465410595,4919.27487272346,324107.217830618,102952.099667272,24365.4340831633,10584.7156244686,4595.33917754054,4992.40256822753,321953.610757987,103220.239931684,24602.3662099644,10719.9102156575,4666.01138002147,5066.47440154049,319529.664819841,103419.209078754,24834.1084473444,10855.9227368436,4738.70664688391,5143.05730516635,317496.654068208,103584.881713539,25059.4219962463,10992.1416440691,4812.96436235748,5223.34259369728,315389.695139088,103755.357845964,25256.796535087,11114.1838305908,4881.31910634522,5300.25662870679,312873.239307812,103883.201985065,25457.7885107851,11234.5400321889,4947.37069498512,5373.64252094747,310077.41696483,103923.027405019,25660.4188225618,11360.2380087906,5016.79818063465,5448.53653247676,307392.705435385,103923.114867432,25857.2970504936,11487.811655992,5089.35192523645,5527.85385481626,306233.566141227,104005.825647654,26048.1290980178,11613.6461698522,5162.2995805859,5612.8415498816,305240.057598317,104240.907682638,26191.3559739519,11706.7999921679,5218.26463238957,5684.72768196914,304126.518732366,104497.274083679,26370.0629660232,11804.9937192929,5270.45363183973,5747.61767879685,302731.805128191,104690.502423242,26551.5157674548,11911.1170730896,5327.12283833118,5809.94769160816,301054.868174983,104817.155296901,26728.0220763901,12019.0829565583,5386.94984523191,5875.62419809456,299206.86238007,104881.813547186,26896.8869883596,12126.6908743143,5448.3241706206,5944.55588649826,297230.78950695,104899.85622227,27054.5157502792,12230.9099225058,5509.32369813376,6014.95667197021,295123.569040107,104876.560921325,27202.7554753065,12331.3653558699,5569.10211144904,6085.30776108065
969,269660.738901628,136613.746372462,55471.9940163128,31279.1873762286,17716.3933685441,63903.1060088331,240616.252665336,120015.853595017,48276.781622389,27409.6543078172,15608.8449035911,58383.1508787297,245213.183144809,123126.502279491,47184.5467359252,27271.7013478733,15809.581594486,59334.1454414119,239852.227761162,122775.195241471,46441.8895799768,26192.7188577521,15172.9015033557,59001.6151474147,239924.267322761,124578.534972483,47544.9818592053,26620.6879838599,15200.5671877063,59441.6246359905,237453.616566428,124634.766465693,48202.6199397964,27046.9824566072,15397.8155598331,59768.1252933968,236052.383538122,125179.947767298,48897.7456029078,27588.5835673654,15748.9608980666,60466.4258514451,234076.969420521,125332.771693699,49452.040484256,28034.8775387836,16071.7901375352,61232.4806930799,232820.27056936,125691.617658207,50037.0985349067,28504.2373865898,16410.4806276694,62138.9797141088,231270.211371594,125929.632529128,50534.0138337943,28910.2457731802,16712.4387193764,63013.8805868285,229628.123957847,126150.418006898,51036.0318779229,29311.9664822939,17005.875123431,63861.7378640737,227746.922304065,126242.545204407,51513.4782731933,29705.2551166756,17295.2870986955,64684.0530973727,225725.58842679,126247.337503594,51965.6191869197,30092.4572892353,17585.4212460537,65484.6946501319,224170.877585579,126313.144744499,52441.6966981913,30500.5143817081,17893.0707745404,66367.1949533146,222384.046730351,126314.394777545,52829.3525842344,30854.2240413414,18171.6674722906,67193.8630495548,220319.59184956,126224.989487935,53209.2933943237,31191.6655609346,18435.3766167127,67963.5367634971,218054.353727559,126011.817959147,53572.879245705,31530.4566891637,18701.2742613961,68711.6075878203,215657.370154489,125694.811511486,53900.8460528087,31858.952376076,18967.5905747238,69442.4213359971,213759.30106966,125462.14731176,54253.9825487588,32208.6855143731,19252.3736784671,70266.4522887876,211694.731688092,125185.886029604,54520.8947496905,32501.6723680747,19505.3029371501,71038.4392258304,209447.750429787,124840.401752074,54780.0377161904,32776.1931170417,19740.4847556001,71754.0072189036,206944.614604984,124370.263314115,55012.3455353852,33042.5595772705,19970.6398654702,72429.2080826195,204246.498515781,123769.114812877,55207.5960554121,33296.237494433,20198.1057058057,73067.6763837328,201939.926711807,123223.690059692,55425.0365074628,33572.8138839566,20446.1474829833,73793.7909038744,199620.154236659,122668.719095781,55573.4603336353,33805.3088327458,20671.2484706128,74499.0303285877,196958.194220859,121998.136160358,55674.1353779348,33993.5327759516,20863.5644326025,75108.1909936725,194134.574696484,121218.753105341,55771.0964648905,34184.5386454537,21055.4378644784,75688.7224092557,191420.017325887,120389.004162823,55852.1192901098,34379.6451526804,21256.3545299448,76286.9860337139,190004.092726721,119928.923703634,56041.0290479973,34646.4438913692,21508.6954753529,77138.2003449723,188793.761065056,119656.986002062,56139.1958917541,34830.9870227462,21706.9042941661,77951.9509105857,187390.427456657,119357.399956535,56234.4340136049,34967.0344578423,21850.3208522525,78598.2958027853,185874.295307165,119035.062994793,56370.873445866,35131.8410019263,22000.3683692151,79203.3830508935,184095.180896824,118551.804818427,56459.0766981782,35281.2678085463,22144.9539649016,79715.160005659,182241.10295819,118017.613065392,56537.9520139005,35435.2646421316,22300.0820720317,80232.20247619,180299.392141828,117403.408118019,56579.2580785127,35572.6152737337,22450.7190439621,80734.0703352842,178293.681719788,116742.126361133,56592.8339890238,35693.8463004687,22594.5167063885,81228.2419462145
970,126322.81001038,103907.546542667,69053.821356901,51499.4217534464,38176.0357026929,109972.152945003,119282.713598076,101406.998896325,64859.1437430398,48383.315054194,35960.028786151,104696.879811946,103023.893819169,87602.9247358147,56181.4111957799,41752.3610941084,30967.9960142203,90592.2605963202,111600.453345218,97980.7659622817,63151.3645343237,46830.5888436464,34762.6533836441,102350.666833632,111051.567381015,96445.4481650713,63671.4753003702,47460.1487744372,35248.7993929126,104492.61205075,104089.139000646,90652.5245939871,59604.9362206502,44813.1802216647,33502.4965535075,100167.611817726,105858.619103938,93639.7737930778,61879.3865082394,46535.2026287975,34921.830192972,105707.853051498,105729.956590498,93486.8294964556,62630.1260907882,47294.1730134802,35577.8610483128,108978.912146427,102347.518991381,90567.3044223336,60832.7898786053,46216.6558008563,34941.3491264632,108364.509001199,101999.617713935,91012.073049554,61305.7687663746,46683.9062437177,35436.8496975372,111455.051032771,101705.315118584,91056.1187415707,61831.3561238038,47209.188771039,35929.9107603437,114559.422306541,99619.7796609461,89424.4656420119,61022.9009995609,46782.4991790535,35726.1404556511,115405.306265237,98256.4843165763,88714.7364335548,60804.6742289817,46756.8788251869,35829.1945509404,117281.897912177,97654.2333707765,88454.3171591819,61018.0347995416,47065.9092229128,36175.4229743142,119987.964219062,96428.0777215934,87594.6071733402,60699.8185690282,46988.9849149249,36237.4071837001,121788.615235022,94944.1113913361,86632.6744065614,60283.9739681923,46799.920713265,36206.1421846326,123311.996037126,93741.6500691917,85930.8902026652,60122.8630124276,46804.319515597,36311.3768270152,125292.416999104,92402.2898738451,85028.6636804062,59838.0114664347,46735.2220046336,36365.915282063,127097.091315589,91109.4497654239,84043.6258816916,59442.4931457561,46587.0068719804,36369.240570308,128766.115469911,90017.8674715927,83340.844661867,59169.8938373977,46515.0026994089,36430.9170799388,130711.231799272,88796.490784263,82508.9018534011,58845.8481229264,46379.7142282729,36427.7141630141,132449.776300023,87349.7763907216,81486.1753597264,58392.071409709,46150.109585615,36345.3019904141,133875.084840477,85869.6297381965,80430.9261545441,57934.2519802485,45921.8669967054,36266.4566855118,135300.494623052,84603.8145236762,79457.2239922163,57528.1924176877,45744.913297745,36233.9137159031,136920.540811441,83431.6506665145,78589.1870175385,57124.8576454976,45564.6160132423,36203.0631054722,138606.442604807,82044.8802206321,77579.8263328212,56620.220907388,45279.1502658581,36078.4615853801,139972.166132376,80517.8271760579,76422.9539872093,56045.5759068311,44937.1916522005,35899.5571581269,141108.453884931,79103.8509266202,75313.8967579787,55507.5833680129,44636.5169508436,35757.0092632121,142373.60160039,78275.6905079113,74505.8987415107,55127.8771762782,44466.5354111643,35725.0740910181,144116.515254308,77779.4409909967,74122.3086480389,54892.3854131642,44379.4372003289,35754.1795393659,146170.504209964,77070.2876285678,73588.8011647988,54577.9915891714,44169.5958473029,35649.4476278596,147636.249714559,76158.9446876801,72902.9376156912,54195.4788261088,43905.4504302374,35478.0285657581,148636.990270887,75270.5723654787,72265.9998607229,53893.308175816,43722.2746049935,35372.8705571009,149728.335447446,74389.5663713641,71602.7346880312,53597.7081981623,43565.4465983228,35300.6927341691,150854.581289568,73413.3493565367,70831.5043571566,53205.7446022734,43342.4269884874,35188.1553716504,151792.021577899,72390.2731459788,70017.1047208248,52768.2480866481,43079.5771729157,35048.6078127227,152647.142974505
971,266686.928798031,111624.154987778,35974.2738041953,18116.545891575,9117.42757620744,20331.4712273848,232976.16371062,96401.0638062978,31440.3326758181,16021.3643790325,8104.93565204682,18185.5384091428,242390.277294241,103286.546674425,32051.9167106326,16473.3479810714,8531.3896729916,19485.5585480472,238210.153855277,102461.579509464,31876.2252109205,16044.7972024349,8208.66728205389,19238.6876015302,238500.580598457,104173.070645485,32699.9883862116,16419.5021011631,8322.07662893117,19450.0950874513,237084.964302101,104689.854858612,33263.2009036976,16770.8494690949,8499.62411817031,19637.6581158363,236098.531306039,105446.890159482,33848.8831309561,17155.7430301046,8730.94429712249,19983.4663541713,234906.467176149,106023.922425693,34380.1791843486,17513.1845386242,8954.59018360638,20359.5332728167,234241.862333812,106719.940641938,34929.7313713428,17880.9191466936,9185.77734479501,20784.7954930313,233203.026192696,107278.915537436,35409.3659855407,18207.1512726704,9394.84270598202,21181.5590208135,232098.987797558,107848.218316933,35914.082100902,18544.329589084,9607.66509769206,21584.5450437157,230714.171588852,108292.409009119,36394.3763865028,18875.4179378135,9819.41853887031,21977.6372310379,229274.560128924,108689.992993744,36872.2376786161,19210.6155625743,10036.716276013,22379.4711277186,228298.515987027,109157.93453823,37363.351565372,19558.1512700683,10263.9229914536,22812.9039087403,226879.314684003,109480.890044895,37772.0432671856,19857.2392769563,10466.1299384259,23207.5824471075,225310.520261874,109794.287044405,38210.0958302506,20168.9147390579,10672.5668837383,23605.0968709725,223480.730002957,109972.287122094,38623.8100675908,20477.3129964283,10880.2080175343,23995.600763931,221584.897340201,110089.536674752,39026.418810754,20785.9702240649,11092.440905554,24394.8926741813,220231.664577409,110308.59907435,39449.8130773549,21111.0165755875,11317.0976377954,24835.0139549556,218470.646481085,110374.854318565,39777.7425656497,21377.9061198744,11510.6144769915,25228.6362032085,216651.292959771,110467.173212861,40142.2516786967,21659.4870548666,11708.4846957614,25627.9260490318,214473.029603437,110384.614496956,40465.5649470757,21926.9408778666,11900.697679624,26005.7917624815,212220.981973511,110254.28270389,40788.0905525048,22200.7063041057,12100.5875817855,26396.0355145775,210352.142612397,110168.607744138,41118.6927554813,22485.8720043404,12311.1105931851,26820.5399370946,208297.519795499,109999.339751002,41376.12190048,22726.3673988082,12498.4587614929,27217.5166154608,205945.730719536,109762.743177453,41625.6360785791,22955.4048080328,12675.9893354897,27594.6987244362,203443.246808522,109428.809356548,41872.7719930794,23190.8526134253,12858.1161412027,27971.0272010991,201154.49266007,109067.654094894,42112.9074196463,23431.5772407251,13048.5904862322,28367.6399607261,200248.776214369,109085.47229431,42430.4968292334,23718.1240183454,13268.7698940274,28862.8644320182,199058.54341906,108983.068238079,42582.9810247949,23886.4141484368,13417.0155174187,29252.610755698,197986.843844393,109056.450160885,42825.5684099572,24081.020694126,13564.7227489199,29632.4105686116,196535.448385961,108918.469451513,43023.4338868176,24257.1271797151,13698.4743821563,29952.6609659285,195003.468873409,108780.469707525,43235.889137046,24450.5813368782,13846.3755268672,30282.8867821946,193309.132568535,108525.115340076,43416.9241369292,24633.0151354936,13992.4467717477,30606.6378003718,191566.232264429,108245.92038232,43585.7382795825,24812.5788775015,14140.5567889196,30940.6507924323,189714.146831999,107895.167615263,43728.9466730561,24978.5747335302,14282.5654700257,31269.9673869626
972,254737.222131631,124460.626828457,45993.7129127522,24752.662817677,13253.3214613085,20162.1342228918,226048.562194534,118512.233569282,44658.0095459111,24167.3279536615,12992.4903345303,19619.6612499846,226675.385836771,119391.184324241,45751.9584919345,25298.784062199,13853.5485554547,21057.9685280923,225382.975222003,119781.314591883,45973.0893581257,25456.7260964861,14081.5798182393,21875.6978559169,223732.172012549,120177.714143545,46556.1965593386,25817.226990253,14303.9193911778,22504.4983375543,222379.225324836,120652.882038128,47184.2943135879,26286.7986115194,14609.3696549157,23103.3030567151,220623.456967711,120861.172181872,47739.5711100841,26724.4676698339,14920.9933446757,23709.0718932567,218999.034774842,121102.897185998,48284.1369675295,27169.3530995429,15244.7939542727,24351.3366148304,217716.614836856,121359.683805284,48828.7726302908,27611.3691451956,15570.5931503673,25024.3500921712,216336.698272073,121601.290433218,49313.0622931757,28015.73097959,15875.0679220396,25682.4968861127,214770.298760312,121776.583830849,49792.7145238184,28407.5167856189,16167.9209607732,26326.7456430132,213017.690351632,121847.376694568,50253.0802855379,28796.3282128864,16460.0447265432,26967.9089281145,211126.504858417,121822.869199573,50686.3935881207,29177.3064414855,16752.458446562,27615.3212579554,209686.857100938,121866.678991967,51141.5356272451,29577.5159021881,17060.767279678,28305.0551875455,208019.053050556,121851.823717095,51512.3855961729,29924.3232077077,17340.1382351163,28968.3125015376,206082.548341231,121741.994938963,51876.4157400069,30256.3219713354,17605.5601571976,29612.1008999353,203973.415204158,121515.974873216,52224.1581035974,30590.3562221954,17874.0971757483,30259.0767564189,201717.162783466,121181.166700897,52531.944305062,30910.7378320638,18141.1239167479,30912.6978993888,199956.373301564,120937.706668386,52868.4195801065,31253.8489322068,18426.7074731895,31619.3130220611,198037.539789218,120657.495327209,53120.2464074852,31540.4680305786,18680.4045074881,32296.840659098,195934.7141184,120306.530498478,53365.1827460053,31809.3601653556,18916.7668896869,32949.8802731165,193587.065936472,119830.852754645,53583.0534998268,32070.1810118361,19148.3712314361,33590.3611622492,191064.715792227,119228.90426774,53764.6816994565,32319.1367536658,19378.1387632618,34231.8635163486,188910.520701618,118681.749953322,53964.704437786,32588.0095113005,19626.2722596716,34925.0875305572,186749.61674105,118133.645916106,54101.0391288344,32814.5919766296,19851.8994081321,35606.6541693134,184261.724844475,117471.889904753,54191.5265587384,32998.811388527,20045.9693861366,36242.9851684928,181618.505520469,116699.842215178,54276.5099215008,33185.0032464445,20239.4155183881,36873.8844750906,179081.10382178,115879.081716219,54344.1641968061,33374.2132951943,20441.2637097508,37527.0272630044,177768.221315983,115420.565672879,54516.2300307641,33631.509745935,20691.0950171793,38298.9781933937,176634.806600132,115151.883554705,54603.8499657283,33808.8286665339,20887.0729057478,39008.7624379116,175329.758290202,114857.746993049,54696.0592086695,33944.492388896,21032.858915035,39608.3784518406,173902.837034011,114531.56946016,54821.0126501241,34104.5360682766,21183.3659718918,40166.7741686027,172241.424193972,114055.448139876,54902.8832318402,34251.5772043582,21329.9998671464,40685.1292119675,170513.702845038,113528.788608529,54971.9992387864,34401.0967072165,21485.5552235901,41217.2242911722,168705.273383072,112928.73635096,55005.0043520998,34533.5144623095,21635.8476422014,41753.1365906288,166824.269026902,112278.36367939,55009.5286759258,34648.9910041602,21778.208979206,42292.0986089662
973,245004.708435554,97472.0514207972,30252.3773400497,14887.4181823151,7293.61709601765,12893.173394089,218965.701803312,85976.08406058,27212.7282272412,13611.5835418737,6716.01885728254,11862.8695053076,226253.466652546,91487.1261220571,27422.5504429847,13789.5997877396,6984.32770169686,12670.3372420541,223007.180251963,91079.0198698136,27404.1264077019,13488.1194702563,6723.59067952621,12503.6691649861,223561.677227928,92726.1824783736,28171.1467925614,13837.7811803867,6833.63780281468,12628.0632488056,222411.170788281,93263.1528891791,28678.7985763423,14153.0641440175,6993.25791394217,12763.8056459204,221778.12252907,94098.8245804669,29235.4068920206,14504.8974848384,7200.06696533391,13033.9500610942,220890.5590767,94723.1378314242,29733.7218266896,14829.6255667794,7397.76702055506,13326.472318243,220490.511255285,95467.3127380836,30249.0106843739,15163.5151221438,7602.24800603373,13655.2864509419,219721.791667615,96085.8875061024,30706.3718070806,15463.242255852,7788.63699158399,13964.8635062007,218883.737813497,96713.5107680671,31187.8409976116,15774.4714509767,7979.64567773169,14281.0608146007,217804.629055374,97235.5148771616,31650.5974544485,16082.4859913422,8171.24551171606,14594.8735419241,216679.247590395,97715.3268157775,32110.5561629233,16393.6089268527,8367.49456300258,14917.4067405299,215946.660829406,98246.1775330468,32576.8310018863,16712.6164318999,8570.64729217379,15260.5992948055,214791.035812509,98653.46504418,32976.9595602898,16992.4888820928,8753.79085949471,15578.1220401214,213502.83074308,99052.8241922608,33405.6562756696,17286.1313388301,8942.43295780548,15901.2399209705,211968.184236507,99332.3673311701,33812.6990888898,17577.2298345453,9132.77702675267,16223.116136577,210396.20061655,99563.6145630079,34213.3554406677,17870.1823609465,9327.95578727754,16555.8194807582,209271.906082001,99865.1206824242,34622.8755615853,18172.5347374046,9531.20701038122,16914.1467524486,207777.20483156,100039.140418908,34956.2530845822,18428.0721075757,9709.59368638617,17241.4973800132,206219.08648279,100233.06402152,35321.7898056731,18697.7919337976,9892.88003644086,17575.0330290261,204306.243718305,100267.309947267,35650.9159696179,18955.3334495986,10071.8082006522,17896.1246071174,202366.847744509,100271.052068306,35985.762338301,19222.229453557,10259.5853229241,18233.0833329873,200746.220800947,100296.171859985,36317.8612097827,19493.9047392312,10453.8878342803,18592.3315634798,198935.119958723,100249.830444151,36589.0693610136,19727.8648922152,10628.6575923826,18932.1013520679,196843.187787257,100140.655694393,36856.9949920166,19954.8637603369,10796.8061549924,19260.4561434701,194613.536597551,99945.9445093343,37123.1183502479,20188.7519917158,10970.2907138722,19592.7877585551,192626.624295831,99726.872989556,37383.8586073359,20427.4883409174,11151.3062679401,19943.678706783,191903.418708106,99832.268844345,37697.7821559724,20697.6254791377,11353.0221834798,20357.4184349326,190857.525845081,99808.801140501,37861.3843686223,20859.6346158231,11489.1335867208,20682.0905012841,189932.97810851,99955.5268315942,38114.4418900685,21051.7753803621,11628.7639191666,21000.9806734665,188628.125662741,99891.2282014988,38320.0641219607,21224.809751879,11755.6847382631,21274.5977595567,187270.650694739,99847.9413414863,38546.47933308,21417.0958035921,11897.4291730325,21563.5199277381,185735.411759306,99682.0747317285,38739.4441084808,21596.8908866582,12035.9854300531,21847.9687070094,184170.884678684,99507.5733285442,38927.3794247743,21777.2714304945,12178.075036236,22145.3733304943,182499.18042876,99261.1717240757,39089.9694238926,21944.7461391007,12314.3927810938,22440.1083173516
974,288742.217327708,123293.369358455,43827.3766725528,22977.9334490211,11929.1615815692,18003.385055697,256563.773470205,105576.447187524,36525.2556544263,19246.1962777175,10006.0427339037,15419.0423302359,264758.248642787,112393.62073338,36158.0865082438,19079.221351425,10102.572378448,16027.1660144294,261117.713846147,112409.493938175,36015.1352107894,18417.6279738467,9566.97354666245,15583.1965141888,260639.094923479,113951.173364076,36877.3864843398,18746.4080970453,9584.70705387759,15473.1989394024,259260.617371258,114668.211231107,37576.3605959769,19175.4342184749,9786.35562906789,15551.3442932483,257898.830759139,115342.677582267,38201.070831872,19601.8726328136,10045.820757828,15826.4704119215,256522.946495943,115942.062401582,38786.522458333,20007.716316647,10306.4029704415,16192.4350369604,255610.560746775,116599.888853562,39371.0807007354,20412.1019492194,10568.2913569488,16609.2895433519,254387.434333349,117158.850556827,39889.8750424384,20775.6744843697,10807.909500323,17015.5550262878,253006.068313169,117688.111259473,40422.0879744191,21142.9849552038,11046.8531230507,17424.3885391743,251383.948027316,118107.161079238,40936.5125917791,21508.303568393,11286.896372942,17833.8883359279,249671.582099552,118454.488980318,41438.7291239969,21873.2148252512,11530.6194788794,18252.737026751,248464.139063116,118881.083527655,41956.0485946689,22251.755790511,11785.2446025211,18700.1102836081,246827.149525388,119170.951251138,42389.0170984247,22579.4959900278,12013.3049166361,19118.3982015693,244971.144653108,119424.761109873,42841.8288097644,22914.3123609128,12242.3324618972,19536.8026558839,242840.196264093,119540.451287999,43272.759117123,23247.429872055,12473.4111472434,19955.4175705222,240655.990934107,119585.686047923,43689.819148382,23580.7830479426,12709.7914582395,20387.776891114,239029.300229768,119730.073707691,44123.1610776992,23928.5676027572,12958.1911411746,20854.4642253187,237010.702345021,119737.590618309,44462.4413362982,24216.93581075,13174.1870794138,21285.2225833451,234898.225388679,119747.829424262,44830.4565769681,24515.6819571512,13391.8219719135,21718.028466443,232407.55937396,119582.023762959,45156.5363585369,24799.5308465608,13603.2842837751,22137.2965141731,229842.526849842,119355.253432886,45478.3364668082,25088.86453043,13822.3832600365,22571.962533476,227698.234249182,119179.719599037,45808.3070337252,25390.2088104526,14053.0733800054,23039.3586950422,225350.089481578,118922.271999147,46060.2584551859,25642.7119281766,14257.9443571752,23483.0375859658,222674.768422538,118582.516875017,46300.5974756334,25880.7648889886,14450.7006867677,23909.5954517762,219840.214298508,118137.291198119,46535.9828776997,26124.6762450217,14647.9228778766,24339.356631527,217276.378394608,117674.23682466,46767.4121478209,26376.1855375277,14855.3533080845,24793.4080477181,216186.075343116,117607.576288034,47079.1425203953,26675.6668114938,15094.2724436503,25326.7994638648,214858.434033926,117471.862861633,47232.6064643163,26856.1324337868,15259.0798956284,25763.6618504152,213587.366531009,117471.104588853,47465.9188925785,27054.8627377988,15416.80522312,26172.744464999,211971.507041119,117289.816515902,47666.2296109583,27241.9410845766,15563.7640590351,26533.8436619806,210217.115592526,117067.874711089,47867.2573649137,27439.4721857379,15721.3428271637,26898.3849077375,208317.441497712,116745.274649251,48042.0022420289,27629.3277527176,15879.454908248,27265.8085108748,206335.742916537,116374.777314432,48195.8946593019,27811.6495293415,16037.2206552978,27642.3809144048,204277.442384153,115946.710332543,48327.9271346821,27982.6982896241,16190.4339262858,28022.2304668966
975,308827.920866425,86758.7535909173,20054.1455905075,8755.09236174177,3950.53950793753,15429.1631610637,287745.171419645,80934.3402018255,19041.8797790195,8502.37470785974,3875.68884879679,14970.0938180899,289707.775116479,82695.9312811921,18166.3631971802,8035.19518343879,3735.78691031176,15230.8954099218,290725.216020942,84094.8712994552,18478.3971818606,7932.65572040366,3586.70718773386,15300.8926425943,291099.061669353,85082.4530741794,18852.6154106744,8073.93809889611,3601.66131973868,15405.2959121244,291140.2696953,85977.4726099027,19197.5423140166,8239.03084020399,3668.93263773748,15584.5466299302,291148.065794253,86834.8435908016,19537.0702938456,8406.62845279679,3746.13815087918,15802.2125935191,291133.785113296,87660.3451503898,19868.7519145429,8572.01192805471,3824.21589409156,16029.6264001428,291516.233517961,88519.4866875796,20199.70448487,8737.7396102382,3903.03537890799,16269.6667632415,291569.257330331,89334.4718443292,20513.425594584,8893.73373452105,3977.12924890315,16494.2628612249,291403.267525946,90113.6472198916,20835.2551947033,9054.25432046303,4052.9337542129,16713.7107205359,291018.180583558,90844.7774323684,21156.0470913335,9217.78580217962,4131.30806389358,16928.7670061784,290574.344160208,91536.9104519383,21476.193043294,9383.4962198415,4211.89885965689,17142.5178419581,290565.909040725,92268.9944298107,21795.8622950997,9550.94259628634,4294.4218775397,17368.6459353517,290070.089891048,92927.732605711,22087.8773013753,9703.27222870685,4369.78982421259,17571.9242007828,289306.522889689,93543.2793962895,22393.05750412,9862.28666834012,4447.62196766569,17769.320333974,288317.254684564,94100.3676400004,22695.2188475757,10024.8135236307,4528.72988088947,17962.8185955438,287267.122854655,94614.1623221791,22994.8068779719,10188.6818684388,4611.93805546214,18154.9212693236,286738.330149343,95182.8116559584,23295.4276830304,10355.006338241,4697.46375454483,18362.9539210387,285739.733160154,95663.1338514739,23559.6437544564,10501.24275646,4773.34483582253,18544.4918307581,284562.294897228,96118.9309847105,23838.2700021794,10654.0484928075,4851.31024678657,18721.8893361606,283029.201158802,96494.2148043421,24108.9491993392,10807.6467481451,4931.11919676575,18889.2781575533,281402.779957733,96823.2765161574,24381.4351554679,10965.3753082222,5014.46521389655,19056.0865593619,280209.333818476,97188.5752278689,24654.2372985343,11126.2964929816,5100.99311679228,19237.4998336336,278689.82061753,97478.9575126155,24889.1733824301,11266.9713807435,5178.15963850929,19397.5089420471,276767.460426676,97705.8088278701,25126.6059455842,11407.3471326723,5253.99936448372,19542.7859867896,274700.828259109,97881.9477881718,25370.4308925051,11555.9374350952,5335.0424791397,19687.0072939846,272996.177775715,98059.191066199,25617.3857440354,11709.9662308151,5420.91827514513,19842.2388145919,272709.412398019,98442.142283022,25871.496755451,11867.3664603894,5509.6536471623,20040.5504160629,272004.415562523,98727.2787054714,26042.2880809991,11972.9471489278,5571.03428489315,20190.3360486776,271263.459395267,99065.2070740689,26251.3702092181,12089.1884789426,5632.39402235648,20334.8254746145,270205.971158999,99317.8828170258,26456.914935675,12209.6137576236,5696.6569784936,20465.9064547316,268943.901349305,99521.258312122,26661.3098793838,12333.8783201311,5765.0946665595,20594.1768540799,267551.074668999,99678.2785814246,26860.3929404787,12458.9399156749,5835.82350634167,20720.9723610766,266055.920469842,99795.1424504084,27050.0055682322,12581.3001917319,5906.56564031043,20844.6715273156,264439.707534793,99871.0985758598,27230.355079276,12700.0050226287,5976.20383209065,20963.0264008345
976,336588.228479197,109174.008610994,28310.246404949,12678.9941894462,5667.04740824234,7381.82576850993,316415.312898619,103563.5101722,27536.0180112934,12468.2579929338,5599.25841722451,7262.92796186006,314754.74276126,102563.391286552,25632.6557815096,11935.9589762745,5555.27482423123,7410.31554973349,313866.730941685,104143.027668728,25506.6484967184,11419.1680523017,5224.16130489417,7292.15222340862,312992.59986455,105168.453607796,26020.831263557,11545.2433271369,5163.6329367747,7143.51473770686,311851.432006061,106020.761516657,26501.0494226412,11793.1159930829,5258.52309072436,7143.43707577805,310611.273106905,106775.682691385,26955.1896219025,12048.7183863193,5388.23114379581,7243.91707374402,309282.751943322,107481.689551464,27389.4261046911,12298.8795512065,5522.43022244055,7386.15645156267,308428.768316559,108186.897525939,27821.8210073919,12548.9301639274,5658.11201506849,7546.92202585976,307425.963568163,108903.230915958,28226.1717784702,12784.2203476582,5787.34738286867,7707.32393826374,306186.662779347,109569.078951672,28640.591803119,13021.4527971665,5916.06364127493,7866.47885919831,304708.829345714,110162.059464013,29049.6448981712,13262.0861639211,6048.18133880059,8027.92119150358,303012.003862091,110691.808927397,29451.954138404,13503.3007882914,6182.82015407394,8192.90880348653,301790.527035955,111212.506719917,29856.3852459924,13749.3154069457,6321.69176260677,8366.81848109004,300367.942612881,111738.534494302,30225.0253291488,13976.99263144,6452.89754041646,8536.05465740698,298543.91214909,112188.71071429,30601.5170894362,14204.5830438774,6582.21567989251,8700.86674240528,296478.644821314,112544.526328623,30975.6598941619,14438.9011351988,6716.92031552118,8869.45807407552,294208.326543706,112830.532931169,31336.5628568927,14672.042609547,6854.25534510298,9042.83051136745,292480.680328106,113120.819482413,31700.4144916977,14909.8956152582,6995.91352328173,9226.98254692321,290571.693015406,113421.584993344,32022.7219467535,15125.2979455529,7127.52428683394,9404.50896209812,288408.263980704,113653.631321075,32354.3471539298,15340.0669038839,7256.30898288474,9576.91809233215,285916.17495975,113794.668979498,32675.1415786499,15556.8095908945,7388.00196217774,9750.03850115518,283171.109140886,113845.435106848,32986.8893167315,15773.9055222844,7522.64870245925,9927.52161824186,280827.755107699,113885.296831327,33299.1224858975,15996.605975223,7662.90437483317,10117.1134042234,278466.758047169,113934.282948365,33573.9946001165,16199.5869320016,7794.87961860944,10303.5428080167,275683.149374035,113905.753505527,33839.6056144979,16392.1566658327,7919.45787744019,10480.6006644827,272646.785561544,113772.732256588,34106.9415039671,16591.6089522074,8048.47244124969,10659.7417175365,269695.363839094,113590.790289877,34365.5843096607,16794.340974083,8183.0229205551,10848.1265191774,268271.804159237,113585.308720769,34645.5606912217,17010.2338991383,8326.74629569297,11060.7640679274,267098.722633496,113746.534498357,34853.1335530713,17174.7960915198,8442.28676452846,11250.4348048718,265757.551714716,113898.520119274,35082.7580539051,17329.0901826692,8541.93281180511,11413.3435952695,264167.613203665,113984.891046612,35317.8351744179,17492.8958641821,8645.10486722157,11567.8340426412,262318.110859808,113984.980189156,35542.7204804053,17657.9983602186,8752.0716240681,11723.4286225129,260301.47992055,113915.879851109,35757.6965071482,17823.0278198031,8862.00532205168,11884.8329666301,258185.541043299,113793.708440609,35959.0790247726,17984.6156739106,8972.51581648419,12051.070610635,255947.480633418,113621.376421621,36145.6167651247,18139.9354654142,9081.17742186062,12218.7568026984
977,346513.559633894,82650.5448935191,17626.5630650639,7798.74138176421,3782.06514386411,30412.78078337,327959.35167814,74701.0350306698,16602.3994441003,7545.80503004055,3695.01194269458,30041.690656161,324326.529928461,73220.589093345,13443.8316733625,6255.16823768358,3293.77972148657,29914.6366605394,322369.046745787,73585.7732149103,13070.786518303,5643.90712706829,2868.86410142396,29816.6337673538,320887.33177558,73807.6583819187,13118.225550554,5570.91196964753,2748.87204228227,29878.1293739989,319248.304340525,73978.6930707413,13184.1493556905,5581.91493184235,2730.46203159982,30068.682316318,317560.009915392,74088.4688751297,13244.1058517945,5601.96190960102,2731.54944784869,30310.7859273055,315798.292431452,74164.7501438325,13295.0709886025,5619.77188277531,2734.55659006812,30561.8720619608,314558.284459073,74244.438792231,13342.2174980528,5636.46529553279,2737.69342948036,30829.7219414291,313172.522789698,74368.6129819676,13388.228985745,5650.9011664984,2739.51010383311,31090.6483772728,311547.92472661,74439.6827967946,13439.4982219709,5667.70451338289,2741.66484741573,31335.4491343326,309676.831397531,74454.0268472507,13483.4927675374,5683.60971920792,2744.03204412851,31563.6822273495,307599.523545955,74408.735996302,13519.5660728806,5696.85886746911,2745.61752057086,31774.6198155214,306027.426715841,74358.0033447673,13549.1883549665,5708.42943423379,2747.07815934144,31996.7922382317,304233.461320518,74351.4360060753,13575.8675191851,5716.52424956152,2746.66785631438,32207.9950305229,302064.313780424,74274.6370976554,13606.9708900605,5726.49991172075,2746.2060173897,32396.4475845744,299641.42589918,74123.407979651,13628.9206255218,5735.1647589444,2745.84250213127,32566.4669477077,297027.173366921,73913.7808042524,13640.5651127899,5740.09538895412,2744.28224940334,32718.8338349226,295002.09441526,73711.2970328834,13646.5483616297,5743.34344209764,2742.4579475393,32886.9227115414,292798.756982391,73569.4676852002,13650.6912198621,5743.09873965695,2738.5863567932,33045.5400427757,290353.514140919,73370.167760257,13661.7989923446,5745.75999827082,2735.02566408067,33185.8036149875,287596.059561582,73111.7288463397,13664.8906968062,5747.37608183603,2731.64652506917,33305.56689606,284608.414699635,72783.1325817464,13659.8637796648,5746.4234327562,2727.51902708805,33404.7375077923,282066.770673281,72450.1007702353,13647.5314261718,5743.54253893407,2723.19302331209,33514.1699896987,279515.711455747,72172.5162839023,13632.2412007897,5737.1473100585,2717.03423733672,33619.6570865624,276574.212607757,71851.5038599174,13621.987393707,5732.00162002628,2710.38172187725,33700.0737200538,273422.132449742,71453.8746514223,13606.3457606989,5727.22559366483,2704.34690655453,33761.1490580222,270422.200601489,71020.839782392,13581.882708277,5719.90005249695,2697.96795337841,33815.31632933,268965.021263622,70719.0397590796,13558.2549400687,5713.25468525316,2692.78454677283,33933.6204741563,267727.01165289,70637.0002678358,13545.8507539029,5704.57077934268,2685.41994126188,34065.6673928046,266377.160735636,70552.5472575815,13560.9889370548,5706.5030345147,2680.78419695429,34186.5249293881,264785.8233931,70429.1342477092,13576.6120288359,5712.91613369689,2679.4305769506,34290.8659903761,262944.970410955,70250.30804695,13586.9290822637,5719.1061438006,2679.21315596539,34376.9968817407,260963.716370125,70022.5464958423,13589.7060744363,5723.30278706821,2678.95406125321,34448.9902629451,258893.637178837,69767.0814561251,13585.3953058085,5724.75867233821,2677.89196173177,34510.2418781146,256732.125233147,69486.9819868368,13576.3497759365,5723.98393824476,2675.82425913191,34560.1830536307
978,363724.653280704,88203.802487275,19024.4591802402,8349.2144145135,4007.21672122937,31661.8618852061,346332.561349741,87005.2172142373,18769.6489076821,8289.68939755218,3985.89035560991,31588.2040575378,347603.514530885,86393.0494109737,17723.0300823947,7977.21700264284,3927.31078332612,31984.867639135,347936.629351465,87615.6637896394,17639.0871113264,7636.00896656811,3712.00089555689,32259.4179773021,348005.824639231,88410.4753167567,17900.3413947291,7685.73657953774,3667.70859487758,32551.3604697836,347740.595691291,89129.5609950422,18138.3404625241,7784.51342366454,3695.43390885247,32911.8492856186,347368.005257494,89794.9807893256,18370.4041341695,7887.14482486991,3736.04584403892,33303.9626839214,346908.452989769,90423.9717271244,18592.7217927092,7987.31912733055,3777.70235045074,33699.9019565128,346887.539397593,91044.0994099547,18812.1032408467,8086.41036977598,3819.33431684085,34106.538452337,346648.953005734,91664.1810366976,19014.4872142511,8177.32354606315,3857.25171804718,34498.152634501,346149.415306401,92258.9828941291,19228.0248343801,8271.45302627669,3895.47109977186,34874.433819395,345391.780589311,92795.1395744758,19439.325908799,8367.96211437456,3935.38806101621,35234.8805924871,344445.748539881,93289.7969512609,19646.7388643661,8464.59395072462,3976.24145780249,35581.969862051,343947.37009036,93757.283116872,19848.956818837,8560.58281836916,4017.64693445013,35936.3588028974,343151.670400854,94226.6997329077,20029.4453882557,8645.93495179444,4054.45860767076,36271.7150103153,341983.689768966,94660.0958026453,20223.4946323001,8734.97769387511,4091.45341398313,36586.1291743628,340553.497582573,95016.2005555797,20414.2031278065,8826.95407536334,4130.6154202052,36883.0372593446,338911.502815026,95323.5352036006,20596.421125962,8917.25892756416,4170.16073275926,37164.1841751113,337783.06226995,95604.6242050387,20773.4030521923,9006.53387825932,4209.96915036484,37455.2108997554,336411.777324024,95901.7001816148,20926.2379510066,9083.70253008677,4244.43111008294,37728.5271086119,334788.830829217,96168.8539704138,21094.4107244715,9164.64680817053,4278.8237079806,37983.2043685543,332804.917534514,96363.1919158605,21256.3593692639,9247.25800469213,4314.79989834698,38215.1753478062,330561.371616386,96495.5681429951,21414.002049745,9330.01673047354,4351.85080174268,38428.0400870589,328682.797025277,96588.2645456855,21564.1820718619,9411.9400922047,4389.66293871389,38645.7234289944,326739.464046577,96692.1016693607,21691.4558435227,9482.63875672712,4422.81726314891,38852.1558043597,324381.616961995,96769.2001548147,21824.8158078857,9552.69912852443,4454.03840386521,39031.5238330105,321759.123431122,96763.7849258585,21960.404993161,9627.41683717835,4487.72109075306,39189.551175636,319184.783944314,96719.7444419095,22088.8521175206,9702.56341624808,4523.27705373052,39339.9377636067,318075.107370612,96722.8179471628,22211.1352436384,9776.18854461334,4559.56342306352,39543.4276291039,317205.08200276,96892.4782183698,22297.3257635389,9826.64635709119,4584.61272088355,39752.3375983349,316220.621386409,97106.7445872862,22421.0489831747,9883.89578289412,4607.89630018172,39945.0836382713,314967.902943414,97267.5282036049,22551.5925612079,9950.73248269314,4636.32254858604,40118.7424891523,313420.581150226,97367.9680353999,22677.8496511531,10019.649171126,4667.93159383706,40273.4742655359,311698.491930744,97408.9814322954,22797.6357139903,10088.2976535914,4701.00992786836,40413.5429226818,309832.16529263,97405.939106004,22906.7769948007,10153.6891116967,4733.68377856684,40540.0059249753,307849.164701917,97365.7571544151,23008.4784655274,10215.9525085423,4765.2590969162,40653.4587987408
979,323887.480087164,122521.179841472,31451.5219418435,14177.4883250098,6452.03091700424,16345.0936474237,298853.159049724,109265.640711092,29080.1704480503,13292.9983875409,6082.60379126325,15646.3566445922,297986.927950782,107041.159594051,25436.8089551355,12140.1311685372,5848.23175426481,15707.221230058,296957.738591564,108807.640351147,24686.2790294674,11041.3651599769,5191.04043320941,15422.1378596441,296123.666527365,109862.329029684,25127.8435691851,11009.8846548885,4974.90386272305,15146.87547772,295135.024142015,110701.196503324,25570.0448816901,11206.9125427892,5014.37229856777,15111.8195919982,294074.298988639,111424.686005931,25977.4909568863,11423.4965908518,5113.06985609197,15230.4792776383,292910.248044302,112086.635232248,26359.5926337216,11633.3249693965,5219.39061081883,15408.4435311381,292181.064448012,112750.956127169,26737.4518968218,11841.7258066934,5326.96870447068,15613.9055277247,291333.127871697,113428.65030872,27090.738193306,12036.811990389,5428.69382460817,15818.6697352158,290258.582866055,114056.933946196,27453.9022479265,12234.2474199837,5530.1063252072,16017.8706810401,288946.768043397,114605.389383596,27810.7992166146,12433.9330655039,5634.06445940844,16213.0027951744,287431.35217912,115082.738862418,28159.8690571165,12633.2219859792,5739.67307465231,16404.9597555161,286341.770719304,115555.153602025,28507.1232292064,12834.7646807112,5847.94775754568,16606.2763261938,285078.115239604,116037.074199972,28824.5034722873,13020.3899536844,5949.3641339661,16799.6747199505,283460.29314388,116444.96886888,29151.5036901577,13207.6407223316,6049.77437277922,16982.1432557334,281604.657520472,116751.226689326,29472.4918807622,13398.9318573474,6153.97669443605,17160.5878081528,279522.382291224,116978.2541786,29779.3104992229,13587.5988653039,6259.42832910512,17335.4460058386,277935.361105396,117209.203638796,30085.9101336952,13778.9800082287,6367.77316622315,17522.328732685,276209.11209973,117460.867986187,30358.6053059277,13951.5173003669,6467.65936954326,17700.3815872173,274255.679849076,117650.239668404,30641.3846661777,14125.0221840755,6565.70710888553,17868.4033959474,271988.830175101,117740.195961795,30913.0666097641,14299.1641894417,6665.67435933791,18028.6724014909,269461.386224988,117732.455114302,31174.104273671,14472.5338694821,6767.53363247559,18184.2985939766,267274.137618142,117706.932891744,31431.455962039,14648.4835506064,6872.91681556183,18350.1493668876,265119.710707514,117705.112822451,31659.1707915656,14808.55981593,6971.67580769607,18512.7207956968,262570.005949877,117632.030259266,31881.1798905371,14961.0237788078,7064.65404396465,18658.5579957696,259786.175222878,117444.981381512,32102.7667695141,15118.8585160335,7161.10638322824,18798.3185751172,257031.401339589,117200.020768309,32311.4626462756,15276.6069965607,7260.78378134414,18940.3529059863,255664.197715828,117128.53969362,32533.6098785479,15442.4282508755,7366.3331419954,19119.6035877414,254596.386377071,117265.84706759,32705.1687743063,15569.802717592,7450.85933253194,19289.0774951188,253396.038065253,117405.309053795,32905.711519694,15694.7962263876,7525.35046114906,19434.9794535334,251952.816011534,117464.864563082,33107.5737273763,15827.4472329173,7603.44883297032,19569.2152323642,250259.428394899,117438.640555932,33300.176597435,15961.157121881,7684.99212059777,19698.4804854535,248419.27719428,117339.085383136,33481.7397856435,16093.8540460529,7768.5826489994,19827.0795263007,246469.336448025,117185.917540323,33649.3378607875,16222.0709907787,7851.78560465628,19954.1269173198,244419.396018002,116984.365751558,33804.894617435,16345.375466612,7933.46267306509,20077.9511068562
980,330959.962856459,70579.5282083424,13300.259474634,5817.58891511795,2881.01279707995,28429.6357082964,303311.533728386,65226.7695704351,12714.326367254,5729.20188678949,2863.63515363684,27884.7760181005,302921.2694103,66395.207591394,11888.5498554615,5267.77933062344,2698.04224375106,28239.009439602,302886.257316027,67109.0442059716,12098.5667862187,5213.03439984628,2600.08158097937,28558.8759942371,302760.776906139,67663.0530595166,12253.7527765284,5271.2317586285,2604.57014271989,28932.5688522699,302390.654978337,68177.1382201147,12384.8920549162,5323.8881702061,2623.56660200303,29336.6080189592,301959.912247595,68657.4708958722,12509.3187020869,5373.03131174682,2642.32147199352,29749.2649143831,301559.75875718,69119.0960051128,12629.1374729978,5419.83158470691,2659.98755348793,30161.1866735157,301570.772018609,69598.2944802664,12744.5587632274,5464.82393142569,2676.93395071067,30583.5494955387,301389.044354172,70091.9809752869,12860.4911524654,5508.21017850515,2692.49313533701,30992.2511518333,301011.182049805,70551.5926058036,12981.4637689692,5554.41667201157,2708.87273915156,31391.0673428839,300412.639158543,70973.041717108,13099.091012115,5600.81320696073,2725.81323616566,31779.5900370693,299767.960143199,71357.8431406148,13212.8953040816,5646.29600286284,2742.73838582814,32161.9400041641,299557.331935434,71758.3100420463,13319.6684674294,5689.41206851805,2759.15779354573,32557.1063058757,299017.103009108,72163.3587532292,13424.4054179293,5729.25340584408,2773.38504220266,32930.6045706334,298180.792242353,72517.7054670846,13534.481719481,5772.1285002105,2788.40682507055,33290.1470650651,297151.463486341,72825.6471324964,13639.12374755,5814.80844759317,2803.99289477015,33640.6112063119,296072.275413862,73093.6192192126,13738.1521595762,5855.50595983721,2819.06044072182,33983.6452555907,295473.364283099,73385.3666676538,13829.5509366419,5893.40094908191,2833.3225539315,34342.5463525189,294586.691951265,73681.1814126546,13917.9536716672,5927.20700641691,2844.85654444643,34677.0813496501,293472.588312521,73932.6999017521,14011.9831618649,5964.14757615704,2857.15900245242,34998.4097769016,292079.121898946,74136.6077638023,14100.8758172251,6000.82933617379,2869.88594256122,35304.4235435992,290576.767585393,74293.1263016257,14185.5109100553,6036.59211440333,2882.61127937838,35601.6806848161,289457.051522571,74458.3353149864,14263.0131222734,6070.06645008764,2894.88916551379,35911.7214332015,288167.847193863,74628.3607895547,14333.2033601806,6098.22810626228,2904.24777509382,36201.3850393472,286500.428992244,74747.7876829177,14407.4556460745,6127.80117210102,2913.35943462661,36466.895841237,284680.417747382,74816.1935234332,14479.1938024625,6158.80297084214,2923.62223763586,36723.4580324984,283172.918850494,74865.1473626693,14545.9894796868,6188.69467168937,2934.11386778223,36985.7012707928,282993.184291381,75044.7804771796,14606.4485590253,6215.64560588709,2944.07802699741,37303.8835263,282667.876969573,75286.2510703434,14660.6218538243,6233.37378410487,2948.05177383016,37581.5603074576,282164.022484606,75511.6775753964,14735.2042607727,6259.81998299948,2954.38355120158,37841.6089767553,281402.82911736,75694.1551477861,14811.196626967,6290.88409052607,2963.9562495112,38084.5714897766,280424.400316939,75831.3841979268,14884.3067736849,6322.9143313711,2975.25363076274,38314.8598862193,279331.505289285,75934.257598285,14951.9385954215,6353.84188030294,2986.97436970018,38536.9448900326,278153.654023236,76011.5514515767,15013.6073968786,6382.41991473437,2998.04682161543,38750.4791726675,276874.88093587,76063.855817657,15070.4060931632,6408.74450740108,3008.11291257796,38953.1871416643
981,363737.193332657,97457.4651411583,21072.8707442788,9456.95217950989,4637.88330398744,39569.8286742603,336290.243291806,87717.1386689557,19867.6427240576,9169.40798943153,4540.41896012232,38561.2946859601,335149.021916087,87287.4962613587,17378.2733727652,8153.47353333816,4237.35489724421,38783.8336819748,334883.332901672,88478.7160067244,17218.906400205,7660.89150822015,3873.92835807104,38964.7799674671,334649.299600544,89319.906478744,17459.4568274725,7674.58248968747,3789.74669308592,39249.3214844461,334109.664905498,90053.4207919079,17693.1254966979,7765.00547309005,3806.7198165259,39650.094596056,333489.810393302,90719.2412495376,17916.723457714,7862.61750442217,3843.36800560992,40104.8598748284,332794.859427027,91352.2068070762,18130.7769817263,7957.6750007861,3882.02555978858,40569.4303775579,332552.297415696,91989.8516180489,18339.5579812552,8051.07227958767,3920.69410544062,41053.8675930745,332100.016962843,92641.4909706269,18540.5578661327,8138.85456662454,3956.38983251482,41521.1273875902,331443.42890622,93248.9963056399,18749.4946502053,8230.26057773119,3992.89989236909,41972.20390925,330498.823867783,93803.1649692677,18952.9642546254,8321.93689057948,4030.28675498565,42403.2502935696,329397.071425313,94304.4538827823,19153.4413723219,8413.58783223704,4068.27316895393,42818.2185034588,328777.391028698,94807.7094784089,19345.3638292103,8503.32669485481,4106.4732946376,43249.6742704285,327840.360076078,95319.7993377091,19525.979246318,8584.98492948892,4140.5148516569,43655.2941299916,326541.937232207,95764.7113260057,19715.2423837354,8670.50040834697,4175.18016778536,44035.2929473316,324954.609795005,96137.5660712217,19897.8420835356,8756.73163839484,4211.18322416556,44394.0877822487,323247.505457139,96455.5284365578,20073.2050367879,8841.18393598149,4247.22882163915,44736.7653273991,322079.23944959,96785.8934810961,20239.2447347357,8922.75283962726,4282.85840780357,45099.6859717902,320643.76053166,97130.0448363585,20392.6027930437,8994.9466168667,4313.45417687235,45436.2944411231,318942.403511545,97414.678129332,20555.412472234,9071.14716683444,4344.57280615898,45749.9383659113,316910.676864698,97629.8861274088,20710.6145724107,9147.47158052296,4376.70596396486,46037.6673681713,314653.685578174,97775.3828998357,20859.5052160615,9222.71054388576,4409.16009234106,46302.9937928922,312815.596631254,97916.4440749079,21000.1713617925,9296.24811982491,4441.94979589859,46582.9711898321,310861.174436705,98068.2666378023,21125.0490628823,9360.0119614917,4470.03791379722,46844.1096424871,308464.017389126,98156.2074567021,21253.5619686352,9423.91862728306,4496.74118716374,47068.5817783664,305858.991120261,98164.2661702888,21380.0234609214,9490.87590724257,4525.57673063465,47272.7201976123,303446.756259606,98140.9534577536,21498.290690654,9556.47519337501,4555.21873878396,47473.5598002108,302548.959361744,98256.0398535125,21610.8069962087,9619.95210444689,4585.22542415597,47755.1146781125,301718.357895602,98501.9773060758,21703.4370715822,9664.5985043221,4604.54537907796,48020.3879584526,300713.631257436,98731.5456589439,21825.5232986691,9718.79111455726,4624.70148013699,48263.9734078468,299435.625901119,98902.6703720332,21948.4049527095,9779.46609300444,4649.34312215079,48483.6238624265,297890.304910309,99009.5049797108,22066.2885266936,9841.18658639896,4676.44546211007,48680.7543498621,296195.391095117,99063.4181287545,22176.2602112745,9901.61277830326,4704.43168907175,48862.1672092391,294373.701178614,99076.733200813,22276.8851291969,9958.52162139665,4731.59490360797,49027.7833184054,292443.177421787,99053.3689833176,22370.0769710184,10012.2316055255,4757.49087537077,49178.0990783099
982,239668.883255853,133737.167854209,54283.2725074064,30653.4956197577,17191.0342327955,23299.3475548384,205285.532234456,118679.785731465,49114.8562233072,27908.6062019796,15719.227759158,21413.5750779407,211119.325193601,123721.275708734,51070.6140326194,29624.5520923071,17009.635114402,23599.4182936631,206181.214900647,121460.927100194,50298.1313961994,29078.1313934173,16821.2282646473,24065.3926856874,206158.415620651,123094.559955184,51309.412444941,29679.3920650073,17165.1027345224,24959.8706237297,203835.910255891,122722.588927931,51747.4417526711,30044.5179100118,17408.0298766367,25518.2433210161,202408.984475773,123054.591918044,52376.8014879666,30573.1891514338,17794.9490893953,26283.4040460489,200537.92431958,122953.911448726,52846.1476156618,31006.1240127556,18138.2239799772,27036.303240354,199291.849569612,123115.534055686,53383.0144897932,31481.6672532156,18511.6002710371,27876.7003680633,197792.338869417,123142.417592212,53817.0980139351,31885.6405483332,18841.31041853,28680.7355842231,196191.296477688,123146.587387541,54259.1764802647,32285.4442521579,19162.8842123121,29480.5214844581,194396.486356112,123025.300583758,54669.8172109837,32673.8771696645,19478.4084288827,30273.438699001,192487.545146636,122806.313936451,55048.7924086143,33051.3928541624,19792.3278774528,31074.3270570773,191035.896208387,122695.475333419,55461.8668170974,33456.5202982923,20128.1366686282,31930.0196941406,189344.519979459,122500.738774916,55776.3822127887,33794.990965388,20425.3262237368,32747.3432300759,187417.886643968,122210.640931617,56080.1160687974,34115.8401569226,20705.6623223161,33544.1865757527,185325.899165451,121803.248516701,56362.5176325379,34434.8441602334,20986.463770446,34343.0423030056,183108.279085504,121276.364963229,56598.8646258845,34736.1756773573,21263.2976087036,35149.3644432473,181398.777490329,120889.066214492,56878.5582005258,35070.760029268,21566.5227974214,36025.4756642991,179491.777952158,120434.508682168,57056.915178609,35333.0579958479,21826.1530596979,36856.2594081322,177428.960620172,119912.028042975,57228.8786981762,35577.3844770315,22066.646944433,37661.3791866282,175161.705456493,119268.586119146,57370.5872545448,35810.873448213,22300.1911615532,38452.3957592641,172727.263542848,118489.058055909,57464.9709297833,36024.9780734347,22527.1099299227,39240.6113060396,170660.7742734,117794.865685648,57589.3968772398,36266.5966481387,22777.9164897014,40093.9501213093,168581.307898533,117098.758819907,57646.7741399145,36460.7230454637,23001.733015313,40930.2340735825,166176.749338611,116264.416197309,57643.811009,36600.6739988217,23184.5091602203,41706.6303006195,163673.958522461,115343.067382156,57641.4979078284,36746.7072459155,23368.7882066431,42483.9688866488,161261.832714793,114363.362988859,57613.094176824,36889.373052467,23557.631192189,43280.202250831,160049.355383995,113827.043015494,57728.0376468976,37127.6740058021,23814.0149333863,44232.1977459034,158957.300325013,113465.964203642,57755.1759288239,37275.5483180303,24006.1831893573,45095.6583612377,157669.796749507,113049.222174886,57776.5180353941,37373.1379121816,24138.3164044085,45819.3348153713,156321.872223273,112633.832129064,57847.8521577529,37507.2485795721,24282.1972979956,46503.5779441982,154727.151611423,112044.974264575,57860.5833962717,37618.2939649703,24415.5210917683,47128.3973406242,153080.999656589,111409.733801826,57860.5855171497,37732.5216017332,24559.0052279779,47767.5712487165,151369.365581441,110708.408386345,57825.1950598867,37829.5566716438,24697.5081146457,48413.5064117791,149591.369461752,109951.623795756,57754.7941439678,37904.7578975893,24824.7691312055,49059.9456543885
983,243712.345508561,143048.253441473,57999.3757321444,32919.6082147608,18604.4741413441,28308.0902885992,205574.80584784,125256.318296568,52090.4075076,29777.4339066091,16916.3597948209,25890.5783388581,217795.34156511,134854.92690702,56457.0820301566,32895.5514581164,19001.7226718591,29313.1072112156,207102.018993207,127885.122921252,54161.6943006843,31612.1064136055,18458.8264441645,29312.4437132469,212184.171159827,133428.248550496,56486.2254649365,33076.6915817436,19367.9099782429,31231.8056196552,206067.23642309,130004.024601339,55948.1304632529,32839.6778513829,19277.7611275644,31472.1292792228,207618.361773348,132696.253837117,57411.2040681399,33915.2156193154,20001.6571086429,32865.3537040669,203693.918300946,130904.290084108,57379.9540722545,34042.0422296263,20175.9094201321,33476.9274946396,203993.001573477,132324.447224972,58386.3298869248,34843.9675302273,20759.4554386762,34730.1614623997,201460.732311651,131470.930748476,58584.414940045,35110.9678721806,21022.0349459031,35534.6976522277,200637.928565906,132101.555911787,59274.3536638794,35694.8367439205,21469.3995097052,36617.8752081329,198372.862944482,131559.400425365,59600.5036980718,36041.4290810925,21773.5919781776,37490.5860349575,196834.220340172,131616.654405515,60112.8449138714,36529.3956894593,22168.8410263234,38505.5883341803,195174.192797857,131329.758997735,60521.5163457174,36947.1380950683,22527.434422421,39497.8531760509,193595.854808391,131198.515129944,60894.562138989,37347.8962846021,22877.6117792684,40492.6959837657,191624.086814687,130841.374516373,61218.8451556404,37698.2007451345,23190.8816339264,41439.8652225755,189569.574313518,130427.882625633,61536.2603320575,38060.3314629847,23512.0624116951,42396.7844303583,187352.459240408,129859.723030015,61799.5573122193,38397.4203600048,23825.3954526011,43357.3655657348,185628.708366021,129448.295369955,62109.9140907581,38772.526367367,24168.6192948488,44399.6198380641,183704.762874079,128933.392031939,62302.3238350333,39064.3773044632,24461.7260355171,45387.8056151908,181633.682283168,128373.218691312,62488.1792276421,39335.9802539017,24733.567578035,46344.8641382712,179351.175301333,127672.20276227,62642.4419434806,39594.9856910163,24996.4007787457,47283.9797717389,176905.696467876,126834.075898793,62744.1701520362,39832.5729607369,25251.5617377222,48215.1446442523,174816.800938993,126090.707651675,62883.2591834918,40102.5871457295,25534.5840844697,49226.3961938269,172689.773458793,125310.903437768,62935.2936163918,40312.9966849949,25783.120312761,50209.3969971927,170274.563996119,124413.193692315,62929.6769583937,40468.5803412507,25989.5824657797,51128.1365195882,167728.313006659,123410.977616403,62918.3562460885,40624.8525686083,26193.1783288715,52039.5528419939,165297.391061254,122360.309655146,62888.5237303539,40784.1411901249,26405.5651094065,52978.5417708535,164009.702982928,121764.413584701,63006.7872948653,41043.7337226268,26690.3620912806,54100.7202812795,162901.147318038,121337.036864012,63028.0577654538,41206.4586025015,26906.3526903919,55130.5799715401,161600.832538087,120883.225753969,63036.1451378004,41307.1676546656,27052.2760856473,55992.8126666813,160230.3566286,120423.252133077,63104.2823421512,41447.0062173398,27207.9248031756,56804.4029026265,158624.937589108,119786.073989069,63112.3270051132,41565.4162503784,27353.4597949496,57541.3368973465,156953.311045348,119098.318422635,63105.3129031968,41686.3493592064,27509.8689194134,58289.2870565358,155211.566250717,118334.015883329,63059.9923027844,41788.898127557,27661.0701311195,59042.0767219915,153403.560475848,117511.83896645,62976.0717479687,41867.8117574627,27800.501511482,59795.1298009067
984,172295.967346089,124542.262920452,65660.6192454764,42892.9215677541,27877.0515082864,55763.012160056,142008.548122505,107696.44772499,57085.6645217445,37370.0413597845,24374.9690091078,49116.236538086,147938.232719866,113639.572826538,61266.4277378561,40743.2226267633,26846.9949437428,54611.6607987061,144861.679217639,110779.118791205,60294.6084950904,40343.5797789277,26888.6801939618,56011.6984315599,142320.252391641,109819.276092022,59716.1747051619,40107.9200585304,26882.8576622886,57282.573969456,142607.980585853,111108.663835558,60981.9392301511,41005.8144215548,27549.679981603,59760.0266671654,139768.345228958,109277.968523954,60535.3793297169,40903.7477905459,27566.8084577247,60593.1888184849,138857.719835888,109502.575638483,61054.0392920809,41442.62670053,28056.9068285652,62438.0354022723,137563.311148937,108928.172055143,61261.5105426538,41763.5440625459,28392.9942795538,63973.686357393,136192.045506171,108460.792816823,61353.9705051809,42014.0380642215,28691.0239766117,65450.1972486881,134932.744409542,108123.507097897,61580.130242641,42321.519986477,29014.9831218303,67008.6667558571,133362.177280203,107482.606671318,61657.116186327,42541.5152305281,29275.8748227638,68412.5354110453,131783.941561313,106853.579144368,61735.2944117477,42769.2964794324,29548.727069022,69853.6089766257,130536.068868178,106313.402667379,61857.9650844199,43033.2937915569,29851.2621183235,71396.7864878838,129205.244564553,105781.00998476,61904.6607327842,43236.7639625104,30114.1252999183,72887.9154381678,127589.734394963,105056.654853854,61871.0760050607,43364.357233589,30314.0389111973,74243.7120074612,125947.783376325,104305.832470036,61853.4399673842,43513.2552945051,30526.9520327747,75626.6156027946,124189.123709363,103422.65240357,61765.0124694559,43624.1378820535,30720.261348264,76975.9909436985,122773.252698208,102650.390202629,61713.6081267901,43767.3812469321,30943.2841385113,78440.6182323162,121363.927188425,101971.318811433,61634.3664624412,43877.4970876045,31143.5960701375,79900.754385188,119698.558497133,101075.994128021,61455.3135365801,43894.9792289948,31265.5414989971,81177.2201129312,117973.508459891,100175.744140859,61289.1451366739,43928.3215035568,31395.2342311496,82462.4783138387,116114.798895811,99124.4260450911,61059.5806186901,43925.4320263979,31503.0833715561,83693.0680472248,114490.291819214,98128.696789504,60840.9631979427,43941.7141753555,31632.7394076376,85011.474386759,112982.103820588,97266.0211200857,60628.8823925446,43953.34755548,31762.169115725,86383.1556653173,111161.779716584,96190.9375551033,60294.760956131,43854.6257787583,31801.4254671783,87536.9767003874,109253.093708159,95032.8478875497,59945.2391323591,43747.9489854489,31828.9724767122,88649.1487685723,107458.989669294,93885.4270069507,59608.1136787822,43663.1642723374,31877.8481083397,89825.6662672793,106457.305217807,93088.4409790325,59412.8971397359,43686.8951514589,32013.0541190238,91289.9868994869,105753.261448659,92686.495363355,59279.7813425595,43717.6049529158,32146.8457521573,92809.3108177014,104738.210466989,92058.0647674531,59039.1816396527,43610.9070712775,32143.962830879,93899.3400644095,103678.982241012,91460.3366763094,58862.6632976031,43554.4320987594,32159.2212754095,94915.8190811131,102569.683292852,90814.4704559696,58705.0524028839,43529.117460902,32200.2643961113,95904.2348547509,101320.185478074,90015.5804279637,58456.3366422928,43455.0887463211,32217.0736404649,96776.9487834564,100062.010825033,89208.791780079,58190.9360560234,43374.4005497938,32238.335725539,97673.3417991035,98790.2772254397,88379.6810828027,57908.6626412914,43280.134527595,32252.6540316979,98581.9459822167
985,381646.766387412,75553.9319274604,16840.618914653,7520.94235734804,3604.77957795615,25337.9392627524,366297.173014244,67720.9734473095,15540.7666248352,7192.64647242703,3503.04702218587,25038.234296827,365316.707019872,67835.2189842413,13049.0812943733,6099.29852046756,3148.59983125201,25117.8711688627,365040.484916578,68710.6299899993,12873.068903421,5635.2296697358,2801.71518732725,25137.0909993186,364763.721356446,69338.860611499,13019.3523685912,5618.38620189384,2716.93631346901,25266.6114100644,364195.969286517,69893.9201955733,13170.7018119777,5669.94526689781,2719.95447492235,25506.3480240241,363542.143717742,70396.6038711167,13315.1471865514,5728.35534303727,2739.70058506966,25794.1760818082,362874.686124268,70876.9733481649,13453.272131148,5785.24125528047,2761.29884579157,26094.5952441386,362680.623369381,71355.8832109764,13584.8093325102,5839.68486780196,2782.32963078036,26407.2330109577,362219.404342015,71858.2252820648,13714.9483444218,5891.58126431004,2801.7434989308,26709.6127821025,361506.163861209,72322.4071531504,13851.5124843854,5946.73070108362,2822.04757090066,27001.5645125143,360516.38459586,72746.7634192075,13983.8890082412,6002.03980361732,2843.03707806343,27282.5221995315,359425.345421744,73133.4801566028,14113.247308773,6056.72644648659,2864.15094080708,27555.3650069137,358834.551741254,73513.5247946772,14232.8794576417,6108.29189698363,2884.49633829016,27836.6256389938,357830.332976844,73914.7760848099,14348.9306521277,6155.68136748469,2902.40878946192,28100.952183377,356476.473201451,74261.8492693684,14472.7747699039,6206.96167680458,2921.31816419249,28351.1386287595,354848.632662787,74557.2628037546,14589.7845517616,6257.8804420371,2940.89556308109,28589.6050397222,353119.354860765,74812.775601333,14701.4101179247,6306.93180761982,2960.06379164493,28818.7916318264,351944.687612689,75065.1835661682,14803.04937323,6352.47983040078,2978.1572519515,29058.3340919887,350457.936538935,75343.3296670936,14900.017831137,6393.10095511688,2993.38899126599,29281.7661584558,348706.365699257,75576.7576142569,15004.4497416683,6437.2591741476,3009.36552775724,29492.2180370101,346568.985999871,75760.1813121903,15103.6935355923,6481.42323850953,3026.00146186247,29686.3527496236,344270.595828115,75890.6827994586,15198.9010596357,6524.98840274878,3042.87377371214,29869.4015413839,342421.648341908,76009.5906549965,15283.4622018556,6565.16714263652,3058.95985002262,30059.9595630734,340407.921739113,76148.6946653342,15359.8147960376,6599.33765346084,3071.94957821824,30238.0859667507,337907.100186956,76244.5057230848,15442.588152739,6635.51541006814,3084.79114685171,30394.1738012577,335205.367047443,76275.7592962953,15522.5449875671,6673.57743491569,3099.11101021967,30538.7775004062,332881.770158853,76285.1555511834,15595.8672253916,6710.03793501532,3113.66724643848,30686.1005985832,332110.972004092,76378.1756185255,15655.5516860446,6740.59923191487,3126.36584191209,30877.0650093342,331303.838414784,76592.8078999681,15712.4042413393,6762.37286260886,3133.34247721399,31054.8064134218,330325.42029698,76793.4684913549,15793.9420356397,6794.21077990919,3142.8364163596,31220.7951582702,329029.17098036,76953.9567144267,15876.7007065011,6831.05028326411,3155.95148453742,31372.41941586,327473.864550923,77065.9838797893,15956.3351236355,6868.83837932813,3170.84603937118,31511.7504474634,325762.73749793,77138.7374826423,16029.015276411,6904.97722575982,3185.95648600088,31641.5508631912,323927.356891207,77182.1606529656,16095.1497719955,6938.44614992867,3200.25577161086,31762.0505487955,321965.562603857,77198.2717027605,16156.116217573,6969.62904858986,3213.56416023319,31872.5633889917
986,236746.102898648,141796.896201773,59237.9938512058,33947.2062779615,19319.495171661,26157.7829691832,206532.020105788,127876.170846871,53142.8943076279,30549.2814262978,17450.4367940311,23801.7722431044,208030.100202442,130026.664971922,53843.1559579306,31430.3187987889,18190.7887845551,25156.485715744,205306.135252431,129664.125608908,53784.200035224,31222.2650009881,18182.7286316845,25826.3064989858,203896.976869118,130180.336019484,54439.5500944499,31608.5571331496,18370.9874669762,26437.5420953015,202288.506177312,130409.008261918,55169.7884437591,32149.9541584553,18717.4092484553,27106.4688246229,200402.984632009,130311.407205895,55686.8792570412,32635.1059383853,19083.7962634202,27821.5437477203,198726.812056262,130365.746478474,56263.8745086173,33147.9616907885,19486.7033968801,28673.4890296339,197246.249370475,130302.808352395,56757.3236056591,33616.4423569805,19866.281069135,29547.9164090538,195878.322341703,130393.970723794,57255.2669712058,34074.9695825493,20240.2945854876,30454.994089071,194168.814766984,130260.887908242,57673.2987368031,34474.5982233209,20571.4574468115,31309.6378474131,192446.039947842,130140.97009886,58121.5017071739,34898.6327509354,20917.6446027012,32191.6452394838,190438.690395888,129803.828914846,58485.2845695727,35280.8696585069,21243.2939003078,33052.6100764198,188946.498317554,129619.397757181,58911.5619287678,35708.2908369171,21602.0911920919,33987.0808449218,187291.948602117,129386.077454337,59240.0309035904,36072.0213261946,21925.0154958529,34890.5462447293,185328.477334688,129004.816311527,59532.7797944795,36397.9964660964,22217.9027881276,35755.6484055696,183268.369736576,128540.242343066,59825.4848359381,36735.7996695672,22518.6853036514,36634.3913102964,180999.738393907,127915.061188582,60048.2768385938,37042.5059879049,22807.8081634683,37508.7669198253,179214.334794989,127409.664082763,60316.2187629652,37383.1723125046,23123.9979161547,38455.2508578157,177372.335484317,126925.444483209,60509.3725899604,37670.8723560917,23409.6570027145,39381.2168266268,175280.852607112,126290.951573735,60654.6439046262,37909.9020540069,23656.1597991033,40251.0860087113,173056.928337816,125597.525323085,60799.7726705363,38156.5882482229,23906.0710923604,41124.0444237819,170581.767079002,124699.905790412,60868.8023910526,38366.2956570503,24138.0957571098,41973.9669496333,168478.255768157,123896.894445437,60976.4524146978,38610.2512589175,24399.1199732703,42898.7833955002,166430.617514704,123136.305406039,61029.074471815,38815.7654364248,24639.7683619135,43821.2574817735,164041.099544545,122205.645618075,61001.453473328,38951.034952253,24828.4109419609,44667.5144417506,161541.275141464,121189.785869071,60977.3722760779,39093.0851958691,25017.9213614404,45513.7589185502,159073.058925555,120093.130178612,60918.9364772029,39227.723868389,25209.2896643835,46373.0856999402,157691.787154933,119386.752776472,60987.7163113716,39448.90308011,25463.4837558799,47380.1054144714,156681.477128216,119030.546186634,61037.9180521939,39627.8182743774,25685.9962721381,48362.1391770737,155365.004830897,118517.217789339,61017.1830226104,39706.2791902565,25814.2746962122,49143.4312165036,154050.486420333,118078.633841967,61086.4415485823,39843.588008606,25965.4928663803,49901.4644691788,152471.957544662,117426.411493256,61084.1140383169,39950.4236763365,26100.0196741284,50579.825419596,150831.599486044,116726.690636394,61066.689699795,40060.291684917,26245.5980001624,51270.3084603801,149132.816910885,115963.121315601,61016.7568838827,40155.4794855641,26388.2696897796,51971.1230340058,147365.84073098,115131.744127838,60925.1831052481,40224.641061095,26517.3893115596,52669.3046038121
987,155201.766639514,114787.839649255,68190.0222291107,47582.8040803643,32989.8468379387,75913.8845955663,139622.535164993,108026.557944063,62753.3598287347,43838.9378526145,30509.4199486936,70928.6309469841,132652.653028912,102764.133234001,60400.9193479743,42373.4488031994,29561.3127475661,69242.5458563339,138171.979277375,108849.628919516,64314.4568281612,45211.9422088425,31736.4685195366,75458.3551225241,132657.413381609,104005.994709524,62164.3363720733,43891.8407656985,30891.205358013,74529.2694453845,131651.123450121,104509.638278319,62514.2749106131,44311.7224227457,31322.5544860633,76600.4224449662,131541.640698587,105049.818700946,63555.7270265504,45165.9696891709,32015.1630457923,79320.8053518791,128685.863993576,103084.974473398,62817.6017671677,44890.3880900876,31951.3776628074,80125.3390153747,127941.255395503,103164.983409623,63198.1250595565,45345.0345532148,32423.1953378576,82380.7095757264,127011.674009085,102862.053514608,63455.2689222981,45696.526492682,32799.6062839951,84465.150848597,125199.360813363,101871.968815383,63195.3001338038,45685.0039536848,32916.0733456934,85888.8220343348,123951.080743591,101473.950856953,63325.4354737731,45934.5908762421,33214.3900315346,87799.519915606,122467.237838808,100757.511190667,63320.4005444646,46099.8466530111,33450.2743138252,89551.718678315,121070.869811207,99979.2899124749,63215.6760911686,46208.1210722767,33655.6126764388,91249.5961541383,119896.194050207,99493.9091380851,63226.4925553076,46381.9404084426,33909.5206107521,93135.4429778557,118353.133014754,98695.5820138172,63082.6183852921,46424.4725408817,34054.9728317316,94744.4367622384,116707.610085252,97822.8258338906,62901.4854733583,46449.9947510214,34186.2461337631,96306.1755454719,115077.18986897,96946.6990005538,62734.0157056042,46492.5818302584,34335.2855145251,97932.9956784365,113683.826264332,96089.5336692106,62558.6910293907,46538.4394827709,34493.1868065484,99626.0154033786,112341.796458104,95361.483625819,62373.014128022,46564.6481103697,34638.7993747743,101343.363075931,110768.042434469,94448.5423319566,62097.3961103601,46497.256757984,34700.8585543178,102841.16881115,109097.898178902,93479.9075216628,61802.6922875633,46422.3130443212,34751.4383502579,104288.551370094,107346.785298047,92424.5672975573,61475.1084354462,46330.862725391,34793.4201244399,105707.884605625,105785.250555364,91387.656797882,61144.7713580254,46248.8141600497,34849.8664422951,107199.567114418,104356.780616418,90498.3058920821,60832.4592227719,46172.4305719151,34914.6299107248,108775.274812094,102668.447827035,89443.3598057822,60416.2830441991,45992.6989548996,34890.2405955592,110107.528253975,100826.632426451,88244.147355377,59940.6010054006,45769.0988690568,34824.5971786483,111296.695276098,99132.5406460695,87095.1939536857,59503.5539193611,45587.9010710479,34795.7516841394,112601.206702515,98157.5240601565,86271.9161631765,59217.7902622809,45526.9472005532,34865.6270015162,114268.376927854,97513.4326940187,85855.4357602295,59024.8594868147,45501.7086914757,34957.1468721975,116068.95606287,96583.8317870848,85245.8826077162,58729.0941079917,45335.5806921804,34904.3692798747,117354.056932828,95535.684675198,84588.4787120731,58447.3840883371,45180.7314304639,34837.7481474223,118438.253520175,94496.610140761,83954.0995457338,58231.6142864451,45093.779611027,34824.9398838782,119564.501946112,93353.2829634272,83189.2427554384,57943.490782027,44972.1154309814,34797.5029435732,120570.415197146,92142.3008285305,82357.0638958185,57591.7569412025,44809.905696475,34750.4765579084,121508.446431799,90941.7813729919,81534.8765848136,57240.6194565028,44645.5662337924,34705.7487352564,122490.193768695
988,342141.819025093,111288.555384534,27631.7515747253,12407.430553159,5706.44942889865,21276.9639577861,327225.466818777,98857.3003007143,24843.8599165311,11375.3203366447,5282.81567552647,20631.0974387002,326025.945651295,96998.0222660183,20806.1815258117,9853.12378483301,4842.51277213112,20560.1811652144,325198.985225786,98664.4285281124,20021.2992619672,8756.43237823535,4156.01298499555,20259.3103010028,324459.66470068,99696.4942611143,20326.8619229543,8664.52778015051,3925.82740590178,20046.6356933241,323507.243446608,100513.972534974,20661.6599239336,8789.87817963785,3930.21431591377,20073.0614480351,322489.418609644,101232.925073628,20974.976717082,8939.32099514524,3989.04487544678,20236.4466124531,321410.614556067,101906.581536201,21271.2547946395,9085.9603116434,4055.78601798206,20448.6555333734,320798.992820817,102583.390379595,21562.0364422908,9230.8140923518,4123.38843930981,20685.5746763263,320036.351444846,103275.226455166,21837.9733069258,9367.06882480416,4187.13542510938,20918.6284667063,319010.456620544,103917.494375317,22122.9436803732,9506.71275783201,4251.48992701115,21143.1402052206,317762.233055506,104495.315044333,22403.8797716517,9648.49260622461,4317.98455575508,21360.6595114416,316298.977641962,105015.927335377,22679.2098289967,9789.81929567667,4385.4296563459,21570.393357433,315335.811846599,105532.392542612,22950.5652390642,9931.65314023425,4454.19747897181,21790.4189664072,314105.991865712,106059.420077382,23201.5699344855,10061.8722135311,4517.7816375944,21997.9562872481,312522.113028309,106514.862146999,23463.1995440168,10196.0847351334,4581.93772440009,22192.4971966757,310670.190312312,106888.332888563,23719.1434384174,10332.7235195339,4648.70877969838,22378.2638067903,308624.567764885,107196.858399334,23966.2895030748,10467.9567318334,4716.3113510303,22556.2941418513,307131.746781104,107510.085465456,24208.7883476495,10603.0738574289,4784.9662468307,22746.6579129795,305451.523708511,107843.732772647,24428.2046848485,10724.5587489306,4847.28684658479,22924.9231912441,303517.048803246,108118.068864683,24658.3500762485,10849.2936968247,4909.49412824896,23091.2332986859,301225.418129912,108308.164176607,24880.3533396165,10974.9230528051,4973.44583439959,23244.8607864443,298683.851133556,108414.693498387,25096.9335710978,11101.0982511985,5039.10565938256,23388.8898382244,296574.157651148,108510.961431738,25306.3982372718,11227.3853062578,5106.49472334447,23543.2549359691,294402.387732718,108625.762670097,25492.4588029455,11340.222969648,5167.90824008412,23689.3249449225,291796.876136243,108671.098526228,25681.1915358411,11451.6939019963,5227.01504435119,23815.8780946466,288986.648570853,108622.879820691,25869.2528631599,11568.0521408782,5289.50320105752,23933.7178084108,286280.913690438,108535.348529603,26047.7979203684,11683.7158686668,5353.83548843335,24050.9418860502,285084.956955431,108593.342904791,26226.8455334639,11800.3710335063,5419.89162320008,24211.8427724844,284060.834571054,108815.693298477,26368.4276777604,11887.8138036011,5470.1686687936,24363.0191575297,282899.235512101,109030.169443424,26540.7660826519,11980.9536688949,5517.53687318175,24498.5515999285,281469.933217561,109177.765263809,26712.4943539346,12080.2435327983,5568.87880112782,24621.8581627931,279768.596453422,109250.544833925,26878.7934097599,12180.8697687756,5623.02556626134,24735.9164798742,277920.132800755,109260.310166217,27036.8651082604,12280.9737674238,5678.74193107018,24844.6205879456,275957.345060585,109225.282284578,27183.5104838738,12377.3043937009,5733.90273467587,24947.6973421824,273881.241528288,109147.478549732,27321.892779422,12470.1550316931,5787.85829686457,25043.7232031079
989,317677.822078329,114636.846710186,33742.0615376322,15968.4187914685,7486.75074125921,8958.28105887517,293163.641945255,103962.683978244,30490.4648596754,14550.38597642,6850.43644491271,8321.68961466878,296396.483759574,104682.624512286,28586.9667035943,13963.6843501327,6764.38814191985,8458.60034632449,295917.03428336,106629.215539873,28250.7528914879,13215.306271596,6307.56007929727,8256.56713247554,295192.238632568,107823.682285491,28848.197448122,13318.9935827123,6188.58018328814,8021.27534211587,294412.194292994,108845.598287722,29434.0629260326,13621.1425111335,6296.45466251334,7985.86382219935,293531.339195198,109735.609495639,29974.8564765352,13935.0647632146,6459.35326782293,8097.86892999036,292528.048780766,110559.544778013,30484.3411019659,14238.8027971821,6628.74589777754,8275.79363970344,291968.629313401,111387.481217235,30990.8090380228,14541.3945491592,6799.68065590843,8482.72390913889,291178.282813874,112174.947359125,31454.9986665775,14821.6349811603,6960.38364164086,8689.45785128738,290191.460194158,112932.523089136,31930.93972956,15104.0915345905,7120.42229552134,8896.69003567411,288950.935289298,113602.901903889,32399.9913821665,15389.2063013612,7283.42828566657,9106.48692905514,287530.328703025,114210.541825989,32861.5879970667,15675.2965364593,7449.61503849005,9321.82726062819,286554.819482272,114819.473373127,33325.8454679339,15966.7090715625,7620.70253275809,9547.92402411114,285267.054279145,115375.249681423,33738.5070532437,16231.5137365227,7780.00352490962,9765.75537791074,283691.448541187,115888.243562692,34166.1933742935,16499.300007922,7938.65505331473,9981.57814002492,281855.994143053,116290.683767335,34585.4833796057,16771.1874649984,8101.55737386995,10200.7115563175,279826.758422139,116624.996058424,34992.2637498189,17042.334013047,8267.61748128715,10426.4327441226,278306.00689805,116966.119728414,35402.7082572904,17319.4170464584,8439.11350715478,10665.1883052331,276541.949681958,117270.572782944,35756.7801707369,17566.1238416716,8596.65529663727,10894.2514546283,274584.460901377,117537.897208582,36123.9422192149,17813.1899827835,8751.42760831011,11119.2528509411,272279.911424706,117690.083827316,36475.955713661,18059.6588362774,8907.54063460459,11343.4628670654,269757.545168831,117759.081047172,36819.7409023524,18307.7985102911,9067.7413303966,11574.3933078412,267587.977785439,117813.010962357,37162.2098236063,18561.2549947702,9233.99730046517,11819.2342585758,265362.058431412,117844.255681858,37456.9262846942,18789.453033882,9389.27756242712,12059.3463367742,262770.683605734,117813.372958656,37741.974569509,19005.8275756912,9535.97415930627,12289.9777107107,259950.882576115,117676.932651854,38028.5391325004,19228.6255750745,9686.55481921448,12522.5651448036,257208.966278715,117492.086034631,38305.6669749621,19455.0869180378,9843.31814691046,12766.1089105691,255918.834792095,117495.295510186,38609.1189437386,19697.7979438372,10011.4642713296,13036.8315915379,254759.259719016,117610.191316823,38819.747266689,19877.0307761747,10144.4735807863,13276.460170917,253523.908440245,117773.557443931,39066.4144590487,20049.8522360882,10261.5577764953,13487.3309370383,252016.844123506,117838.835727397,39313.2107005047,20229.4683839033,10379.8154378955,13684.0348204833,250273.877481643,117829.003234366,39550.4869534738,20411.5047117068,10502.8517398339,13881.8916866458,248367.382725476,117739.098399504,39775.4583776583,20592.6653475533,10628.8562837353,14086.3385899927,246368.32588935,117594.160628613,39983.9709470231,20769.2435598682,10755.2877702568,14296.9699449663,244246.379909491,117395.217729494,40174.4987929122,20937.6993792129,10879.0046343532,14509.6551510915
990,377645.378362381,81765.92841648,18293.5514947643,7847.57442677919,3421.81045244762,7434.07727549998,363105.956353733,76187.5344222988,17319.9500070566,7621.45901569504,3364.77580991299,7356.83003188757,362745.68650557,76590.6243703501,15377.0832104924,6789.46187895849,3108.20149014097,7341.00064375977,362764.545939286,77726.9866859129,15341.3736353863,6414.40053784378,2815.77453426686,7179.23287991367,362624.016419459,78539.6184196762,15586.8785644689,6452.8474796276,2759.10846499421,7090.24215135544,362147.415605965,79260.6446405056,15820.7860439654,6549.99439038101,2785.69575367761,7108.7982013765,361558.085262043,79923.002276272,16045.135994937,6651.86047463927,2827.86757524214,7178.23026990268,360964.4787839,80561.3883175802,16262.4346165364,6751.98580250188,2871.84875460196,7264.54480303614,360827.232900618,81196.5328248236,16472.6340148095,6849.36219726819,2915.07964572499,7357.51887260918,360397.534506244,81839.9871030653,16675.033063588,6941.49259237107,2955.71750734715,7447.1696420994,359694.792177753,82442.8974338709,16885.402060988,7037.41040270396,2997.51910967772,7534.80268307289,358718.542139273,82997.7760393729,17091.6138719777,7134.27785494075,3040.6731085966,7621.10515535751,357651.218808346,83518.8502243821,17295.8643061109,7231.45032205667,3084.62525208543,7706.99965293914,357047.472575187,84030.4773688545,17491.0012444934,7325.87652243477,3127.94205690159,7795.04502653838,356035.002824798,84543.1711064616,17674.4630813011,7412.83306575102,3167.66461908604,7876.85580843924,354645.442586814,85001.7472326474,17867.4059332636,7504.19580379041,3208.65714669054,7955.40921350615,352968.311990688,85399.427907729,18054.7882168051,7596.71357918454,3251.34379046019,8032.58185927501,351219.64969594,85759.1875477958,18237.3905476471,7688.42406280829,3294.5157538213,8109.31308520364,350001.503459268,86115.6652000175,18410.2703748467,7776.77927280764,3336.70502340148,8188.60504820674,348439.818894783,86477.8353931467,18569.5465609511,7856.27478513967,3374.51696138139,8261.06668426605,346605.969202997,86791.9643010731,18738.2533800065,7939.86716736488,3413.29343229309,8330.34628139689,344369.627488204,87043.4132026407,18899.9680147529,8023.71836548245,3453.31167676002,8396.72538653961,341985.821698755,87243.5004601546,19059.5743200365,8108.37170593191,3494.55195479988,8462.55429920378,340040.43875733,87431.6594978042,19209.1632122459,8190.37392868612,3535.48861063559,8531.06988417959,337902.864652446,87620.9937363239,19342.1288748946,8262.54908340941,3571.83395252341,8593.86061777316,335298.84050876,87760.044651792,19480.1848139686,8335.89856697042,3607.71236289404,8650.75394387195,332440.870335028,87828.5288780238,19616.8420231852,8412.47074263506,3645.98117009037,8706.20992644534,329969.084900931,87884.8219076509,19751.1635389192,8490.24172955933,3686.09825654252,8765.3461421609,329099.903586822,88037.3853390086,19873.1295094916,8562.2951642346,3724.19363039761,8835.11286138106,328179.28503294,88291.5768145175,19971.1239177126,8614.23147872804,3751.14503026261,8893.60326939113,327073.456864321,88535.7154294596,20097.4519543952,8675.14805629079,3778.92667582675,8946.73791300428,325658.305935337,88728.4918083433,20224.7570730386,8742.03971679466,3810.85467080554,8998.45637221272,323961.882372147,88866.8245616131,20348.0518934522,8809.93987799756,3844.86752769679,9049.90864334197,322109.012277465,88958.7691209339,20464.6197171403,8876.75683257823,3879.46134751591,9101.02852461965,320126.927504371,89015.4309021909,20572.7750261031,8940.51965694285,3913.25805763932,9150.48916651221,318017.643600823,89038.9889129722,20674.0367082524,9001.42511939696,3945.94538679744,9197.51642567038
991,219394.938774082,97155.3346149339,33011.69546401,16999.1857279954,8705.24365969364,13782.7453093381,189241.531304074,84963.1741695726,28789.5346082612,14897.8346581781,7648.0420772918,12140.060976329,200630.845115771,93929.6242573369,31318.2156220828,16343.5506701571,8553.97920994856,13718.8770030093,190536.582000721,88366.5775191884,29652.7148038105,15373.6349894686,8004.0457942633,13059.8165977568,195898.234093847,93470.2487712146,31682.1702197045,16400.7949994152,8525.50384800886,13894.4229957623,189817.343119494,90456.3876144303,31059.8107573523,16195.0554417914,8430.95029645915,13665.8902243619,192063.009934725,93364.9798828272,32376.3744993905,16953.935756709,8880.95180819928,14366.9791016026,187990.816435187,91688.6337490281,32161.8574264728,16953.4396828057,8922.77896071174,14438.8546655175,189166.292222198,93587.9243370719,33133.3856344765,17548.3928947796,9292.05876795881,15067.1516726254,186368.488337583,92680.0088186852,33119.6471361127,17638.3744962273,9383.96333159242,15259.7798770693,186396.461534048,93912.7482640379,33858.6003532471,18108.0830043203,9682.7855141993,15790.8613000085,183931.470069342,93328.6062947029,33987.4211484532,18271.7505019017,9813.98868144827,16046.5437574998,183226.480293581,94068.4272162195,34581.4633494489,18679.9785858418,10084.8959426168,16534.7600270381,181498.423101735,93781.058483883,34811.794775591,18904.9026079573,10256.2165328128,16870.4224541737,180604.701206454,94277.2723654337,35273.8760851053,19243.8523705909,10493.0679017039,17326.9496399336,178608.782206719,94023.1516567908,35504.8047127895,19457.0635485018,10655.7044723221,17660.3242825795,177205.602279421,94246.1290419366,35922.9181382997,19779.1687372195,10882.9414657057,18098.3945075151,175091.756898833,93919.1670400915,36148.3330821254,20003.7373809662,11059.3292463404,18458.2755257946,173994.305538799,94106.9056452827,36550.328108153,20328.5435196396,11296.09813419,18933.0854333157,172141.012509977,93828.3849726934,36732.8788716262,20526.1275434983,11461.0073147019,19303.3083815566,170618.629103817,93868.550093338,37060.3239242688,20796.7367503072,11663.697836209,19737.6133523463,168478.864840905,93489.4134089743,37246.9385404243,20997.5496553505,11827.8990950631,20103.7015330276,166540.989151695,93286.9956015874,37513.2557012617,21248.1848443938,12025.1183695116,20529.2987451286,164737.10166585,92950.1627675219,37723.5674285258,21475.4042259943,12212.7987614002,20952.0927082911,162996.316869227,92715.9456086944,37922.9494581058,21690.3363573352,12395.4781984824,21384.7825334618,160837.301306502,92284.4849383587,38062.5642712257,21862.9670846841,12549.2096472619,21771.6238483666,158694.881195112,91871.3573326924,38239.0943790555,22063.9099216764,12720.2113012861,22184.2788874177,156573.119763165,91331.9865285365,38366.8623688233,22245.8946918595,12885.3073963367,22593.5144594482,155782.966640931,91249.3674850196,38624.4481252955,22505.9394642955,13100.1842654687,23115.4931741866,154685.596445791,91022.0612808064,38695.9855122699,22631.7999298786,13231.0751348692,23515.8452832253,153745.042327229,91006.4481260455,38883.5873035572,22798.3430668599,13369.3015951393,23915.4427631547,152432.311871854,90741.9803490791,39001.1377418442,22931.4043255916,13483.2846758164,24241.3108002068,151124.691810834,90539.8707279447,39157.2972626831,23095.5577556056,13620.1495934102,24593.321692021,149619.313049591,90172.0644405231,39257.0751460673,23233.476994439,13745.6402846568,24926.0738125087,148148.975925162,89844.2430419191,39368.5623835763,23381.8102552006,13881.2575705425,25286.7181001236,146538.672446194,89405.4104980151,39434.5121314393,23503.9860306331,14002.6397166543,25632.5388202048
992,303826.837968295,114187.413170308,34203.9823233876,16445.0519217504,7825.5157265768,8170.85335617885,283165.723241704,107005.374188912,31449.9492433391,15205.8127441181,7251.85600663944,7613.88463781264,281736.415964402,107713.311317512,29963.8168892552,14608.0342771293,7118.27766692683,7689.02156717938,281118.875600918,109329.882516743,30179.0551268475,14299.9488116338,6848.46446034005,7559.59582726547,279984.17982024,110265.703920047,30767.3672749807,14504.1893393552,6841.52878886984,7432.50407379117,278680.769089313,111053.492507535,31318.6252479823,14820.1847456888,6985.83475073605,7471.49417678887,277309.962051766,111736.336863484,31831.5066035691,15136.5233478525,7162.95944216559,7622.53613307114,275875.824414285,112361.099855419,32317.5297021545,15441.9031694513,7342.07019982835,7822.75136303381,274907.367084052,113010.592941906,32801.7020097924,15746.9465804051,7522.48224247824,8045.87082900577,273757.580498024,113647.508199884,33250.8044095629,16030.957793937,7692.50863628241,8267.20323258561,272380.758899846,114220.005951464,33706.1691375003,16315.6033504959,7861.03895798315,8487.95636495986,270786.586619923,114710.678395507,34152.1944886361,16602.1307990669,8032.59088477286,8712.66735724622,269029.636176728,115127.299260729,34587.4029535045,16887.6813407059,8206.44588396545,8943.63125716602,267761.931140514,115571.152759164,35026.7603103224,17179.6905226448,8386.002856709,9186.74029570575,266216.43291117,115986.914586053,35419.9199222809,17444.9563433371,8552.88619616205,9421.54377194902,264332.947273941,116311.420727002,35819.870885447,17710.3893834343,8717.5979820164,9653.35967512035,262228.428063266,116537.160318179,36210.7153676863,17980.2798755474,8887.32416124282,9890.96666376374,259976.921859106,116682.040137975,36585.0123368081,18247.2803481993,9059.33964716643,10136.3848698427,258275.881379476,116874.064082692,36965.1224667537,18521.3615791084,9237.61912753027,10396.5249022859,256327.240407772,117039.243086189,37293.0764988334,18763.5279428405,9399.92501085974,10645.1754110877,254175.761589632,117135.887938149,37630.6001744164,19006.2339019988,9559.46166799013,10889.8908947336,251702.502531081,117122.335263232,37948.3369327789,19246.3490810412,9719.89278857983,11135.1339487887,249038.948480331,117010.806706876,38254.287517722,19486.0242703947,9883.41463515705,11388.1484670899,246785.58949581,116920.155666092,38561.9566643849,19732.95044506,10054.3185958792,11657.654556805,244478.803552673,116823.557106704,38824.9786715825,19953.1918083758,10212.5943506728,11921.1105931121,241764.435440394,116627.066213771,39072.4443852053,20158.8227390931,10360.2801294179,12173.2305502189,238866.625569891,116326.844569296,39319.6980742068,20371.6805430169,10512.9087803397,12429.9804664793,236121.967654972,115984.451592098,39555.3621782189,20586.7110221088,10671.3723353389,12699.3738606575,234862.070124157,115919.54886845,39832.557082673,20825.5467869247,10845.2726936545,12999.3596466218,233656.918670099,115967.945031913,40022.947296149,20997.1027685201,10979.2819887302,13259.4505533239,232336.343098296,116020.76143964,40247.775580909,21164.8454266993,11098.0799673566,13488.5793645489,230771.307631137,115985.033121106,40468.7466126715,21338.2273765708,11218.2542749165,13703.4367352927,228968.343403237,115858.22152612,40676.5560184396,21511.8499057979,11342.1992988214,13919.5863446774,227048.676338031,115661.174451532,40871.6995307565,21684.8040462035,11469.4896376966,14144.3078314538,225028.136675825,115407.858294611,41046.9329864586,21850.5310493066,11595.7621152141,14375.0774364196,222914.439220304,115103.29971431,41205.9150022545,22008.612484576,11719.291859848,14608.9640756316
993,344042.679362524,98861.1742375372,23829.1795585739,10690.6353548611,4960.5096645961,22388.8259654327,320180.697817216,88476.8083800904,21361.5745912729,9799.30495398999,4597.81279452737,21341.62711739,319115.389991098,88800.4194312726,18945.2585290163,8695.03283012743,4233.58079272241,21393.6137937177,319260.781993098,90315.857176616,18871.9782003671,8206.91888727006,3850.28784717292,21341.5881979037,319038.965555433,91343.3061127929,19217.5066336613,8256.45188888486,3766.92150611909,21360.8270941791,318458.720979836,92197.9497145699,19548.8752929915,8400.09021808624,3806.23106253022,21520.2987659346,317772.368290665,92981.6405812145,19863.6322886507,8552.16801899379,3871.63951126331,21755.6670749835,317070.714127443,93728.4661587802,20170.0507260955,8702.69704360854,3940.83411390377,22016.0127112026,316849.13032737,94499.1251621314,20471.4475409375,8852.11861088935,4010.70402655662,22297.1843331021,316363.163201735,95259.5308922579,20760.1023382482,8993.24019292168,4076.45377859128,22565.1657120319,315646.753947709,95972.876515613,21056.9347563695,9138.61427766115,4143.53175928508,22824.4960793057,314670.663498099,96631.1118090966,21349.932728759,9285.75518512143,4212.59761230755,23075.0377783622,313591.700914776,97241.2597260083,21641.0897737328,9434.21366935915,4283.33987041152,23320.1773143726,313018.567268563,97880.2526345026,21928.7551512353,9583.24588574555,4355.55482683777,23580.9609877001,312048.70286835,98488.5890728619,22197.1513146172,9720.47135175431,4422.0275873612,23819.4353406271,310740.729790746,99030.0876874994,22474.5127652717,9862.43708667841,4489.88877502138,24044.9166827062,309184.160671516,99508.328023647,22747.3901592408,10006.9547566682,4560.46545642284,24262.4845710724,307513.079283746,99931.1418539694,23015.9631667859,10151.7311777165,4632.46111230028,24473.6250518206,306431.126942075,100395.377765178,23281.6583399231,10297.4059440875,4706.12002018042,24704.4636333652,305005.442155916,100827.240311766,23522.2418652902,10427.7134605974,4772.20933213246,24911.1204763998,303314.533484772,101204.409950389,23771.7639429902,10562.0007616885,4838.98735614002,25105.896050619,301272.601946796,101503.702702236,24015.2763012732,10697.7368425504,4907.773553172,25286.7324457161,299093.102942143,101739.157947972,24255.6094165194,10835.2836684378,4978.93388028732,25461.2466433963,297348.034078647,101998.127680781,24492.0064833046,10973.6948482545,5052.08201018951,25651.1917479556,295422.408288805,102231.969605576,24703.8434114604,11097.8476376059,5118.50235699364,25823.9016399958,293046.817103337,102386.054764797,24914.4114409749,11220.1197757717,5182.8291820397,25973.4332886571,290459.754897769,102468.908594997,25126.8802559666,11348.1656531113,5251.03954323346,26115.5084626396,288171.311656368,102533.329359661,25337.7420619322,11479.1958201619,5322.74998501944,26264.8401169366,287476.105486993,102806.212092336,25553.6572031013,11613.0442002166,5397.23338788692,26474.4652737318,286608.040672335,103097.118511859,25714.1377307246,11708.0503823498,5450.60414752842,26646.0130392372,285587.849977887,103381.03444258,25902.3615971885,11809.7351193845,5502.2566868661,26802.7991394999,284287.057177999,103597.912176301,26090.1301435254,11917.277000908,5557.83600456107,26945.4212681328,282726.614254739,103748.889706638,26273.2293753369,12026.6097534016,5616.47702681997,27078.3716281311,281057.809447853,103854.702242829,26451.2911573195,12136.7233358573,5677.28839258092,27208.0626143572,279246.860379377,103913.83561525,26617.9560960216,12242.8732452627,5737.38706830904,27329.7150240955,277324.040969325,103933.600970807,26777.4771577708,12346.3514318206,5796.71358604489,27444.2850378079
994,255666.092948429,132012.892081713,54516.4391333404,31049.0234885083,17607.095501079,34577.3169779987,231865.155516429,121674.994900271,49011.080798071,27971.6517599357,15916.4461438003,31822.2455456149,233991.076143196,124579.976886828,49108.8865039413,28221.6880465136,16198.7766530342,32582.2534588615,230618.150998811,124519.520730613,49140.6408810396,27882.6376345151,15982.4230437042,32705.4879312304,229660.427749893,125529.127096847,50034.1271109268,28368.5709211737,16166.4429367692,33098.5567785995,227688.245298261,125745.367364371,50714.9003389158,28867.3974000416,16467.7735575617,33563.5878448208,225979.738075626,126023.702487097,51347.0879716714,29392.0740267275,16839.1588543583,34216.0625380959,224107.281962512,126163.135985958,51912.4630239289,29871.1145478311,17201.1542576507,34959.1191202035,222742.109317598,126387.399828967,52485.1082238565,30356.1870907565,17568.8204618049,35782.2763518966,221225.516714082,126574.572733461,52985.4323181604,30789.5642345473,17906.1400945566,36596.2420120758,219519.985788842,126685.411225562,53473.438598615,31205.2547580706,18226.7672169582,37388.3699764251,217640.76399725,126700.083251493,53946.1470760339,31619.244080237,18546.9877570409,38178.391849918,215586.818234842,126596.249853826,54380.8324896677,32019.4749967007,18863.9313057073,38964.0556996968,214026.713828801,126580.787993587,54847.9397989692,32446.1590338948,19201.9713285295,39812.8156463502,212247.838076776,126503.488303832,55222.439625638,32813.7077394667,19507.4722789369,40625.5848154106,210173.824490632,126315.825796629,55579.8558565502,33158.2776796752,19793.3552173257,41403.3736344454,207942.332292192,126021.306736404,55926.2964197091,33507.5654051411,20083.3170903756,42183.0654685056,205535.094793227,125597.745466851,56223.2542480917,33838.1767787435,20368.9652211752,42959.2805817275,203676.548500662,125287.830782645,56559.9187902689,34199.2311222717,20678.9128497229,43812.2488996633,201643.961621212,124937.464352179,56801.6402370392,34496.3414971849,20952.1652865877,44625.4587105046,199403.833714711,124495.529514369,57028.0934989003,34768.174303344,21202.2660846406,45397.7476560223,196953.737801384,123948.853789779,57234.6131842597,35036.52880622,21449.9113035316,46157.2669721125,194285.107527741,123246.495262716,57390.0004593349,35283.5829962775,21689.9224177581,46900.2166692645,192026.179874405,122622.166330974,57576.4385353043,35559.3022740438,21954.4702372042,47717.1099251389,189755.319079246,121993.723616454,57692.0488275739,35788.008919429,22193.6592198766,48518.2038372726,187136.303952893,121231.981536135,57750.4572724348,35964.623918272,22394.0966867695,49251.155736957,184382.440831081,120373.583878558,57808.0150541426,36146.0491539782,22595.1128788541,49977.9452405979,181723.8499758,119454.578795692,57842.9855778182,36327.2067747762,22802.6017969581,50723.4714386308,180351.215357,118937.735363846,58002.9416790247,36591.7549333483,23069.4405285297,51642.7679660861,179182.831310183,118629.840833538,58078.6993983128,36773.5948458522,23279.6570663515,52499.239130064,177784.561503389,118258.756882801,58137.6824533983,36895.6039466728,23425.2052648709,53201.1773983099,176311.635171718,117895.022161756,58251.1218773404,37054.9381777165,23581.8774005286,53866.7448085806,174562.261082414,117346.922171704,58306.6983707788,37192.5376649807,23728.678989758,54462.0628164279,172761.436481608,116759.619299161,58354.3982478712,37336.955262774,23888.1129755504,55074.0841240285,170871.131406845,116090.815851125,58361.847741315,37461.8051812543,24041.2398932332,55684.6696636332,168920.922243609,115372.895431775,58339.128005488,37568.6705404757,24186.0522970463,56297.0764963281
995,292051.503524107,114414.862408281,36255.7661883013,18048.6629335274,8953.8544052305,16561.951814988,266937.467717079,106230.686850855,33956.4396399499,17074.9457304988,8512.21666616948,15700.6476915697,268141.131595858,108573.788208633,33385.1482147875,16962.9620638015,8643.64799527329,16232.108284309,267353.03439018,109841.128093238,33792.013717148,16855.3553202718,8503.18934931317,16326.272898605,266038.58981755,110652.776195694,34398.992193439,17130.272105594,8569.30022867425,16389.7618006215,264793.426443783,111433.90982077,35003.6490825499,17504.3470961456,8764.40498364813,16596.2249595025,263382.133505531,112064.42795872,35554.2619925602,17866.314915041,8981.67854415323,16890.0570754599,261961.812359415,112647.534682881,36079.2496557326,18217.1764380726,9200.04119920504,17228.749668937,261014.999539719,113280.292174865,36606.1458850165,18569.5722039686,9420.74085519958,17599.0491645829,259803.722645601,113855.693955078,37083.9979633598,18891.5109743021,9625.33835349262,17955.4069284702,258403.869953373,114379.303165685,37570.8062939803,19215.6007427275,9828.83724242997,18308.3779773386,256778.168045308,114811.036848207,38043.9078276042,19539.7331854282,10034.6217065304,18660.3095386544,255035.093588349,115168.738448739,38504.7854972638,19862.7121003361,10243.1693287218,19016.9383738585,253788.092776018,115582.626795984,38975.4958531612,20195.8539274752,10460.1780551438,19398.5514262531,252175.313110524,115913.903331933,39381.7806981933,20490.4158449134,10657.5896531256,19756.4528507618,250285.150623549,116174.231757555,39798.9782065048,20787.3404322583,10853.6038867398,20107.8723905525,248177.207715682,116328.072859232,40202.6069955333,21086.9542594365,11053.9972413683,20460.5360677594,245947.21424133,116397.85152144,40586.4271878298,21382.3112572158,11256.5677263522,20818.7477838944,244299.581465094,116551.339084333,40986.5130232156,21691.1834274178,11469.7031882229,21209.1203191356,242318.996892675,116621.127185749,41311.3320599387,21953.2700111475,11658.1185933684,21569.9945518746,240170.045941023,116649.124338481,41652.843267869,22218.8323776758,11844.5697709551,21925.0438007637,237702.779578299,116546.059742537,41967.4612218319,22478.4778844352,12030.0102936552,22271.1084585359,235092.293559033,116354.384174184,42268.7525622901,22737.4820217743,12219.2000301552,22623.2941937462,232911.145043584,116208.236837651,42578.2765713776,23007.894920625,12418.8605010391,23005.6241130194,230590.007895095,116016.249022974,42826.2181813976,23240.2845274886,12599.1660418323,23370.3196724363,227904.002260986,115729.32009352,43058.5869594817,23456.7128533219,12767.1061520971,23713.6024151372,225055.544723442,115343.748852811,43288.8115312511,23680.0890948495,12939.9743078795,24058.0798007407,222429.077435624,114927.047857429,43510.9341833892,23907.9842941841,13120.6704267463,24420.5708902157,221275.647023622,114853.632086188,43796.9389172029,24173.6305362047,13326.0489754148,24857.2444477196,220010.829977298,114799.062527775,43962.7460942243,24346.9651116191,13474.7784056747,25222.9478181217,218706.928836061,114805.523037111,44182.2388461908,24525.4485913106,13610.7718801968,25554.9400675732,217126.613978475,114689.560770405,44387.8637008397,24703.898700182,13743.8534531724,25853.605683469,215351.399815559,114498.504653145,44582.8432270562,24885.1918824585,13882.7925120754,26148.8843547641,213455.848012037,114230.675006022,44760.4309979743,25063.5788910713,14024.554465553,26449.0586495217,211468.19394564,113906.191053617,44916.0019593567,25233.4791435616,14164.9985814827,26753.8873595088,209400.776328003,113532.216757883,45052.5328440361,25393.9564743359,14301.8543145618,27060.3183418989
996,342000.521899714,94380.965598846,23952.8494776444,11153.6988994021,5511.54174171023,39995.9480694739,320864.434816272,86816.9349742341,22090.813998689,10474.9283389313,5221.39112023492,38455.0468981807,321759.109145189,87957.3268181111,20590.9561008572,9767.52887333834,4997.47926305226,38909.7245087382,322607.014580227,89595.5973478539,20724.5240655416,9468.28838073412,4735.94708998224,39226.2800258544,322691.833528375,90651.5588243218,21122.1910839772,9575.44689652939,4700.74451334553,39539.2822241541,322342.985715138,91552.6215747216,21489.0236899812,9746.39256229042,4760.18344036505,39945.969171681,321929.435554443,92398.2057279221,21843.8776605801,9923.4987603684,4840.06491865128,40412.8381202274,321501.208700933,93208.9665180678,22188.9049828028,10098.1201521144,4922.50689863217,40894.1120537956,321540.565896468,94049.2624493773,22532.327826812,10273.0432802824,5006.27498725509,41407.0106060776,321194.727716196,94839.2941365144,22852.2941192074,10434.709086383,5083.36879005233,41880.6055365461,320620.122095044,95592.0103404103,23182.0307328975,10600.9718736396,5161.77163052842,42337.2426838931,319783.268116337,96287.6252169087,23508.0565782299,10769.5286383267,5242.44533746206,42774.2074007716,318881.712051582,96945.4170460471,23833.854365365,10940.5117879993,5325.6171856684,43201.8111039634,318468.202264714,97634.7761387267,24159.0226136292,11113.7625934125,5411.46301111934,43658.664656221,317549.928855051,98250.9241970018,24451.1955818731,11268.8360355362,5488.45131863889,44063.1043124669,316306.860980379,98818.9934851104,24755.7201927453,11429.2870006789,5566.81343933135,44444.3040089163,314807.646250875,99319.8552631489,25056.8302217278,11593.4703642488,5648.47310357158,44806.4766442149,313243.803262635,99777.6763242812,25354.5042990963,11758.9513590556,5732.48438609644,45158.5922645159,312248.596408648,100278.759893828,25652.6432719156,11927.0218311872,5819.34620651789,45547.0245509037,310784.640711677,100700.05926305,25910.4714043063,12072.5767259164,5895.06863082287,45879.7294479566,309120.446359189,101093.000890196,26182.6598140451,12223.6628671159,5971.88767958206,46196.40169825,307059.393702153,101396.28662198,26444.6456587976,12374.6719641532,6049.90416099067,46478.7504935006,304889.369233872,101650.970120726,26707.4438996636,12529.5914864198,6131.53470070289,46749.998774072,303178.82400366,101932.109428909,26970.5015458619,12688.1225871737,6216.98784743373,47051.3654729094,301180.055964038,102147.227783437,27193.6314590496,12825.1698025112,6292.35250613789,47311.1483744874,298738.654597404,102296.64741773,27416.4439939866,12959.3815483084,6364.62123727971,47529.9593780337,296121.549801231,102385.109792071,27644.959221598,13101.515484599,6441.7092306671,47733.9470603744,293902.063010735,102480.944463082,27878.4972678396,13250.6949772453,6524.83576037146,47958.6567384556,293222.875053921,102768.52963133,28120.0880337973,13404.798412434,6612.58124705568,48293.411372839,292244.476593293,103009.714429573,28282.0682731568,13507.6756773391,6672.694204854,48556.6673591313,291183.363270655,103291.527946351,28480.3056796821,13618.555971549,6730.63794208815,48805.8508444523,289825.170837971,103497.055498341,28679.097041663,13736.0783215337,6792.34577030454,49022.7798377577,288206.13622018,103639.279866015,28872.4197350088,13856.0308537718,6858.00271399503,49217.3732325305,286454.992896064,103734.015195518,29060.9723032946,13977.2973195213,6926.59238865422,49400.5063773855,284569.812739708,103778.930815456,29236.7650787095,14094.5064587167,6994.83968386116,49568.02686707,282579.504426233,103786.248624919,29403.7980938443,14208.1407037307,7062.07875134261,49721.9038597874
997,201442.971578289,129988.990844983,65525.4044071374,41555.2358178298,26180.855348878,50419.7059001323,176986.771303617,117395.884445221,57343.8384656009,36352.7521346007,22970.9117984029,44755.7947424535,177866.860914334,120209.637668044,58260.9076221994,37068.3257993084,23521.0939831509,46097.3288889739,176397.285296813,120354.320414446,58860.0505558173,37250.170361529,23668.6390596088,47024.2301927934,173479.434171313,119309.811620607,58812.2192799033,37319.9980883677,23695.1243494136,47381.6688483742,173072.405987387,120322.390471787,59908.485894713,38149.528795962,24282.1465454306,48780.9927199236,170438.524866262,119181.613365662,59956.4884192535,38391.2292682486,24535.3075391452,49552.0214960743,169238.737354512,119384.431678265,60541.7004923128,38966.8955630746,25032.7945957113,50943.8004971615,167654.883282057,118893.559916857,60828.7615488057,39341.7734281993,25395.4381483828,52164.4874346475,166338.321280249,118774.83205012,61173.4784193925,39747.3462691013,25780.2196074874,53495.742103831,164702.921749154,118405.128358445,61444.5919846532,40081.2044181662,26105.5068110463,54733.5313299107,162995.1502526,117995.32677366,61704.377536351,40419.4992508515,26432.8639280244,55976.1731795099,161188.626326975,117479.915904647,61922.582666708,40737.423028324,26751.9876845857,57215.715612073,159745.211526625,117055.847783946,62168.6390120342,41081.0256489869,27093.7801806682,58533.8562912017,158199.786909027,116635.192220123,62345.5386053025,41369.9854825303,27401.1946195317,59817.5979870756,156331.519978078,116017.549902747,62449.9150599244,41594.7623640767,27657.36857919,61002.9543006125,154430.086535885,115369.108185265,62569.605117104,41840.4337036259,27927.2280830028,62216.2030692129,152360.764422981,114560.932572996,62609.8406279106,42044.7791480091,28176.7588952994,63399.7442829032,150730.171834814,113888.855262875,62701.3458310329,42289.73334112,28460.2641935563,64696.8123991208,149056.115335465,113259.758191177,62731.4220374492,42482.6013372723,28710.115600637,65965.5199260734,147115.695569395,112442.065080298,62683.7903491867,42601.887457737,28899.0680736061,67110.0978389395,145098.770265873,111613.318510063,62651.2709156682,42738.4692781012,29096.8952357627,68267.1935353207,142869.878002126,110576.377245669,62532.4880046988,42826.218146898,29266.1613615539,69361.134746263,140992.453982124,109658.445803433,62457.9792256366,42956.380540323,29472.8642803063,70572.7734494475,139168.325583111,108799.66335133,62343.8970293644,43050.7088142886,29658.3527148732,71784.3916370012,136997.688749781,107742.47526257,62121.2349794665,43049.90562278,29768.9893532886,72839.1718361313,134760.112001023,106625.576535508,61906.8848075948,43058.030495723,29880.7831911962,73890.5351001868,132612.936574697,105468.161287071,61674.7250526615,43068.213525178,30000.1858093934,74968.3761422672,131457.62947009,104719.976396517,61597.7775071099,43191.2301780173,30205.7441046663,76306.5446706943,130580.861812367,104313.272929148,61527.536576876,43281.0030702788,30381.6172811188,77628.5859977206,129376.405255659,103704.1375009,61365.7775553914,43249.4506466953,30438.3039618862,78618.4060790021,128166.201675038,103168.939814763,61295.9755813259,43284.3955390966,30524.1082586596,79579.745703927,126794.952230722,102489.738865131,61190.1358831875,43311.5683947494,30607.5481274305,80452.9910860442,125305.493798358,101697.881670395,61021.9404293253,43311.8623859925,30683.3308393499,81276.5719805395,123825.123581389,100906.236547955,60848.4405334997,43313.8121154545,30768.619443934,82140.4014278566,122275.666658659,100042.712478556,60627.1197393161,43282.0817452033,30833.3201199246,82980.5362500748
998,361745.85166705,88984.256668842,21823.4892993976,9818.68284585573,4568.51339808879,20760.9175364565,345825.256315574,81048.5761329163,19939.4373914033,9188.66456485698,4327.20364350677,20213.7942078498,344898.153461203,81293.3411910713,17533.1124239758,8112.6677409986,3973.43450970691,20233.7969404111,344823.71123059,82630.7443068814,17395.3304736695,7607.17901605379,3592.64850507962,20152.8216415448,344577.878972552,83563.7123327071,17686.3374729835,7633.57331987498,3504.00725637021,20159.6226543616,344018.246155139,84359.8582552367,17971.7550759878,7752.34833564295,3532.5934306809,20303.130751263,343342.998417595,85086.3456987998,18242.3362826495,7879.28514053346,3585.38530839768,20515.9457376473,342664.226958705,85784.0256376049,18505.2402755368,8004.77433113192,3641.5855949696,20751.7097367202,342455.581724704,86483.8295545046,18760.1404442011,8127.59492190315,3697.54356637497,21003.7056034015,341941.550899458,87184.182188281,19004.9013238312,8243.44735166939,3749.96266408431,21243.873800905,341188.418607181,87841.0782026296,19258.3383865736,8363.64154337413,3803.69955003569,21475.9932956193,340143.21666609,88445.7138556985,19506.692074019,8484.78028541002,3858.94337241139,21699.0729659675,339027.927389851,89012.179945885,19754.3237052693,8607.19230838697,3915.62360132825,21917.9896183849,338369.225944292,89578.6066382858,19992.6593449363,8727.29993872223,3972.26355744548,22146.3285693967,337318.095352884,90135.2690025247,20216.9595131454,8838.17349706008,4024.30140133514,22356.9324504985,335891.725332831,90631.93929225,20449.9579818026,8953.36069471738,4077.48019116558,22554.6327742077,334201.815246831,91065.1636774304,20678.0244199835,9070.46589661369,4132.86147302264,22744.0977598259,332443.189344538,91456.9481192064,20901.2020865947,9187.17402502454,4189.19003475405,22928.7005009164,331223.814641613,91858.8520969436,21116.2908850858,9301.65708957969,4245.38229543121,23125.7616211089,329658.151693766,92251.1090465504,21313.2574650638,9404.52746908541,4295.72838150529,23303.6996046683,327802.948544239,92590.4227486311,21519.099199002,9511.29106291658,4346.78528770952,23469.887356564,325577.642107084,92860.3877050407,21718.429868241,9619.00079295198,4399.49702200667,23623.1043798079,323228.863094402,93076.2278726123,21914.7186122579,9727.80420244445,4453.93408651576,23770.3827311862,321315.91125491,93293.5640752027,22102.9220985975,9835.06959930306,4508.9100911157,23928.2586307057,319186.615559736,93498.1817513463,22270.7009897014,9930.23248182439,4558.10476775767,24070.7285826976,316598.176941984,93639.3524887101,22441.193662332,10025.4801388534,4606.15289115985,24193.5239332867,313801.817976894,93711.6686066964,22611.2879618839,10125.0036724728,4657.26488664468,24308.5468342303,311402.47604762,93776.9688536967,22780.6910384087,10227.0610804701,4711.2716754336,24431.8780901352,310576.029481219,93978.4274506208,22942.764218857,10325.9672871199,4764.9375905763,24601.2303023794,309629.404604569,94247.3977790644,23069.6453277016,10397.254396647,4803.19529844006,24745.4258946844,308509.122357106,94503.9710592651,23224.1199821443,10476.571458329,4841.14754567556,24876.4544397774,307088.293339142,94702.5342417722,23378.5282709776,10561.8271271865,4883.24887893111,24995.4106993245,305394.189997933,94842.1191559757,23528.7872111028,10648.6147919251,4928.06020944051,25105.4873659458,303559.702464808,94934.1837368173,23672.4215055474,10734.9674384835,4974.19387841182,25210.3647140908,301604.366756201,94988.3776934983,23806.5813742632,10818.0245824305,5019.71620903487,25308.7298317939,299519.31744594,95005.7852559254,23932.9632527786,10897.8191630306,5064.04418245181,25399.2532685018
999,257727.981086211,132810.023668618,53435.1453416501,29931.1881242586,16632.3390011498,25643.5971081103,229794.963994371,118016.613386362,45910.4115369978,25736.3026360269,14321.0138265928,22373.6159020611,234181.960099233,123471.685831707,46289.4319677479,26062.3697322492,14669.7277308966,23254.598352748,229661.720835249,122429.859800415,45896.5304121906,25389.2178244535,14182.1145587226,22883.8402109537,229404.068473681,124186.280228245,47073.0451837191,25960.1254839644,14379.8395540425,23150.8081177746,227107.942276389,124093.971493588,47627.0472067762,26392.4843008172,14620.937990588,23356.0071726185,225661.656939122,124633.463040479,48337.7180794072,26934.7295730475,14992.4272833284,23894.247538047,223738.602394563,124712.113224564,48861.6181479978,27378.0384572687,15319.6051940877,24469.6482394863,222529.631601314,125075.472825638,49461.394841503,27857.8397460078,15671.4295046311,25156.9068503125,220990.29307323,125267.003127342,49946.3858685987,28265.3395767092,15979.711341524,25811.7813103672,219357.673531185,125456.548842201,50453.7482514517,28676.3745597851,16285.2677227489,26473.4302864937,217496.6626038,125504.178747226,50925.9506965992,29076.2513885387,16585.6207432645,27127.838696095,215506.012123246,125462.642216293,51374.7044108502,29469.4770764789,16886.9862012913,27791.7712948998,214044.249606769,125523.615535308,51853.9199356219,29887.878337109,17207.7162063411,28505.2816174717,212265.474292293,125486.869034427,52233.0083819296,30241.3273607625,17492.4025383473,29180.6228996061,210235.568165308,125360.73706218,52614.364103445,30587.0572854934,17767.1619391807,29842.5930605292,208024.318938142,125108.9019566,52973.8698533034,30932.3356204629,18044.2747450852,30506.7226543972,205690.905677313,124751.081075653,53295.6372172757,31265.0947815118,18320.7163236241,31180.4305261991,203901.453043418,124518.088058001,53652.4046006224,31624.4150710969,18618.0264519976,31912.4931756971,201864.382154943,124204.660552707,53909.1871601918,31915.9061107445,18876.0282583058,32602.2470823875,199675.654439062,123831.74202008,54170.8006459627,32198.8156351427,19122.2478757474,33276.0337381954,197237.672221197,123322.804024529,54396.9599978378,32469.7277816469,19362.2844977839,33935.6185752677,194627.791009636,122687.937413831,54587.2468268613,32728.1508120552,19600.1551539749,34597.5564056314,192440.94330429,122137.589677335,54805.1269853956,33012.1914524987,19859.6514961141,35317.8943186707,190182.715756422,121557.830092962,54945.8563044583,33244.2771614482,20090.4305020342,36015.4816149307,187590.906013624,120855.85639468,55044.7005010719,33437.3147685913,20291.4602916827,36669.8594806252,184852.02495879,120041.487245275,55136.5772411738,33633.2347008308,20493.2841788523,37321.7697724461,182275.49079269,119189.764441568,55213.7620743037,33833.5140516787,20704.7417150371,38000.4131936281,181041.644899937,118784.291882293,55415.1644470349,34113.2843274006,20971.1079863497,38813.9205820801,179837.898505289,118489.891625235,55497.845192744,34286.1625891433,21164.9604968455,39528.9484863356,178490.078289962,118189.363033666,55605.2131227481,34433.042131577,21317.7380972855,40146.2259504389,177001.538108138,117833.936640972,55733.5536867739,34599.0944767069,21473.4340690428,40717.603219356,175280.381313413,117331.506067206,55819.2607687864,34752.3026575685,21626.0264209607,41252.786171128,173492.531280062,116779.088415006,55892.3025508695,34907.8050611694,21787.2795229541,41802.5204325496,171620.815797657,116147.436527637,55928.2579645922,35045.3618488626,21942.6510868536,42355.5231017707,169679.848232686,115468.935427469,55936.3958899358,35166.937909038,22090.8051078183,42913.3295395537
1000,267628.803809852,139056.963755391,48504.3620411639,25462.2927147313,13359.7670266361,33513.3679217668,233052.361700755,117260.049309907,39986.1925369649,21140.3513395695,11121.6221381746,28808.2817461225,241673.192376638,124893.195560005,40182.6838165387,21366.4063634401,11481.2829956655,30475.9718924486,237177.64487658,124124.246891743,39625.9824951509,20509.2079431146,10867.8945043256,29867.0010098659,237003.863898709,125911.745071956,40631.3143163389,20874.011448815,10894.4791476431,30002.8961768534,235470.254951895,126437.277918192,41325.6448177713,21310.6639915908,11094.1822073775,30167.6775199348,234150.305674495,127054.300257078,41983.7714644126,21763.772263386,11370.9899501023,30578.6449638442,232718.53479794,127530.408448738,42579.9538566844,22186.3318072608,11644.9916865057,31070.222046781,231774.857486979,128107.680201585,43184.2859362652,22611.9264837111,11923.4733286804,31637.0942689369,230562.942388114,128582.425501787,43715.4628263873,22991.5275882532,12176.4646127325,32177.5338611428,229221.775371371,129019.252113232,44261.4234386824,23374.7885110593,12428.1377479881,32715.7438077301,227639.252253033,129325.686906927,44781.3127528433,23752.2390266676,12678.9538142442,33240.3439029049,225963.804591486,129553.375793409,45288.2460122391,24129.1144686628,12933.5030387609,33768.434656459,224734.337030799,129867.014483624,45810.4148971873,24520.2028098878,13199.82630826,34339.5247695711,223186.207118505,130062.159041634,46250.6263986323,24861.2741120191,13439.8193786831,34866.9588856007,221413.388962374,130189.614019701,46702.526216606,25204.4099638974,13677.7410799734,35382.3773701378,219419.281632068,130180.308055078,47131.5147344984,25545.7940898964,13917.7435397497,35887.6577316254,217293.173724171,130064.073759796,47534.3527586001,25880.5202907472,14159.343098743,36392.2609081258,215727.475127829,130087.410948503,47967.6069047723,26238.3228591594,14418.2091402619,36958.364096838,213828.865857645,129972.097844342,48298.6351126251,26531.5387760686,14641.7599906134,37466.6194099516,211846.39040952,129845.595808774,48658.2397621867,26833.8685030888,14865.6611183261,37972.590061203,209531.589589114,129534.575851811,48969.9854383742,27118.897446305,15082.0700708892,38446.2626811598,207086.926734764,129132.886420252,49269.0774021018,27404.4082365925,15303.3759993953,38923.4648762024,205041.614830824,128801.822758682,49582.8256124513,27706.7195389299,15539.5014282128,39450.8321123556,202875.062279893,128409.583404418,49820.1317022549,27960.5579376505,15750.1589301513,39947.1002045154,200407.557157534,127912.984156398,50037.7318489932,28194.0725033371,15944.7546606684,40407.0172550196,197775.275342439,127298.142133693,50245.450908936,28430.682873133,16141.9751952503,40857.6775496321,195291.944462195,126636.579253033,50439.2475127349,28669.6422137612,16346.5788368804,41326.1964937585,194165.663281704,126435.558672903,50732.4268375559,28968.6184570703,16590.6001748395,41939.5964071691,192974.494382315,126237.455922251,50882.7778914524,29155.3439824913,16763.852186628,42451.1022439979,191768.949228987,126131.962890092,51096.6538078292,29348.0371848681,16921.4905485202,42920.1974603606,190295.116998297,125867.420851702,51286.660458208,29534.25206237,17070.4095418478,43325.9789721362,188653.671458469,125525.849982264,51467.2899665708,29725.650871933,17227.0512966091,43719.7089625935,186896.808799832,125089.041941427,51623.6047516211,29911.6708555351,17386.1626922321,44110.9953830711,185077.723334601,124598.928416922,51756.2374244538,30088.6710473221,17544.5128856802,44506.8990413699,183170.626852506,124044.75617527,51861.2762039482,30250.678162783,17696.1824711086,44897.2176453072
